id,ac_id_09,booth_id_21,electors_21,missing_percent_21,age_avg_21,age_stddev_21,age_muslim_avg_21,age_muslim_stddev_21,women_percent_21,women_muslim_percent_21,muslim_percent_21,buddhist_percent_21,age_buddhist_avg_21,age_buddhist_stddev_21,women_buddhist_percent_21,hindu_percent_21,age_hindu_avg_21,age_hindu_stddev_21,women_hindu_percent_21,jain_percent_21,age_jain_avg_21,age_jain_stddev_21,women_jain_percent_21,parsi_percent_21,age_parsi_avg_21,age_parsi_stddev_21,women_parsi_percent_21,sikh_percent_21,age_sikh_avg_21,age_sikh_stddev_21,women_sikh_percent_21,christian_percent_21,age_christian_avg_21,age_christian_stddev_21,women_christian_percent_21,revision_percent_new_21,revision_percent_deleted_21,revision_percent_modified_21
1,1,1,844,2.25,41.12,19.01,44.21,20.42,43.95,36.84,6.9,0.24,34.0,1.41,100.0,82.54,40.53,18.99,41.7,0.84,42.0,24.98,28.57,0.12,46.0,0.0,0.0,7.51,41.64,17.96,75.8,1.81,52.86,13.48,40.0,0.0,31.21,421.0
2,1,3,779,1.41,36.94,18.85,37.42,19.18,42.49,28.57,1.82,0.52,49.75,25.25,0.0,91.14,36.54,18.47,41.42,0.13,47.0,0.0,100.0,0.0,0.0,0.0,0.0,4.55,35.05,18.67,71.42,1.82,44.57,29.32,35.71,0.0,26.3,338.0
3,1,5,837,1.19,40.21,17.3,35.82,15.47,41.45,51.72,3.5,0.48,36.0,15.23,50.0,87.06,40.07,17.21,39.86,0.84,46.14,13.96,100.0,0.12,36.0,0.0,0.0,4.95,42.21,16.05,60.97,3.02,44.4,22.09,24.0,0.0,36.54,425.0
4,1,7,723,0.55,37.72,16.39,36.78,16.6,43.84,37.5,4.45,0.13,32.0,0.0,100.0,91.37,37.64,16.23,43.68,0.55,37.5,30.34,75.0,0.13,53.0,0.0,0.0,2.92,41.14,17.56,52.38,0.41,20.66,21.0,0.0,0.0,46.0,234.0
5,1,9,779,0.77,41.19,18.69,37.84,14.83,44.28,44.92,8.92,0.25,38.5,54.44,100.0,82.92,41.37,18.63,43.05,0.51,21.5,15.54,75.0,0.51,41.5,8.34,0.0,4.78,42.78,21.47,67.56,2.06,46.25,25.83,31.25,0.0,32.67,400.0
6,1,10,248,0.0,37.2,18.42,0.0,0.0,45.16,100.0,0.4,0.4,22.0,0.0,0.0,87.9,38.48,18.35,39.9,0.0,0.0,0.0,0.0,0.4,37.0,0.0,0.0,10.08,29.36,15.58,92.0,0.8,22.0,31.11,50.0,0.0,36.73,112.0
7,1,11,251,0.79,35.8,21.94,12.5,17.67,40.63,50.0,0.8,0.4,0.0,0.0,0.0,89.15,36.63,22.37,36.03,0.4,30.0,0.0,100.0,0.0,0.0,0.0,0.0,7.63,30.52,13.65,78.94,1.6,40.75,19.95,75.0,0.0,37.25,129.0
8,1,12,623,3.04,41.07,19.88,39.14,26.41,43.82,28.57,2.31,0.33,41.0,26.87,50.0,87.41,40.3,18.88,44.12,0.49,25.66,22.27,0.0,0.16,87.0,0.0,100.0,5.79,36.97,17.3,54.28,3.47,51.95,23.33,19.04,0.0,38.43,308.0
9,1,14,547,0.54,40.8,19.77,40.76,18.94,36.56,20.0,5.51,0.55,28.0,5.29,33.33,77.94,41.79,19.86,29.95,0.18,30.0,0.0,0.0,0.18,68.0,0.0,0.0,14.52,36.03,19.41,77.21,1.1,34.66,21.02,50.0,0.0,25.67,243.0
10,1,15,945,0.1,38.26,18.29,36.33,14.05,42.32,58.33,1.27,0.0,0.0,0.0,0.0,84.0,39.1,18.22,35.93,0.21,29.0,7.07,100.0,0.0,0.0,0.0,0.0,14.08,33.77,18.84,79.69,0.42,35.0,9.23,0.0,0.0,31.67,436.0
11,1,16,839,0.59,41.76,19.93,35.56,15.75,42.78,35.22,10.55,0.11,38.0,0.0,100.0,71.82,42.75,20.63,34.05,0.0,0.0,0.0,0.0,0.11,63.0,0.0,100.0,16.66,39.96,17.57,84.17,0.71,71.5,11.96,50.0,0.0,32.39,474.0
12,1,17,327,6.11,40.01,18.88,38.7,18.23,41.59,39.45,60.26,2.93,18.55,19.86,44.44,31.27,41.83,19.03,38.54,0.32,40.0,0.0,100.0,0.65,35.5,9.19,100.0,1.3,45.5,11.61,75.0,3.25,42.2,25.99,40.0,0.0,40.32,157.0
13,1,18,908,2.86,39.64,18.25,37.17,17.87,45.37,46.15,10.31,0.68,19.5,15.43,50.0,78.57,39.26,17.75,46.75,0.34,31.0,9.53,100.0,0.79,55.71,23.4,28.57,6.12,41.72,19.96,37.03,3.17,46.32,15.76,28.57,0.0,33.47,480.0
14,1,19,412,0.24,37.71,19.16,0.0,0.0,43.2,0.0,0.0,0.0,0.0,0.0,0.0,89.05,37.71,19.62,42.62,0.72,35.66,11.93,100.0,0.0,0.0,0.0,0.0,7.54,34.61,15.58,58.06,2.67,44.63,10.97,9.09,0.0,36.22,227.0
15,1,unclear,1063,1.78,45.23,15.45,46.4,16.84,44.96,50.0,2.1,0.0,0.0,0.0,0.0,92.91,44.94,15.26,44.22,0.76,43.62,9.07,75.0,0.38,48.0,15.38,25.0,1.81,34.31,11.76,73.68,2.01,58.85,15.01,33.33,,,
16,1,22,664,0.15,40.57,18.29,50.0,15.62,41.71,66.66,0.45,0.3,40.5,19.09,50.0,86.27,40.62,18.69,34.96,0.45,40.0,17.0,66.66,0.15,0.0,0.0,100.0,11.76,39.62,14.79,85.89,0.6,54.25,21.14,75.0,0.0,34.06,364.0
17,1,23,732,0.81,40.52,19.5,41.0,9.83,39.89,25.0,0.55,0.0,0.0,0.0,0.0,85.39,40.61,19.73,33.22,0.27,60.5,9.19,100.0,0.13,58.0,0.0,100.0,12.8,38.12,16.75,81.72,0.82,43.16,22.85,33.33,0.0,34.81,402.0
18,1,24,945,0.42,42.8,18.54,42.4,16.64,42.43,40.9,4.67,0.0,0.0,0.0,0.0,90.11,42.98,18.67,42.57,0.42,47.0,13.97,75.0,0.21,58.5,7.77,0.0,3.08,32.86,12.37,55.17,1.48,52.78,23.78,14.28,0.0,34.23,549.0
19,1,25,770,0.64,41.82,18.37,40.57,16.94,45.19,42.85,3.66,0.26,56.0,5.65,50.0,86.27,41.66,18.5,46.06,0.65,45.2,24.79,60.0,0.52,51.0,22.43,0.0,6.27,38.77,12.92,45.83,2.35,53.88,22.01,27.77,0.0,34.8,435.0
20,1,26,404,1.48,38.91,17.41,49.66,14.4,45.29,50.0,1.5,0.25,93.0,0.0,100.0,90.45,38.18,16.64,45.55,0.75,25.66,23.79,66.66,0.0,0.0,0.0,0.0,6.28,41.64,19.78,40.0,0.75,58.0,27.62,33.33,0.0,33.55,215.0
21,1,27,365,0.0,40.59,18.92,43.16,17.08,44.38,50.0,1.64,0.27,80.0,0.0,0.0,95.06,40.55,18.92,44.66,0.27,32.0,0.0,100.0,0.27,48.0,0.0,0.0,1.36,38.2,12.11,60.0,1.09,33.75,28.26,0.0,0.0,32.4,199.0
22,1,28,213,0.0,41.94,21.91,0.0,0.0,46.0,0.0,0.0,0.0,0.0,0.0,0.0,90.14,42.46,21.81,42.18,0.0,0.0,0.0,0.0,0.0,0.0,0.0,0.0,7.51,34.81,19.75,87.5,2.34,44.6,32.36,60.0,0.0,41.32,117.0
23,1,29,932,0.42,40.82,17.25,35.29,15.9,41.95,30.0,2.15,0.32,36.33,15.5,33.33,90.94,40.96,17.28,42.06,0.32,31.0,3.6,33.33,0.53,37.2,28.64,20.0,3.44,42.31,17.8,59.37,2.26,39.95,14.03,28.57,0.0,40.14,434.0
24,1,32,560,0.71,41.74,18.53,39.42,27.5,47.67,71.42,1.25,0.17,47.0,0.0,0.0,94.78,41.51,18.04,47.05,0.53,44.33,28.91,66.66,0.0,0.0,0.0,0.0,2.51,46.0,25.06,57.14,0.71,42.25,36.42,25.0,0.0,58.02,238.0
25,1,unclear,1061,1.79,45.02,16.03,50.44,16.13,41.84,55.88,3.26,0.0,0.0,0.0,0.0,91.26,44.51,15.89,40.9,0.57,52.5,10.87,83.33,0.67,43.28,20.95,28.57,2.11,43.36,16.69,36.36,2.11,55.59,16.99,36.36,,,
26,1,35,508,0.59,41.32,20.51,35.22,13.56,41.14,45.45,4.35,0.0,0.0,0.0,0.0,82.97,41.59,20.74,35.79,0.0,0.0,0.0,0.0,0.0,0.0,0.0,0.0,12.47,40.23,20.2,74.6,0.19,93.0,0.0,0.0,0.0,30.02,259.0
27,1,36,974,0.3,40.77,18.53,26.66,24.13,42.19,100.0,0.3,0.0,0.0,0.0,0.0,81.05,41.37,18.81,31.38,0.0,0.0,0.0,0.0,0.1,53.0,0.0,0.0,18.02,38.33,16.56,90.28,0.51,31.2,28.03,60.0,0.0,35.96,551.0
28,1,38,391,0.25,42.14,18.33,54.0,0.0,37.85,0.0,0.25,0.0,0.0,0.0,0.0,83.33,41.83,18.04,31.38,0.51,67.5,28.99,50.0,0.25,54.0,0.0,0.0,14.61,41.31,19.7,77.19,1.02,54.5,9.0,0.0,0.0,33.61,260.0
29,1,40,548,1.09,42.14,18.23,37.42,20.17,46.35,28.57,2.58,0.36,78.0,1.41,100.0,87.45,41.88,18.1,44.93,0.36,46.0,29.69,100.0,0.0,0.0,0.0,0.0,7.56,39.21,15.06,60.97,1.66,60.66,18.17,55.55,0.0,62.69,341.0
30,1,41,867,0.69,40.61,17.44,43.08,14.65,42.9,33.33,4.18,1.04,53.11,15.38,33.33,87.68,40.1,17.53,42.25,0.46,50.0,16.06,75.0,0.23,78.0,1.41,50.0,4.41,37.39,12.18,55.26,1.97,44.29,20.15,47.05,0.0,27.26,359.0
31,1,43,496,0.0,41.33,18.16,36.93,14.69,44.95,46.66,3.02,0.0,0.0,0.0,0.0,87.7,41.63,18.25,42.52,1.41,40.71,24.55,57.14,0.4,49.0,1.41,50.0,5.64,39.71,19.85,85.71,1.81,37.77,10.42,22.22,0.0,64.57,256.0
32,1,44,492,0.6,43.91,19.84,45.16,20.11,43.49,48.38,6.33,0.2,22.0,0.0,100.0,86.91,43.45,19.79,41.88,1.84,50.88,13.03,77.77,0.0,0.0,0.0,0.0,3.06,48.0,21.19,60.0,1.63,50.87,20.5,25.0,0.0,37.4,257.0
33,1,45,831,0.36,41.27,17.61,38.39,13.54,42.11,47.16,6.4,0.24,39.5,19.09,50.0,86.59,41.37,17.8,40.3,0.48,30.0,23.67,75.0,0.0,0.0,0.0,0.0,4.83,44.32,19.79,67.5,1.44,41.75,11.16,33.33,0.0,38.85,492.0
34,1,46,632,0.79,44.96,19.81,38.21,17.49,46.51,50.0,2.23,0.0,0.0,0.0,0.0,89.95,45.26,19.7,44.68,1.11,39.85,12.23,28.57,0.31,81.0,19.79,0.0,5.42,42.52,20.17,76.47,0.95,35.5,29.97,66.66,0.0,40.54,320.0
35,1,48,931,0.21,39.39,19.95,39.41,19.31,41.78,50.0,1.29,0.32,15.0,25.98,33.33,93.43,39.39,19.92,41.7,0.75,39.85,15.8,42.85,0.21,38.0,25.45,50.0,2.26,35.76,21.7,61.9,1.72,47.0,19.34,18.75,0.0,45.99,505.0
36,1,49,734,0.27,40.9,18.96,40.51,21.02,44.55,32.25,4.23,0.13,40.0,0.0,100.0,91.39,40.64,18.92,45.29,1.36,40.29,16.83,70.0,0.0,0.0,0.0,0.0,2.04,47.13,17.07,33.33,0.81,54.16,22.32,16.66,0.0,51.29,363.0
37,1,51,729,0.27,43.67,20.35,33.5,14.68,44.58,41.66,1.65,0.27,22.5,31.81,50.0,93.12,44.25,20.27,44.31,2.75,36.75,15.48,45.0,0.27,12.5,17.67,50.0,1.37,47.4,28.67,70.0,0.55,26.5,19.27,25.0,0.0,40.48,428.0
38,1,52,608,0.32,44.16,19.57,44.66,22.37,43.42,25.0,1.98,0.0,0.0,0.0,0.0,91.91,44.28,19.41,43.62,1.65,39.6,19.33,60.0,0.16,0.0,0.0,0.0,2.14,48.84,19.99,61.53,2.14,44.61,20.29,23.07,0.0,38.33,346.0
39,1,53,760,0.0,41.93,18.79,36.09,16.48,44.21,40.9,2.89,0.0,0.0,0.0,0.0,90.78,42.22,18.85,44.2,1.57,39.16,16.25,25.0,0.13,36.0,0.0,0.0,3.55,40.18,19.24,55.55,1.05,43.5,23.67,50.0,0.0,39.92,377.0
40,1,54,847,0.35,42.63,20.42,38.11,23.64,42.5,55.55,1.06,0.59,44.6,10.06,20.0,91.7,42.58,20.49,41.73,1.18,37.79,21.68,50.0,0.23,34.0,5.65,50.0,3.55,45.2,21.0,70.0,1.65,43.71,18.9,21.42,0.0,50.78,455.0
41,1,56,663,0.3,41.84,20.25,32.4,19.17,42.38,52.0,3.78,0.0,0.0,0.0,0.0,88.95,42.21,20.23,39.28,1.51,37.0,23.14,90.0,0.3,34.0,15.55,50.0,4.23,44.67,20.08,85.71,1.21,38.75,21.11,37.5,0.0,46.7,381.0
42,1,57,813,0.12,45.51,20.42,49.23,19.56,44.52,84.61,1.6,0.24,44.5,3.53,0.0,89.9,45.77,20.42,43.15,2.58,31.9,19.83,61.9,0.0,0.0,0.0,0.0,4.18,50.0,19.34,55.88,1.47,35.0,17.19,33.33,0.0,41.29,373.0
43,1,60,966,0.72,40.49,19.05,33.86,20.32,44.51,36.36,2.29,0.52,49.4,16.69,60.0,90.51,40.29,18.85,44.23,1.04,34.4,15.97,70.0,0.1,40.0,0.0,0.0,4.37,42.9,20.63,54.76,1.14,53.27,24.27,18.18,0.0,38.15,477.0
44,1,61,1058,0.0,40.75,18.82,41.53,17.1,41.77,23.07,1.22,0.0,0.0,0.0,0.0,92.15,40.63,18.77,40.71,0.56,34.5,11.89,66.66,0.18,32.0,7.07,0.0,3.87,41.82,19.02,75.6,1.98,46.38,23.71,33.33,0.0,33.45,525.0
45,1,62,520,0.0,43.22,18.54,42.7,14.34,39.61,20.0,1.92,0.19,55.0,0.0,0.0,91.92,43.32,18.72,39.33,0.57,36.33,8.62,100.0,0.19,33.0,0.0,0.0,3.65,42.68,19.28,57.89,1.53,41.12,17.69,25.0,0.0,42.91,295.0
46,1,64,431,0.0,44.05,20.09,36.92,19.14,41.76,44.0,5.8,0.69,49.33,29.16,100.0,88.63,44.77,19.8,40.57,0.92,29.5,20.07,75.0,0.69,33.33,31.65,33.33,2.55,44.27,22.92,54.54,0.69,35.33,33.65,33.33,0.0,39.21,272.0
47,1,65,811,0.49,41.6,20.5,34.17,18.53,41.18,32.14,3.46,0.12,33.0,0.0,0.0,90.45,41.9,20.69,40.82,0.74,35.0,25.1,50.0,0.12,20.0,0.0,0.0,3.84,43.67,15.98,61.29,1.23,45.9,20.49,30.0,0.0,39.11,436.0
48,1,67,858,0.81,42.82,18.68,39.4,8.05,44.52,70.0,1.17,0.11,34.0,0.0,0.0,91.53,42.67,18.8,43.26,1.52,41.38,16.64,53.84,0.0,0.0,0.0,0.0,4.11,46.31,20.06,65.71,1.52,48.46,15.91,38.46,0.0,61.59,397.0
49,1,69,1055,0.66,43.19,19.04,39.42,18.8,43.31,42.3,2.48,0.28,63.0,6.08,66.66,89.59,43.15,19.03,41.21,0.95,50.7,16.13,40.0,0.09,43.0,0.0,100.0,5.72,40.75,19.51,78.33,0.85,47.22,21.25,33.33,0.0,37.97,455.0
50,1,70,270,0.0,39.57,17.27,36.27,14.62,44.07,50.0,6.66,0.37,49.0,0.0,0.0,87.4,39.63,17.42,41.94,0.37,52.0,0.0,100.0,0.0,0.0,0.0,0.0,2.96,41.75,22.43,87.5,2.22,40.5,15.75,50.0,0.0,77.44,141.0
51,1,73,1071,0.09,41.01,18.8,28.79,14.85,41.83,50.0,2.24,0.28,46.66,21.57,66.66,90.09,41.2,18.74,39.41,0.74,36.5,13.54,87.5,0.18,16.5,23.33,50.0,5.14,43.27,20.16,78.18,1.3,42.78,18.53,21.42,0.0,26.39,437.0
52,1,76,717,1.25,40.84,18.27,41.5,18.92,44.35,45.45,3.1,0.98,44.28,18.7,42.85,88.41,40.46,18.1,42.81,1.12,43.25,14.86,62.5,0.14,77.0,0.0,0.0,4.51,39.9,17.24,59.37,1.69,40.16,23.86,50.0,0.0,37.92,361.0
53,1,77,771,0.25,40.32,18.28,43.0,10.67,41.76,52.63,2.47,0.52,39.5,7.32,75.0,83.22,40.09,18.7,34.84,0.52,37.75,12.57,25.0,0.13,54.0,0.0,0.0,12.22,41.19,17.74,88.29,0.91,40.71,15.27,28.57,0.0,31.46,378.0
54,1,unclear,1282,1.24,42.54,14.81,42.43,12.65,44.92,39.13,1.81,0.0,0.0,0.0,0.0,93.6,42.44,14.77,43.37,0.07,28.0,0.0,100.0,0.0,0.0,0.0,0.0,3.63,38.17,12.51,86.95,0.86,49.0,18.11,36.36,,,
55,1,82,248,0.0,38.2,18.32,68.5,16.26,39.11,100.0,0.8,0.0,0.0,0.0,0.0,89.11,38.14,17.66,33.48,0.0,0.0,0.0,0.0,0.0,0.0,0.0,0.0,9.67,36.2,22.87,87.5,0.4,37.0,0.0,0.0,0.0,34.56,133.0
56,1,83,982,0.71,42.48,18.52,36.54,13.46,46.23,36.36,2.25,0.3,51.33,10.96,66.66,89.74,42.29,18.55,45.25,0.3,38.0,12.52,33.33,0.61,38.0,17.23,16.66,4.82,47.42,21.33,72.34,1.94,44.57,17.91,47.36,0.0,30.69,493.0
57,1,84,1167,0.42,42.79,19.06,41.86,15.49,44.21,31.11,3.87,0.34,72.25,17.21,50.0,87.34,42.8,18.94,44.72,1.63,36.42,17.37,31.57,0.17,38.0,1.41,50.0,5.76,42.94,21.58,50.74,0.86,48.6,24.91,40.0,0.0,37.15,505.0
58,1,87,773,0.12,43.23,20.08,42.27,25.64,41.13,63.63,1.42,0.12,37.0,0.0,0.0,91.96,42.97,19.92,39.85,0.38,36.66,5.5,33.33,0.0,0.0,0.0,0.0,5.05,46.1,21.08,64.1,1.03,55.37,25.42,12.5,0.0,37.4,473.0
59,1,88,606,0.16,42.9,20.8,44.61,17.44,40.75,46.15,4.29,0.49,31.0,28.47,33.33,86.61,42.73,20.94,38.35,0.33,47.0,1.41,100.0,0.0,0.0,0.0,0.0,7.27,44.15,22.36,63.63,0.99,43.16,13.31,33.33,0.0,46.88,323.0
60,1,89,804,0.12,42.41,19.7,33.03,14.47,39.67,40.38,6.47,0.49,47.75,18.87,25.0,85.18,42.91,20.1,37.42,0.99,34.75,19.03,62.5,0.37,50.33,12.34,0.0,4.48,48.05,12.66,80.55,1.99,37.5,21.93,37.5,0.0,41.39,437.0
61,1,unclear,1214,0.16,42.19,14.72,41.82,13.05,47.77,70.58,1.4,0.0,0.0,0.0,0.0,94.05,42.35,14.77,46.75,0.74,34.55,9.78,66.66,0.0,0.0,0.0,0.0,2.55,39.22,14.28,67.74,1.23,42.46,16.4,53.33,,,
62,1,94,813,0.12,42.3,18.83,35.07,17.25,45.87,38.46,1.6,0.12,30.0,0.0,100.0,92.73,42.21,18.83,45.01,0.49,40.0,15.25,50.0,0.0,0.0,0.0,0.0,4.06,48.63,19.05,69.69,0.98,35.37,18.24,37.5,0.0,34.06,407.0
63,1,unclear,1085,1.19,41.8,15.65,38.5,8.78,49.49,71.42,1.3,0.0,0.0,0.0,0.0,94.21,41.8,15.71,48.61,0.18,27.5,6.36,50.0,0.09,44.0,0.0,0.0,1.67,43.44,19.31,94.44,2.51,41.29,14.3,44.44,,,
64,1,99,662,0.6,39.67,16.24,41.36,10.13,41.23,45.45,1.67,0.6,35.0,31.08,25.0,89.36,39.89,16.15,40.64,0.75,35.79,8.75,80.0,0.75,28.4,18.76,40.0,4.1,37.37,20.11,48.14,2.73,40.5,15.12,38.88,0.0,58.9,268.0
65,1,100,1029,0.09,43.72,18.1,51.84,20.97,43.44,47.36,1.84,0.87,48.44,14.6,66.66,89.98,43.14,17.68,42.48,1.26,44.23,19.79,84.61,0.38,50.75,20.75,50.0,3.59,46.59,23.54,45.94,2.04,53.0,20.14,38.09,0.0,36.12,541.0
66,1,101,816,0.85,40.06,18.32,33.41,21.33,43.5,37.5,2.96,0.12,37.0,0.0,100.0,92.21,40.08,18.05,43.16,0.49,23.5,16.58,50.0,0.24,81.0,2.82,100.0,2.22,41.72,12.97,50.0,1.73,43.78,22.2,42.85,0.0,31.13,470.0
67,1,103,479,0.2,46.46,18.44,38.47,11.9,46.13,58.82,3.55,0.2,58.0,0.0,0.0,89.74,47.15,18.68,43.82,0.41,30.0,8.48,100.0,0.0,0.0,0.0,0.0,4.81,42.52,15.19,78.26,1.25,46.83,16.38,33.33,0.0,70.46,265.0
68,1,107,802,2.11,41.7,18.65,38.46,16.69,42.14,46.29,6.87,0.12,38.0,0.0,0.0,82.67,41.29,18.96,39.9,1.01,36.5,11.96,87.5,1.27,52.2,26.71,30.0,6.49,44.05,15.65,60.78,1.52,43.0,12.14,33.33,0.0,30.56,399.0
69,1,unclear,1330,0.75,44.28,15.84,44.75,16.54,49.17,55.55,2.72,0.0,0.0,0.0,0.0,91.36,44.44,15.85,46.93,0.98,36.76,15.16,69.23,0.22,46.0,10.58,66.66,2.8,45.18,15.24,86.48,1.89,41.08,16.46,68.0,,,
70,1,111,871,0.45,40.14,17.46,35.75,15.2,41.79,29.16,5.53,0.11,30.0,0.0,0.0,87.54,40.27,17.3,41.23,0.46,31.0,12.8,100.0,0.0,0.0,0.0,0.0,4.38,37.42,19.81,71.05,1.96,55.94,19.32,17.64,0.0,37.42,467.0
71,1,113,934,0.21,42.01,19.13,36.52,13.57,42.5,52.63,4.07,0.0,0.0,0.0,0.0,87.01,41.91,19.24,40.07,0.64,53.5,18.73,50.0,0.75,45.14,26.2,57.14,6.33,43.54,19.38,72.88,1.18,53.27,18.84,18.18,0.0,39.11,514.0
72,1,115,848,2.59,41.47,18.83,38.26,16.84,41.98,37.74,24.69,0.72,35.83,11.9,66.66,63.55,41.68,19.14,39.61,0.96,48.5,14.49,62.5,0.6,43.8,12.43,60.0,8.35,43.02,20.05,60.86,1.08,51.88,29.26,33.33,0.0,33.33,433.0
73,1,117,471,0.42,40.07,20.7,40.62,28.33,41.18,62.5,1.7,0.0,0.0,0.0,0.0,92.11,40.53,20.62,41.43,0.21,36.0,0.0,100.0,0.63,49.33,6.02,0.0,3.41,31.37,14.78,43.75,1.91,28.22,27.28,11.11,0.0,36.17,250.0
74,1,118,241,1.24,38.83,22.36,0.0,0.0,41.49,0.0,0.0,0.0,0.0,0.0,0.0,96.21,38.43,22.35,41.92,0.42,38.0,0.0,0.0,0.42,0.0,0.0,0.0,2.52,53.16,23.81,33.33,0.42,53.0,0.0,0.0,0.0,36.74,148.0
75,1,119,373,0.0,41.65,18.8,41.25,15.3,40.21,50.0,1.07,0.0,0.0,0.0,0.0,93.02,41.49,18.61,40.92,1.07,24.75,3.59,50.0,0.8,67.33,11.23,0.0,1.34,43.0,19.6,20.0,2.68,45.9,25.58,30.0,0.0,38.55,220.0
76,1,120,637,0.78,40.4,19.79,29.5,13.43,41.44,100.0,0.31,0.0,0.0,0.0,0.0,93.35,40.42,20.06,42.37,1.1,42.14,14.65,42.85,0.0,0.0,0.0,0.0,1.89,36.83,11.7,25.0,3.32,41.04,20.5,14.28,0.0,36.23,351.0
77,1,121,717,0.55,42.23,19.69,62.0,24.72,42.67,20.0,0.7,0.14,53.0,0.0,100.0,93.12,41.97,19.75,42.16,0.84,40.83,21.42,83.33,0.14,60.0,0.0,0.0,3.22,42.52,14.79,43.47,1.82,41.38,22.07,46.15,0.0,35.05,405.0
78,1,122,424,2.35,39.68,18.13,53.0,20.17,45.28,80.0,1.2,0.0,0.0,0.0,0.0,89.37,39.03,17.99,42.97,0.96,37.25,14.24,100.0,0.24,48.0,0.0,0.0,5.79,32.5,12.94,70.83,2.41,52.5,18.16,40.0,0.0,33.43,237.0
79,1,123,888,3.71,41.32,18.19,39.4,18.12,41.1,44.73,8.88,0.23,43.5,61.51,0.0,81.28,40.68,17.4,40.14,1.05,50.77,19.53,44.44,1.16,47.2,23.44,20.0,5.26,36.97,20.77,46.66,2.1,53.77,14.95,50.0,0.0,33.87,523.0
80,1,127,81,0.0,40.83,21.32,0.0,0.0,40.74,0.0,0.0,0.0,0.0,0.0,0.0,92.59,40.65,21.31,41.33,0.0,0.0,0.0,0.0,0.0,0.0,0.0,0.0,6.17,36.4,18.39,40.0,1.23,77.0,0.0,0.0,0.0,39.55,51.0
81,1,130,528,2.08,40.49,20.03,34.39,20.17,42.42,39.28,5.41,0.38,85.5,14.84,50.0,84.52,39.9,18.95,43.24,0.96,22.0,30.52,60.0,1.54,44.0,23.04,25.0,4.83,42.48,22.2,40.0,2.32,48.0,24.47,25.0,0.0,34.4,275.0
82,1,131,225,0.44,38.62,17.75,53.33,11.93,43.11,33.33,1.33,0.0,0.0,0.0,0.0,92.85,37.74,17.24,43.75,0.89,52.0,7.07,50.0,0.89,49.0,15.55,0.0,2.23,45.2,14.88,40.0,1.78,46.25,40.35,25.0,0.0,38.18,129.0
83,1,132,881,0.45,39.31,18.01,38.95,18.93,50.39,43.82,26.79,1.71,39.0,15.77,66.66,62.59,39.72,17.79,48.81,0.68,46.0,20.44,66.66,0.68,42.66,10.03,16.66,6.61,35.65,17.74,82.75,0.91,40.87,14.97,87.5,0.0,28.02,414.0
84,1,133,277,0.0,41.77,19.47,0.0,0.0,42.23,0.0,0.0,0.0,0.0,0.0,0.0,96.38,41.78,19.46,42.32,0.36,40.0,0.0,100.0,0.0,0.0,0.0,0.0,1.44,44.75,23.04,75.0,1.8,39.0,23.66,0.0,0.0,38.16,152.0
85,1,134,695,0.0,43.4,19.32,58.0,19.07,42.3,66.66,0.43,0.0,0.0,0.0,0.0,95.82,43.03,19.36,43.24,0.14,42.0,0.0,100.0,0.43,60.0,22.06,0.0,1.15,37.62,13.15,12.5,2.01,57.42,13.26,14.28,0.0,34.86,349.0
86,1,135,571,0.17,44.33,20.23,40.5,24.74,44.83,100.0,0.35,0.0,0.0,0.0,0.0,95.96,44.42,20.14,45.33,0.35,37.0,4.24,50.0,0.0,0.0,0.0,0.0,1.22,30.57,16.26,42.85,2.1,50.16,26.44,16.66,0.0,39.89,313.0
87,1,137,566,0.35,41.97,18.64,0.0,0.0,41.16,0.0,0.0,0.17,42.0,0.0,100.0,95.92,41.83,18.55,41.77,0.17,34.0,0.0,100.0,0.35,70.5,17.67,0.0,1.59,40.33,20.26,44.44,1.77,44.4,23.63,0.0,0.0,35.68,324.0
88,1,138,497,1.4,42.06,21.44,51.11,5.98,42.05,44.44,1.83,0.0,0.0,0.0,0.0,91.02,41.82,21.52,42.6,0.2,24.0,0.0,100.0,1.42,47.0,21.16,28.57,2.44,38.0,14.14,50.0,3.06,46.6,25.41,26.66,0.0,39.83,300.0
89,1,139,804,0.0,41.3,19.0,34.0,9.64,42.41,66.66,0.37,0.0,0.0,0.0,0.0,97.01,41.24,19.05,43.07,0.0,0.0,0.0,0.0,0.0,0.0,0.0,0.0,1.11,32.44,17.6,22.22,1.49,53.58,13.14,8.33,0.0,35.31,490.0
90,1,140,395,0.25,38.51,20.11,0.0,0.0,40.5,0.0,0.0,0.0,0.0,0.0,0.0,98.22,38.6,20.16,41.34,0.0,0.0,0.0,0.0,0.0,0.0,0.0,0.0,0.25,40.0,0.0,0.0,1.52,35.5,20.3,0.0,0.0,35.77,227.0
91,1,141,572,0.0,44.28,19.9,36.0,0.0,42.48,0.0,0.17,0.0,0.0,0.0,0.0,95.27,43.97,19.88,43.11,0.34,16.0,22.62,50.0,0.52,34.33,12.09,0.0,0.34,36.0,0.0,0.0,3.32,58.84,14.88,36.84,0.0,36.79,267.0
92,1,143,509,0.0,41.66,17.87,22.5,31.81,41.65,50.0,0.39,0.0,0.0,0.0,0.0,94.49,41.48,17.7,43.03,0.19,68.0,0.0,100.0,0.0,0.0,0.0,0.0,0.98,48.0,21.38,20.0,3.92,45.05,19.42,10.0,0.0,35.65,278.0
93,1,144,251,0.0,40.51,19.71,0.0,0.0,39.84,0.0,0.0,0.0,0.0,0.0,0.0,96.81,40.51,19.43,40.74,0.0,0.0,0.0,0.0,0.0,0.0,0.0,0.0,0.39,53.0,0.0,0.0,2.78,38.71,30.43,14.28,0.0,43.34,108.0
94,1,145,310,0.32,40.73,16.25,0.0,0.0,43.22,0.0,0.0,0.0,0.0,0.0,0.0,95.79,40.66,16.39,44.59,0.32,28.0,0.0,100.0,0.0,0.0,0.0,0.0,1.29,28.0,5.35,0.0,2.58,48.62,9.1,12.5,0.0,38.97,165.0
95,1,146,819,0.12,41.08,17.52,30.25,4.03,43.71,50.0,0.48,0.0,0.0,0.0,0.0,95.96,41.16,17.56,44.45,0.61,38.2,14.41,40.0,0.0,0.0,0.0,0.0,1.22,36.4,9.4,30.0,1.71,43.5,22.5,7.14,0.0,37.95,411.0
96,1,150,311,0.96,43.02,17.78,36.88,18.12,44.69,38.88,5.84,0.0,0.0,0.0,0.0,90.58,43.6,17.86,44.44,0.64,36.0,1.41,50.0,0.0,0.0,0.0,0.0,2.27,32.28,14.72,85.71,0.64,52.0,14.14,0.0,0.0,39.61,183.0
97,1,151,249,0.0,40.11,20.38,0.0,0.0,44.57,0.0,0.0,0.0,0.0,0.0,0.0,93.57,39.9,20.21,45.92,0.8,31.0,15.55,50.0,0.0,0.0,0.0,0.0,2.0,28.6,5.85,60.0,3.61,53.77,25.84,0.0,0.0,38.21,154.0
98,1,152,215,0.0,40.16,19.76,0.0,0.0,44.65,0.0,0.0,0.0,0.0,0.0,0.0,97.67,40.01,19.43,45.71,0.0,0.0,0.0,0.0,0.0,0.0,0.0,0.0,0.46,24.0,0.0,0.0,1.86,52.25,35.76,0.0,0.0,32.81,126.0
99,1,153,899,1.44,45.02,19.88,44.54,29.97,42.6,54.54,1.24,0.0,0.0,0.0,0.0,91.64,44.41,19.51,42.85,0.22,43.5,16.26,100.0,0.79,54.42,21.58,0.0,3.38,46.46,19.45,56.66,2.7,50.83,22.31,29.16,0.0,31.32,550.0
100,1,154,911,0.32,44.11,19.5,53.5,23.42,42.04,75.0,0.88,0.22,33.5,12.02,100.0,90.85,44.04,19.39,40.0,0.55,46.8,23.12,100.0,0.11,54.0,0.0,100.0,5.39,40.3,18.13,75.51,1.98,50.83,25.43,11.11,0.0,37.51,573.0
101,1,155,710,0.28,42.41,18.23,40.0,38.07,39.71,50.0,0.56,0.0,0.0,0.0,0.0,89.54,43.19,18.13,37.53,0.14,45.0,0.0,0.0,0.0,0.0,0.0,0.0,8.61,34.34,15.91,60.65,1.12,41.62,22.44,50.0,0.0,35.8,379.0
102,1,157,710,0.98,42.55,19.58,38.72,19.77,41.69,38.61,14.36,0.14,30.0,0.0,100.0,77.8,43.24,19.66,42.59,0.56,33.0,15.34,75.0,0.71,60.0,14.67,20.0,3.84,36.22,13.78,37.03,2.56,50.55,18.47,27.77,0.0,31.73,398.0
103,1,159,633,0.47,43.96,19.84,47.25,7.63,39.96,25.0,0.63,0.15,44.0,0.0,100.0,92.85,43.78,19.72,40.68,0.47,23.66,21.5,100.0,0.31,96.0,0.0,50.0,2.22,44.21,11.62,35.71,3.33,43.8,23.31,9.52,0.0,38.06,333.0
104,1,161,135,0.0,40.4,20.05,0.0,0.0,40.0,0.0,0.0,0.0,0.0,0.0,0.0,97.03,41.11,19.69,40.45,0.0,0.0,0.0,0.0,0.0,0.0,0.0,0.0,0.0,0.0,0.0,0.0,2.96,17.25,20.25,25.0,0.0,44.21,64.0
105,1,162,364,0.27,42.31,21.14,34.0,0.0,41.75,0.0,0.27,0.0,0.0,0.0,0.0,95.31,42.11,21.08,42.77,1.1,44.5,13.91,75.0,0.0,0.0,0.0,0.0,0.55,36.0,2.82,0.0,2.75,50.3,28.91,0.0,0.0,33.21,200.0
106,1,163,444,0.0,41.09,18.86,44.0,33.94,43.01,0.0,0.45,0.0,0.0,0.0,0.0,95.94,41.15,18.84,44.36,0.45,16.5,23.33,50.0,0.0,0.0,0.0,0.0,0.67,36.66,17.67,33.33,2.47,43.81,17.35,0.0,0.0,37.11,206.0
107,1,165,368,0.0,42.69,20.25,55.0,2.82,44.83,0.0,0.54,0.0,0.0,0.0,0.0,97.55,42.41,20.22,45.96,0.0,0.0,0.0,0.0,0.0,0.0,0.0,0.0,0.0,0.0,0.0,0.0,1.9,53.14,22.07,0.0,0.0,33.09,217.0
108,1,167,440,0.22,40.12,18.53,0.0,0.0,45.9,0.0,0.0,0.0,0.0,0.0,0.0,98.17,40.22,18.43,46.86,0.0,0.0,0.0,0.0,0.0,0.0,0.0,0.0,0.22,20.0,0.0,0.0,1.59,42.57,20.55,0.0,0.0,40.78,257.0
109,1,168,446,5.82,46.84,19.86,63.11,17.41,39.23,35.29,4.04,1.19,60.2,10.25,20.0,84.76,44.61,19.78,40.44,0.95,39.75,11.87,100.0,1.9,55.37,13.15,25.0,5.0,47.28,15.98,23.8,2.14,58.22,15.09,33.33,0.0,32.21,258.0
110,1,170,301,1.32,43.55,18.22,42.0,17.05,37.54,33.33,1.01,0.0,0.0,0.0,0.0,92.92,43.43,18.62,38.4,0.33,26.0,0.0,100.0,1.01,59.33,6.42,33.33,1.34,35.75,10.9,25.0,3.36,45.4,12.97,10.0,0.0,35.12,193.0
111,1,171,329,3.95,45.96,20.79,46.44,21.99,40.12,33.33,2.84,0.63,63.0,12.72,50.0,85.44,44.69,20.34,41.48,1.58,51.2,11.6,80.0,3.16,50.2,30.76,20.0,3.48,46.09,16.45,18.18,2.84,48.11,19.94,0.0,0.0,34.85,177.0
112,1,172,931,8.16,43.49,18.91,42.67,19.18,42.1,39.7,63.04,3.27,49.96,21.95,82.14,27.48,40.33,16.55,45.53,0.23,35.5,10.6,100.0,1.98,51.17,23.74,35.29,2.1,50.61,14.16,22.22,1.87,54.37,12.41,43.75,0.0,31.89,495.0
113,1,173,472,5.29,40.23,18.75,39.73,18.52,41.94,38.53,88.81,2.23,37.6,11.13,60.0,5.81,35.15,17.48,61.53,0.0,0.0,0.0,0.0,0.89,48.0,16.02,100.0,0.89,53.0,17.72,25.0,1.34,49.5,11.94,66.66,0.0,27.82,214.0
114,1,174,895,2.34,41.11,18.9,44.88,19.94,40.89,32.35,3.89,0.11,48.0,0.0,100.0,91.18,40.45,18.42,41.65,0.34,41.66,18.77,66.66,0.22,21.5,30.4,50.0,2.4,37.9,22.08,47.61,1.83,45.81,24.34,12.5,0.0,34.9,526.0
115,1,175,457,1.31,42.08,18.01,66.0,12.39,43.98,66.66,1.33,0.22,67.0,0.0,100.0,91.35,41.46,17.45,45.14,0.44,48.5,21.92,50.0,1.33,46.16,15.35,50.0,2.43,40.0,18.68,27.27,2.88,36.61,25.44,7.69,0.0,33.28,251.0
116,1,176,472,0.42,40.01,17.94,39.63,18.69,43.22,40.9,9.36,0.21,27.0,0.0,100.0,84.46,40.47,17.95,41.3,0.21,46.0,0.0,0.0,0.63,21.33,19.75,33.33,4.25,35.35,13.88,90.0,0.85,39.25,29.56,0.0,0.0,36.21,263.0
117,1,178,997,0.5,39.92,18.51,34.84,22.48,42.42,38.46,3.93,0.5,43.6,12.21,40.0,89.51,40.08,18.23,42.56,0.6,38.66,17.33,66.66,0.0,0.0,0.0,0.0,3.02,40.1,20.01,66.66,2.41,40.41,22.65,8.33,0.0,37.68,448.0
118,1,179,903,0.66,43.01,17.25,40.47,19.52,42.52,31.14,6.8,0.22,44.0,21.21,100.0,88.29,43.22,17.09,43.18,0.55,33.6,7.7,60.0,0.11,26.0,0.0,0.0,2.45,40.59,15.27,40.9,1.56,46.0,20.98,35.71,0.0,42.7,520.0
119,1,182,655,0.61,42.39,18.39,42.5,16.99,41.06,41.15,39.93,0.46,64.66,14.46,66.66,55.76,41.8,19.37,40.49,0.46,27.0,23.64,66.66,0.46,50.0,10.0,66.66,1.53,45.7,17.32,50.0,1.38,52.33,15.71,11.11,0.0,56.12,416.0
120,1,185,618,0.32,43.35,20.67,42.2,19.22,44.17,80.0,0.81,0.16,66.0,0.0,100.0,92.53,43.28,20.82,43.15,0.32,47.5,2.12,100.0,0.16,78.0,0.0,0.0,4.05,36.96,15.02,68.0,1.94,53.75,23.2,25.0,0.0,37.06,371.0
121,1,186,484,0.82,42.33,18.96,56.0,16.26,43.38,50.0,0.83,0.2,83.0,0.0,100.0,90.41,41.73,18.72,42.16,1.45,45.57,24.15,71.42,0.41,18.5,26.16,50.0,5.41,45.42,17.03,65.38,1.25,64.0,12.64,0.0,0.0,38.34,288.0
122,1,188,649,1.23,41.04,20.49,36.96,19.0,42.06,38.46,4.05,0.31,72.0,7.07,100.0,86.89,41.21,20.48,43.26,1.09,28.71,17.68,85.71,0.0,0.0,0.0,0.0,4.05,38.3,15.55,26.92,3.58,43.6,25.14,17.39,0.0,35.61,315.0
123,1,189,486,0.41,39.59,19.37,59.33,25.32,43.2,33.33,0.61,0.41,42.5,21.92,50.0,91.73,39.27,19.01,44.59,0.41,37.0,14.14,100.0,0.0,0.0,0.0,0.0,3.09,40.86,22.96,40.0,3.71,42.0,25.45,11.11,0.0,34.85,227.0
124,1,190,892,2.01,41.58,21.73,34.04,17.98,42.48,45.83,2.74,0.11,86.0,0.0,100.0,91.3,40.87,21.27,42.98,0.34,49.0,20.07,100.0,0.0,0.0,0.0,0.0,2.97,41.76,19.33,34.61,2.51,48.68,29.25,13.63,0.0,37.09,506.0
125,1,194,684,0.73,41.49,19.25,58.1,23.54,42.54,50.0,1.47,0.29,25.0,2.82,0.0,91.31,41.37,19.11,41.61,0.14,55.0,0.0,0.0,0.44,57.33,22.3,66.66,5.44,35.21,17.86,64.86,0.88,53.16,16.89,16.66,0.0,36.95,376.0
126,1,196,930,0.64,42.66,19.75,44.22,23.49,43.87,42.42,7.14,0.43,44.75,9.84,50.0,86.58,42.37,19.58,43.5,0.32,27.0,29.2,33.33,0.43,51.25,5.37,25.0,3.67,39.11,15.94,67.64,1.4,59.23,15.88,23.07,0.0,33.18,495.0
127,1,197,741,0.4,43.42,19.86,42.77,21.29,40.35,47.5,5.42,0.4,61.0,15.13,33.33,84.68,42.98,19.93,38.56,0.13,58.0,0.0,0.0,0.27,49.0,1.41,0.0,7.18,43.54,15.61,67.92,1.89,55.64,25.53,7.14,0.0,36.44,410.0
128,1,198,904,0.44,42.01,18.95,17.33,15.04,41.92,33.33,0.33,0.0,0.0,0.0,0.0,95.22,41.83,18.82,42.35,0.44,38.0,12.54,50.0,0.66,44.0,24.03,0.0,2.22,44.0,17.15,50.0,1.11,58.4,26.7,10.0,0.0,35.38,483.0
129,1,202,491,0.2,42.75,19.2,0.0,0.0,41.34,0.0,0.0,0.0,0.0,0.0,0.0,96.12,42.95,19.09,42.03,0.2,30.0,0.0,0.0,0.0,0.0,0.0,0.0,1.22,39.0,14.35,50.0,2.44,38.75,26.26,8.33,0.0,34.18,303.0
130,1,203,840,0.35,41.59,19.17,39.63,23.79,41.54,18.18,1.31,0.0,0.0,0.0,0.0,88.17,41.56,19.04,39.83,0.83,38.57,13.81,57.14,0.11,37.0,0.0,0.0,7.64,40.32,17.77,65.62,1.91,48.43,28.49,31.25,0.0,35.13,460.0
131,1,204,795,0.88,41.81,19.33,38.25,10.53,41.38,0.0,0.5,0.0,0.0,0.0,0.0,93.4,41.48,19.26,42.93,1.01,36.62,10.94,62.5,0.38,36.0,32.74,33.33,2.28,47.61,18.38,16.66,2.41,52.84,22.25,5.26,0.0,31.64,433.0
132,1,206,978,0.1,42.19,19.93,36.0,13.74,40.79,50.0,0.81,0.1,0.0,0.0,0.0,95.39,42.17,19.96,40.77,0.2,49.5,9.19,50.0,0.2,60.0,31.11,0.0,1.74,38.88,16.81,64.7,1.53,50.4,21.23,13.33,0.0,34.71,577.0
133,1,208,600,0.0,44.3,19.59,41.16,16.16,40.83,45.83,4.0,0.0,0.0,0.0,0.0,87.16,44.56,19.87,38.04,0.16,49.0,0.0,100.0,0.0,0.0,0.0,0.0,7.16,41.46,16.98,74.41,1.5,50.44,24.19,22.22,0.0,60.02,351.0
134,1,209,988,0.5,42.13,18.91,36.79,20.43,43.11,50.0,1.01,0.2,16.5,23.33,50.0,91.75,42.15,18.94,42.9,1.72,38.58,18.95,70.58,0.1,48.0,0.0,0.0,3.96,42.82,17.94,38.46,1.22,56.25,15.3,33.33,0.0,34.08,523.0
135,1,210,471,0.0,38.72,19.57,39.0,1.73,42.25,66.66,0.63,0.0,0.0,0.0,0.0,91.93,38.5,19.61,42.26,0.63,42.66,4.5,66.66,0.0,0.0,0.0,0.0,4.88,37.13,19.17,43.47,1.91,52.11,22.49,22.22,0.0,35.47,221.0
136,1,211,388,0.25,40.06,17.3,0.0,0.0,42.78,0.0,0.0,0.0,0.0,0.0,0.0,96.89,39.77,17.44,41.86,0.25,66.0,0.0,100.0,0.0,0.0,0.0,0.0,1.8,45.57,11.7,85.71,1.03,47.25,1.89,25.0,0.0,37.21,218.0
137,1,213,553,0.54,41.09,19.96,49.16,18.3,43.21,50.0,1.09,0.18,57.0,0.0,0.0,92.18,40.5,20.07,43.98,0.54,38.66,18.77,66.66,0.36,47.0,4.24,0.0,4.9,50.22,16.89,37.03,0.72,32.25,26.83,25.0,0.0,35.16,301.0
138,1,2,0,0.0,0.0,0.0,0.0,0.0,0.0,0.0,0.0,0.0,0.0,0.0,0.0,0.0,0.0,0.0,0.0,0.0,0.0,0.0,0.0,0.0,0.0,0.0,0.0,0.0,0.0,0.0,0.0,0.0,0.0,0.0,0.0,0.0,0.0,0.0
139,1,4,0,0.0,0.0,0.0,0.0,0.0,0.0,0.0,0.0,0.0,0.0,0.0,0.0,0.0,0.0,0.0,0.0,0.0,0.0,0.0,0.0,0.0,0.0,0.0,0.0,0.0,0.0,0.0,0.0,0.0,0.0,0.0,0.0,0.0,0.0,0.0
140,1,6,940,0.63,38.86,16.92,36.03,13.01,41.38,41.37,6.2,0.85,32.37,21.78,50.0,86.08,38.99,16.98,41.04,1.71,37.5,19.23,50.0,0.21,38.0,21.21,50.0,3.31,37.77,15.62,48.38,1.6,48.4,22.24,40.0,0.0,0.0,299.0
141,1,8,0,0.0,0.0,0.0,0.0,0.0,0.0,0.0,0.0,0.0,0.0,0.0,0.0,0.0,0.0,0.0,0.0,0.0,0.0,0.0,0.0,0.0,0.0,0.0,0.0,0.0,0.0,0.0,0.0,0.0,0.0,0.0,0.0,0.0,0.0,0.0
142,1,30,0,0.0,0.0,0.0,0.0,0.0,0.0,0.0,0.0,0.0,0.0,0.0,0.0,0.0,0.0,0.0,0.0,0.0,0.0,0.0,0.0,0.0,0.0,0.0,0.0,0.0,0.0,0.0,0.0,0.0,0.0,0.0,0.0,0.0,0.0,0.0
143,1,31,0,0.0,0.0,0.0,0.0,0.0,0.0,0.0,0.0,0.0,0.0,0.0,0.0,0.0,0.0,0.0,0.0,0.0,0.0,0.0,0.0,0.0,0.0,0.0,0.0,0.0,0.0,0.0,0.0,0.0,0.0,0.0,0.0,0.0,0.0,0.0
144,1,39,0,0.0,0.0,0.0,0.0,0.0,0.0,0.0,0.0,0.0,0.0,0.0,0.0,0.0,0.0,0.0,0.0,0.0,0.0,0.0,0.0,0.0,0.0,0.0,0.0,0.0,0.0,0.0,0.0,0.0,0.0,0.0,0.0,0.0,0.0,0.0
145,1,42,0,0.0,0.0,0.0,0.0,0.0,0.0,0.0,0.0,0.0,0.0,0.0,0.0,0.0,0.0,0.0,0.0,0.0,0.0,0.0,0.0,0.0,0.0,0.0,0.0,0.0,0.0,0.0,0.0,0.0,0.0,0.0,0.0,0.0,0.0,0.0
146,1,47,0,0.0,0.0,0.0,0.0,0.0,0.0,0.0,0.0,0.0,0.0,0.0,0.0,0.0,0.0,0.0,0.0,0.0,0.0,0.0,0.0,0.0,0.0,0.0,0.0,0.0,0.0,0.0,0.0,0.0,0.0,0.0,0.0,0.0,0.0,0.0
147,1,50,649,0.46,39.76,19.3,39.6,18.42,43.45,53.33,2.32,0.77,43.0,23.17,60.0,90.55,39.77,19.3,43.58,1.23,35.25,26.68,37.5,0.15,47.0,0.0,100.0,2.63,37.94,17.97,41.17,2.32,42.0,19.39,26.66,0.0,0.0,289.0
148,1,55,0,0.0,0.0,0.0,0.0,0.0,0.0,0.0,0.0,0.0,0.0,0.0,0.0,0.0,0.0,0.0,0.0,0.0,0.0,0.0,0.0,0.0,0.0,0.0,0.0,0.0,0.0,0.0,0.0,0.0,0.0,0.0,0.0,0.0,0.0,0.0
149,1,59,901,0.55,39.99,18.57,31.52,19.1,42.28,52.94,1.89,0.11,93.0,0.0,0.0,91.74,40.13,18.24,41.84,1.45,40.76,14.91,46.15,0.0,0.0,0.0,0.0,3.34,39.56,22.97,56.66,1.45,37.46,25.27,23.07,0.0,0.0,313.0
150,1,63,0,0.0,0.0,0.0,0.0,0.0,0.0,0.0,0.0,0.0,0.0,0.0,0.0,0.0,0.0,0.0,0.0,0.0,0.0,0.0,0.0,0.0,0.0,0.0,0.0,0.0,0.0,0.0,0.0,0.0,0.0,0.0,0.0,0.0,0.0,0.0
151,1,66,922,0.0,42.17,18.46,39.9,15.5,42.84,52.38,2.27,0.43,39.0,9.27,75.0,90.13,42.2,18.42,42.23,1.4,46.53,13.5,53.84,0.32,37.0,16.46,0.0,3.25,40.79,21.82,46.66,2.06,44.57,23.26,47.36,0.0,0.0,371.0
152,1,68,0,0.0,0.0,0.0,0.0,0.0,0.0,0.0,0.0,0.0,0.0,0.0,0.0,0.0,0.0,0.0,0.0,0.0,0.0,0.0,0.0,0.0,0.0,0.0,0.0,0.0,0.0,0.0,0.0,0.0,0.0,0.0,0.0,0.0,0.0,0.0
153,1,71,482,0.41,39.09,16.4,37.5,23.3,44.19,33.33,1.25,0.41,31.0,43.84,100.0,91.87,39.2,15.99,43.99,1.25,19.0,14.85,50.0,0.0,0.0,0.0,0.0,3.75,37.66,16.47,66.66,1.45,52.71,17.86,0.0,0.0,0.0,217.0
154,1,72,0,0.0,0.0,0.0,0.0,0.0,0.0,0.0,0.0,0.0,0.0,0.0,0.0,0.0,0.0,0.0,0.0,0.0,0.0,0.0,0.0,0.0,0.0,0.0,0.0,0.0,0.0,0.0,0.0,0.0,0.0,0.0,0.0,0.0,0.0,0.0
155,1,74,0,0.0,0.0,0.0,0.0,0.0,0.0,0.0,0.0,0.0,0.0,0.0,0.0,0.0,0.0,0.0,0.0,0.0,0.0,0.0,0.0,0.0,0.0,0.0,0.0,0.0,0.0,0.0,0.0,0.0,0.0,0.0,0.0,0.0,0.0,0.0
156,1,75,743,0.67,42.94,19.31,41.47,20.06,46.43,23.8,2.84,0.13,47.0,0.0,0.0,89.02,42.53,19.16,45.96,1.08,31.87,15.68,75.0,0.0,0.0,0.0,0.0,4.06,42.1,16.05,76.66,2.84,58.0,22.03,23.8,0.0,0.0,379.0
157,1,80,0,0.0,0.0,0.0,0.0,0.0,0.0,0.0,0.0,0.0,0.0,0.0,0.0,0.0,0.0,0.0,0.0,0.0,0.0,0.0,0.0,0.0,0.0,0.0,0.0,0.0,0.0,0.0,0.0,0.0,0.0,0.0,0.0,0.0,0.0,0.0
158,1,81,0,0.0,0.0,0.0,0.0,0.0,0.0,0.0,0.0,0.0,0.0,0.0,0.0,0.0,0.0,0.0,0.0,0.0,0.0,0.0,0.0,0.0,0.0,0.0,0.0,0.0,0.0,0.0,0.0,0.0,0.0,0.0,0.0,0.0,0.0,0.0
159,1,85,951,0.31,43.94,19.28,41.6,11.97,44.16,65.0,2.1,0.21,43.0,18.38,0.0,91.13,44.01,19.47,43.51,0.94,33.22,5.8,77.77,0.1,46.0,0.0,100.0,4.21,43.8,18.52,45.0,1.26,53.5,21.18,25.0,0.0,0.0,492.0
160,1,90,0,0.0,0.0,0.0,0.0,0.0,0.0,0.0,0.0,0.0,0.0,0.0,0.0,0.0,0.0,0.0,0.0,0.0,0.0,0.0,0.0,0.0,0.0,0.0,0.0,0.0,0.0,0.0,0.0,0.0,0.0,0.0,0.0,0.0,0.0,0.0
161,1,91,0,0.0,0.0,0.0,0.0,0.0,0.0,0.0,0.0,0.0,0.0,0.0,0.0,0.0,0.0,0.0,0.0,0.0,0.0,0.0,0.0,0.0,0.0,0.0,0.0,0.0,0.0,0.0,0.0,0.0,0.0,0.0,0.0,0.0,0.0,0.0
162,1,92,0,0.0,0.0,0.0,0.0,0.0,0.0,0.0,0.0,0.0,0.0,0.0,0.0,0.0,0.0,0.0,0.0,0.0,0.0,0.0,0.0,0.0,0.0,0.0,0.0,0.0,0.0,0.0,0.0,0.0,0.0,0.0,0.0,0.0,0.0,0.0
163,1,98,0,0.0,0.0,0.0,0.0,0.0,0.0,0.0,0.0,0.0,0.0,0.0,0.0,0.0,0.0,0.0,0.0,0.0,0.0,0.0,0.0,0.0,0.0,0.0,0.0,0.0,0.0,0.0,0.0,0.0,0.0,0.0,0.0,0.0,0.0,0.0
164,1,102,0,0.0,0.0,0.0,0.0,0.0,0.0,0.0,0.0,0.0,0.0,0.0,0.0,0.0,0.0,0.0,0.0,0.0,0.0,0.0,0.0,0.0,0.0,0.0,0.0,0.0,0.0,0.0,0.0,0.0,0.0,0.0,0.0,0.0,0.0,0.0
165,1,105,0,0.0,0.0,0.0,0.0,0.0,0.0,0.0,0.0,0.0,0.0,0.0,0.0,0.0,0.0,0.0,0.0,0.0,0.0,0.0,0.0,0.0,0.0,0.0,0.0,0.0,0.0,0.0,0.0,0.0,0.0,0.0,0.0,0.0,0.0,0.0
166,1,106,0,0.0,0.0,0.0,0.0,0.0,0.0,0.0,0.0,0.0,0.0,0.0,0.0,0.0,0.0,0.0,0.0,0.0,0.0,0.0,0.0,0.0,0.0,0.0,0.0,0.0,0.0,0.0,0.0,0.0,0.0,0.0,0.0,0.0,0.0,0.0
167,1,108,0,0.0,0.0,0.0,0.0,0.0,0.0,0.0,0.0,0.0,0.0,0.0,0.0,0.0,0.0,0.0,0.0,0.0,0.0,0.0,0.0,0.0,0.0,0.0,0.0,0.0,0.0,0.0,0.0,0.0,0.0,0.0,0.0,0.0,0.0,0.0
168,1,112,721,0.0,41.01,19.42,34.9,19.43,40.91,46.66,4.16,0.0,0.0,0.0,0.0,88.76,41.43,19.26,38.9,0.69,53.0,21.5,80.0,0.13,65.0,0.0,100.0,5.13,39.37,20.26,67.56,1.1,27.37,20.11,25.0,0.0,0.0,370.0
169,1,116,0,0.0,0.0,0.0,0.0,0.0,0.0,0.0,0.0,0.0,0.0,0.0,0.0,0.0,0.0,0.0,0.0,0.0,0.0,0.0,0.0,0.0,0.0,0.0,0.0,0.0,0.0,0.0,0.0,0.0,0.0,0.0,0.0,0.0,0.0,0.0
170,1,124,0,0.0,0.0,0.0,0.0,0.0,0.0,0.0,0.0,0.0,0.0,0.0,0.0,0.0,0.0,0.0,0.0,0.0,0.0,0.0,0.0,0.0,0.0,0.0,0.0,0.0,0.0,0.0,0.0,0.0,0.0,0.0,0.0,0.0,0.0,0.0
171,1,125,0,0.0,0.0,0.0,0.0,0.0,0.0,0.0,0.0,0.0,0.0,0.0,0.0,0.0,0.0,0.0,0.0,0.0,0.0,0.0,0.0,0.0,0.0,0.0,0.0,0.0,0.0,0.0,0.0,0.0,0.0,0.0,0.0,0.0,0.0,0.0
172,1,126,0,0.0,0.0,0.0,0.0,0.0,0.0,0.0,0.0,0.0,0.0,0.0,0.0,0.0,0.0,0.0,0.0,0.0,0.0,0.0,0.0,0.0,0.0,0.0,0.0,0.0,0.0,0.0,0.0,0.0,0.0,0.0,0.0,0.0,0.0,0.0
173,1,128,476,1.89,41.6,17.21,40.82,18.75,44.11,47.14,14.98,0.42,41.0,18.38,100.0,75.37,41.19,16.69,42.32,0.64,32.66,6.02,66.66,0.21,66.0,0.0,0.0,7.28,42.29,16.59,50.0,1.07,54.4,19.34,40.0,0.0,0.0,284.0
174,1,129,0,0.0,0.0,0.0,0.0,0.0,0.0,0.0,0.0,0.0,0.0,0.0,0.0,0.0,0.0,0.0,0.0,0.0,0.0,0.0,0.0,0.0,0.0,0.0,0.0,0.0,0.0,0.0,0.0,0.0,0.0,0.0,0.0,0.0,0.0,0.0
175,1,142,0,0.0,0.0,0.0,0.0,0.0,0.0,0.0,0.0,0.0,0.0,0.0,0.0,0.0,0.0,0.0,0.0,0.0,0.0,0.0,0.0,0.0,0.0,0.0,0.0,0.0,0.0,0.0,0.0,0.0,0.0,0.0,0.0,0.0,0.0,0.0
176,1,147,0,0.0,0.0,0.0,0.0,0.0,0.0,0.0,0.0,0.0,0.0,0.0,0.0,0.0,0.0,0.0,0.0,0.0,0.0,0.0,0.0,0.0,0.0,0.0,0.0,0.0,0.0,0.0,0.0,0.0,0.0,0.0,0.0,0.0,0.0,0.0
177,1,148,0,0.0,0.0,0.0,0.0,0.0,0.0,0.0,0.0,0.0,0.0,0.0,0.0,0.0,0.0,0.0,0.0,0.0,0.0,0.0,0.0,0.0,0.0,0.0,0.0,0.0,0.0,0.0,0.0,0.0,0.0,0.0,0.0,0.0,0.0,0.0
178,1,149,0,0.0,0.0,0.0,0.0,0.0,0.0,0.0,0.0,0.0,0.0,0.0,0.0,0.0,0.0,0.0,0.0,0.0,0.0,0.0,0.0,0.0,0.0,0.0,0.0,0.0,0.0,0.0,0.0,0.0,0.0,0.0,0.0,0.0,0.0,0.0
179,1,156,0,0.0,0.0,0.0,0.0,0.0,0.0,0.0,0.0,0.0,0.0,0.0,0.0,0.0,0.0,0.0,0.0,0.0,0.0,0.0,0.0,0.0,0.0,0.0,0.0,0.0,0.0,0.0,0.0,0.0,0.0,0.0,0.0,0.0,0.0,0.0
180,1,158,0,0.0,0.0,0.0,0.0,0.0,0.0,0.0,0.0,0.0,0.0,0.0,0.0,0.0,0.0,0.0,0.0,0.0,0.0,0.0,0.0,0.0,0.0,0.0,0.0,0.0,0.0,0.0,0.0,0.0,0.0,0.0,0.0,0.0,0.0,0.0
181,1,160,0,0.0,0.0,0.0,0.0,0.0,0.0,0.0,0.0,0.0,0.0,0.0,0.0,0.0,0.0,0.0,0.0,0.0,0.0,0.0,0.0,0.0,0.0,0.0,0.0,0.0,0.0,0.0,0.0,0.0,0.0,0.0,0.0,0.0,0.0,0.0
182,1,164,0,0.0,0.0,0.0,0.0,0.0,0.0,0.0,0.0,0.0,0.0,0.0,0.0,0.0,0.0,0.0,0.0,0.0,0.0,0.0,0.0,0.0,0.0,0.0,0.0,0.0,0.0,0.0,0.0,0.0,0.0,0.0,0.0,0.0,0.0,0.0
183,1,166,0,0.0,0.0,0.0,0.0,0.0,0.0,0.0,0.0,0.0,0.0,0.0,0.0,0.0,0.0,0.0,0.0,0.0,0.0,0.0,0.0,0.0,0.0,0.0,0.0,0.0,0.0,0.0,0.0,0.0,0.0,0.0,0.0,0.0,0.0,0.0
184,1,169,0,0.0,0.0,0.0,0.0,0.0,0.0,0.0,0.0,0.0,0.0,0.0,0.0,0.0,0.0,0.0,0.0,0.0,0.0,0.0,0.0,0.0,0.0,0.0,0.0,0.0,0.0,0.0,0.0,0.0,0.0,0.0,0.0,0.0,0.0,0.0
185,1,177,0,0.0,0.0,0.0,0.0,0.0,0.0,0.0,0.0,0.0,0.0,0.0,0.0,0.0,0.0,0.0,0.0,0.0,0.0,0.0,0.0,0.0,0.0,0.0,0.0,0.0,0.0,0.0,0.0,0.0,0.0,0.0,0.0,0.0,0.0,0.0
186,1,180,0,0.0,0.0,0.0,0.0,0.0,0.0,0.0,0.0,0.0,0.0,0.0,0.0,0.0,0.0,0.0,0.0,0.0,0.0,0.0,0.0,0.0,0.0,0.0,0.0,0.0,0.0,0.0,0.0,0.0,0.0,0.0,0.0,0.0,0.0,0.0
187,1,181,0,0.0,0.0,0.0,0.0,0.0,0.0,0.0,0.0,0.0,0.0,0.0,0.0,0.0,0.0,0.0,0.0,0.0,0.0,0.0,0.0,0.0,0.0,0.0,0.0,0.0,0.0,0.0,0.0,0.0,0.0,0.0,0.0,0.0,0.0,0.0
188,1,183,0,0.0,0.0,0.0,0.0,0.0,0.0,0.0,0.0,0.0,0.0,0.0,0.0,0.0,0.0,0.0,0.0,0.0,0.0,0.0,0.0,0.0,0.0,0.0,0.0,0.0,0.0,0.0,0.0,0.0,0.0,0.0,0.0,0.0,0.0,0.0
189,1,184,0,0.0,0.0,0.0,0.0,0.0,0.0,0.0,0.0,0.0,0.0,0.0,0.0,0.0,0.0,0.0,0.0,0.0,0.0,0.0,0.0,0.0,0.0,0.0,0.0,0.0,0.0,0.0,0.0,0.0,0.0,0.0,0.0,0.0,0.0,0.0
190,1,187,0,0.0,0.0,0.0,0.0,0.0,0.0,0.0,0.0,0.0,0.0,0.0,0.0,0.0,0.0,0.0,0.0,0.0,0.0,0.0,0.0,0.0,0.0,0.0,0.0,0.0,0.0,0.0,0.0,0.0,0.0,0.0,0.0,0.0,0.0,0.0
191,1,191,0,0.0,0.0,0.0,0.0,0.0,0.0,0.0,0.0,0.0,0.0,0.0,0.0,0.0,0.0,0.0,0.0,0.0,0.0,0.0,0.0,0.0,0.0,0.0,0.0,0.0,0.0,0.0,0.0,0.0,0.0,0.0,0.0,0.0,0.0,0.0
192,1,192,0,0.0,0.0,0.0,0.0,0.0,0.0,0.0,0.0,0.0,0.0,0.0,0.0,0.0,0.0,0.0,0.0,0.0,0.0,0.0,0.0,0.0,0.0,0.0,0.0,0.0,0.0,0.0,0.0,0.0,0.0,0.0,0.0,0.0,0.0,0.0
193,1,193,0,0.0,0.0,0.0,0.0,0.0,0.0,0.0,0.0,0.0,0.0,0.0,0.0,0.0,0.0,0.0,0.0,0.0,0.0,0.0,0.0,0.0,0.0,0.0,0.0,0.0,0.0,0.0,0.0,0.0,0.0,0.0,0.0,0.0,0.0,0.0
194,1,195,0,0.0,0.0,0.0,0.0,0.0,0.0,0.0,0.0,0.0,0.0,0.0,0.0,0.0,0.0,0.0,0.0,0.0,0.0,0.0,0.0,0.0,0.0,0.0,0.0,0.0,0.0,0.0,0.0,0.0,0.0,0.0,0.0,0.0,0.0,0.0
195,1,199,0,0.0,0.0,0.0,0.0,0.0,0.0,0.0,0.0,0.0,0.0,0.0,0.0,0.0,0.0,0.0,0.0,0.0,0.0,0.0,0.0,0.0,0.0,0.0,0.0,0.0,0.0,0.0,0.0,0.0,0.0,0.0,0.0,0.0,0.0,0.0
196,1,200,0,0.0,0.0,0.0,0.0,0.0,0.0,0.0,0.0,0.0,0.0,0.0,0.0,0.0,0.0,0.0,0.0,0.0,0.0,0.0,0.0,0.0,0.0,0.0,0.0,0.0,0.0,0.0,0.0,0.0,0.0,0.0,0.0,0.0,0.0,0.0
197,1,201,0,0.0,0.0,0.0,0.0,0.0,0.0,0.0,0.0,0.0,0.0,0.0,0.0,0.0,0.0,0.0,0.0,0.0,0.0,0.0,0.0,0.0,0.0,0.0,0.0,0.0,0.0,0.0,0.0,0.0,0.0,0.0,0.0,0.0,0.0,0.0
198,1,205,0,0.0,0.0,0.0,0.0,0.0,0.0,0.0,0.0,0.0,0.0,0.0,0.0,0.0,0.0,0.0,0.0,0.0,0.0,0.0,0.0,0.0,0.0,0.0,0.0,0.0,0.0,0.0,0.0,0.0,0.0,0.0,0.0,0.0,0.0,0.0
199,1,207,0,0.0,0.0,0.0,0.0,0.0,0.0,0.0,0.0,0.0,0.0,0.0,0.0,0.0,0.0,0.0,0.0,0.0,0.0,0.0,0.0,0.0,0.0,0.0,0.0,0.0,0.0,0.0,0.0,0.0,0.0,0.0,0.0,0.0,0.0,0.0
200,1,212,0,0.0,0.0,0.0,0.0,0.0,0.0,0.0,0.0,0.0,0.0,0.0,0.0,0.0,0.0,0.0,0.0,0.0,0.0,0.0,0.0,0.0,0.0,0.0,0.0,0.0,0.0,0.0,0.0,0.0,0.0,0.0,0.0,0.0,0.0,0.0
201,2,1,983,0.4,43.72,18.43,30.2,17.49,41.5,24.0,2.55,0.0,0.0,0.0,0.0,86.21,44.14,18.42,37.2,0.71,46.71,12.61,57.14,0.1,35.0,0.0,0.0,9.7,43.09,18.55,82.1,0.71,47.85,10.33,42.85,0.0,44.08,577.0
202,2,4,997,0.2,42.6,17.44,41.1,18.61,43.83,48.05,7.73,0.1,29.0,0.0,100.0,85.82,42.61,17.4,43.09,0.5,34.0,14.61,20.0,0.2,33.5,0.7,0.0,3.91,42.79,14.77,56.41,1.7,50.52,19.88,35.29,0.0,34.87,516.0
203,2,7,899,0.44,42.08,18.08,38.18,19.1,40.26,18.51,3.01,0.11,78.0,0.0,100.0,88.37,42.41,18.23,38.3,0.89,42.5,18.88,75.0,0.33,37.66,15.04,33.33,5.92,40.28,15.13,77.35,1.34,37.25,15.47,25.0,0.0,40.22,493.0
204,2,64,856,0.23,37.89,16.05,35.71,15.99,44.27,53.12,3.74,1.28,36.63,7.31,36.36,83.6,38.17,16.27,43.41,1.28,41.0,8.6,45.45,0.23,31.0,43.84,0.0,3.39,35.89,14.76,62.06,6.44,36.69,15.85,43.63,0.0,56.57,167.0
205,2,19,680,0.29,41.26,18.76,52.55,12.36,43.82,44.44,1.32,0.0,0.0,0.0,0.0,86.87,41.78,18.72,39.38,0.73,34.6,29.44,80.0,0.0,0.0,0.0,0.0,10.61,35.66,17.84,79.16,0.44,54.33,19.65,0.0,0.0,23.07,415.0
206,2,20,878,0.45,38.54,17.56,36.65,18.2,42.36,31.57,4.34,0.0,0.0,0.0,0.0,88.1,38.75,17.22,40.51,0.68,37.33,22.25,66.66,0.0,0.0,0.0,0.0,5.72,38.04,21.04,72.0,1.14,34.1,24.55,50.0,0.0,23.31,422.0
207,2,23,1099,0.54,44.81,21.16,45.9,22.34,43.22,47.61,1.92,0.0,0.0,0.0,0.0,91.39,44.53,21.13,42.64,1.92,34.71,19.31,42.85,0.27,54.66,21.77,33.33,3.75,54.75,19.64,56.09,0.73,48.25,16.45,50.0,0.0,41.07,323.0
208,2,25,1092,0.27,45.55,21.63,40.66,17.24,43.95,61.9,1.92,0.18,31.0,5.65,0.0,91.46,45.72,21.5,42.67,1.19,42.69,27.01,69.23,0.0,0.0,0.0,0.0,3.3,42.91,21.37,58.33,1.92,50.71,27.19,52.38,0.0,41.82,387.0
209,2,29,1127,0.17,49.5,22.68,41.85,24.59,44.89,62.85,3.11,0.17,45.5,0.7,50.0,87.82,49.22,22.63,43.11,1.42,46.0,19.35,68.75,0.44,36.2,20.57,0.0,5.06,58.05,22.55,57.89,1.95,57.59,19.43,54.54,0.0,38.17,478.0
210,2,30,1239,0.16,46.82,22.77,41.83,27.13,43.9,55.55,1.45,0.08,44.0,0.0,0.0,91.43,46.76,22.54,42.35,2.34,48.13,25.15,62.06,0.08,84.0,0.0,0.0,3.15,44.89,23.92,79.48,1.45,52.61,26.18,33.33,0.0,37.48,584.0
211,2,31,1012,0.69,49.31,23.02,42.41,23.08,43.47,48.27,2.88,0.49,28.6,17.37,40.0,88.55,49.78,22.75,42.92,1.49,48.86,29.28,66.66,0.09,42.0,0.0,0.0,4.27,48.79,24.57,51.16,2.08,43.9,23.36,33.33,0.0,40.29,408.0
212,2,32,1123,0.8,47.0,20.78,40.0,21.51,44.16,66.66,2.42,0.08,44.0,0.0,100.0,90.57,47.09,20.52,42.22,2.33,46.0,21.88,61.53,0.44,44.8,13.33,0.0,2.33,52.26,26.58,73.07,1.79,43.1,21.13,55.0,0.0,36.58,444.0
213,2,33,961,0.41,46.62,21.97,42.0,20.52,44.64,30.0,2.08,0.1,50.0,0.0,100.0,92.05,46.33,22.05,44.94,1.35,43.92,16.82,61.53,0.1,83.0,0.0,0.0,2.82,53.33,17.83,40.74,1.46,53.71,28.43,35.71,0.0,44.41,362.0
214,2,34,1115,0.17,46.66,21.5,50.14,23.04,42.42,35.71,1.25,0.0,0.0,0.0,0.0,93.62,46.64,21.35,41.74,1.97,41.13,25.72,54.54,0.17,17.0,24.04,100.0,2.33,50.96,22.4,61.53,0.62,46.85,21.74,28.57,0.0,36.32,503.0
215,2,36,985,0.4,46.89,21.15,33.57,17.65,42.84,35.71,1.42,0.1,35.0,0.0,100.0,93.06,47.01,21.12,41.84,1.22,49.33,21.91,66.66,0.1,43.0,0.0,0.0,2.34,47.65,21.4,52.17,1.73,45.7,22.73,64.7,0.0,35.66,473.0
216,2,38,485,3.29,39.26,16.53,37.17,14.61,43.91,46.15,11.08,6.6,44.87,19.73,48.38,72.49,39.15,15.95,44.41,1.49,24.57,17.54,71.42,0.21,27.0,0.0,0.0,2.13,32.29,15.01,30.0,5.97,43.42,20.19,32.14,0.0,52.77,203.0
217,2,39,1481,0.47,46.46,20.51,44.9,20.56,43.75,60.6,2.23,0.13,40.5,9.19,50.0,92.67,46.48,20.59,43.26,1.35,35.5,19.05,35.0,0.47,53.42,13.17,14.28,1.69,45.28,21.58,72.0,1.42,52.61,15.81,33.33,0.0,37.32,544.0
218,2,40,1406,0.42,44.45,20.86,41.16,18.58,45.23,50.0,0.85,0.07,0.0,0.0,100.0,93.21,44.57,20.88,44.9,1.71,42.75,14.41,54.16,0.0,0.0,0.0,0.0,2.57,44.55,21.46,50.0,1.57,45.0,22.65,40.9,0.0,37.03,593.0
219,2,44,1191,0.25,47.03,21.0,43.44,22.02,43.07,35.29,2.86,0.33,37.5,25.37,75.0,88.46,47.19,21.24,41.76,3.03,48.19,15.73,58.33,0.16,56.0,25.45,50.0,3.87,45.13,20.0,60.86,1.26,46.0,15.79,53.33,0.0,32.59,511.0
220,2,45,933,0.53,48.91,21.16,44.39,23.06,44.05,43.47,2.47,0.21,43.0,29.69,0.0,91.27,48.98,21.01,42.85,1.29,52.08,22.48,83.33,0.1,60.0,0.0,0.0,2.9,45.18,23.37,70.37,1.72,50.31,23.85,37.5,0.0,34.52,429.0
221,2,47,1223,0.16,46.75,21.15,45.61,21.38,45.13,47.05,2.78,0.08,47.0,0.0,0.0,88.77,47.02,21.09,43.72,2.29,42.28,18.97,78.57,0.24,38.66,33.5,0.0,3.76,44.8,24.65,60.86,2.04,46.52,20.16,48.0,0.0,37.08,421.0
222,2,48,1094,0.18,45.29,21.27,38.13,21.73,44.97,46.66,1.37,0.27,32.33,21.36,100.0,92.12,45.5,21.2,44.53,1.46,41.37,25.51,62.5,0.0,0.0,0.0,0.0,2.56,44.57,20.97,50.0,2.19,43.66,21.23,37.5,0.0,45.1,350.0
223,2,49,1264,0.07,44.9,19.28,43.07,19.82,43.51,51.85,2.13,0.63,34.62,27.3,37.5,91.13,44.73,19.03,43.0,2.05,49.5,19.48,46.15,0.23,65.0,23.43,33.33,1.74,49.18,22.95,54.54,2.05,45.61,21.91,50.0,0.0,38.06,410.0
224,2,56,1346,0.0,44.11,19.72,40.75,19.17,43.68,46.66,3.34,0.0,0.0,0.0,0.0,91.15,44.11,19.66,42.7,1.56,44.61,21.97,57.14,0.07,47.0,0.0,0.0,2.89,49.23,18.96,69.23,0.89,41.66,26.0,33.33,0.0,42.13,463.0
225,2,57,1467,0.34,45.42,19.76,35.35,19.82,44.58,61.53,2.66,0.06,27.0,0.0,0.0,91.38,45.66,19.67,44.01,1.23,42.94,22.16,44.44,0.2,43.66,10.4,33.33,3.07,47.91,20.07,51.11,1.36,43.6,19.42,40.0,0.0,34.33,588.0
226,2,59,1185,0.16,43.21,18.96,41.59,20.04,44.81,46.87,2.7,0.25,35.66,11.23,0.0,92.56,43.21,18.98,45.02,0.84,37.0,15.08,80.0,0.08,62.0,0.0,0.0,2.02,49.2,20.07,41.66,1.52,41.38,17.14,27.77,0.0,43.35,529.0
227,2,60,1269,0.7,38.68,15.04,36.32,13.66,37.82,46.42,4.44,1.9,43.0,13.14,29.16,86.66,38.4,15.06,37.91,0.95,36.91,18.54,50.0,0.39,39.0,9.32,20.0,2.22,36.96,16.34,35.71,3.41,46.97,14.66,25.58,0.0,44.19,499.0
228,2,62,1197,0.58,47.73,21.02,50.87,17.79,41.85,43.75,2.68,0.0,0.0,0.0,0.0,90.75,47.43,20.99,41.38,1.34,41.5,28.18,56.25,0.58,41.57,14.02,28.57,2.52,53.23,23.04,60.0,2.1,55.64,20.71,32.0,0.0,36.26,526.0
229,2,63,1108,0.27,44.68,22.29,39.64,20.14,44.4,41.93,2.8,0.18,33.0,8.48,50.0,90.76,44.74,22.4,43.86,0.72,38.0,22.29,50.0,0.45,24.2,15.3,0.0,3.34,53.45,18.88,70.27,1.71,41.36,24.23,36.84,0.0,34.43,419.0
230,2,66,615,0.16,46.23,22.6,41.3,21.04,40.97,30.0,3.25,0.16,47.0,0.0,100.0,91.85,46.4,22.73,40.78,1.62,47.7,10.98,50.0,0.32,22.0,31.11,0.0,1.14,43.28,27.56,42.85,1.62,47.7,21.4,60.0,0.0,37.18,327.0
231,2,68,1191,0.41,46.27,21.89,37.5,24.79,45.34,50.0,2.36,0.08,58.0,0.0,100.0,93.25,46.39,21.84,44.66,0.84,43.7,17.89,70.0,0.16,65.0,26.87,0.0,1.6,46.89,23.29,47.36,1.68,48.05,21.59,55.0,0.0,35.23,571.0
232,2,69,1102,0.18,46.61,22.69,46.0,12.22,44.82,45.45,1.0,0.09,22.0,0.0,100.0,92.45,46.56,22.74,44.14,1.27,38.85,20.5,57.14,0.18,28.5,2.12,0.0,3.18,49.0,22.57,57.14,1.81,52.85,25.76,50.0,0.0,38.74,541.0
233,2,71,796,0.12,46.82,22.06,47.78,27.49,45.1,64.28,1.76,0.12,25.0,0.0,100.0,92.2,46.64,22.05,44.88,1.63,52.07,14.91,46.15,0.0,0.0,0.0,0.0,2.76,50.54,19.79,54.54,1.5,45.0,28.6,8.33,0.0,40.81,356.0
234,2,72,916,0.98,46.61,22.03,59.12,22.96,42.35,37.5,0.88,0.0,0.0,0.0,0.0,91.28,46.59,21.84,41.9,2.64,38.5,18.28,50.0,0.11,69.0,0.0,100.0,3.63,45.51,25.03,42.42,1.43,45.69,27.56,38.46,0.0,32.64,454.0
235,2,73,1283,0.31,46.66,22.61,44.6,20.68,42.24,46.66,3.51,0.07,35.0,0.0,100.0,91.55,46.65,22.65,42.1,1.09,53.85,16.76,42.85,0.31,51.75,12.84,0.0,2.03,47.23,24.47,30.76,1.4,50.0,28.06,55.55,0.0,28.68,578.0
236,2,74,1073,0.46,47.29,21.65,44.97,22.17,43.89,40.0,3.27,0.09,30.0,0.0,0.0,91.57,47.15,21.65,43.86,1.87,50.75,22.28,50.0,0.0,0.0,0.0,0.0,1.59,49.35,18.52,41.17,1.59,48.41,23.05,41.17,0.0,31.78,466.0
237,2,75,835,0.0,46.16,22.04,42.96,18.93,45.38,62.06,3.47,0.0,0.0,0.0,0.0,91.13,46.58,22.21,44.8,1.31,32.54,18.67,54.54,0.23,71.0,31.11,0.0,3.23,43.37,17.81,40.74,0.59,36.0,28.46,60.0,0.0,43.23,393.0
238,2,77,747,0.4,46.93,20.06,48.33,21.57,43.9,33.33,2.01,0.0,0.0,0.0,0.0,94.75,46.61,20.04,43.82,0.94,50.0,25.02,71.42,0.13,46.0,0.0,100.0,0.8,52.83,17.48,66.66,1.34,58.4,16.97,30.0,0.0,28.72,384.0
239,2,78,761,0.39,45.76,21.95,44.25,15.22,44.94,31.25,2.11,0.0,0.0,0.0,0.0,91.55,45.4,22.16,44.52,1.18,47.55,26.55,55.55,0.13,78.0,0.0,0.0,3.82,52.93,17.5,62.06,1.18,53.44,17.79,44.44,0.0,31.56,363.0
240,2,79,947,0.21,47.47,19.96,38.3,18.57,45.19,57.69,2.75,0.21,44.5,3.53,50.0,90.89,47.94,19.92,44.12,2.43,38.04,20.72,60.86,0.0,0.0,0.0,0.0,2.43,49.78,19.64,43.47,1.26,47.83,21.43,66.66,0.0,31.87,413.0
241,2,84,865,0.57,45.61,20.19,35.75,20.32,44.85,56.25,1.86,0.0,0.0,0.0,0.0,93.13,45.75,20.14,44.19,0.81,36.0,18.98,42.85,0.11,47.0,0.0,0.0,2.55,48.45,21.13,72.72,1.51,45.07,21.67,38.46,0.0,31.94,469.0
242,2,87,1208,0.16,44.73,22.15,47.79,24.88,46.85,41.66,1.99,0.08,94.0,0.0,100.0,92.45,44.81,22.01,45.29,1.74,42.42,25.86,76.19,0.08,47.0,0.0,0.0,3.06,37.81,21.56,75.67,0.58,56.85,18.79,57.14,0.0,32.24,571.0
243,2,91,1132,0.79,46.47,20.58,51.48,14.71,44.25,56.0,2.22,0.26,49.33,11.01,100.0,90.2,46.56,20.44,43.73,1.69,33.15,20.02,36.84,0.44,54.0,29.35,40.0,2.67,40.6,23.62,50.0,2.49,49.53,23.05,46.42,0.0,26.58,541.0
244,2,96,1058,0.18,45.69,20.76,46.13,19.32,43.28,36.36,2.08,0.09,33.0,0.0,100.0,88.73,45.37,20.99,43.64,1.6,47.23,14.73,47.05,0.18,63.0,18.38,0.0,3.4,52.13,17.88,44.44,3.88,47.56,19.63,36.58,0.0,35.8,428.0
245,2,97,812,0.0,44.82,20.02,39.76,18.68,45.32,38.46,1.6,0.0,0.0,0.0,0.0,93.22,44.78,20.27,44.38,0.73,36.83,10.85,83.33,0.0,0.0,0.0,0.0,3.07,49.76,16.77,76.0,1.35,46.63,13.25,27.27,0.0,32.72,336.0
246,2,98,1359,0.14,41.86,17.73,35.88,25.45,41.79,44.44,1.32,0.07,33.0,0.0,100.0,94.32,42.01,17.75,41.4,0.95,36.07,14.27,84.61,0.22,47.33,10.5,0.0,1.69,40.17,14.39,56.52,1.4,41.15,14.98,21.05,0.0,28.01,705.0
247,2,99,1101,0.27,41.49,18.48,42.32,20.21,41.78,40.0,2.27,0.27,27.33,29.14,66.66,91.34,41.18,18.4,41.57,1.45,47.0,14.17,50.0,0.27,42.0,14.0,33.33,2.82,38.54,17.65,51.61,1.54,58.05,18.14,23.52,0.0,41.86,543.0
248,2,100,972,0.0,44.53,19.26,48.91,20.94,45.37,45.83,2.46,0.2,43.0,0.0,100.0,89.91,44.18,19.38,44.16,2.36,48.21,16.42,65.21,0.1,55.0,0.0,100.0,2.77,44.77,17.07,62.96,2.16,49.14,19.15,42.85,0.0,39.28,469.0
249,2,103,1117,0.62,46.45,21.67,35.09,16.12,45.38,59.09,1.98,0.09,48.0,0.0,0.0,91.62,46.75,21.65,44.83,2.52,44.96,19.07,53.57,0.36,23.5,31.67,25.0,1.53,52.17,23.33,58.82,1.89,40.61,23.85,47.61,0.0,42.74,537.0
250,2,104,1193,0.41,45.93,21.91,39.51,23.15,45.18,38.7,2.6,0.16,37.0,4.24,50.0,90.9,46.02,21.79,45.0,2.69,40.15,21.02,62.5,0.0,0.0,0.0,0.0,1.76,54.76,24.7,57.14,1.85,46.45,22.2,31.81,0.0,43.29,574.0
251,2,108,1011,0.49,43.36,19.91,40.11,23.87,44.8,46.15,2.58,0.0,0.0,0.0,0.0,91.35,43.44,19.77,44.61,1.59,42.56,19.28,37.5,0.39,37.5,29.13,50.0,2.48,45.32,19.9,64.0,1.59,44.43,21.34,31.25,0.0,45.32,547.0
252,2,109,590,0.5,38.29,16.99,37.25,10.73,41.52,33.33,2.04,0.17,49.0,0.0,0.0,92.16,38.24,17.25,41.4,0.51,34.0,16.37,100.0,1.02,39.0,17.27,50.0,2.38,34.35,12.94,64.28,1.7,40.29,13.53,20.0,0.0,56.42,189.0
253,2,110,739,0.27,47.71,21.33,44.36,20.9,45.87,50.0,2.98,0.13,47.0,0.0,0.0,92.53,47.73,21.5,45.74,1.49,44.9,22.67,63.63,0.13,27.0,0.0,0.0,0.94,53.71,14.67,42.85,1.76,52.3,17.64,46.15,0.0,48.57,360.0
254,2,111,758,0.13,46.94,21.77,51.06,19.08,44.59,56.25,2.11,0.13,67.0,0.0,0.0,92.47,46.92,21.91,44.28,1.32,35.79,24.15,50.0,0.13,37.0,0.0,0.0,2.11,44.68,17.4,62.5,1.71,50.69,17.5,23.07,0.0,45.19,349.0
255,2,113,1009,0.49,46.72,22.44,31.28,21.31,46.28,64.28,1.39,0.0,0.0,0.0,0.0,93.32,47.19,22.08,45.35,1.49,39.06,20.28,86.66,0.19,39.0,21.21,50.0,2.29,39.95,26.35,34.78,1.29,49.92,34.64,46.15,0.0,45.04,440.0
256,2,114,612,0.65,48.07,20.86,44.21,23.37,43.46,57.14,2.3,0.0,0.0,0.0,0.0,90.62,48.36,20.88,43.19,3.12,47.84,15.38,47.36,0.32,44.5,14.84,0.0,1.48,53.11,19.86,55.55,2.13,41.76,23.67,30.76,0.0,44.76,285.0
257,2,117,954,0.31,40.32,17.36,37.57,12.74,38.15,40.81,5.15,0.31,38.66,16.65,33.33,88.11,40.26,17.47,38.3,0.73,51.71,21.95,42.85,0.21,38.5,12.02,50.0,2.62,42.36,20.21,40.0,2.83,44.14,16.47,29.62,0.0,34.83,493.0
258,2,118,1189,1.17,39.56,18.0,38.12,16.35,40.7,32.95,7.48,0.85,20.2,17.47,0.0,84.85,39.87,18.15,41.62,1.19,31.42,12.46,78.57,1.1,36.84,16.32,30.76,2.04,41.37,15.99,33.33,2.46,44.58,20.2,41.37,0.0,33.05,612.0
259,2,119,917,0.65,40.8,18.91,38.19,18.02,39.58,38.7,3.4,0.54,45.0,25.86,60.0,89.68,40.72,18.91,39.9,0.65,49.83,23.95,66.66,0.54,48.6,12.68,20.0,2.52,37.04,15.1,21.73,2.63,42.04,21.8,41.66,0.0,36.8,490.0
260,2,124,1101,0.45,37.99,17.56,40.19,16.23,41.59,32.25,2.82,0.09,20.0,0.0,100.0,91.42,37.81,17.43,41.81,1.0,33.54,20.38,63.63,0.54,49.83,16.31,50.0,1.55,40.11,19.79,41.17,2.55,38.25,19.85,32.14,0.0,33.27,507.0
261,2,126,889,0.44,38.26,17.55,36.78,18.23,42.29,53.93,10.05,0.33,29.0,7.21,33.33,82.14,38.62,17.62,40.85,1.35,28.41,12.36,50.0,0.79,43.14,14.32,42.85,3.61,34.59,16.5,40.62,1.69,42.73,16.28,46.66,0.0,35.67,467.0
262,2,127,927,1.18,39.33,16.51,42.35,14.22,42.82,50.0,2.18,0.21,27.0,38.18,50.0,91.37,39.3,16.57,43.13,1.31,34.33,12.42,50.0,0.21,38.0,15.55,0.0,3.16,37.44,16.3,34.48,1.52,43.64,20.26,35.71,0.0,37.28,510.0
263,2,128,839,0.47,40.51,17.86,43.47,17.77,39.09,37.5,8.62,0.0,0.0,0.0,0.0,85.02,40.07,17.83,39.85,1.07,39.22,25.42,33.33,0.95,54.5,16.16,12.5,2.03,45.0,14.09,41.17,2.15,39.33,18.17,38.88,0.0,31.84,476.0
264,2,129,981,0.91,38.65,16.85,38.56,16.84,37.61,43.83,15.02,0.2,33.5,14.84,50.0,78.9,38.47,16.96,37.94,0.51,28.4,19.62,60.0,0.51,47.4,14.75,0.0,2.26,41.81,15.15,13.63,2.57,42.28,16.52,24.0,0.0,32.76,536.0
265,2,130,508,0.39,46.5,18.64,47.63,14.66,43.7,45.45,2.17,0.0,0.0,0.0,0.0,93.08,46.65,18.57,42.88,0.98,40.79,13.31,40.0,0.0,0.0,0.0,0.0,2.56,48.84,16.5,76.92,1.18,35.66,28.95,16.66,0.0,58.56,262.0
266,2,132,1073,0.37,43.58,17.57,41.6,14.95,44.08,45.71,3.27,0.28,38.0,6.55,66.66,93.07,43.61,17.65,44.32,0.74,36.25,23.49,62.5,0.28,53.66,2.08,0.0,1.3,50.71,11.67,42.85,1.02,40.36,23.55,27.27,0.0,42.0,532.0
267,2,138,1029,0.38,39.47,17.44,40.46,15.82,41.1,43.33,2.92,0.19,32.5,13.43,50.0,90.24,39.16,17.41,40.1,0.29,38.33,12.01,100.0,0.48,40.4,12.6,0.0,4.58,40.46,19.6,57.44,1.26,51.76,15.4,38.46,0.0,35.92,471.0
268,2,140,1076,1.39,41.33,17.13,39.85,17.27,41.82,42.5,3.77,0.18,38.5,14.84,100.0,88.78,41.36,17.04,41.82,0.94,30.8,18.35,70.0,0.56,49.5,14.7,0.0,3.58,41.97,21.11,39.47,2.16,44.95,16.61,39.13,0.0,35.56,574.0
269,2,141,970,0.72,41.43,18.81,45.83,12.75,41.13,83.33,0.62,0.1,85.0,0.0,100.0,88.26,41.48,19.16,36.58,0.31,27.33,9.45,33.33,0.1,44.0,0.0,0.0,9.24,39.33,14.74,80.89,1.34,50.3,22.2,46.15,0.0,27.01,491.0
270,2,142,896,2.56,41.62,19.14,41.64,20.47,43.63,40.0,2.86,4.58,46.2,19.63,50.0,80.75,41.28,19.09,40.14,0.34,48.0,24.06,100.0,0.34,49.66,21.77,33.33,8.01,36.18,17.6,72.85,3.09,46.7,17.11,40.74,0.0,31.02,397.0
271,2,143,570,1.4,39.27,18.05,42.07,19.04,43.85,35.71,2.49,0.0,0.0,0.0,0.0,88.61,39.22,18.2,43.77,0.88,26.2,3.96,40.0,0.88,42.6,11.12,20.0,5.33,39.96,17.08,56.66,1.77,38.7,20.01,30.0,0.0,31.89,301.0
272,2,144,309,12.62,41.51,20.37,37.0,18.03,46.6,45.2,81.11,2.22,45.16,23.65,66.66,5.92,46.0,21.12,62.5,0.0,0.0,0.0,0.0,1.11,37.0,32.14,33.33,5.55,53.73,23.0,26.66,4.07,44.9,20.51,63.63,0.0,33.4,166.0
273,2,145,713,0.28,40.96,17.79,41.15,14.54,42.91,60.0,2.81,0.0,0.0,0.0,0.0,86.21,41.17,18.09,38.33,0.42,55.33,20.23,66.66,0.14,48.0,0.0,100.0,9.42,38.56,16.37,80.59,0.98,38.42,12.81,14.28,0.0,34.64,315.0
274,2,146,1082,0.55,40.35,16.22,35.63,12.92,39.18,27.67,10.4,0.18,31.5,6.36,50.0,83.45,40.96,16.61,39.3,1.02,37.18,15.54,45.45,0.46,41.0,29.18,60.0,3.62,38.23,14.4,61.53,0.74,46.87,3.35,25.0,0.0,34.58,492.0
275,2,147,1134,0.79,41.84,16.97,34.37,18.55,41.44,33.33,2.4,0.08,45.0,0.0,0.0,90.48,42.0,16.91,39.29,0.8,34.66,14.28,100.0,0.08,52.0,0.0,0.0,4.8,43.14,17.56,77.77,1.33,44.46,19.19,13.33,0.0,41.81,597.0
276,2,150,1020,0.39,40.92,16.7,39.79,17.12,34.6,20.68,2.85,0.19,56.5,19.09,0.0,90.05,40.5,16.45,33.98,0.49,46.0,12.7,40.0,0.39,43.25,13.27,50.0,3.93,45.45,16.53,67.5,2.06,49.42,21.92,14.28,0.0,41.14,489.0
277,2,151,1188,0.58,37.57,15.19,40.67,17.29,36.44,25.45,4.65,0.42,36.4,23.04,80.0,91.27,37.29,14.98,36.73,0.42,34.0,20.84,0.0,0.25,27.33,2.51,33.33,1.6,42.26,17.46,68.42,1.35,43.56,15.35,25.0,0.0,46.84,419.0
278,2,153,1101,0.27,35.96,14.73,33.04,14.61,35.6,39.18,6.73,0.27,38.0,26.0,100.0,87.79,36.09,14.73,35.37,0.63,33.57,7.41,57.14,1.0,39.0,10.26,9.09,2.45,41.44,12.44,29.62,1.09,31.5,21.91,33.33,0.0,51.39,464.0
279,2,161,970,0.82,41.93,18.39,42.17,17.46,41.54,40.62,23.28,0.2,55.0,11.31,50.0,68.5,41.62,18.65,40.81,0.72,44.57,13.63,57.14,0.62,48.0,26.28,16.66,4.57,36.84,18.37,59.09,2.07,51.3,15.28,40.0,0.0,29.55,525.0
280,2,162,929,1.18,43.21,19.47,44.5,23.89,43.59,30.0,1.08,0.0,0.0,0.0,0.0,90.74,43.13,19.21,42.73,0.54,30.8,19.2,80.0,0.1,24.0,0.0,100.0,5.55,42.78,17.15,64.7,1.96,49.88,28.45,22.22,0.0,30.41,553.0
281,2,163,355,4.22,42.08,18.48,39.32,17.69,43.66,38.66,44.11,0.58,73.0,4.24,50.0,46.47,42.94,18.27,49.36,0.58,35.0,9.89,100.0,0.29,75.0,0.0,0.0,5.0,40.76,18.51,35.29,2.94,48.3,26.49,30.0,0.0,32.5,191.0
282,2,164,932,2.36,42.43,18.91,52.33,17.02,42.38,46.66,1.64,0.21,66.5,10.6,50.0,91.75,41.63,18.77,42.39,0.32,38.0,38.5,66.66,0.21,22.5,3.53,0.0,3.84,41.91,15.84,40.0,1.97,55.0,19.7,38.88,0.0,34.59,491.0
283,2,167,814,0.24,44.17,18.21,48.0,33.26,41.27,50.0,0.49,0.24,51.5,30.4,0.0,93.22,43.96,17.91,41.61,0.24,53.5,9.19,0.0,0.24,63.0,21.21,50.0,3.69,40.46,16.06,50.0,1.84,53.8,27.47,6.66,0.0,33.0,474.0
284,2,169,856,0.93,40.51,18.5,38.39,17.53,42.4,38.82,22.16,0.35,62.33,5.5,66.66,69.57,40.82,18.67,43.38,0.47,43.25,33.87,75.0,0.35,46.0,16.46,66.66,5.77,38.42,16.76,38.77,1.29,49.0,17.93,45.45,0.0,28.96,439.0
285,2,172,993,0.3,43.68,19.37,36.04,19.84,42.59,34.78,2.32,0.0,0.0,0.0,0.0,92.22,43.75,19.25,43.59,0.4,53.0,23.84,75.0,0.1,27.0,0.0,0.0,2.62,38.69,18.17,50.0,2.32,55.13,18.99,4.34,0.0,32.17,543.0
286,2,174,312,0.32,40.77,18.82,0.0,0.0,40.7,0.0,0.0,0.0,0.0,0.0,0.0,93.56,40.73,18.44,42.26,0.0,0.0,0.0,0.0,0.32,0.0,0.0,0.0,2.89,41.55,16.2,44.44,3.21,43.7,28.57,0.0,0.0,30.66,172.0
287,2,175,596,0.16,41.14,17.37,33.14,9.2,43.95,57.14,1.17,0.16,72.0,0.0,100.0,85.71,40.71,17.33,39.8,0.16,47.0,0.0,0.0,0.67,44.5,30.94,0.0,11.26,42.55,16.11,79.1,0.84,60.8,19.05,0.0,0.0,33.63,276.0
288,2,178,1015,0.39,40.41,18.56,31.33,27.15,44.43,0.0,0.29,0.0,0.0,0.0,0.0,93.37,40.08,18.67,43.96,0.19,36.0,1.41,50.0,0.19,69.0,1.41,0.0,4.35,42.36,15.96,63.63,1.58,52.93,12.94,25.0,0.0,30.66,526.0
289,2,179,564,0.35,41.97,19.42,49.66,13.2,43.26,100.0,0.53,0.0,0.0,0.0,0.0,92.7,42.37,19.63,42.41,0.35,27.0,0.0,100.0,0.0,0.0,0.0,0.0,5.69,35.31,15.87,50.0,0.71,47.75,22.67,0.0,0.0,35.98,348.0
290,2,182,722,0.69,42.93,17.99,40.37,13.04,41.55,44.44,3.76,0.27,51.5,6.36,0.0,89.81,42.58,18.24,41.61,0.69,60.4,14.75,60.0,0.27,58.0,8.48,0.0,3.62,44.96,14.95,50.0,1.53,43.45,17.86,18.18,0.0,50.37,356.0
291,2,184,766,0.52,40.83,18.38,50.88,27.02,42.95,33.33,1.18,0.0,0.0,0.0,0.0,92.12,40.66,18.21,42.59,0.78,41.83,24.18,83.33,0.26,35.5,12.02,0.0,4.46,38.67,19.36,50.0,1.18,44.11,14.52,33.33,0.0,34.36,359.0
292,2,unclear,1297,1.23,43.16,15.1,39.97,16.98,47.49,47.05,2.65,0.0,0.0,0.0,0.0,93.36,43.34,15.2,46.82,0.85,35.45,7.06,81.81,0.15,51.0,14.14,0.0,2.18,35.82,8.0,60.71,0.78,53.6,11.09,70.0,,,
293,2,193,799,1.0,41.3,18.32,47.93,20.41,44.43,41.37,3.66,0.12,43.0,0.0,100.0,87.73,40.59,18.42,44.23,1.26,41.9,19.28,60.0,0.25,55.5,3.53,0.0,5.56,44.29,13.97,47.72,1.39,43.18,21.91,36.36,0.0,39.14,380.0
294,2,194,909,0.22,42.98,19.41,32.57,33.48,43.12,42.85,0.77,0.0,0.0,0.0,0.0,91.84,43.29,19.45,41.77,0.33,44.33,18.71,100.0,0.0,0.0,0.0,0.0,6.06,38.78,16.31,65.45,0.99,49.22,20.32,11.11,0.0,35.89,512.0
295,2,195,1075,0.09,42.65,18.78,34.75,22.17,41.67,37.5,0.74,0.0,0.0,0.0,0.0,90.78,42.71,18.8,39.17,0.37,29.25,4.42,25.0,0.09,55.0,0.0,0.0,7.26,42.55,18.64,76.92,0.74,49.25,19.41,12.5,0.0,25.13,608.0
296,2,196,885,0.0,42.27,18.02,0.0,0.0,41.46,0.0,0.0,0.0,0.0,0.0,0.0,87.68,41.96,18.0,36.59,0.33,31.66,2.51,66.66,0.11,53.0,0.0,0.0,11.18,43.82,18.22,81.81,0.67,59.83,14.16,0.0,0.0,27.33,500.0
297,2,2,1103,0.72,41.46,18.41,43.78,18.09,39.7,35.76,13.78,0.09,48.0,0.0,0.0,73.6,41.04,18.42,34.73,0.36,27.0,5.29,50.0,0.54,41.16,23.37,0.0,10.13,39.61,17.31,80.18,1.46,51.43,21.78,56.25,0.0,0.0,531.0
298,2,3,1090,0.27,39.19,16.9,35.22,12.85,41.0,46.0,4.59,0.27,50.66,5.5,33.33,87.48,39.43,17.03,40.16,0.82,39.0,18.14,44.44,0.18,56.5,2.12,0.0,4.23,35.06,15.55,54.34,2.39,42.76,17.53,38.46,0.0,0.0,417.0
299,2,5,729,0.82,42.88,19.39,36.16,17.71,43.75,50.0,2.48,0.27,32.0,2.82,50.0,89.48,42.94,19.41,42.5,1.1,34.87,18.81,62.5,0.27,56.0,16.97,50.0,3.59,41.15,18.22,69.23,2.76,52.55,19.33,40.0,0.0,0.0,367.0
300,2,6,882,0.11,33.82,14.3,35.35,12.99,43.76,40.0,2.27,0.11,58.0,0.0,0.0,91.03,33.63,14.45,42.39,0.56,33.0,4.12,80.0,0.22,53.5,14.84,0.0,4.88,33.72,12.7,69.76,0.9,41.5,9.16,37.5,0.0,0.0,324.0
301,2,8,0,0.0,0.0,0.0,0.0,0.0,0.0,0.0,0.0,0.0,0.0,0.0,0.0,0.0,0.0,0.0,0.0,0.0,0.0,0.0,0.0,0.0,0.0,0.0,0.0,0.0,0.0,0.0,0.0,0.0,0.0,0.0,0.0,0.0,0.0,0.0
302,2,9,0,0.0,0.0,0.0,0.0,0.0,0.0,0.0,0.0,0.0,0.0,0.0,0.0,0.0,0.0,0.0,0.0,0.0,0.0,0.0,0.0,0.0,0.0,0.0,0.0,0.0,0.0,0.0,0.0,0.0,0.0,0.0,0.0,0.0,0.0,0.0
303,2,10,0,0.0,0.0,0.0,0.0,0.0,0.0,0.0,0.0,0.0,0.0,0.0,0.0,0.0,0.0,0.0,0.0,0.0,0.0,0.0,0.0,0.0,0.0,0.0,0.0,0.0,0.0,0.0,0.0,0.0,0.0,0.0,0.0,0.0,0.0,0.0
304,2,11,1102,0.63,39.41,17.65,35.34,16.05,40.65,46.51,3.92,0.18,45.0,9.89,50.0,88.31,39.66,17.69,39.81,1.82,38.79,12.15,65.0,0.45,39.6,15.75,40.0,3.56,37.15,17.03,56.41,1.73,41.42,22.96,10.52,0.0,0.0,580.0
305,2,12,1172,1.1,40.05,16.85,37.0,14.85,41.97,62.06,2.5,0.08,40.0,0.0,0.0,91.19,39.83,16.75,41.72,1.12,39.3,16.09,53.84,0.69,32.5,16.09,25.0,2.67,42.74,16.86,45.16,1.72,54.1,18.13,20.0,0.0,0.0,542.0
306,2,13,1270,0.55,41.23,17.39,46.57,14.33,41.33,34.78,5.46,0.23,43.66,13.65,33.33,86.85,40.67,17.3,41.84,1.18,33.13,14.08,73.33,0.23,40.66,22.12,0.0,3.95,40.79,20.11,44.0,2.05,52.76,19.09,26.92,0.0,0.0,646.0
307,2,14,1128,0.53,41.8,17.45,41.68,17.7,42.19,31.81,1.96,0.08,32.0,0.0,0.0,90.46,41.49,17.41,42.06,1.78,42.7,16.85,60.0,0.08,47.0,0.0,0.0,3.92,46.38,17.39,47.72,1.69,46.68,20.87,26.31,0.0,0.0,638.0
308,2,15,1339,1.04,37.1,16.59,37.28,11.44,42.79,42.85,3.69,0.22,49.33,41.35,0.0,89.2,36.91,16.64,41.96,1.96,38.23,8.05,69.23,0.52,38.57,11.74,14.28,2.79,37.59,19.11,59.45,1.58,44.14,21.62,33.33,0.0,0.0,513.0
309,2,16,1106,0.72,41.55,16.88,35.36,16.53,42.49,63.15,1.73,0.36,54.25,4.99,50.0,89.89,41.5,16.71,41.43,1.0,38.09,18.86,54.54,0.45,30.0,19.6,40.0,4.73,41.01,18.64,63.46,1.82,49.1,17.23,10.0,0.0,0.0,561.0
310,2,17,1231,0.4,40.66,18.15,42.8,18.27,45.81,48.93,3.83,0.08,63.0,0.0,100.0,87.52,40.46,18.01,43.7,0.48,35.0,7.26,66.66,0.32,39.0,30.57,25.0,6.44,42.37,18.75,69.62,1.3,44.87,16.42,50.0,0.0,0.0,660.0
311,2,18,1322,0.52,36.65,15.42,31.11,14.74,43.41,58.82,1.29,0.15,41.5,6.36,50.0,93.68,36.66,15.43,42.77,1.21,33.87,12.6,62.5,0.22,47.66,11.84,33.33,2.43,37.81,16.23,56.25,0.98,36.38,18.84,23.07,0.0,0.0,560.0
312,2,21,0,0.0,0.0,0.0,0.0,0.0,0.0,0.0,0.0,0.0,0.0,0.0,0.0,0.0,0.0,0.0,0.0,0.0,0.0,0.0,0.0,0.0,0.0,0.0,0.0,0.0,0.0,0.0,0.0,0.0,0.0,0.0,0.0,0.0,0.0,0.0
313,2,22,0,0.0,0.0,0.0,0.0,0.0,0.0,0.0,0.0,0.0,0.0,0.0,0.0,0.0,0.0,0.0,0.0,0.0,0.0,0.0,0.0,0.0,0.0,0.0,0.0,0.0,0.0,0.0,0.0,0.0,0.0,0.0,0.0,0.0,0.0,0.0
314,2,24,913,0.54,47.36,21.21,50.91,16.12,46.11,58.33,1.32,0.0,0.0,0.0,0.0,89.64,46.93,21.5,44.96,1.76,49.18,19.57,43.75,0.33,58.0,5.56,33.33,4.18,51.68,17.93,68.42,2.75,50.76,22.09,44.0,0.0,0.0,369.0
315,2,26,0,0.0,0.0,0.0,0.0,0.0,0.0,0.0,0.0,0.0,0.0,0.0,0.0,0.0,0.0,0.0,0.0,0.0,0.0,0.0,0.0,0.0,0.0,0.0,0.0,0.0,0.0,0.0,0.0,0.0,0.0,0.0,0.0,0.0,0.0,0.0
316,2,27,0,0.0,0.0,0.0,0.0,0.0,0.0,0.0,0.0,0.0,0.0,0.0,0.0,0.0,0.0,0.0,0.0,0.0,0.0,0.0,0.0,0.0,0.0,0.0,0.0,0.0,0.0,0.0,0.0,0.0,0.0,0.0,0.0,0.0,0.0,0.0
317,2,28,0,0.0,0.0,0.0,0.0,0.0,0.0,0.0,0.0,0.0,0.0,0.0,0.0,0.0,0.0,0.0,0.0,0.0,0.0,0.0,0.0,0.0,0.0,0.0,0.0,0.0,0.0,0.0,0.0,0.0,0.0,0.0,0.0,0.0,0.0,0.0
318,2,35,0,0.0,0.0,0.0,0.0,0.0,0.0,0.0,0.0,0.0,0.0,0.0,0.0,0.0,0.0,0.0,0.0,0.0,0.0,0.0,0.0,0.0,0.0,0.0,0.0,0.0,0.0,0.0,0.0,0.0,0.0,0.0,0.0,0.0,0.0,0.0
319,2,37,0,0.0,0.0,0.0,0.0,0.0,0.0,0.0,0.0,0.0,0.0,0.0,0.0,0.0,0.0,0.0,0.0,0.0,0.0,0.0,0.0,0.0,0.0,0.0,0.0,0.0,0.0,0.0,0.0,0.0,0.0,0.0,0.0,0.0,0.0,0.0
320,2,41,0,0.0,0.0,0.0,0.0,0.0,0.0,0.0,0.0,0.0,0.0,0.0,0.0,0.0,0.0,0.0,0.0,0.0,0.0,0.0,0.0,0.0,0.0,0.0,0.0,0.0,0.0,0.0,0.0,0.0,0.0,0.0,0.0,0.0,0.0,0.0
321,2,42,0,0.0,0.0,0.0,0.0,0.0,0.0,0.0,0.0,0.0,0.0,0.0,0.0,0.0,0.0,0.0,0.0,0.0,0.0,0.0,0.0,0.0,0.0,0.0,0.0,0.0,0.0,0.0,0.0,0.0,0.0,0.0,0.0,0.0,0.0,0.0
322,2,43,0,0.0,0.0,0.0,0.0,0.0,0.0,0.0,0.0,0.0,0.0,0.0,0.0,0.0,0.0,0.0,0.0,0.0,0.0,0.0,0.0,0.0,0.0,0.0,0.0,0.0,0.0,0.0,0.0,0.0,0.0,0.0,0.0,0.0,0.0,0.0
323,2,46,0,0.0,0.0,0.0,0.0,0.0,0.0,0.0,0.0,0.0,0.0,0.0,0.0,0.0,0.0,0.0,0.0,0.0,0.0,0.0,0.0,0.0,0.0,0.0,0.0,0.0,0.0,0.0,0.0,0.0,0.0,0.0,0.0,0.0,0.0,0.0
324,2,50,978,0.2,44.38,19.3,40.76,18.93,43.55,52.94,1.74,0.1,57.0,0.0,0.0,92.21,44.43,19.36,43.44,1.84,45.44,20.67,55.55,0.1,75.0,0.0,0.0,2.35,42.21,15.83,34.78,1.63,45.31,20.65,43.75,0.0,0.0,310.0
325,2,51,0,0.0,0.0,0.0,0.0,0.0,0.0,0.0,0.0,0.0,0.0,0.0,0.0,0.0,0.0,0.0,0.0,0.0,0.0,0.0,0.0,0.0,0.0,0.0,0.0,0.0,0.0,0.0,0.0,0.0,0.0,0.0,0.0,0.0,0.0,0.0
326,2,52,0,0.0,0.0,0.0,0.0,0.0,0.0,0.0,0.0,0.0,0.0,0.0,0.0,0.0,0.0,0.0,0.0,0.0,0.0,0.0,0.0,0.0,0.0,0.0,0.0,0.0,0.0,0.0,0.0,0.0,0.0,0.0,0.0,0.0,0.0,0.0
327,2,53,0,0.0,0.0,0.0,0.0,0.0,0.0,0.0,0.0,0.0,0.0,0.0,0.0,0.0,0.0,0.0,0.0,0.0,0.0,0.0,0.0,0.0,0.0,0.0,0.0,0.0,0.0,0.0,0.0,0.0,0.0,0.0,0.0,0.0,0.0,0.0
328,2,54,0,0.0,0.0,0.0,0.0,0.0,0.0,0.0,0.0,0.0,0.0,0.0,0.0,0.0,0.0,0.0,0.0,0.0,0.0,0.0,0.0,0.0,0.0,0.0,0.0,0.0,0.0,0.0,0.0,0.0,0.0,0.0,0.0,0.0,0.0,0.0
329,2,55,1334,0.59,42.19,19.31,40.97,14.58,44.07,39.47,2.86,0.15,35.5,3.53,50.0,90.57,42.14,19.46,42.88,1.05,38.28,17.11,71.42,0.45,52.33,27.71,66.66,3.16,40.95,19.24,69.04,1.73,46.34,14.76,39.13,0.0,0.0,438.0
330,2,58,0,0.0,0.0,0.0,0.0,0.0,0.0,0.0,0.0,0.0,0.0,0.0,0.0,0.0,0.0,0.0,0.0,0.0,0.0,0.0,0.0,0.0,0.0,0.0,0.0,0.0,0.0,0.0,0.0,0.0,0.0,0.0,0.0,0.0,0.0,0.0
331,2,61,1298,0.84,39.62,17.62,37.81,20.6,41.52,32.43,2.87,0.07,40.0,0.0,0.0,89.74,39.77,17.5,41.38,1.08,38.5,16.52,78.57,0.38,50.8,9.75,20.0,3.18,35.41,19.32,43.9,2.64,38.32,17.82,32.35,0.0,0.0,574.0
332,2,65,0,0.0,0.0,0.0,0.0,0.0,0.0,0.0,0.0,0.0,0.0,0.0,0.0,0.0,0.0,0.0,0.0,0.0,0.0,0.0,0.0,0.0,0.0,0.0,0.0,0.0,0.0,0.0,0.0,0.0,0.0,0.0,0.0,0.0,0.0,0.0
333,2,76,0,0.0,0.0,0.0,0.0,0.0,0.0,0.0,0.0,0.0,0.0,0.0,0.0,0.0,0.0,0.0,0.0,0.0,0.0,0.0,0.0,0.0,0.0,0.0,0.0,0.0,0.0,0.0,0.0,0.0,0.0,0.0,0.0,0.0,0.0,0.0
334,2,80,0,0.0,0.0,0.0,0.0,0.0,0.0,0.0,0.0,0.0,0.0,0.0,0.0,0.0,0.0,0.0,0.0,0.0,0.0,0.0,0.0,0.0,0.0,0.0,0.0,0.0,0.0,0.0,0.0,0.0,0.0,0.0,0.0,0.0,0.0,0.0
335,2,81,0,0.0,0.0,0.0,0.0,0.0,0.0,0.0,0.0,0.0,0.0,0.0,0.0,0.0,0.0,0.0,0.0,0.0,0.0,0.0,0.0,0.0,0.0,0.0,0.0,0.0,0.0,0.0,0.0,0.0,0.0,0.0,0.0,0.0,0.0,0.0
336,2,82,0,0.0,0.0,0.0,0.0,0.0,0.0,0.0,0.0,0.0,0.0,0.0,0.0,0.0,0.0,0.0,0.0,0.0,0.0,0.0,0.0,0.0,0.0,0.0,0.0,0.0,0.0,0.0,0.0,0.0,0.0,0.0,0.0,0.0,0.0,0.0
337,2,83,0,0.0,0.0,0.0,0.0,0.0,0.0,0.0,0.0,0.0,0.0,0.0,0.0,0.0,0.0,0.0,0.0,0.0,0.0,0.0,0.0,0.0,0.0,0.0,0.0,0.0,0.0,0.0,0.0,0.0,0.0,0.0,0.0,0.0,0.0,0.0
338,2,85,0,0.0,0.0,0.0,0.0,0.0,0.0,0.0,0.0,0.0,0.0,0.0,0.0,0.0,0.0,0.0,0.0,0.0,0.0,0.0,0.0,0.0,0.0,0.0,0.0,0.0,0.0,0.0,0.0,0.0,0.0,0.0,0.0,0.0,0.0,0.0
339,2,86,0,0.0,0.0,0.0,0.0,0.0,0.0,0.0,0.0,0.0,0.0,0.0,0.0,0.0,0.0,0.0,0.0,0.0,0.0,0.0,0.0,0.0,0.0,0.0,0.0,0.0,0.0,0.0,0.0,0.0,0.0,0.0,0.0,0.0,0.0,0.0
340,2,88,885,0.22,45.13,20.96,35.38,20.86,45.31,46.15,1.47,0.11,22.0,0.0,100.0,93.99,45.13,21.06,45.54,0.79,50.71,11.87,57.14,0.11,37.0,0.0,0.0,2.37,46.23,17.4,38.09,1.13,53.1,24.04,40.0,0.0,0.0,391.0
341,2,89,949,0.31,46.41,21.05,43.79,17.99,44.99,45.83,2.53,0.0,0.0,0.0,0.0,92.6,46.5,21.07,44.97,1.9,40.44,13.6,44.44,0.0,0.0,0.0,0.0,1.58,57.2,24.32,46.66,1.37,40.23,28.03,46.15,0.0,0.0,429.0
342,2,90,0,0.0,0.0,0.0,0.0,0.0,0.0,0.0,0.0,0.0,0.0,0.0,0.0,0.0,0.0,0.0,0.0,0.0,0.0,0.0,0.0,0.0,0.0,0.0,0.0,0.0,0.0,0.0,0.0,0.0,0.0,0.0,0.0,0.0,0.0,0.0
343,2,92,1230,0.73,46.72,20.87,46.55,21.18,42.76,48.14,2.21,0.16,67.0,1.41,100.0,91.07,46.52,20.81,41.54,2.04,45.88,17.78,68.0,0.0,0.0,0.0,0.0,2.94,49.19,22.86,58.33,1.55,55.57,24.41,36.84,0.0,0.0,610.0
344,2,93,0,0.0,0.0,0.0,0.0,0.0,0.0,0.0,0.0,0.0,0.0,0.0,0.0,0.0,0.0,0.0,0.0,0.0,0.0,0.0,0.0,0.0,0.0,0.0,0.0,0.0,0.0,0.0,0.0,0.0,0.0,0.0,0.0,0.0,0.0,0.0
345,2,94,0,0.0,0.0,0.0,0.0,0.0,0.0,0.0,0.0,0.0,0.0,0.0,0.0,0.0,0.0,0.0,0.0,0.0,0.0,0.0,0.0,0.0,0.0,0.0,0.0,0.0,0.0,0.0,0.0,0.0,0.0,0.0,0.0,0.0,0.0,0.0
346,2,95,0,0.0,0.0,0.0,0.0,0.0,0.0,0.0,0.0,0.0,0.0,0.0,0.0,0.0,0.0,0.0,0.0,0.0,0.0,0.0,0.0,0.0,0.0,0.0,0.0,0.0,0.0,0.0,0.0,0.0,0.0,0.0,0.0,0.0,0.0,0.0
347,2,101,0,0.0,0.0,0.0,0.0,0.0,0.0,0.0,0.0,0.0,0.0,0.0,0.0,0.0,0.0,0.0,0.0,0.0,0.0,0.0,0.0,0.0,0.0,0.0,0.0,0.0,0.0,0.0,0.0,0.0,0.0,0.0,0.0,0.0,0.0,0.0
348,2,102,0,0.0,0.0,0.0,0.0,0.0,0.0,0.0,0.0,0.0,0.0,0.0,0.0,0.0,0.0,0.0,0.0,0.0,0.0,0.0,0.0,0.0,0.0,0.0,0.0,0.0,0.0,0.0,0.0,0.0,0.0,0.0,0.0,0.0,0.0,0.0
349,2,105,0,0.0,0.0,0.0,0.0,0.0,0.0,0.0,0.0,0.0,0.0,0.0,0.0,0.0,0.0,0.0,0.0,0.0,0.0,0.0,0.0,0.0,0.0,0.0,0.0,0.0,0.0,0.0,0.0,0.0,0.0,0.0,0.0,0.0,0.0,0.0
350,2,106,0,0.0,0.0,0.0,0.0,0.0,0.0,0.0,0.0,0.0,0.0,0.0,0.0,0.0,0.0,0.0,0.0,0.0,0.0,0.0,0.0,0.0,0.0,0.0,0.0,0.0,0.0,0.0,0.0,0.0,0.0,0.0,0.0,0.0,0.0,0.0
351,2,107,0,0.0,0.0,0.0,0.0,0.0,0.0,0.0,0.0,0.0,0.0,0.0,0.0,0.0,0.0,0.0,0.0,0.0,0.0,0.0,0.0,0.0,0.0,0.0,0.0,0.0,0.0,0.0,0.0,0.0,0.0,0.0,0.0,0.0,0.0,0.0
352,2,112,0,0.0,0.0,0.0,0.0,0.0,0.0,0.0,0.0,0.0,0.0,0.0,0.0,0.0,0.0,0.0,0.0,0.0,0.0,0.0,0.0,0.0,0.0,0.0,0.0,0.0,0.0,0.0,0.0,0.0,0.0,0.0,0.0,0.0,0.0,0.0
353,2,115,0,0.0,0.0,0.0,0.0,0.0,0.0,0.0,0.0,0.0,0.0,0.0,0.0,0.0,0.0,0.0,0.0,0.0,0.0,0.0,0.0,0.0,0.0,0.0,0.0,0.0,0.0,0.0,0.0,0.0,0.0,0.0,0.0,0.0,0.0,0.0
354,2,116,0,0.0,0.0,0.0,0.0,0.0,0.0,0.0,0.0,0.0,0.0,0.0,0.0,0.0,0.0,0.0,0.0,0.0,0.0,0.0,0.0,0.0,0.0,0.0,0.0,0.0,0.0,0.0,0.0,0.0,0.0,0.0,0.0,0.0,0.0,0.0
355,2,120,0,0.0,0.0,0.0,0.0,0.0,0.0,0.0,0.0,0.0,0.0,0.0,0.0,0.0,0.0,0.0,0.0,0.0,0.0,0.0,0.0,0.0,0.0,0.0,0.0,0.0,0.0,0.0,0.0,0.0,0.0,0.0,0.0,0.0,0.0,0.0
356,2,121,922,1.51,38.94,18.26,36.43,20.11,40.02,41.17,5.61,0.66,41.16,22.54,33.33,87.11,38.66,17.75,40.45,1.54,37.42,20.73,50.0,0.99,54.66,8.47,33.33,1.87,44.76,22.9,29.41,2.2,43.35,23.97,30.0,0.0,0.0,519.0
357,2,122,881,0.22,37.16,17.63,36.73,15.46,38.47,43.8,13.76,0.11,27.0,0.0,100.0,82.25,36.98,18.17,37.48,0.22,41.0,9.89,0.0,0.91,46.25,16.43,37.5,1.36,35.16,8.22,50.0,1.36,45.58,9.11,41.66,0.0,0.0,415.0
358,2,123,0,0.0,0.0,0.0,0.0,0.0,0.0,0.0,0.0,0.0,0.0,0.0,0.0,0.0,0.0,0.0,0.0,0.0,0.0,0.0,0.0,0.0,0.0,0.0,0.0,0.0,0.0,0.0,0.0,0.0,0.0,0.0,0.0,0.0,0.0,0.0
359,2,125,0,0.0,0.0,0.0,0.0,0.0,0.0,0.0,0.0,0.0,0.0,0.0,0.0,0.0,0.0,0.0,0.0,0.0,0.0,0.0,0.0,0.0,0.0,0.0,0.0,0.0,0.0,0.0,0.0,0.0,0.0,0.0,0.0,0.0,0.0,0.0
360,2,131,472,0.21,44.28,19.61,55.87,11.4,47.45,37.5,1.69,0.42,69.0,14.14,50.0,89.38,43.92,19.23,47.5,1.06,41.2,18.3,40.0,0.0,0.0,0.0,0.0,5.73,49.0,23.0,55.55,1.69,32.12,28.07,25.0,0.0,0.0,217.0
361,2,133,1033,0.29,39.95,18.08,37.04,12.28,42.78,52.17,2.23,0.09,44.0,0.0,0.0,92.62,39.89,18.05,41.5,1.45,35.2,19.09,66.66,0.29,21.0,18.73,33.33,2.33,47.54,21.68,70.83,0.97,43.0,16.47,40.0,0.0,0.0,337.0
362,2,134,0,0.0,0.0,0.0,0.0,0.0,0.0,0.0,0.0,0.0,0.0,0.0,0.0,0.0,0.0,0.0,0.0,0.0,0.0,0.0,0.0,0.0,0.0,0.0,0.0,0.0,0.0,0.0,0.0,0.0,0.0,0.0,0.0,0.0,0.0,0.0
363,2,135,0,0.0,0.0,0.0,0.0,0.0,0.0,0.0,0.0,0.0,0.0,0.0,0.0,0.0,0.0,0.0,0.0,0.0,0.0,0.0,0.0,0.0,0.0,0.0,0.0,0.0,0.0,0.0,0.0,0.0,0.0,0.0,0.0,0.0,0.0,0.0
364,2,136,0,0.0,0.0,0.0,0.0,0.0,0.0,0.0,0.0,0.0,0.0,0.0,0.0,0.0,0.0,0.0,0.0,0.0,0.0,0.0,0.0,0.0,0.0,0.0,0.0,0.0,0.0,0.0,0.0,0.0,0.0,0.0,0.0,0.0,0.0,0.0
365,2,137,1023,0.09,41.24,18.36,35.0,20.67,45.25,54.54,1.07,0.09,27.0,0.0,0.0,92.85,41.19,18.5,44.46,0.48,39.6,14.99,40.0,0.48,29.4,20.85,0.0,3.81,42.35,14.12,71.79,1.17,53.66,15.31,33.33,0.0,0.0,504.0
366,2,139,0,0.0,0.0,0.0,0.0,0.0,0.0,0.0,0.0,0.0,0.0,0.0,0.0,0.0,0.0,0.0,0.0,0.0,0.0,0.0,0.0,0.0,0.0,0.0,0.0,0.0,0.0,0.0,0.0,0.0,0.0,0.0,0.0,0.0,0.0,0.0
367,2,148,1006,0.29,41.09,16.77,39.82,7.22,42.04,34.78,2.29,0.0,0.0,0.0,0.0,89.63,40.92,16.98,40.04,0.99,43.3,13.23,80.0,0.29,41.0,7.0,0.0,4.88,42.93,14.63,79.59,1.89,43.84,23.47,36.84,0.0,0.0,499.0
368,2,152,0,0.0,0.0,0.0,0.0,0.0,0.0,0.0,0.0,0.0,0.0,0.0,0.0,0.0,0.0,0.0,0.0,0.0,0.0,0.0,0.0,0.0,0.0,0.0,0.0,0.0,0.0,0.0,0.0,0.0,0.0,0.0,0.0,0.0,0.0,0.0
369,2,154,0,0.0,0.0,0.0,0.0,0.0,0.0,0.0,0.0,0.0,0.0,0.0,0.0,0.0,0.0,0.0,0.0,0.0,0.0,0.0,0.0,0.0,0.0,0.0,0.0,0.0,0.0,0.0,0.0,0.0,0.0,0.0,0.0,0.0,0.0,0.0
370,2,156,888,1.01,45.18,20.25,38.31,20.21,42.68,34.14,4.66,0.0,0.0,0.0,0.0,85.89,45.42,19.88,41.05,0.56,56.0,7.87,60.0,0.91,57.75,18.88,37.5,7.39,42.35,22.46,67.69,0.56,63.0,13.07,60.0,0.0,0.0,525.0
371,2,157,845,1.53,46.86,20.36,50.58,19.96,44.73,41.57,10.69,0.12,73.0,0.0,0.0,82.45,46.42,20.51,44.31,0.48,44.75,23.82,25.0,0.12,58.0,0.0,0.0,5.28,43.27,15.58,61.36,0.84,50.85,23.94,57.14,0.0,0.0,491.0
372,2,158,0,0.0,0.0,0.0,0.0,0.0,0.0,0.0,0.0,0.0,0.0,0.0,0.0,0.0,0.0,0.0,0.0,0.0,0.0,0.0,0.0,0.0,0.0,0.0,0.0,0.0,0.0,0.0,0.0,0.0,0.0,0.0,0.0,0.0,0.0,0.0
373,2,159,746,0.67,41.68,18.08,42.0,15.74,42.49,48.48,8.9,0.13,78.0,0.0,100.0,83.53,41.27,18.15,41.84,0.8,41.16,10.57,33.33,1.07,44.12,23.18,37.5,4.58,42.7,17.43,50.0,0.94,59.28,27.87,14.28,0.0,0.0,432.0
374,2,160,0,0.0,0.0,0.0,0.0,0.0,0.0,0.0,0.0,0.0,0.0,0.0,0.0,0.0,0.0,0.0,0.0,0.0,0.0,0.0,0.0,0.0,0.0,0.0,0.0,0.0,0.0,0.0,0.0,0.0,0.0,0.0,0.0,0.0,0.0,0.0
375,2,165,0,0.0,0.0,0.0,0.0,0.0,0.0,0.0,0.0,0.0,0.0,0.0,0.0,0.0,0.0,0.0,0.0,0.0,0.0,0.0,0.0,0.0,0.0,0.0,0.0,0.0,0.0,0.0,0.0,0.0,0.0,0.0,0.0,0.0,0.0,0.0
376,2,166,0,0.0,0.0,0.0,0.0,0.0,0.0,0.0,0.0,0.0,0.0,0.0,0.0,0.0,0.0,0.0,0.0,0.0,0.0,0.0,0.0,0.0,0.0,0.0,0.0,0.0,0.0,0.0,0.0,0.0,0.0,0.0,0.0,0.0,0.0,0.0
377,2,168,0,0.0,0.0,0.0,0.0,0.0,0.0,0.0,0.0,0.0,0.0,0.0,0.0,0.0,0.0,0.0,0.0,0.0,0.0,0.0,0.0,0.0,0.0,0.0,0.0,0.0,0.0,0.0,0.0,0.0,0.0,0.0,0.0,0.0,0.0,0.0
378,2,170,0,0.0,0.0,0.0,0.0,0.0,0.0,0.0,0.0,0.0,0.0,0.0,0.0,0.0,0.0,0.0,0.0,0.0,0.0,0.0,0.0,0.0,0.0,0.0,0.0,0.0,0.0,0.0,0.0,0.0,0.0,0.0,0.0,0.0,0.0,0.0
379,2,171,0,0.0,0.0,0.0,0.0,0.0,0.0,0.0,0.0,0.0,0.0,0.0,0.0,0.0,0.0,0.0,0.0,0.0,0.0,0.0,0.0,0.0,0.0,0.0,0.0,0.0,0.0,0.0,0.0,0.0,0.0,0.0,0.0,0.0,0.0,0.0
380,2,173,0,0.0,0.0,0.0,0.0,0.0,0.0,0.0,0.0,0.0,0.0,0.0,0.0,0.0,0.0,0.0,0.0,0.0,0.0,0.0,0.0,0.0,0.0,0.0,0.0,0.0,0.0,0.0,0.0,0.0,0.0,0.0,0.0,0.0,0.0,0.0
381,2,176,0,0.0,0.0,0.0,0.0,0.0,0.0,0.0,0.0,0.0,0.0,0.0,0.0,0.0,0.0,0.0,0.0,0.0,0.0,0.0,0.0,0.0,0.0,0.0,0.0,0.0,0.0,0.0,0.0,0.0,0.0,0.0,0.0,0.0,0.0,0.0
382,2,177,0,0.0,0.0,0.0,0.0,0.0,0.0,0.0,0.0,0.0,0.0,0.0,0.0,0.0,0.0,0.0,0.0,0.0,0.0,0.0,0.0,0.0,0.0,0.0,0.0,0.0,0.0,0.0,0.0,0.0,0.0,0.0,0.0,0.0,0.0,0.0
383,2,180,0,0.0,0.0,0.0,0.0,0.0,0.0,0.0,0.0,0.0,0.0,0.0,0.0,0.0,0.0,0.0,0.0,0.0,0.0,0.0,0.0,0.0,0.0,0.0,0.0,0.0,0.0,0.0,0.0,0.0,0.0,0.0,0.0,0.0,0.0,0.0
384,2,181,0,0.0,0.0,0.0,0.0,0.0,0.0,0.0,0.0,0.0,0.0,0.0,0.0,0.0,0.0,0.0,0.0,0.0,0.0,0.0,0.0,0.0,0.0,0.0,0.0,0.0,0.0,0.0,0.0,0.0,0.0,0.0,0.0,0.0,0.0,0.0
385,2,183,0,0.0,0.0,0.0,0.0,0.0,0.0,0.0,0.0,0.0,0.0,0.0,0.0,0.0,0.0,0.0,0.0,0.0,0.0,0.0,0.0,0.0,0.0,0.0,0.0,0.0,0.0,0.0,0.0,0.0,0.0,0.0,0.0,0.0,0.0,0.0
386,2,185,948,0.52,41.28,18.19,38.58,17.28,41.66,41.17,1.8,0.21,35.0,11.31,50.0,89.81,41.71,18.09,38.84,1.27,31.91,23.22,83.33,0.0,0.0,0.0,0.0,5.93,33.55,14.52,76.78,0.95,62.22,24.68,33.33,0.0,0.0,540.0
387,2,186,0,0.0,0.0,0.0,0.0,0.0,0.0,0.0,0.0,0.0,0.0,0.0,0.0,0.0,0.0,0.0,0.0,0.0,0.0,0.0,0.0,0.0,0.0,0.0,0.0,0.0,0.0,0.0,0.0,0.0,0.0,0.0,0.0,0.0,0.0,0.0
388,2,187,779,0.0,45.07,21.85,45.66,26.23,41.07,33.33,0.77,0.0,0.0,0.0,0.0,93.06,44.77,21.7,41.65,0.77,60.33,36.24,33.33,0.0,0.0,0.0,0.0,4.62,47.77,19.44,36.11,0.77,48.5,32.5,16.66,0.0,0.0,456.0
389,2,188,858,0.58,45.24,17.67,42.62,13.73,41.95,50.0,0.93,0.0,0.0,0.0,0.0,92.61,45.17,17.52,42.27,0.7,47.66,14.81,50.0,0.23,61.0,22.62,50.0,3.86,42.18,18.62,36.36,1.64,56.71,20.29,35.71,0.0,0.0,486.0
390,2,189,1029,0.09,38.99,18.89,38.83,23.48,45.57,45.83,2.33,0.0,0.0,0.0,0.0,91.14,38.98,18.73,45.46,1.07,44.81,20.26,54.54,0.19,37.0,52.32,50.0,3.98,38.9,17.95,51.21,1.26,38.61,18.25,30.76,0.0,0.0,470.0
391,2,190,0,0.0,0.0,0.0,0.0,0.0,0.0,0.0,0.0,0.0,0.0,0.0,0.0,0.0,0.0,0.0,0.0,0.0,0.0,0.0,0.0,0.0,0.0,0.0,0.0,0.0,0.0,0.0,0.0,0.0,0.0,0.0,0.0,0.0,0.0,0.0
392,2,197,0,0.0,0.0,0.0,0.0,0.0,0.0,0.0,0.0,0.0,0.0,0.0,0.0,0.0,0.0,0.0,0.0,0.0,0.0,0.0,0.0,0.0,0.0,0.0,0.0,0.0,0.0,0.0,0.0,0.0,0.0,0.0,0.0,0.0,0.0,0.0
393,3,1,697,1.29,45.88,20.92,36.33,21.59,44.04,83.33,0.87,0.0,0.0,0.0,0.0,94.33,45.55,20.16,43.29,0.29,32.5,6.36,100.0,0.43,71.0,25.63,0.0,3.05,42.47,27.37,57.14,1.01,60.85,33.18,28.57,0.0,57.73,362.0
394,3,5,634,0.31,40.9,18.96,34.87,19.83,42.11,37.5,1.26,0.15,58.0,0.0,0.0,90.03,40.81,18.94,41.47,0.0,0.0,0.0,0.0,0.47,71.66,25.73,66.66,5.37,39.85,16.13,67.64,2.68,44.52,19.01,5.88,0.0,37.1,326.0
395,3,7,712,0.56,43.36,20.81,37.89,23.95,44.52,52.63,2.68,1.69,44.0,26.81,75.0,84.32,43.44,20.49,41.87,0.56,27.5,4.35,0.0,0.42,53.0,17.69,33.33,7.06,41.42,19.55,66.0,3.24,48.91,23.5,56.52,0.0,43.58,354.0
396,3,10,607,0.16,42.49,20.65,14.5,20.5,44.48,50.0,0.33,0.33,0.0,0.0,0.0,85.31,42.78,20.66,38.29,0.16,53.0,0.0,100.0,0.0,0.0,0.0,0.0,13.53,42.15,19.78,84.14,0.33,39.0,21.21,0.0,0.0,60.58,319.0
397,3,12,860,0.46,41.35,19.16,40.6,19.67,42.09,44.0,2.92,0.0,0.0,0.0,0.0,88.78,41.39,19.21,40.92,0.81,34.0,15.88,42.85,0.0,0.0,0.0,0.0,5.95,41.33,19.33,60.78,1.51,45.61,18.28,30.76,0.0,48.25,493.0
398,3,unclear,1308,0.53,43.9,16.58,47.06,16.17,47.09,53.33,1.15,0.0,0.0,0.0,0.0,96.38,43.87,16.6,46.25,0.3,48.5,24.06,75.0,0.07,52.0,0.0,0.0,1.69,38.95,12.22,86.36,0.38,63.8,21.18,40.0,,,
399,3,17,526,0.19,40.55,19.25,47.33,15.14,42.01,66.66,0.57,0.0,0.0,0.0,0.0,94.66,40.63,19.26,41.85,0.38,28.0,1.41,50.0,0.0,0.0,0.0,0.0,2.28,42.58,11.78,75.0,2.09,38.9,25.44,9.09,0.0,39.12,288.0
400,3,22,676,0.59,40.62,20.36,40.21,20.63,42.01,41.66,23.21,1.19,51.25,25.39,37.5,66.51,40.08,20.52,36.91,0.29,45.0,1.41,100.0,0.59,39.75,16.78,100.0,7.73,42.13,17.47,76.92,0.44,68.66,12.09,66.66,0.0,34.68,371.0
401,3,28,330,1.51,39.37,20.28,51.5,4.94,40.9,100.0,0.61,0.0,0.0,0.0,0.0,94.46,39.07,20.31,40.39,0.3,42.0,0.0,0.0,0.0,0.0,0.0,0.0,3.38,50.36,14.04,72.72,1.23,18.0,12.32,0.0,0.0,42.3,182.0
402,3,29,644,0.62,40.4,19.67,33.87,15.17,42.23,46.87,5.0,0.15,0.0,0.0,100.0,87.65,40.96,19.65,41.88,1.09,24.28,26.28,28.57,0.0,0.0,0.0,0.0,3.59,45.86,13.28,56.52,2.5,38.0,25.62,31.25,0.0,40.53,347.0
403,3,unclear,1277,1.48,43.4,16.85,40.82,16.76,43.53,43.22,27.58,0.0,0.0,0.0,0.0,68.28,44.16,16.88,42.84,0.15,37.0,0.0,0.0,0.55,57.85,11.62,28.57,1.9,39.04,14.15,58.33,1.51,54.68,19.09,52.63,,,
404,3,34,821,2.67,42.9,21.6,51.05,24.23,42.02,30.0,5.0,0.12,58.0,0.0,0.0,86.73,41.81,21.21,42.71,1.12,38.0,22.41,55.55,0.37,50.33,27.31,66.66,4.88,45.28,21.27,38.46,1.75,50.64,23.58,21.42,0.0,36.25,458.0
405,3,37,896,0.55,40.87,19.61,41.2,22.83,41.07,70.0,1.12,0.0,0.0,0.0,0.0,90.9,40.45,19.78,40.12,0.89,43.5,19.82,62.5,0.33,54.66,18.03,0.0,4.04,45.97,16.42,61.11,2.69,44.41,18.07,20.83,0.0,39.58,470.0
406,3,39,680,0.0,44.63,19.02,43.66,9.71,42.5,66.66,0.44,0.0,0.0,0.0,0.0,87.5,44.76,19.0,37.14,0.0,0.0,0.0,0.0,0.0,0.0,0.0,0.0,10.88,43.78,17.8,89.18,1.17,42.87,33.27,0.0,0.0,53.45,399.0
407,3,41,467,0.0,37.41,20.55,28.4,17.3,44.32,40.0,1.07,1.07,32.2,25.02,60.0,88.65,37.63,20.54,43.23,1.71,28.87,27.57,62.5,0.21,29.0,0.0,100.0,6.42,40.06,18.5,53.33,0.85,32.5,26.33,25.0,0.0,70.4,118.0
408,3,42,610,0.16,41.77,21.06,45.0,22.78,42.95,23.52,2.79,0.0,0.0,0.0,0.0,92.61,41.82,20.96,42.55,0.82,35.6,21.7,40.0,0.16,34.0,0.0,0.0,3.11,40.15,23.63,78.94,0.49,35.33,31.0,0.0,0.0,40.48,247.0
409,3,43,783,0.0,42.94,20.82,45.07,12.47,46.48,30.76,1.66,0.12,52.0,0.0,100.0,91.44,43.0,21.15,45.39,0.51,55.5,13.52,75.0,0.0,0.0,0.0,0.0,5.36,39.33,15.77,61.9,0.89,46.0,28.95,71.42,0.0,37.75,344.0
410,3,44,911,0.1,44.3,18.93,45.28,12.02,44.34,64.28,1.53,0.0,0.0,0.0,0.0,94.17,44.4,18.97,43.99,0.98,44.22,19.67,44.44,0.0,0.0,0.0,0.0,2.3,38.47,19.45,47.61,0.98,44.11,22.2,44.44,0.0,40.06,430.0
411,3,45,479,0.41,40.18,18.49,33.33,33.3,44.88,66.66,1.25,0.0,0.0,0.0,0.0,92.87,40.26,17.92,43.79,1.25,49.33,14.44,33.33,0.2,72.0,0.0,0.0,3.56,38.52,21.89,70.58,0.83,47.75,25.53,25.0,0.0,36.64,224.0
412,3,48,768,0.65,41.61,19.96,34.25,15.21,42.7,33.33,1.57,0.26,27.5,0.7,50.0,92.52,41.54,19.83,42.35,0.52,34.0,14.32,75.0,0.13,0.0,0.0,0.0,3.93,44.4,19.46,53.33,1.04,44.25,24.05,37.5,0.0,42.64,378.0
413,3,50,1025,0.09,41.53,21.03,20.62,18.76,45.65,50.0,0.78,0.19,32.5,0.7,50.0,90.91,41.71,20.94,43.82,0.39,21.0,17.16,50.0,0.19,75.5,3.53,50.0,7.03,41.68,19.75,69.44,0.48,38.79,36.3,20.0,0.0,34.16,467.0
414,3,51,620,0.16,41.47,18.68,30.83,28.75,44.03,16.66,0.96,0.0,0.0,0.0,0.0,95.47,41.53,18.6,43.99,0.48,53.66,6.8,100.0,0.16,0.0,0.0,0.0,1.93,47.83,16.0,58.33,0.96,31.16,10.62,16.66,0.0,34.73,349.0
415,3,53,590,0.0,43.52,21.08,50.16,15.91,44.06,33.33,1.01,0.0,0.0,0.0,0.0,93.38,43.47,21.09,43.19,1.18,38.57,27.29,42.85,0.0,0.0,0.0,0.0,3.22,44.89,18.91,68.42,1.18,42.71,27.43,57.14,0.0,42.66,299.0
416,3,55,1153,0.0,41.48,18.32,32.87,22.66,42.23,36.36,2.86,0.17,33.5,6.36,50.0,91.93,41.74,18.01,41.22,0.43,36.79,6.83,100.0,0.52,24.0,12.72,33.33,3.2,46.54,17.66,70.27,0.86,38.0,31.55,40.0,0.0,31.73,576.0
417,3,unclear,1140,1.84,43.69,16.69,50.62,11.81,49.64,50.0,0.71,0.0,0.0,0.0,0.0,96.24,43.29,16.72,49.11,0.26,46.33,15.94,66.66,0.35,62.25,16.99,50.0,1.78,40.7,12.12,90.0,0.62,50.57,12.21,28.57,,,
418,3,60,324,1.23,40.05,17.87,26.5,2.64,41.04,50.0,1.25,0.31,57.0,0.0,100.0,88.43,39.79,18.17,38.16,0.31,23.0,0.0,0.0,0.0,0.0,0.0,0.0,8.12,41.26,15.14,61.53,1.56,49.0,19.19,60.0,0.0,40.33,154.0
419,3,62,492,0.0,42.0,21.01,28.0,2.82,46.54,0.0,0.4,0.0,0.0,0.0,0.0,93.69,42.09,21.0,45.98,0.4,42.5,21.92,100.0,0.0,0.0,0.0,0.0,3.65,39.94,24.87,66.66,1.82,44.44,17.16,33.33,0.0,63.92,262.0
420,3,unclear,1135,0.44,43.08,16.21,48.08,15.72,48.45,66.66,1.06,0.0,0.0,0.0,0.0,93.0,43.07,16.27,46.33,0.35,33.5,14.73,50.0,0.61,50.57,15.22,28.57,4.24,39.77,15.0,91.66,0.7,55.5,16.79,50.0,,,
421,3,66,973,0.41,43.24,20.65,33.84,16.78,41.82,35.29,5.26,0.3,50.66,7.37,100.0,89.98,44.04,20.79,41.51,0.51,41.4,17.48,80.0,0.1,24.0,0.0,0.0,2.37,33.86,18.54,60.86,1.44,44.57,19.42,14.28,0.0,35.6,497.0
422,3,67,509,0.39,44.24,18.79,24.66,2.08,42.63,66.66,0.59,0.19,35.0,0.0,0.0,92.5,44.67,19.11,43.28,0.98,33.79,5.63,60.0,0.78,34.0,26.14,0.0,2.95,42.4,13.66,46.66,1.97,42.4,11.66,10.0,0.0,63.48,279.0
423,3,70,825,0.0,41.15,20.68,36.29,17.76,43.63,47.66,12.96,0.36,57.0,31.19,33.33,83.39,42.25,20.87,42.87,0.48,22.25,16.21,100.0,0.24,39.0,12.72,0.0,1.93,33.56,20.38,43.75,0.6,25.0,26.21,40.0,0.0,37.64,454.0
424,3,72,787,0.12,38.12,20.55,63.0,0.0,41.16,0.0,0.12,0.0,0.0,0.0,0.0,92.49,38.05,20.74,40.02,0.38,44.66,10.06,66.66,0.25,36.5,51.61,0.0,4.96,35.92,15.92,69.23,1.78,45.07,20.6,28.57,0.0,38.08,419.0
425,3,73,573,0.34,40.88,18.25,23.0,0.0,46.77,0.0,0.17,0.0,0.0,0.0,0.0,92.99,41.1,18.28,45.57,0.52,30.0,13.0,66.66,0.17,48.0,0.0,0.0,5.25,39.36,19.45,76.66,0.87,35.0,13.3,0.0,0.0,62.15,281.0
426,3,unclear,1176,0.68,41.38,14.86,40.21,11.35,45.23,52.63,1.62,0.0,0.0,0.0,0.0,93.92,41.45,14.99,45.03,0.34,36.5,5.44,100.0,0.17,40.0,1.41,50.0,2.31,39.66,10.46,51.85,1.62,42.89,18.59,21.05,,,
427,3,77,831,0.24,39.89,19.9,35.1,14.25,42.47,46.42,3.37,0.0,0.0,0.0,0.0,87.57,40.08,19.96,38.98,1.08,37.22,22.77,55.55,0.0,0.0,0.0,0.0,7.47,39.75,20.55,82.25,0.48,37.25,31.25,0.0,0.0,39.51,421.0
428,3,79,844,3.43,42.28,21.79,54.6,25.5,42.18,46.66,1.84,0.12,82.0,0.0,100.0,86.25,41.23,21.33,42.81,1.47,47.08,18.55,58.33,0.98,45.0,31.11,37.5,6.99,43.05,24.02,43.85,2.33,36.78,15.76,15.78,0.0,40.93,485.0
429,3,80,605,1.65,40.46,19.86,52.37,19.33,38.67,31.25,2.68,0.67,32.5,25.94,50.0,90.08,39.65,19.14,39.17,0.16,26.0,0.0,100.0,0.33,59.5,3.53,50.0,3.52,44.28,18.16,38.09,2.52,37.53,30.05,20.0,0.0,40.86,355.0
430,3,81,555,0.54,43.31,20.65,40.5,18.13,43.96,40.0,3.62,0.0,0.0,0.0,0.0,91.12,43.51,20.53,44.53,0.18,46.0,0.0,100.0,0.18,66.0,0.0,0.0,3.8,32.57,22.05,33.33,1.08,59.33,21.2,50.0,0.0,62.01,277.0
431,3,83,823,1.09,41.8,18.91,51.77,13.89,39.24,55.55,1.1,0.12,53.0,0.0,0.0,91.76,41.41,18.77,38.82,0.85,48.57,15.54,71.42,0.36,44.33,19.34,33.33,4.29,43.88,20.17,54.28,1.47,40.75,24.2,16.66,0.0,34.88,430.0
432,3,unclear,1152,1.04,42.94,16.59,56.0,19.83,44.87,38.46,1.14,0.0,0.0,0.0,0.0,94.03,42.7,16.56,42.72,0.17,26.5,0.7,100.0,0.43,49.2,14.65,60.0,3.59,42.63,15.64,90.24,0.61,51.85,15.63,85.71,,,
433,3,88,578,0.0,39.26,21.15,34.33,25.12,39.27,16.66,1.03,0.0,0.0,0.0,0.0,79.23,39.96,20.82,29.25,0.17,0.0,0.0,0.0,0.0,0.0,0.0,0.0,19.03,36.91,22.0,82.72,0.51,42.33,28.36,33.33,0.0,36.62,312.0
434,3,89,947,1.16,46.44,20.9,53.62,20.12,46.46,12.5,0.85,0.1,62.0,0.0,0.0,81.83,46.16,20.83,40.73,0.85,51.75,13.15,87.5,0.1,47.0,0.0,0.0,15.17,45.94,20.14,78.87,1.06,49.0,38.56,20.0,0.0,36.95,434.0
435,3,91,874,0.22,42.54,19.51,46.5,17.23,40.38,50.0,0.68,0.0,0.0,0.0,0.0,89.67,42.7,19.77,36.44,0.22,43.0,18.38,50.0,0.11,42.0,0.0,0.0,8.6,39.54,15.52,81.33,0.68,45.0,29.07,16.66,0.0,40.9,498.0
436,3,92,715,0.41,42.49,21.7,36.46,17.39,44.89,30.76,1.82,0.14,55.0,0.0,0.0,78.79,42.23,22.4,34.93,0.14,44.0,0.0,0.0,0.0,0.0,0.0,0.0,18.53,43.19,18.37,90.15,0.56,58.25,29.57,0.0,0.0,41.53,409.0
437,3,96,732,0.95,42.49,18.4,42.77,19.06,41.53,37.03,3.72,0.13,53.0,0.0,100.0,87.03,42.39,18.69,38.66,0.41,16.33,14.22,0.0,0.13,47.0,0.0,100.0,6.89,42.54,15.08,74.0,1.65,44.58,13.0,41.66,0.0,49.86,409.0
438,3,98,670,0.0,42.93,19.9,36.75,32.87,39.55,25.0,0.59,0.0,0.0,0.0,0.0,82.08,42.68,19.95,31.81,0.44,49.66,5.5,66.66,0.0,0.0,0.0,0.0,16.41,43.55,19.32,78.18,0.44,68.0,11.35,33.33,0.0,33.2,378.0
439,3,99,363,0.27,37.71,21.37,40.0,28.28,43.8,0.0,0.55,0.0,0.0,0.0,0.0,83.14,37.56,21.3,39.53,0.0,0.0,0.0,0.0,0.27,0.0,0.0,0.0,15.46,38.91,21.91,71.42,0.55,33.0,9.89,0.0,0.0,33.39,197.0
440,3,100,753,1.06,43.73,21.01,38.87,27.98,39.7,37.5,1.07,0.26,46.5,2.12,50.0,91.27,43.45,20.95,38.82,0.67,31.4,23.16,60.0,0.13,33.0,0.0,0.0,4.69,48.34,21.18,60.0,1.87,50.07,20.46,14.28,0.0,54.36,424.0
441,3,101,881,2.04,43.17,20.51,53.15,18.35,41.54,43.75,3.7,0.11,72.0,0.0,100.0,89.68,41.89,20.13,41.47,0.69,59.0,19.17,16.66,0.11,63.0,0.0,0.0,4.75,46.65,21.15,39.02,0.92,50.12,26.88,62.5,0.0,44.59,476.0
442,3,103,478,1.25,40.39,20.4,54.2,40.81,42.46,80.0,1.05,0.42,65.5,2.12,0.0,92.58,40.1,19.98,42.56,0.63,40.33,25.54,66.66,0.21,44.0,0.0,0.0,2.96,43.64,21.69,42.85,2.11,26.3,21.34,20.0,0.0,38.24,270.0
443,3,105,986,2.33,41.02,19.0,40.51,19.49,41.48,51.51,3.42,0.83,48.0,27.06,37.5,86.91,40.74,18.92,40.02,1.45,36.64,13.48,71.42,0.41,56.75,12.09,25.0,4.98,42.93,22.2,58.33,1.97,40.57,16.88,31.57,0.0,34.09,557.0
444,3,106,823,0.48,46.37,19.22,38.82,20.05,41.43,39.13,2.8,0.24,42.5,10.6,50.0,91.45,46.73,19.02,41.25,0.97,41.62,12.14,50.0,0.36,69.33,5.03,66.66,3.17,41.53,21.97,53.84,0.97,45.87,29.11,25.0,0.0,38.16,463.0
445,3,107,740,0.4,45.58,22.07,34.85,19.51,41.75,57.14,1.89,0.0,0.0,0.0,0.0,92.13,45.75,22.33,41.53,1.35,42.9,12.24,40.0,0.54,32.75,22.2,25.0,3.12,47.78,17.41,47.82,0.94,49.71,27.54,14.28,0.0,42.14,358.0
446,3,108,896,0.22,43.16,20.34,47.25,19.39,40.29,75.0,0.44,0.0,0.0,0.0,0.0,92.61,43.08,20.42,39.25,0.44,46.75,19.72,50.0,0.11,44.0,0.0,0.0,5.36,39.68,16.96,58.33,1.0,63.77,24.09,11.11,0.0,41.7,467.0
447,3,109,956,0.31,43.37,20.58,38.28,17.83,43.2,32.14,2.93,0.1,49.0,0.0,0.0,90.34,43.29,20.56,42.5,0.1,85.0,0.0,100.0,0.1,27.0,0.0,100.0,5.03,43.47,20.26,66.66,1.36,49.3,21.13,15.38,0.0,38.12,574.0
448,3,111,728,0.0,42.85,20.46,37.33,25.79,40.1,46.66,2.06,0.0,0.0,0.0,0.0,89.14,42.83,20.88,39.13,0.68,54.6,3.43,80.0,0.0,0.0,0.0,0.0,7.28,43.11,11.84,50.94,0.82,46.33,28.71,0.0,0.0,38.61,392.0
449,3,112,610,0.32,42.81,19.78,58.5,20.63,41.96,50.0,0.65,0.0,0.0,0.0,0.0,86.84,42.68,19.97,38.25,0.32,55.0,0.0,50.0,0.0,0.0,0.0,0.0,11.67,43.26,16.89,71.83,0.49,25.66,44.45,0.0,0.0,36.78,355.0
450,3,113,870,0.34,44.05,19.36,37.5,14.84,40.8,0.0,0.23,0.11,45.0,0.0,100.0,94.23,43.82,19.43,41.0,0.57,40.4,16.39,40.0,0.34,69.66,21.96,33.33,2.42,44.42,18.52,42.85,2.07,49.88,16.29,22.22,0.0,36.12,514.0
451,3,115,570,0.35,39.65,21.29,42.03,19.05,37.01,29.87,13.55,0.35,24.0,0.0,0.0,78.52,39.85,21.16,39.68,0.7,40.0,9.41,25.0,0.52,47.0,41.38,0.0,3.87,27.63,20.8,31.81,2.46,36.5,31.6,14.28,0.0,38.31,288.0
452,3,116,628,0.31,44.77,20.77,27.0,0.0,41.87,0.0,0.15,0.0,0.0,0.0,0.0,93.13,44.65,20.97,42.02,0.47,42.66,4.04,0.0,0.31,55.0,24.04,0.0,5.27,44.42,18.57,48.48,0.63,53.25,7.8,25.0,0.0,35.12,352.0
453,3,119,878,1.7,43.88,20.5,47.47,20.59,41.0,42.64,7.87,0.0,0.0,0.0,0.0,84.35,43.06,20.45,41.07,0.81,44.71,32.38,57.14,0.81,64.0,7.91,28.57,4.51,45.23,18.38,35.89,1.62,43.57,24.32,21.42,0.0,34.37,410.0
454,3,120,836,1.55,43.88,18.29,44.11,20.53,42.7,36.11,4.37,0.24,35.0,49.49,50.0,87.36,43.52,17.92,42.55,0.85,34.42,11.02,42.85,0.97,64.5,15.59,50.0,4.61,44.18,20.04,55.26,1.57,49.15,18.22,15.38,0.0,34.12,452.0
455,3,122,758,0.39,42.31,18.99,39.34,18.18,43.79,42.02,9.13,0.39,21.66,21.03,66.66,79.47,42.77,18.91,39.66,0.39,38.66,20.2,100.0,0.39,44.66,39.0,66.66,9.4,40.61,18.38,78.87,0.79,46.0,21.12,33.33,0.0,36.51,389.0
456,3,123,679,1.32,41.74,19.98,40.21,25.48,39.61,42.85,2.08,0.0,0.0,0.0,0.0,88.5,41.59,19.95,38.27,0.44,43.0,8.88,66.66,0.14,48.0,0.0,0.0,7.16,40.79,17.43,60.41,1.64,43.27,24.17,27.27,0.0,41.76,329.0
457,3,124,666,1.65,43.65,21.81,38.62,20.83,39.93,43.39,8.09,0.3,35.5,17.67,50.0,81.06,43.64,22.21,35.78,0.61,41.5,5.19,75.0,0.45,71.0,6.55,33.33,8.24,43.53,18.11,74.07,1.22,52.62,21.52,25.0,0.0,39.61,343.0
458,3,125,815,0.24,42.56,19.22,50.09,20.67,42.45,19.04,2.58,0.0,0.0,0.0,0.0,86.34,42.01,18.93,40.31,0.86,44.85,12.61,42.85,0.12,39.0,0.0,0.0,8.85,46.23,20.93,73.61,1.23,31.2,18.68,10.0,0.0,40.16,458.0
459,3,unclear,1191,1.17,42.4,14.59,43.02,10.51,44.41,44.18,3.65,0.0,0.0,0.0,0.0,90.73,42.47,14.91,43.35,0.5,38.5,1.97,50.0,0.25,45.33,14.74,33.33,3.73,38.54,10.8,56.81,1.1,41.92,12.31,69.23,,,
460,3,129,830,0.36,40.79,20.77,30.25,20.88,43.85,75.0,0.48,0.0,0.0,0.0,0.0,93.59,40.48,20.75,42.89,0.48,45.0,21.32,75.0,0.24,72.5,17.67,50.0,3.86,43.25,19.42,68.75,1.33,47.9,22.25,9.09,0.0,38.47,436.0
461,3,130,396,0.25,37.02,20.76,0.0,0.0,47.22,0.0,0.0,0.0,0.0,0.0,0.0,94.93,36.94,20.73,46.93,1.51,27.5,18.21,83.33,0.5,24.0,33.94,0.0,1.51,36.83,20.47,50.0,1.51,52.83,19.36,50.0,0.0,38.31,196.0
462,3,131,654,0.3,40.06,18.64,32.0,45.25,42.96,0.0,0.3,0.0,0.0,0.0,0.0,93.25,40.55,18.63,43.25,1.07,34.14,15.75,28.57,0.15,28.0,0.0,100.0,3.37,30.0,16.61,50.0,1.84,39.33,17.69,25.0,0.0,42.17,310.0
463,3,132,684,0.29,42.5,19.5,43.81,20.17,42.25,48.83,6.3,0.14,85.0,0.0,100.0,87.53,42.55,19.4,40.7,0.14,30.0,0.0,100.0,0.43,48.33,7.23,66.66,4.1,37.21,20.31,67.85,1.31,40.77,20.84,0.0,0.0,51.48,365.0
464,3,134,730,0.0,42.42,20.95,47.65,24.41,45.61,42.3,3.56,0.0,0.0,0.0,0.0,90.68,42.21,20.7,45.16,0.0,0.0,0.0,0.0,0.27,10.0,14.14,0.0,3.83,46.28,20.38,75.0,1.64,39.25,25.45,16.66,0.0,45.03,332.0
465,3,135,803,0.49,44.97,19.77,40.37,12.36,42.21,25.0,1.0,0.0,0.0,0.0,0.0,95.74,45.21,19.73,42.35,0.37,45.0,16.09,100.0,0.25,66.0,8.48,0.0,2.0,33.68,16.97,43.75,0.62,47.0,33.57,20.0,0.0,38.51,426.0
466,3,136,719,0.0,45.01,20.15,46.25,19.7,42.55,25.0,0.55,0.0,0.0,0.0,0.0,95.41,45.09,19.9,42.85,0.13,58.0,0.0,0.0,0.13,75.0,0.0,100.0,2.78,40.65,26.43,35.0,0.97,42.14,26.41,42.85,0.0,38.8,368.0
467,3,137,622,0.16,41.47,19.31,52.0,35.35,44.21,50.0,0.32,0.16,54.0,0.0,0.0,94.68,41.51,19.29,44.55,0.48,33.33,11.84,100.0,0.48,23.0,39.83,0.0,2.57,41.75,8.17,31.25,1.28,40.12,26.27,50.0,0.0,37.67,329.0
468,3,140,288,0.34,42.16,18.15,80.0,0.0,40.27,100.0,0.34,0.69,46.5,4.94,0.0,85.36,41.65,18.67,36.73,1.04,53.66,22.36,33.33,0.0,0.0,0.0,0.0,11.49,42.63,13.33,69.69,1.04,43.0,9.64,0.0,0.0,77.07,118.0
469,3,141,462,0.0,43.15,18.67,56.0,9.89,41.99,100.0,0.43,0.0,0.0,0.0,0.0,83.33,44.19,18.52,35.84,0.43,23.5,4.94,50.0,0.21,0.0,0.0,0.0,14.71,38.73,17.84,75.0,0.86,32.5,28.67,50.0,0.0,43.1,254.0
470,3,142,699,0.14,40.98,21.55,26.5,37.47,39.62,50.0,0.28,0.14,20.0,0.0,0.0,90.4,40.82,21.55,36.6,0.14,39.0,0.0,100.0,0.28,71.5,2.12,50.0,6.87,43.79,16.5,83.33,1.86,36.53,34.28,15.38,0.0,41.06,349.0
471,3,143,540,0.37,44.24,20.73,37.22,17.76,47.22,45.16,5.76,0.0,0.0,0.0,0.0,74.34,44.65,20.59,37.5,1.11,44.0,27.84,50.0,0.37,62.5,10.6,100.0,18.21,44.86,21.46,86.73,0.18,47.0,0.0,100.0,0.0,38.84,290.0
472,3,unclear,1152,1.47,44.88,17.71,57.25,16.99,45.65,75.0,1.05,0.0,0.0,0.0,0.0,92.15,44.82,17.9,43.21,0.44,42.6,14.87,20.0,0.26,51.0,3.6,66.66,5.63,38.82,11.94,76.56,0.44,66.8,27.51,60.0,,,
473,3,146,752,0.0,42.96,21.12,60.6,16.94,44.28,40.0,0.66,0.13,30.0,0.0,100.0,81.38,43.76,21.08,38.88,0.39,32.0,30.19,100.0,0.0,0.0,0.0,0.0,17.02,39.14,20.68,69.53,0.39,27.33,24.68,0.0,0.0,37.54,436.0
474,3,149,894,0.78,42.27,19.83,55.71,17.55,39.26,28.57,0.78,0.11,58.0,0.0,0.0,91.43,42.24,19.63,38.59,0.22,28.5,2.12,50.0,0.33,59.33,22.72,0.0,5.63,40.84,21.92,58.0,1.46,40.76,19.99,23.07,0.0,38.47,483.0
475,3,unclear,1102,0.27,42.87,15.57,54.5,12.79,46.27,75.0,0.36,0.0,0.0,0.0,0.0,92.35,42.7,15.53,42.95,0.0,0.0,0.0,0.0,0.27,64.0,13.22,66.66,6.55,41.81,14.57,91.66,0.45,64.4,14.79,20.0,,,
476,3,154,891,0.22,43.93,20.19,49.44,15.61,42.76,44.44,1.01,0.0,0.0,0.0,0.0,92.57,43.91,20.17,42.16,0.44,35.75,30.09,25.0,0.22,71.0,12.72,50.0,4.27,43.47,20.95,60.52,1.46,42.84,20.18,30.76,0.0,39.18,492.0
477,3,155,472,0.0,41.11,19.32,25.0,1.41,41.52,0.0,0.42,0.0,0.0,0.0,0.0,95.55,41.02,19.45,40.79,0.21,28.0,0.0,0.0,0.21,55.0,0.0,100.0,2.75,45.3,14.87,84.61,0.84,44.5,24.71,0.0,0.0,37.48,281.0
478,3,157,791,0.63,42.8,22.13,53.87,21.98,46.14,56.25,2.03,0.12,95.0,0.0,0.0,92.49,42.8,22.13,46.21,0.76,36.66,11.0,66.66,0.12,46.0,0.0,0.0,3.18,36.79,18.02,44.0,1.27,41.4,22.17,30.0,0.0,35.74,421.0
479,3,159,907,0.44,41.51,21.87,35.2,7.82,42.44,20.0,0.55,0.0,0.0,0.0,0.0,92.02,41.68,21.9,41.87,0.33,27.0,24.55,66.66,0.33,48.33,6.02,66.66,5.2,35.85,20.01,55.31,1.55,43.92,22.46,21.42,0.0,40.05,473.0
480,3,160,783,0.51,40.63,19.74,49.0,4.24,42.27,0.0,0.25,0.0,0.0,0.0,0.0,92.42,40.74,19.79,41.11,0.12,52.0,0.0,100.0,0.12,36.0,0.0,0.0,5.26,37.7,14.92,73.17,1.79,36.42,29.14,7.14,0.0,40.09,400.0
481,3,165,929,0.96,40.94,21.55,40.88,24.02,42.3,39.85,15.0,0.32,26.33,4.04,66.66,78.15,41.2,21.26,42.0,0.32,46.0,25.7,66.66,0.32,43.66,15.94,33.33,4.23,37.43,17.38,53.84,1.63,39.2,26.75,13.33,0.0,36.97,496.0
482,3,166,938,0.63,41.88,19.42,40.66,18.4,43.81,50.0,0.64,0.0,0.0,0.0,0.0,93.66,41.84,19.26,43.87,0.53,29.8,21.56,80.0,0.1,40.0,0.0,0.0,3.64,41.08,22.15,44.11,1.39,52.61,21.31,15.38,0.0,38.45,493.0
483,3,167,734,1.9,41.97,19.96,39.68,19.98,40.05,36.41,27.08,0.69,45.0,15.58,80.0,66.94,42.9,19.45,42.53,0.55,29.75,6.6,75.0,0.27,18.5,26.16,0.0,3.05,42.72,22.4,18.18,1.38,47.6,22.84,30.0,0.0,32.53,439.0
484,3,168,633,1.73,42.16,20.88,36.2,18.68,41.39,40.0,2.41,0.16,50.0,0.0,100.0,91.47,41.97,20.89,40.24,0.32,32.5,7.77,100.0,0.48,40.33,35.72,66.66,3.05,41.89,19.79,47.36,2.09,42.84,20.82,46.15,0.0,35.93,356.0
485,3,169,822,0.6,44.17,20.72,43.5,30.05,40.99,83.33,0.73,0.12,47.0,0.0,100.0,90.94,44.42,20.74,39.56,0.48,32.25,10.01,75.0,0.0,0.0,0.0,0.0,6.11,39.92,18.88,58.0,1.59,50.92,20.08,15.38,0.0,38.24,455.0
486,3,unclear,1199,1.66,45.79,16.56,55.11,19.41,45.78,61.11,1.52,0.0,0.0,0.0,0.0,92.28,45.24,16.35,44.57,0.5,35.0,10.43,66.66,0.16,62.5,2.12,50.0,2.79,46.21,11.23,78.78,2.71,49.25,20.34,43.75,,,
487,3,173,734,0.4,42.22,21.72,40.5,23.33,42.64,50.0,0.27,0.13,52.0,0.0,100.0,85.49,42.64,21.84,36.64,0.27,58.5,40.3,0.0,0.13,37.0,0.0,0.0,13.4,38.79,20.57,82.65,0.27,71.5,30.4,0.0,0.0,40.17,361.0
488,3,174,600,0.16,44.5,21.14,43.0,17.77,42.16,0.0,0.66,0.0,0.0,0.0,0.0,85.8,44.53,21.11,36.57,0.33,50.0,7.07,50.0,0.0,0.0,0.0,0.0,11.01,46.24,21.15,84.84,2.17,34.15,24.82,53.84,0.0,38.08,338.0
489,3,175,795,0.75,44.14,21.82,43.0,33.17,41.25,57.14,0.88,0.0,0.0,0.0,0.0,86.18,44.03,21.53,36.47,0.0,0.0,0.0,0.0,0.38,47.66,48.0,66.66,11.15,45.67,21.7,76.13,1.39,32.45,24.0,27.27,0.0,46.71,438.0
490,3,177,597,0.5,43.09,21.92,39.33,20.91,39.19,37.03,4.54,0.33,46.0,32.52,50.0,84.84,43.25,22.18,35.71,0.16,20.0,0.0,0.0,0.16,0.0,0.0,0.0,9.25,45.27,19.42,76.36,0.67,28.5,19.46,0.0,0.0,61.58,324.0
491,3,179,340,0.29,37.96,20.19,32.66,20.23,42.35,66.66,0.88,0.0,0.0,0.0,0.0,88.79,38.37,20.49,38.53,0.29,20.0,0.0,100.0,0.29,0.0,0.0,0.0,9.14,37.22,15.78,74.19,0.58,13.5,19.09,50.0,0.0,39.71,187.0
492,3,180,611,0.65,43.27,19.27,54.8,17.86,40.75,50.0,1.64,0.0,0.0,0.0,0.0,89.29,43.32,19.38,38.56,0.98,37.0,22.28,33.33,0.0,0.0,0.0,0.0,7.41,40.11,18.2,68.88,0.65,46.25,13.57,0.0,0.0,37.96,317.0
493,3,unclear,1333,0.9,42.0,14.41,46.0,17.23,45.46,68.75,1.21,0.0,0.0,0.0,0.0,93.33,41.78,14.2,43.79,0.37,33.6,5.89,60.0,0.15,74.5,13.43,0.0,4.23,41.14,14.39,76.78,0.68,47.33,14.12,33.33,,,
494,3,184,521,1.34,43.96,21.6,39.87,20.37,41.07,50.0,1.55,0.0,0.0,0.0,0.0,89.68,43.5,21.47,39.26,1.75,48.88,23.1,44.44,0.19,0.0,0.0,0.0,5.64,47.27,23.02,68.96,1.16,50.33,20.36,16.66,0.0,62.59,274.0
495,3,185,957,0.0,42.02,18.93,44.12,13.32,41.9,50.0,0.83,0.0,0.0,0.0,0.0,90.17,42.04,19.26,38.12,0.73,50.71,12.12,42.85,0.1,26.0,0.0,0.0,7.83,41.02,16.06,84.0,0.31,42.0,16.37,66.66,0.0,36.02,495.0
496,3,186,719,0.41,44.19,19.69,35.7,15.63,43.94,40.0,1.39,0.0,0.0,0.0,0.0,90.5,44.14,19.98,41.66,0.69,51.4,12.07,40.0,0.0,0.0,0.0,0.0,6.56,45.63,17.29,74.46,0.83,47.66,21.58,33.33,0.0,37.58,364.0
497,3,187,710,0.28,40.29,17.43,44.1,14.12,46.33,80.0,1.41,0.42,59.0,18.68,66.66,89.68,40.4,17.5,44.25,0.28,27.0,0.0,0.0,0.28,32.5,45.96,50.0,7.34,37.46,16.24,65.38,0.56,41.75,10.07,25.0,0.0,34.44,320.0
498,3,unclear,1340,2.16,42.69,15.38,45.0,16.13,43.65,48.33,4.57,0.0,0.0,0.0,0.0,88.78,42.53,15.55,43.55,0.99,43.84,9.47,61.53,0.45,48.5,8.33,33.33,2.74,40.05,13.14,36.11,2.44,41.21,11.39,40.62,,,
499,3,190,729,0.82,41.54,19.93,40.16,25.77,43.75,50.0,2.48,0.0,0.0,0.0,0.0,90.59,41.57,19.9,43.35,1.24,40.77,22.34,66.66,0.55,50.25,16.6,25.0,2.62,37.47,16.9,57.89,2.48,42.33,21.03,16.66,0.0,35.54,347.0
500,3,191,604,0.33,42.86,19.24,45.33,9.35,43.37,0.0,0.99,0.49,54.0,21.7,66.66,94.68,42.85,19.38,43.85,0.16,24.0,0.0,0.0,0.66,47.75,19.36,25.0,2.32,39.28,20.1,50.0,0.66,46.0,14.76,50.0,0.0,40.9,279.0
501,3,193,567,0.52,46.21,19.0,44.63,17.39,40.03,27.27,1.95,0.0,0.0,0.0,0.0,91.31,46.24,19.04,40.0,0.88,50.8,26.41,40.0,0.17,54.0,0.0,0.0,3.9,45.18,15.84,54.54,1.77,42.0,24.46,10.0,0.0,38.1,316.0
502,3,196,293,0.0,47.3,21.16,46.85,17.49,42.32,71.42,2.38,0.0,0.0,0.0,0.0,79.52,48.03,21.15,31.75,0.34,33.0,0.0,100.0,0.0,0.0,0.0,0.0,17.4,44.25,22.05,86.27,0.34,50.0,0.0,0.0,0.0,44.19,160.0
503,3,197,537,0.18,43.08,19.01,54.5,12.02,41.52,50.0,0.37,0.0,0.0,0.0,0.0,92.53,43.45,18.9,40.92,0.18,32.0,0.0,0.0,0.0,0.0,0.0,0.0,4.85,37.34,18.93,69.23,2.05,40.27,25.09,9.09,0.0,38.97,323.0
504,3,198,485,1.03,44.91,20.22,35.83,10.55,42.68,66.66,1.25,0.0,0.0,0.0,0.0,91.45,44.58,20.33,42.59,0.2,82.0,0.0,100.0,0.0,0.0,0.0,0.0,5.0,46.91,18.24,50.0,2.08,44.2,16.68,20.0,0.0,41.14,227.0
505,3,199,531,0.94,41.72,19.38,47.5,32.71,43.31,50.0,0.76,0.0,0.0,0.0,0.0,92.96,41.36,19.01,41.92,0.38,68.5,19.09,100.0,0.0,0.0,0.0,0.0,5.32,37.71,16.28,57.14,0.57,54.0,30.19,66.66,0.0,40.6,304.0
506,3,200,874,1.48,39.1,19.78,47.71,14.65,41.64,71.42,0.81,0.11,46.0,0.0,0.0,88.85,38.13,19.64,38.95,1.16,37.79,17.96,60.0,0.81,44.14,22.99,42.85,6.62,45.35,17.78,73.68,1.62,44.92,24.58,35.71,0.0,36.75,481.0
507,3,201,970,1.03,44.65,20.78,53.5,24.17,42.37,66.66,0.62,0.2,81.5,4.94,0.0,93.02,44.54,20.4,43.0,0.72,40.71,21.08,85.71,0.31,47.66,9.71,33.33,3.22,40.74,23.03,22.58,1.87,43.05,26.35,33.33,0.0,46.02,563.0
508,3,unclear,1252,2.47,45.24,16.9,46.22,16.27,47.04,46.66,3.68,0.0,0.0,0.0,0.0,91.31,44.84,16.89,46.18,0.4,31.2,6.05,80.0,0.65,57.0,20.33,25.0,2.29,47.1,12.14,67.85,1.63,51.35,15.71,60.0,,,
509,3,207,382,0.78,40.7,20.0,41.71,17.15,43.19,42.85,1.84,0.0,0.0,0.0,0.0,92.08,40.53,20.1,43.83,0.0,0.0,0.0,0.0,0.26,47.0,0.0,0.0,3.16,40.16,17.46,50.0,2.63,40.0,23.51,10.0,0.0,40.21,207.0
510,3,208,632,0.31,43.23,18.13,51.14,17.08,41.29,71.42,1.11,0.0,0.0,0.0,0.0,93.01,43.37,17.92,39.93,0.47,28.0,4.0,100.0,0.0,0.0,0.0,0.0,4.6,41.1,20.97,62.06,0.79,37.0,30.95,0.0,0.0,40.2,345.0
511,3,209,479,0.2,44.22,19.4,52.66,26.02,43.21,0.0,0.62,0.0,0.0,0.0,0.0,92.67,43.94,19.47,41.98,0.62,62.33,17.89,66.66,0.2,45.0,0.0,0.0,5.02,47.04,16.91,70.83,0.83,33.5,23.74,50.0,0.0,36.38,259.0
512,3,211,392,2.29,44.23,18.64,51.57,30.46,43.11,57.14,1.82,0.26,35.0,0.0,100.0,91.9,43.4,18.24,43.46,0.52,71.5,2.12,50.0,0.0,0.0,0.0,0.0,4.69,49.77,16.77,33.33,0.78,32.0,29.46,0.0,0.0,37.28,209.0
513,3,2,430,3.02,43.32,20.75,43.25,23.41,40.69,75.0,1.91,0.0,0.0,0.0,0.0,88.96,42.38,20.78,38.81,0.71,35.66,14.15,66.66,0.23,46.0,0.0,100.0,6.71,47.25,20.6,53.57,1.43,51.16,17.83,0.0,0.0,0.0,229.0
514,3,3,451,0.66,42.79,19.82,20.0,0.0,41.68,0.0,0.22,0.0,0.0,0.0,0.0,95.75,42.8,19.81,41.95,0.22,29.0,0.0,100.0,0.0,0.0,0.0,0.0,1.56,38.0,18.13,57.14,2.23,46.7,23.18,30.0,0.0,0.0,248.0
515,3,4,0,0.0,0.0,0.0,0.0,0.0,0.0,0.0,0.0,0.0,0.0,0.0,0.0,0.0,0.0,0.0,0.0,0.0,0.0,0.0,0.0,0.0,0.0,0.0,0.0,0.0,0.0,0.0,0.0,0.0,0.0,0.0,0.0,0.0,0.0,0.0
516,3,6,883,0.22,41.53,18.74,43.25,18.61,43.14,37.5,1.81,0.0,0.0,0.0,0.0,89.44,41.53,18.78,40.6,0.11,55.0,0.0,100.0,0.34,28.66,27.15,0.0,7.15,41.11,17.63,77.77,1.13,44.5,24.52,40.0,0.0,0.0,486.0
517,3,8,452,0.22,42.36,18.85,41.42,15.75,40.04,14.28,1.55,0.0,0.0,0.0,0.0,90.68,42.32,19.02,40.09,0.66,33.33,8.08,33.33,0.0,0.0,0.0,0.0,5.09,44.26,20.52,65.21,1.99,40.22,9.87,0.0,0.0,0.0,246.0
518,3,9,889,0.11,42.64,20.01,48.87,21.0,41.95,50.0,0.9,0.11,66.0,0.0,0.0,90.87,42.59,20.01,40.89,0.67,43.66,12.25,66.66,0.22,63.5,23.33,0.0,5.74,43.03,20.9,64.7,1.46,33.84,17.9,7.69,0.0,0.0,511.0
519,3,11,534,0.0,40.74,21.65,57.0,23.7,45.13,25.0,0.74,0.0,0.0,0.0,0.0,85.01,39.71,21.76,39.2,0.37,35.0,15.55,0.0,0.0,0.0,0.0,0.0,13.67,46.98,19.49,83.56,0.18,0.0,0.0,100.0,0.0,0.0,229.0
520,3,15,0,0.0,0.0,0.0,0.0,0.0,0.0,0.0,0.0,0.0,0.0,0.0,0.0,0.0,0.0,0.0,0.0,0.0,0.0,0.0,0.0,0.0,0.0,0.0,0.0,0.0,0.0,0.0,0.0,0.0,0.0,0.0,0.0,0.0,0.0,0.0
521,3,16,0,0.0,0.0,0.0,0.0,0.0,0.0,0.0,0.0,0.0,0.0,0.0,0.0,0.0,0.0,0.0,0.0,0.0,0.0,0.0,0.0,0.0,0.0,0.0,0.0,0.0,0.0,0.0,0.0,0.0,0.0,0.0,0.0,0.0,0.0,0.0
522,3,18,0,0.0,0.0,0.0,0.0,0.0,0.0,0.0,0.0,0.0,0.0,0.0,0.0,0.0,0.0,0.0,0.0,0.0,0.0,0.0,0.0,0.0,0.0,0.0,0.0,0.0,0.0,0.0,0.0,0.0,0.0,0.0,0.0,0.0,0.0,0.0
523,3,19,814,1.22,37.53,21.07,35.33,20.92,42.62,37.2,10.69,0.49,46.75,22.96,50.0,80.72,36.65,20.84,42.98,0.87,42.42,16.59,57.14,1.61,46.46,24.33,23.07,4.35,47.05,17.89,45.71,1.24,42.4,22.88,50.0,0.0,0.0,421.0
524,3,20,0,0.0,0.0,0.0,0.0,0.0,0.0,0.0,0.0,0.0,0.0,0.0,0.0,0.0,0.0,0.0,0.0,0.0,0.0,0.0,0.0,0.0,0.0,0.0,0.0,0.0,0.0,0.0,0.0,0.0,0.0,0.0,0.0,0.0,0.0,0.0
525,3,21,766,0.91,38.09,21.67,34.92,28.49,41.77,21.42,1.84,0.52,38.0,19.09,25.0,90.64,37.96,21.69,42.73,0.52,34.0,11.57,50.0,0.65,50.2,12.57,20.0,4.34,39.39,20.76,45.45,1.44,32.72,22.26,18.18,0.0,0.0,323.0
526,3,23,0,0.0,0.0,0.0,0.0,0.0,0.0,0.0,0.0,0.0,0.0,0.0,0.0,0.0,0.0,0.0,0.0,0.0,0.0,0.0,0.0,0.0,0.0,0.0,0.0,0.0,0.0,0.0,0.0,0.0,0.0,0.0,0.0,0.0,0.0,0.0
527,3,24,0,0.0,0.0,0.0,0.0,0.0,0.0,0.0,0.0,0.0,0.0,0.0,0.0,0.0,0.0,0.0,0.0,0.0,0.0,0.0,0.0,0.0,0.0,0.0,0.0,0.0,0.0,0.0,0.0,0.0,0.0,0.0,0.0,0.0,0.0,0.0
528,3,25,0,0.0,0.0,0.0,0.0,0.0,0.0,0.0,0.0,0.0,0.0,0.0,0.0,0.0,0.0,0.0,0.0,0.0,0.0,0.0,0.0,0.0,0.0,0.0,0.0,0.0,0.0,0.0,0.0,0.0,0.0,0.0,0.0,0.0,0.0,0.0
529,3,26,583,0.51,39.7,21.02,33.0,12.16,45.28,100.0,0.51,0.0,0.0,0.0,0.0,91.72,40.18,21.03,45.11,0.34,26.5,4.94,0.0,0.17,70.0,0.0,100.0,5.17,32.86,16.83,53.33,2.06,36.16,27.0,16.66,0.0,0.0,301.0
530,3,27,0,0.0,0.0,0.0,0.0,0.0,0.0,0.0,0.0,0.0,0.0,0.0,0.0,0.0,0.0,0.0,0.0,0.0,0.0,0.0,0.0,0.0,0.0,0.0,0.0,0.0,0.0,0.0,0.0,0.0,0.0,0.0,0.0,0.0,0.0,0.0
531,3,30,540,1.11,41.63,20.86,36.28,34.3,42.96,57.14,1.31,0.18,27.0,0.0,100.0,87.07,41.57,20.68,41.29,0.0,0.0,0.0,0.0,0.0,0.0,0.0,0.0,9.36,38.34,18.45,58.0,2.05,58.09,18.53,36.36,0.0,0.0,307.0
532,3,31,0,0.0,0.0,0.0,0.0,0.0,0.0,0.0,0.0,0.0,0.0,0.0,0.0,0.0,0.0,0.0,0.0,0.0,0.0,0.0,0.0,0.0,0.0,0.0,0.0,0.0,0.0,0.0,0.0,0.0,0.0,0.0,0.0,0.0,0.0,0.0
533,3,35,0,0.0,0.0,0.0,0.0,0.0,0.0,0.0,0.0,0.0,0.0,0.0,0.0,0.0,0.0,0.0,0.0,0.0,0.0,0.0,0.0,0.0,0.0,0.0,0.0,0.0,0.0,0.0,0.0,0.0,0.0,0.0,0.0,0.0,0.0,0.0
534,3,36,0,0.0,0.0,0.0,0.0,0.0,0.0,0.0,0.0,0.0,0.0,0.0,0.0,0.0,0.0,0.0,0.0,0.0,0.0,0.0,0.0,0.0,0.0,0.0,0.0,0.0,0.0,0.0,0.0,0.0,0.0,0.0,0.0,0.0,0.0,0.0
535,3,38,0,0.0,0.0,0.0,0.0,0.0,0.0,0.0,0.0,0.0,0.0,0.0,0.0,0.0,0.0,0.0,0.0,0.0,0.0,0.0,0.0,0.0,0.0,0.0,0.0,0.0,0.0,0.0,0.0,0.0,0.0,0.0,0.0,0.0,0.0,0.0
536,3,40,0,0.0,0.0,0.0,0.0,0.0,0.0,0.0,0.0,0.0,0.0,0.0,0.0,0.0,0.0,0.0,0.0,0.0,0.0,0.0,0.0,0.0,0.0,0.0,0.0,0.0,0.0,0.0,0.0,0.0,0.0,0.0,0.0,0.0,0.0,0.0
537,3,49,0,0.0,0.0,0.0,0.0,0.0,0.0,0.0,0.0,0.0,0.0,0.0,0.0,0.0,0.0,0.0,0.0,0.0,0.0,0.0,0.0,0.0,0.0,0.0,0.0,0.0,0.0,0.0,0.0,0.0,0.0,0.0,0.0,0.0,0.0,0.0
538,3,52,0,0.0,0.0,0.0,0.0,0.0,0.0,0.0,0.0,0.0,0.0,0.0,0.0,0.0,0.0,0.0,0.0,0.0,0.0,0.0,0.0,0.0,0.0,0.0,0.0,0.0,0.0,0.0,0.0,0.0,0.0,0.0,0.0,0.0,0.0,0.0
539,3,54,0,0.0,0.0,0.0,0.0,0.0,0.0,0.0,0.0,0.0,0.0,0.0,0.0,0.0,0.0,0.0,0.0,0.0,0.0,0.0,0.0,0.0,0.0,0.0,0.0,0.0,0.0,0.0,0.0,0.0,0.0,0.0,0.0,0.0,0.0,0.0
540,3,56,0,0.0,0.0,0.0,0.0,0.0,0.0,0.0,0.0,0.0,0.0,0.0,0.0,0.0,0.0,0.0,0.0,0.0,0.0,0.0,0.0,0.0,0.0,0.0,0.0,0.0,0.0,0.0,0.0,0.0,0.0,0.0,0.0,0.0,0.0,0.0
541,3,57,0,0.0,0.0,0.0,0.0,0.0,0.0,0.0,0.0,0.0,0.0,0.0,0.0,0.0,0.0,0.0,0.0,0.0,0.0,0.0,0.0,0.0,0.0,0.0,0.0,0.0,0.0,0.0,0.0,0.0,0.0,0.0,0.0,0.0,0.0,0.0
542,3,61,0,0.0,0.0,0.0,0.0,0.0,0.0,0.0,0.0,0.0,0.0,0.0,0.0,0.0,0.0,0.0,0.0,0.0,0.0,0.0,0.0,0.0,0.0,0.0,0.0,0.0,0.0,0.0,0.0,0.0,0.0,0.0,0.0,0.0,0.0,0.0
543,3,65,774,0.0,41.63,19.68,29.0,0.0,40.69,100.0,0.12,0.0,0.0,0.0,0.0,92.63,42.19,19.53,40.3,0.25,28.5,2.12,50.0,0.12,27.0,0.0,0.0,4.39,39.52,19.43,64.7,2.45,27.21,22.07,10.52,0.0,0.0,450.0
544,3,68,0,0.0,0.0,0.0,0.0,0.0,0.0,0.0,0.0,0.0,0.0,0.0,0.0,0.0,0.0,0.0,0.0,0.0,0.0,0.0,0.0,0.0,0.0,0.0,0.0,0.0,0.0,0.0,0.0,0.0,0.0,0.0,0.0,0.0,0.0,0.0
545,3,69,0,0.0,0.0,0.0,0.0,0.0,0.0,0.0,0.0,0.0,0.0,0.0,0.0,0.0,0.0,0.0,0.0,0.0,0.0,0.0,0.0,0.0,0.0,0.0,0.0,0.0,0.0,0.0,0.0,0.0,0.0,0.0,0.0,0.0,0.0,0.0
546,3,71,0,0.0,0.0,0.0,0.0,0.0,0.0,0.0,0.0,0.0,0.0,0.0,0.0,0.0,0.0,0.0,0.0,0.0,0.0,0.0,0.0,0.0,0.0,0.0,0.0,0.0,0.0,0.0,0.0,0.0,0.0,0.0,0.0,0.0,0.0,0.0
547,3,74,0,0.0,0.0,0.0,0.0,0.0,0.0,0.0,0.0,0.0,0.0,0.0,0.0,0.0,0.0,0.0,0.0,0.0,0.0,0.0,0.0,0.0,0.0,0.0,0.0,0.0,0.0,0.0,0.0,0.0,0.0,0.0,0.0,0.0,0.0,0.0
548,3,78,0,0.0,0.0,0.0,0.0,0.0,0.0,0.0,0.0,0.0,0.0,0.0,0.0,0.0,0.0,0.0,0.0,0.0,0.0,0.0,0.0,0.0,0.0,0.0,0.0,0.0,0.0,0.0,0.0,0.0,0.0,0.0,0.0,0.0,0.0,0.0
549,3,82,0,0.0,0.0,0.0,0.0,0.0,0.0,0.0,0.0,0.0,0.0,0.0,0.0,0.0,0.0,0.0,0.0,0.0,0.0,0.0,0.0,0.0,0.0,0.0,0.0,0.0,0.0,0.0,0.0,0.0,0.0,0.0,0.0,0.0,0.0,0.0
550,3,84,0,0.0,0.0,0.0,0.0,0.0,0.0,0.0,0.0,0.0,0.0,0.0,0.0,0.0,0.0,0.0,0.0,0.0,0.0,0.0,0.0,0.0,0.0,0.0,0.0,0.0,0.0,0.0,0.0,0.0,0.0,0.0,0.0,0.0,0.0,0.0
551,3,85,0,0.0,0.0,0.0,0.0,0.0,0.0,0.0,0.0,0.0,0.0,0.0,0.0,0.0,0.0,0.0,0.0,0.0,0.0,0.0,0.0,0.0,0.0,0.0,0.0,0.0,0.0,0.0,0.0,0.0,0.0,0.0,0.0,0.0,0.0,0.0
552,3,90,0,0.0,0.0,0.0,0.0,0.0,0.0,0.0,0.0,0.0,0.0,0.0,0.0,0.0,0.0,0.0,0.0,0.0,0.0,0.0,0.0,0.0,0.0,0.0,0.0,0.0,0.0,0.0,0.0,0.0,0.0,0.0,0.0,0.0,0.0,0.0
553,3,93,0,0.0,0.0,0.0,0.0,0.0,0.0,0.0,0.0,0.0,0.0,0.0,0.0,0.0,0.0,0.0,0.0,0.0,0.0,0.0,0.0,0.0,0.0,0.0,0.0,0.0,0.0,0.0,0.0,0.0,0.0,0.0,0.0,0.0,0.0,0.0
554,3,94,0,0.0,0.0,0.0,0.0,0.0,0.0,0.0,0.0,0.0,0.0,0.0,0.0,0.0,0.0,0.0,0.0,0.0,0.0,0.0,0.0,0.0,0.0,0.0,0.0,0.0,0.0,0.0,0.0,0.0,0.0,0.0,0.0,0.0,0.0,0.0
555,3,95,0,0.0,0.0,0.0,0.0,0.0,0.0,0.0,0.0,0.0,0.0,0.0,0.0,0.0,0.0,0.0,0.0,0.0,0.0,0.0,0.0,0.0,0.0,0.0,0.0,0.0,0.0,0.0,0.0,0.0,0.0,0.0,0.0,0.0,0.0,0.0
556,3,97,0,0.0,0.0,0.0,0.0,0.0,0.0,0.0,0.0,0.0,0.0,0.0,0.0,0.0,0.0,0.0,0.0,0.0,0.0,0.0,0.0,0.0,0.0,0.0,0.0,0.0,0.0,0.0,0.0,0.0,0.0,0.0,0.0,0.0,0.0,0.0
557,3,102,596,3.35,41.46,19.28,45.66,20.28,40.6,33.33,1.56,0.17,77.0,0.0,100.0,88.54,40.63,19.25,41.17,0.69,32.0,22.49,50.0,0.52,50.33,15.53,33.33,6.25,39.72,17.92,41.66,2.25,55.92,10.32,30.76,0.0,0.0,309.0
558,3,104,0,0.0,0.0,0.0,0.0,0.0,0.0,0.0,0.0,0.0,0.0,0.0,0.0,0.0,0.0,0.0,0.0,0.0,0.0,0.0,0.0,0.0,0.0,0.0,0.0,0.0,0.0,0.0,0.0,0.0,0.0,0.0,0.0,0.0,0.0,0.0
559,3,110,885,0.11,41.59,20.97,44.33,11.11,45.53,50.0,0.67,0.11,27.0,0.0,0.0,88.0,41.81,21.18,40.87,0.11,30.0,0.0,0.0,0.11,68.0,0.0,0.0,10.29,40.78,19.36,90.1,0.67,25.66,22.68,0.0,0.0,0.0,477.0
560,3,114,0,0.0,0.0,0.0,0.0,0.0,0.0,0.0,0.0,0.0,0.0,0.0,0.0,0.0,0.0,0.0,0.0,0.0,0.0,0.0,0.0,0.0,0.0,0.0,0.0,0.0,0.0,0.0,0.0,0.0,0.0,0.0,0.0,0.0,0.0,0.0
561,3,117,0,0.0,0.0,0.0,0.0,0.0,0.0,0.0,0.0,0.0,0.0,0.0,0.0,0.0,0.0,0.0,0.0,0.0,0.0,0.0,0.0,0.0,0.0,0.0,0.0,0.0,0.0,0.0,0.0,0.0,0.0,0.0,0.0,0.0,0.0,0.0
562,3,118,0,0.0,0.0,0.0,0.0,0.0,0.0,0.0,0.0,0.0,0.0,0.0,0.0,0.0,0.0,0.0,0.0,0.0,0.0,0.0,0.0,0.0,0.0,0.0,0.0,0.0,0.0,0.0,0.0,0.0,0.0,0.0,0.0,0.0,0.0,0.0
563,3,121,0,0.0,0.0,0.0,0.0,0.0,0.0,0.0,0.0,0.0,0.0,0.0,0.0,0.0,0.0,0.0,0.0,0.0,0.0,0.0,0.0,0.0,0.0,0.0,0.0,0.0,0.0,0.0,0.0,0.0,0.0,0.0,0.0,0.0,0.0,0.0
564,3,126,0,0.0,0.0,0.0,0.0,0.0,0.0,0.0,0.0,0.0,0.0,0.0,0.0,0.0,0.0,0.0,0.0,0.0,0.0,0.0,0.0,0.0,0.0,0.0,0.0,0.0,0.0,0.0,0.0,0.0,0.0,0.0,0.0,0.0,0.0,0.0
565,3,133,0,0.0,0.0,0.0,0.0,0.0,0.0,0.0,0.0,0.0,0.0,0.0,0.0,0.0,0.0,0.0,0.0,0.0,0.0,0.0,0.0,0.0,0.0,0.0,0.0,0.0,0.0,0.0,0.0,0.0,0.0,0.0,0.0,0.0,0.0,0.0
566,3,138,0,0.0,0.0,0.0,0.0,0.0,0.0,0.0,0.0,0.0,0.0,0.0,0.0,0.0,0.0,0.0,0.0,0.0,0.0,0.0,0.0,0.0,0.0,0.0,0.0,0.0,0.0,0.0,0.0,0.0,0.0,0.0,0.0,0.0,0.0,0.0
567,3,139,0,0.0,0.0,0.0,0.0,0.0,0.0,0.0,0.0,0.0,0.0,0.0,0.0,0.0,0.0,0.0,0.0,0.0,0.0,0.0,0.0,0.0,0.0,0.0,0.0,0.0,0.0,0.0,0.0,0.0,0.0,0.0,0.0,0.0,0.0,0.0
568,3,147,0,0.0,0.0,0.0,0.0,0.0,0.0,0.0,0.0,0.0,0.0,0.0,0.0,0.0,0.0,0.0,0.0,0.0,0.0,0.0,0.0,0.0,0.0,0.0,0.0,0.0,0.0,0.0,0.0,0.0,0.0,0.0,0.0,0.0,0.0,0.0
569,3,148,0,0.0,0.0,0.0,0.0,0.0,0.0,0.0,0.0,0.0,0.0,0.0,0.0,0.0,0.0,0.0,0.0,0.0,0.0,0.0,0.0,0.0,0.0,0.0,0.0,0.0,0.0,0.0,0.0,0.0,0.0,0.0,0.0,0.0,0.0,0.0
570,3,150,0,0.0,0.0,0.0,0.0,0.0,0.0,0.0,0.0,0.0,0.0,0.0,0.0,0.0,0.0,0.0,0.0,0.0,0.0,0.0,0.0,0.0,0.0,0.0,0.0,0.0,0.0,0.0,0.0,0.0,0.0,0.0,0.0,0.0,0.0,0.0
571,3,161,0,0.0,0.0,0.0,0.0,0.0,0.0,0.0,0.0,0.0,0.0,0.0,0.0,0.0,0.0,0.0,0.0,0.0,0.0,0.0,0.0,0.0,0.0,0.0,0.0,0.0,0.0,0.0,0.0,0.0,0.0,0.0,0.0,0.0,0.0,0.0
572,3,162,0,0.0,0.0,0.0,0.0,0.0,0.0,0.0,0.0,0.0,0.0,0.0,0.0,0.0,0.0,0.0,0.0,0.0,0.0,0.0,0.0,0.0,0.0,0.0,0.0,0.0,0.0,0.0,0.0,0.0,0.0,0.0,0.0,0.0,0.0,0.0
573,3,164,0,0.0,0.0,0.0,0.0,0.0,0.0,0.0,0.0,0.0,0.0,0.0,0.0,0.0,0.0,0.0,0.0,0.0,0.0,0.0,0.0,0.0,0.0,0.0,0.0,0.0,0.0,0.0,0.0,0.0,0.0,0.0,0.0,0.0,0.0,0.0
574,3,170,0,0.0,0.0,0.0,0.0,0.0,0.0,0.0,0.0,0.0,0.0,0.0,0.0,0.0,0.0,0.0,0.0,0.0,0.0,0.0,0.0,0.0,0.0,0.0,0.0,0.0,0.0,0.0,0.0,0.0,0.0,0.0,0.0,0.0,0.0,0.0
575,3,176,765,0.65,42.36,21.55,39.14,26.01,40.65,35.71,1.84,0.0,0.0,0.0,0.0,89.6,42.37,21.45,40.38,0.65,35.0,35.88,40.0,0.65,30.4,20.4,20.0,5.92,41.62,16.55,55.55,1.31,53.8,28.87,10.0,0.0,0.0,394.0
576,3,178,0,0.0,0.0,0.0,0.0,0.0,0.0,0.0,0.0,0.0,0.0,0.0,0.0,0.0,0.0,0.0,0.0,0.0,0.0,0.0,0.0,0.0,0.0,0.0,0.0,0.0,0.0,0.0,0.0,0.0,0.0,0.0,0.0,0.0,0.0,0.0
577,3,183,0,0.0,0.0,0.0,0.0,0.0,0.0,0.0,0.0,0.0,0.0,0.0,0.0,0.0,0.0,0.0,0.0,0.0,0.0,0.0,0.0,0.0,0.0,0.0,0.0,0.0,0.0,0.0,0.0,0.0,0.0,0.0,0.0,0.0,0.0,0.0
578,3,192,0,0.0,0.0,0.0,0.0,0.0,0.0,0.0,0.0,0.0,0.0,0.0,0.0,0.0,0.0,0.0,0.0,0.0,0.0,0.0,0.0,0.0,0.0,0.0,0.0,0.0,0.0,0.0,0.0,0.0,0.0,0.0,0.0,0.0,0.0,0.0
579,3,194,0,0.0,0.0,0.0,0.0,0.0,0.0,0.0,0.0,0.0,0.0,0.0,0.0,0.0,0.0,0.0,0.0,0.0,0.0,0.0,0.0,0.0,0.0,0.0,0.0,0.0,0.0,0.0,0.0,0.0,0.0,0.0,0.0,0.0,0.0,0.0
580,3,195,0,0.0,0.0,0.0,0.0,0.0,0.0,0.0,0.0,0.0,0.0,0.0,0.0,0.0,0.0,0.0,0.0,0.0,0.0,0.0,0.0,0.0,0.0,0.0,0.0,0.0,0.0,0.0,0.0,0.0,0.0,0.0,0.0,0.0,0.0,0.0
581,3,202,743,0.94,40.44,18.87,46.46,20.26,44.41,46.66,2.03,0.0,0.0,0.0,0.0,92.11,39.93,18.64,44.83,0.27,23.0,32.52,100.0,0.54,54.5,22.48,75.0,3.53,45.92,20.91,34.61,1.49,40.72,14.13,9.09,0.0,0.0,346.0
582,3,203,0,0.0,0.0,0.0,0.0,0.0,0.0,0.0,0.0,0.0,0.0,0.0,0.0,0.0,0.0,0.0,0.0,0.0,0.0,0.0,0.0,0.0,0.0,0.0,0.0,0.0,0.0,0.0,0.0,0.0,0.0,0.0,0.0,0.0,0.0,0.0
583,3,206,0,0.0,0.0,0.0,0.0,0.0,0.0,0.0,0.0,0.0,0.0,0.0,0.0,0.0,0.0,0.0,0.0,0.0,0.0,0.0,0.0,0.0,0.0,0.0,0.0,0.0,0.0,0.0,0.0,0.0,0.0,0.0,0.0,0.0,0.0,0.0
584,3,210,0,0.0,0.0,0.0,0.0,0.0,0.0,0.0,0.0,0.0,0.0,0.0,0.0,0.0,0.0,0.0,0.0,0.0,0.0,0.0,0.0,0.0,0.0,0.0,0.0,0.0,0.0,0.0,0.0,0.0,0.0,0.0,0.0,0.0,0.0,0.0
585,4,unclear,1270,0.78,42.79,14.57,46.53,11.96,46.22,60.0,1.19,0.0,0.0,0.0,0.0,92.3,42.75,14.78,43.93,0.23,41.33,14.5,33.33,0.39,41.8,10.87,0.0,5.47,41.36,11.7,89.85,0.39,51.8,11.88,40.0,,,
586,4,4,927,0.43,45.25,18.89,45.83,26.05,41.42,16.66,0.65,0.1,93.0,0.0,100.0,82.99,45.13,19.25,34.85,0.86,44.37,6.02,62.5,0.21,48.0,2.82,50.0,14.3,44.59,16.13,81.06,0.86,58.87,24.17,12.5,0.0,33.83,542.0
587,4,7,623,1.92,42.43,19.43,52.5,11.46,42.69,66.66,0.98,0.32,24.0,33.94,0.0,87.23,42.23,19.57,39.21,0.98,37.5,9.99,50.0,0.49,25.0,22.91,0.0,9.16,42.28,18.77,80.35,0.81,39.4,13.68,20.0,0.0,34.14,347.0
588,4,9,798,0.12,45.89,19.61,41.5,12.34,41.47,50.0,0.5,0.12,37.0,0.0,100.0,86.7,45.76,19.75,34.73,0.25,36.5,2.12,100.0,0.0,0.0,0.0,0.0,11.66,46.83,19.32,88.17,0.75,52.5,18.33,50.0,0.0,32.88,473.0
589,4,13,595,0.5,42.5,18.62,36.16,11.95,41.0,33.33,1.01,0.0,0.0,0.0,0.0,91.04,42.35,18.57,38.96,0.16,48.0,0.0,0.0,0.0,0.0,0.0,0.0,6.58,44.58,19.35,76.92,1.18,47.57,19.04,0.0,0.0,34.03,357.0
590,4,14,909,0.11,43.98,19.16,24.0,20.78,42.9,33.33,0.33,0.0,0.0,0.0,0.0,82.26,44.4,19.45,33.73,0.66,38.83,9.23,66.66,0.33,22.0,19.28,33.33,16.29,43.12,17.58,88.51,0.0,0.0,0.0,0.0,0.0,32.01,454.0
591,4,15,680,0.0,40.91,18.13,48.0,34.78,45.0,50.0,0.58,0.14,60.0,0.0,0.0,88.38,40.72,17.93,40.76,1.17,40.5,15.23,87.5,0.14,0.0,0.0,100.0,9.26,42.34,19.07,79.36,0.29,51.5,3.53,50.0,0.0,33.72,290.0
592,4,18,880,0.11,43.59,18.68,45.77,22.63,44.43,44.44,1.02,0.11,93.0,0.0,100.0,89.53,43.48,18.67,42.05,0.34,48.0,11.53,33.33,0.45,64.5,4.43,25.0,7.28,41.71,18.64,76.56,1.25,46.63,14.18,27.27,0.0,32.35,461.0
593,4,21,961,0.0,42.96,19.05,32.0,24.07,44.74,45.45,1.14,0.2,76.5,14.84,50.0,88.76,42.96,19.13,41.14,0.62,36.66,19.44,33.33,0.41,35.75,8.84,50.0,6.97,43.89,16.78,89.55,1.87,46.22,17.96,50.0,0.0,39.36,296.0
594,4,22,1100,0.18,40.73,18.74,33.12,18.42,42.36,50.0,1.45,0.18,26.5,9.19,50.0,90.07,40.85,18.85,39.83,0.45,47.0,29.35,80.0,0.45,39.79,10.91,20.0,6.1,41.37,17.76,76.11,1.27,37.5,15.81,42.85,0.0,31.67,418.0
595,4,24,1034,0.09,41.5,19.35,41.0,15.85,42.55,38.88,1.74,0.09,42.0,0.0,100.0,87.31,41.59,19.53,38.13,0.67,28.28,20.74,42.85,0.09,67.0,0.0,100.0,9.68,41.39,17.82,81.0,0.29,40.66,35.72,66.66,0.0,33.16,506.0
596,4,25,897,0.0,43.02,19.53,42.92,15.75,43.81,48.14,3.01,0.0,0.0,0.0,0.0,87.73,42.97,19.68,39.89,0.22,51.5,19.09,50.0,0.22,43.0,0.0,0.0,8.13,43.28,20.14,86.3,0.66,44.0,15.11,33.33,0.0,44.66,405.0
597,4,28,482,0.0,42.63,19.53,40.5,2.12,42.73,0.0,0.41,0.0,0.0,0.0,0.0,79.04,42.95,19.35,32.28,0.0,0.0,0.0,0.0,0.0,0.0,0.0,0.0,19.91,41.37,20.66,85.41,0.62,42.66,13.31,33.33,0.0,35.04,312.0
598,4,29,879,0.34,43.37,18.96,35.16,12.48,44.02,50.0,0.68,0.0,0.0,0.0,0.0,92.69,43.48,18.95,42.98,0.68,39.0,25.95,66.66,0.0,0.0,0.0,0.0,5.25,41.78,18.68,60.86,0.68,57.33,20.31,50.0,0.0,48.11,428.0
599,4,31,767,0.26,41.74,19.53,38.7,18.07,41.72,52.94,2.22,0.26,61.0,4.24,100.0,93.07,41.7,19.56,41.01,0.52,39.5,10.34,75.0,0.39,40.33,35.21,0.0,2.22,37.82,16.49,64.7,1.3,48.4,21.08,20.0,0.0,50.54,393.0
600,4,32,953,0.1,41.01,19.17,40.0,22.53,43.23,66.66,0.94,0.0,0.0,0.0,0.0,90.75,40.72,19.03,40.39,0.31,38.33,39.01,66.66,0.0,0.0,0.0,0.0,6.51,44.9,20.07,75.8,1.47,43.57,18.39,50.0,0.0,35.52,551.0
601,4,unclear,1380,0.5,41.92,14.43,40.88,12.27,46.3,56.0,1.82,0.0,0.0,0.0,0.0,93.88,41.97,14.56,44.53,0.5,37.71,7.43,71.42,0.14,40.0,5.65,0.0,2.84,40.23,12.31,92.3,0.8,41.81,11.25,54.54,,,
602,4,37,801,0.12,42.56,18.36,43.9,14.2,44.31,60.0,1.25,0.37,15.66,27.13,0.0,92.25,42.62,18.08,43.9,0.75,38.5,22.81,33.33,0.12,50.0,0.0,0.0,3.37,41.92,22.59,70.37,1.87,45.0,21.69,26.66,0.0,45.84,402.0
603,4,41,805,1.36,43.03,18.15,36.0,25.56,41.36,100.0,0.5,1.51,46.83,17.5,75.0,92.56,42.99,18.11,40.13,1.13,40.66,22.01,33.33,0.25,52.5,31.81,0.0,3.65,40.68,16.74,51.72,0.37,59.0,22.86,0.0,0.0,53.84,351.0
604,4,43,1064,1.31,41.17,18.61,38.26,15.97,40.97,36.66,2.85,0.66,38.14,22.27,28.57,91.04,41.26,18.66,41.0,0.76,33.37,20.24,62.5,0.09,27.0,0.0,100.0,2.85,37.9,17.31,53.33,1.61,45.76,18.46,23.52,0.0,32.57,500.0
605,4,46,996,0.3,44.84,19.29,32.33,17.62,43.77,50.0,1.2,0.0,0.0,0.0,0.0,92.84,44.93,19.26,42.29,0.7,38.14,25.88,71.42,0.0,0.0,0.0,0.0,4.02,45.42,19.53,77.5,1.2,52.16,15.91,33.33,0.0,40.96,529.0
606,4,47,938,0.31,44.74,19.4,36.77,18.26,43.81,33.33,0.96,0.96,24.22,15.77,22.22,92.4,44.97,19.27,43.05,0.32,41.33,12.5,100.0,0.42,34.75,26.0,0.0,4.17,45.28,19.51,71.79,0.74,60.28,18.52,14.28,0.0,48.06,382.0
607,4,49,906,0.0,44.43,17.66,38.62,9.44,41.05,75.0,0.88,0.22,32.5,13.43,50.0,95.8,44.55,17.63,41.47,0.11,23.0,0.0,0.0,0.11,33.0,0.0,0.0,1.54,37.64,14.61,28.57,1.32,51.83,24.9,8.33,0.0,32.63,537.0
608,4,51,807,0.74,44.14,17.44,52.16,19.93,41.26,66.66,0.74,0.12,0.0,0.0,100.0,95.25,44.15,17.37,41.28,0.87,33.28,6.67,42.85,0.0,0.0,0.0,0.0,1.49,43.0,18.35,25.0,1.49,50.16,19.42,16.66,0.0,50.09,483.0
609,4,53,916,0.1,42.91,19.55,33.5,21.33,44.21,60.0,1.09,0.21,14.0,19.79,50.0,94.53,42.8,19.45,42.77,0.32,38.33,17.92,100.0,0.1,38.0,0.0,0.0,2.73,49.84,19.53,80.0,0.98,51.44,22.19,55.55,0.0,32.64,493.0
610,4,59,820,0.6,40.93,16.16,42.61,16.02,23.41,19.04,2.57,1.34,37.27,18.9,27.27,90.06,40.55,16.0,23.02,0.98,46.37,28.1,25.0,0.49,52.0,8.83,0.0,1.1,52.55,16.78,77.77,3.43,43.5,15.54,21.42,0.0,24.49,284.0
611,4,60,359,0.27,39.86,16.27,24.0,5.65,42.33,0.0,0.55,0.0,0.0,0.0,0.0,93.85,39.49,15.85,42.26,1.11,39.5,8.22,25.0,0.0,0.0,0.0,0.0,2.79,41.8,26.41,40.0,1.67,57.83,12.52,66.66,0.0,38.73,187.0
612,4,unclear,920,0.65,42.69,13.83,37.06,13.91,42.71,26.66,1.64,0.0,0.0,0.0,0.0,94.85,42.68,13.84,41.98,0.76,41.14,15.66,85.71,0.32,50.0,15.71,0.0,1.53,47.78,14.25,78.57,0.87,45.62,11.16,50.0,,,
613,4,67,700,0.57,42.51,19.63,45.0,16.62,41.14,33.33,0.86,3.01,27.19,5.98,38.09,91.66,42.87,19.73,41.53,1.0,35.71,19.9,57.14,0.14,45.0,0.0,0.0,2.29,45.18,18.7,31.25,1.0,52.28,20.08,42.85,0.0,32.23,368.0
614,4,69,103,0.0,39.09,20.44,43.0,19.92,39.8,66.66,2.91,7.76,52.12,14.26,25.0,84.46,37.72,20.54,39.08,0.97,65.0,0.0,100.0,0.0,0.0,0.0,0.0,0.0,0.0,0.0,0.0,3.88,33.5,24.28,50.0,0.0,33.97,36.0
615,4,72,766,0.26,42.7,19.59,45.41,14.73,42.42,66.66,1.57,0.39,67.66,19.55,100.0,93.84,42.44,19.27,41.42,0.52,52.0,14.07,50.0,0.13,56.0,0.0,0.0,1.96,44.33,26.05,60.0,1.57,44.66,29.53,50.0,0.0,34.47,436.0
616,4,73,588,0.17,41.22,19.08,42.16,10.38,43.36,66.66,1.02,0.34,48.0,25.45,0.0,94.03,40.65,18.99,43.29,1.02,41.5,9.31,50.0,0.0,0.0,0.0,0.0,1.19,59.42,18.23,57.14,2.38,51.0,22.39,28.57,0.0,31.14,341.0
617,4,75,798,0.5,45.5,19.88,38.72,14.0,43.98,28.0,3.14,1.0,59.0,9.47,50.0,84.38,45.88,20.15,44.02,4.91,44.87,19.59,41.02,0.37,30.66,7.37,33.33,2.77,41.81,20.13,59.09,3.4,45.77,18.04,51.85,0.0,38.33,466.0
618,4,79,789,0.12,44.35,21.81,39.57,20.28,42.96,85.71,0.88,0.12,0.0,0.0,0.0,93.14,44.76,21.85,41.41,3.29,37.34,21.08,61.53,0.0,0.0,0.0,0.0,1.9,41.53,17.91,73.33,0.63,48.8,25.16,40.0,0.0,36.82,438.0
619,4,80,546,0.18,43.58,21.0,43.2,17.45,43.04,20.0,0.91,0.0,0.0,0.0,0.0,93.57,44.01,21.03,42.15,4.03,34.68,20.0,50.0,0.0,0.0,0.0,0.0,0.91,43.8,12.51,80.0,0.55,49.33,23.86,100.0,0.0,36.36,315.0
620,4,83,692,0.28,42.66,19.37,39.42,23.46,40.6,71.42,1.01,0.14,37.0,0.0,0.0,93.47,42.78,19.34,39.68,0.57,45.25,9.17,75.0,0.0,0.0,0.0,0.0,3.33,45.56,16.73,52.17,1.44,28.9,26.48,30.0,0.0,33.26,435.0
621,4,87,867,0.0,43.46,19.95,38.28,14.24,45.55,71.42,0.8,0.0,0.0,0.0,0.0,91.58,43.66,20.08,44.45,3.11,35.96,14.7,51.85,0.11,24.0,0.0,0.0,3.34,46.03,16.75,68.96,1.03,46.33,31.63,33.33,0.0,34.26,378.0
622,4,89,889,0.0,45.79,20.24,44.57,13.96,40.71,42.85,0.78,0.11,37.0,0.0,100.0,90.55,46.13,20.13,39.62,1.68,45.8,15.7,20.0,0.44,41.5,16.38,0.0,5.39,40.2,23.89,70.83,1.01,48.33,22.03,22.22,0.0,37.96,412.0
623,4,90,458,0.21,46.99,21.31,53.8,6.26,45.63,80.0,1.09,0.0,0.0,0.0,0.0,88.62,47.41,21.05,41.97,1.53,40.14,13.1,85.71,0.0,0.0,0.0,0.0,6.34,45.34,26.3,75.86,2.4,33.81,20.06,54.54,0.0,36.38,253.0
624,4,91,852,0.23,46.66,19.27,47.0,17.85,44.01,50.0,0.94,0.0,0.0,0.0,0.0,94.47,46.55,19.31,43.21,0.82,47.85,22.26,57.14,0.0,0.0,0.0,0.0,2.7,53.04,18.05,60.86,1.05,39.22,20.12,44.44,0.0,38.03,386.0
625,4,96,1016,0.0,46.44,19.74,29.46,22.47,44.58,30.76,1.27,0.09,34.0,0.0,0.0,93.79,46.67,19.45,44.49,1.27,37.0,17.96,53.84,0.29,53.33,16.5,33.33,2.75,50.46,23.22,53.57,0.49,45.8,34.78,40.0,0.0,35.45,492.0
626,4,101,729,0.0,45.57,20.36,57.55,18.88,43.89,66.66,1.23,0.0,0.0,0.0,0.0,92.45,45.56,20.64,42.28,0.82,40.33,11.29,33.33,0.0,0.0,0.0,0.0,3.84,43.75,16.59,75.0,1.64,44.08,14.95,50.0,0.0,31.35,384.0
627,4,102,621,0.0,45.24,20.07,50.72,27.05,43.31,18.18,1.77,0.16,36.0,0.0,100.0,91.94,45.02,20.14,42.9,1.12,40.0,13.9,57.14,0.0,0.0,0.0,0.0,3.38,45.8,18.75,61.9,1.61,55.2,12.24,40.0,0.0,37.65,259.0
628,4,103,889,0.56,43.16,20.21,36.0,14.91,44.2,33.33,2.37,0.0,0.0,0.0,0.0,89.93,43.46,20.37,43.52,0.67,45.5,9.37,50.0,0.45,12.0,24.0,50.0,5.2,43.45,19.36,65.21,1.35,42.75,18.79,25.0,0.0,39.06,363.0
629,4,107,989,0.0,44.83,20.28,40.17,16.16,44.59,52.17,2.32,0.2,35.0,16.97,50.0,89.78,45.03,20.32,42.68,1.41,35.42,19.96,57.14,0.1,76.0,0.0,0.0,4.14,46.58,20.96,73.17,2.02,43.8,20.68,55.0,0.0,50.64,363.0
630,4,108,676,0.0,48.08,19.62,38.6,18.16,45.26,40.0,0.73,0.0,0.0,0.0,0.0,90.68,48.39,19.47,44.04,1.92,39.15,10.49,61.53,0.29,30.0,2.82,0.0,4.43,45.26,24.86,70.0,1.92,55.61,18.09,38.46,0.0,58.32,305.0
631,4,110,955,0.2,46.29,20.24,49.7,24.37,43.97,30.0,2.09,0.2,17.0,24.04,50.0,90.87,46.4,20.05,42.49,0.2,33.0,9.89,100.0,0.1,0.0,0.0,100.0,5.56,46.37,21.25,69.81,0.94,42.0,19.93,33.33,0.0,38.34,449.0
632,4,112,613,0.16,44.51,21.03,38.66,11.93,43.71,66.66,0.49,0.32,32.5,10.6,50.0,91.83,45.06,21.19,42.17,1.63,43.6,19.36,70.0,0.16,20.0,0.0,100.0,3.75,36.86,21.61,65.21,1.79,40.63,13.34,36.36,0.0,36.07,287.0
633,4,113,996,0.2,43.47,19.33,31.5,17.97,43.77,38.88,1.81,0.2,57.0,1.41,50.0,93.76,43.59,19.31,43.13,0.6,42.0,20.94,50.0,0.3,37.33,16.16,0.0,1.4,53.35,19.7,71.42,1.91,42.21,19.44,63.15,0.0,29.46,488.0
634,4,114,717,0.55,40.52,18.44,37.25,16.63,42.39,39.18,44.74,0.98,52.0,12.3,57.14,52.31,42.96,19.77,44.23,0.42,33.0,5.29,0.0,0.56,38.0,7.34,100.0,0.7,44.2,13.57,60.0,0.28,59.0,8.48,50.0,0.0,42.91,333.0
635,4,unclear,1181,0.16,42.3,14.46,38.34,12.13,47.07,58.13,3.64,0.0,0.0,0.0,0.0,93.63,42.44,14.5,46.19,1.01,38.08,10.85,66.66,0.0,0.0,0.0,0.0,0.5,41.0,26.34,83.33,1.18,48.57,13.66,57.14,,,
636,4,117,1090,0.0,43.96,19.56,34.15,17.09,42.84,42.1,1.74,0.09,54.0,0.0,0.0,90.27,44.1,19.63,41.46,2.01,42.45,18.31,50.0,0.0,0.0,0.0,0.0,3.94,45.18,19.83,69.76,1.92,44.76,18.38,47.61,0.0,31.31,534.0
637,4,118,1014,0.09,45.96,20.75,37.77,20.85,44.28,50.0,1.77,0.0,0.0,0.0,0.0,91.01,46.53,20.9,43.05,2.46,38.32,12.86,44.0,0.0,0.0,0.0,0.0,3.75,40.15,20.14,71.05,0.98,47.0,16.28,40.0,0.0,38.65,454.0
638,4,121,914,2.51,38.25,16.11,37.17,14.67,48.9,44.64,6.28,0.67,40.0,7.72,50.0,83.5,38.13,16.77,49.32,2.13,35.26,8.89,73.68,0.56,45.8,19.09,0.0,3.14,39.92,15.3,42.85,3.7,38.63,10.6,45.45,0.0,31.58,389.0
639,4,123,763,0.52,42.22,18.77,39.42,14.31,44.16,42.85,0.92,0.52,40.0,20.8,100.0,94.46,42.11,18.67,44.49,0.39,46.0,16.52,66.66,0.52,53.5,14.29,0.0,1.31,41.0,25.35,40.0,1.84,39.64,19.95,28.57,0.0,34.39,415.0
640,4,128,929,0.32,41.41,20.38,36.0,21.74,42.84,66.66,0.97,0.0,0.0,0.0,0.0,95.14,41.5,20.44,42.33,0.53,37.6,10.26,80.0,0.21,41.5,12.02,0.0,2.69,40.15,20.49,52.0,0.43,34.5,25.68,25.0,0.0,34.25,512.0
641,4,131,744,0.13,45.42,22.56,40.14,11.3,43.27,57.14,0.94,0.13,47.0,0.0,0.0,91.79,45.34,22.77,41.78,2.01,38.86,16.03,60.0,0.26,67.0,14.14,0.0,4.17,49.0,21.08,67.74,0.67,47.6,33.85,40.0,0.0,35.41,435.0
642,4,133,538,0.0,44.98,20.78,0.0,0.0,42.93,0.0,0.0,0.0,0.0,0.0,0.0,90.33,45.55,20.62,42.79,7.24,39.97,18.76,35.89,0.18,77.0,0.0,100.0,1.48,36.62,24.34,62.5,0.74,33.25,39.94,75.0,0.0,39.0,261.0
643,4,134,572,0.0,46.5,21.94,67.5,21.54,43.35,25.0,0.69,0.34,56.5,17.67,100.0,91.08,46.88,22.23,42.99,5.06,36.51,14.56,51.72,0.0,0.0,0.0,0.0,2.27,39.0,11.59,46.15,0.52,75.0,16.64,0.0,0.0,37.69,312.0
644,4,135,679,0.0,44.2,21.1,37.77,8.98,42.56,55.55,1.32,0.0,0.0,0.0,0.0,93.81,44.33,21.3,42.22,1.32,43.44,24.28,55.55,0.0,0.0,0.0,0.0,2.94,45.2,19.06,50.0,0.58,34.75,11.38,0.0,0.0,36.42,382.0
645,4,136,797,0.25,43.17,20.42,46.5,27.53,43.03,40.0,1.25,0.0,0.0,0.0,0.0,91.44,43.57,20.44,42.77,3.77,31.86,15.61,56.66,0.12,28.0,0.0,0.0,2.01,40.31,20.68,56.25,1.38,47.72,16.73,9.09,0.0,37.49,408.0
646,4,137,717,0.27,42.75,20.54,36.87,22.32,43.79,37.5,1.11,0.13,24.0,0.0,100.0,91.6,42.79,20.62,43.2,1.81,37.84,14.62,61.53,0.0,0.0,0.0,0.0,4.75,43.02,20.23,50.0,0.55,66.5,20.22,25.0,0.0,35.92,387.0
647,4,138,891,0.0,43.68,20.19,43.4,20.37,43.54,26.66,1.68,0.0,0.0,0.0,0.0,93.04,43.77,20.21,42.94,1.01,34.22,12.31,44.44,0.0,0.0,0.0,0.0,3.59,44.31,20.11,71.87,0.67,41.83,30.07,16.66,0.0,35.1,496.0
648,4,140,502,0.0,43.01,19.97,36.0,15.16,42.23,50.0,0.79,0.0,0.0,0.0,0.0,97.01,43.0,20.02,41.88,0.79,52.5,19.29,75.0,0.0,0.0,0.0,0.0,1.19,41.83,22.37,50.0,0.19,48.0,0.0,0.0,0.0,37.25,273.0
649,4,143,779,0.12,42.58,19.31,41.66,26.89,41.84,16.66,0.77,0.0,0.0,0.0,0.0,94.34,42.41,19.19,41.14,0.64,41.0,12.48,40.0,0.0,0.0,0.0,0.0,3.59,45.25,22.75,57.14,0.64,51.0,15.37,80.0,0.0,35.93,460.0
650,4,144,871,0.22,42.17,19.38,36.33,31.5,41.79,33.33,0.34,0.0,0.0,0.0,0.0,95.16,42.23,19.49,40.87,0.8,45.85,20.2,85.71,0.0,0.0,0.0,0.0,2.64,37.6,15.52,60.86,1.03,47.55,17.36,33.33,0.0,38.61,517.0
651,4,146,830,0.6,43.07,18.77,36.28,18.9,42.28,57.14,0.84,0.0,0.0,0.0,0.0,91.27,43.29,18.61,40.5,0.84,33.85,9.37,71.42,0.12,52.0,0.0,0.0,5.45,43.31,23.06,62.22,1.45,44.0,14.5,58.33,0.0,34.02,467.0
652,4,148,904,0.22,43.08,19.72,32.69,22.89,42.14,46.15,1.44,0.11,55.0,0.0,100.0,93.79,43.48,19.45,41.6,0.88,30.25,21.41,62.5,0.0,0.0,0.0,0.0,2.88,44.42,17.56,53.84,0.88,30.25,33.94,12.5,0.0,34.06,514.0
653,4,149,934,0.42,43.7,18.51,43.77,13.43,44.11,77.77,0.96,3.97,38.08,17.7,40.54,87.41,43.67,18.41,42.31,0.32,43.0,17.52,66.66,0.43,52.75,12.68,25.0,5.8,45.96,22.37,70.37,1.07,47.2,12.42,30.0,0.0,35.54,538.0
654,4,151,1040,0.28,43.54,18.64,41.58,19.2,41.92,50.0,1.15,0.0,0.0,0.0,0.0,94.31,43.5,18.52,41.71,1.06,31.0,16.96,54.54,0.28,54.33,10.96,33.33,1.83,44.52,18.09,57.89,1.35,55.85,22.5,21.42,0.0,34.71,556.0
655,4,153,877,0.0,42.59,20.3,37.08,21.72,45.72,31.42,3.99,0.22,51.5,36.06,50.0,91.79,42.65,20.1,46.08,1.25,48.0,15.55,63.63,0.22,57.5,12.02,100.0,1.82,49.0,25.38,43.75,0.68,32.16,26.64,33.33,0.0,35.51,501.0
656,4,154,909,0.33,45.6,19.26,38.72,16.06,39.05,27.77,1.98,0.0,0.0,0.0,0.0,86.42,45.52,19.38,36.01,0.77,44.57,14.01,71.42,0.11,63.0,0.0,0.0,8.83,44.43,18.94,68.75,1.87,58.41,15.37,35.29,0.0,32.91,544.0
657,4,155,676,0.29,42.33,18.01,34.57,16.22,39.49,100.0,1.03,0.44,59.33,19.13,0.0,88.13,42.15,18.24,35.18,0.44,53.66,19.5,66.66,0.29,60.0,22.62,0.0,9.19,42.4,15.73,75.8,0.44,56.0,8.54,33.33,0.0,33.39,378.0
658,4,158,866,0.23,41.57,17.89,42.8,18.35,45.72,42.85,2.43,0.23,46.5,12.02,50.0,89.58,41.6,17.9,44.83,1.5,33.46,18.41,38.46,0.11,39.0,0.0,0.0,4.28,43.67,16.35,70.27,1.73,40.86,16.98,46.66,0.0,38.05,357.0
659,4,160,983,1.01,40.9,16.7,40.33,11.91,40.38,60.6,3.39,0.41,55.75,16.15,25.0,89.31,40.79,16.65,40.27,0.82,38.87,20.44,50.0,0.41,23.25,27.94,0.0,3.39,38.39,15.64,36.36,2.26,47.72,20.23,31.81,0.0,48.18,423.0
660,4,162,1146,0.43,43.72,17.68,39.77,13.71,43.28,50.94,4.64,0.52,51.0,15.27,83.33,85.45,43.69,17.77,40.61,0.87,42.5,17.45,30.0,0.0,0.0,0.0,0.0,7.8,45.59,17.99,69.66,0.7,42.12,22.17,25.0,0.0,31.74,484.0
661,4,164,816,0.49,43.21,17.95,43.0,0.0,40.07,0.0,0.12,0.24,50.0,2.82,50.0,90.14,43.32,17.86,38.52,0.73,43.66,13.72,33.33,0.12,35.0,0.0,100.0,7.51,43.73,18.65,57.37,1.1,25.11,21.53,33.33,0.0,34.66,468.0
662,4,165,848,0.35,40.4,17.82,42.44,17.02,41.62,77.77,1.06,0.23,0.0,0.0,50.0,87.21,40.46,17.92,35.95,1.06,40.88,11.28,66.66,0.35,48.0,11.53,0.0,9.58,39.9,17.69,88.88,0.47,42.5,6.95,25.0,0.0,38.37,481.0
663,4,172,823,0.24,43.42,20.15,35.81,15.92,43.86,36.36,1.33,0.24,57.5,13.43,100.0,94.76,43.25,20.1,43.83,0.48,35.25,24.75,50.0,0.12,54.0,0.0,0.0,2.19,49.61,20.37,50.0,0.85,50.57,27.48,42.85,0.0,35.8,346.0
664,4,174,1164,0.17,39.82,18.0,38.81,20.37,42.18,54.54,1.89,0.08,27.0,0.0,0.0,93.45,39.96,18.04,41.71,0.77,36.88,7.04,44.44,0.08,23.0,0.0,0.0,2.92,37.64,19.35,58.82,0.77,40.55,13.05,22.22,0.0,41.85,395.0
665,4,176,1090,0.09,44.31,19.58,41.3,14.14,41.1,30.0,1.83,0.09,34.0,0.0,0.0,92.56,44.15,19.6,40.47,0.82,43.55,15.19,77.77,0.18,37.0,52.32,50.0,2.75,47.26,18.58,66.66,1.74,52.0,23.52,31.57,0.0,33.33,525.0
666,4,177,944,0.21,44.21,20.43,35.8,14.49,45.33,46.15,2.76,0.0,0.0,0.0,0.0,90.87,44.26,20.55,44.39,1.06,46.1,18.05,60.0,0.0,0.0,0.0,0.0,4.03,44.86,19.86,71.05,1.16,53.72,24.57,18.18,0.0,27.99,385.0
667,4,178,512,0.78,43.64,18.31,38.5,19.59,41.79,33.33,1.18,0.0,0.0,0.0,0.0,90.94,43.38,18.2,41.34,0.59,49.33,16.01,66.66,0.78,59.0,15.01,25.0,5.31,42.11,18.23,51.85,1.18,60.0,24.13,50.0,0.0,36.71,271.0
668,4,181,814,0.12,44.99,20.18,51.75,22.89,43.85,75.0,0.49,0.0,0.0,0.0,0.0,82.41,45.06,20.18,36.11,0.61,36.0,9.92,20.0,0.0,0.0,0.0,0.0,16.11,44.74,20.69,83.96,0.36,44.66,16.16,33.33,0.0,47.17,455.0
669,4,186,688,0.87,40.78,20.03,31.94,18.23,40.4,26.31,2.78,0.0,0.0,0.0,0.0,89.73,40.46,19.82,40.52,0.29,39.5,0.7,100.0,1.31,47.11,18.93,11.11,3.37,41.04,20.93,56.52,2.49,53.0,25.12,29.41,0.0,60.55,376.0
670,4,187,748,0.13,44.17,18.98,36.6,24.85,42.24,20.0,0.66,1.33,47.2,17.09,50.0,93.57,43.82,18.95,41.63,1.07,47.12,18.56,87.5,0.0,0.0,0.0,0.0,2.4,51.16,18.74,50.0,0.93,58.57,19.49,42.85,0.0,57.33,324.0
671,4,190,862,0.23,46.42,19.56,28.5,20.24,41.29,25.0,0.46,0.0,0.0,0.0,0.0,87.79,46.91,19.65,36.15,0.11,64.0,0.0,0.0,0.11,78.0,0.0,100.0,10.34,41.89,17.08,83.14,1.16,57.7,18.81,50.0,0.0,34.79,480.0
672,4,191,715,0.13,43.93,21.33,58.5,30.16,41.53,75.0,0.56,0.14,73.0,0.0,100.0,84.31,43.2,21.76,34.38,0.28,35.0,1.41,50.0,0.14,54.0,0.0,0.0,14.28,46.95,17.73,83.33,0.28,54.0,33.94,0.0,0.0,33.48,430.0
673,4,192,573,0.34,44.85,19.29,42.0,12.4,42.05,75.0,0.7,0.17,40.0,0.0,100.0,90.01,45.13,19.19,37.93,0.17,0.0,0.0,100.0,0.17,52.0,0.0,100.0,8.23,42.17,20.97,80.85,0.52,50.66,13.05,33.33,0.0,38.38,307.0
674,4,unclear,1200,1.25,45.16,15.07,46.18,13.2,45.91,81.25,1.35,0.0,0.0,0.0,0.0,90.97,45.21,15.11,42.57,0.75,43.0,11.84,77.77,0.25,55.33,12.5,33.33,5.65,40.52,13.43,79.1,1.01,56.41,11.66,75.0,,,
675,4,3,0,0.0,0.0,0.0,0.0,0.0,0.0,0.0,0.0,0.0,0.0,0.0,0.0,0.0,0.0,0.0,0.0,0.0,0.0,0.0,0.0,0.0,0.0,0.0,0.0,0.0,0.0,0.0,0.0,0.0,0.0,0.0,0.0,0.0,0.0,0.0
676,4,5,0,0.0,0.0,0.0,0.0,0.0,0.0,0.0,0.0,0.0,0.0,0.0,0.0,0.0,0.0,0.0,0.0,0.0,0.0,0.0,0.0,0.0,0.0,0.0,0.0,0.0,0.0,0.0,0.0,0.0,0.0,0.0,0.0,0.0,0.0,0.0
677,4,6,0,0.0,0.0,0.0,0.0,0.0,0.0,0.0,0.0,0.0,0.0,0.0,0.0,0.0,0.0,0.0,0.0,0.0,0.0,0.0,0.0,0.0,0.0,0.0,0.0,0.0,0.0,0.0,0.0,0.0,0.0,0.0,0.0,0.0,0.0,0.0
678,4,8,0,0.0,0.0,0.0,0.0,0.0,0.0,0.0,0.0,0.0,0.0,0.0,0.0,0.0,0.0,0.0,0.0,0.0,0.0,0.0,0.0,0.0,0.0,0.0,0.0,0.0,0.0,0.0,0.0,0.0,0.0,0.0,0.0,0.0,0.0,0.0
679,4,17,0,0.0,0.0,0.0,0.0,0.0,0.0,0.0,0.0,0.0,0.0,0.0,0.0,0.0,0.0,0.0,0.0,0.0,0.0,0.0,0.0,0.0,0.0,0.0,0.0,0.0,0.0,0.0,0.0,0.0,0.0,0.0,0.0,0.0,0.0,0.0
680,4,19,856,0.23,41.44,19.51,33.66,19.03,41.7,50.0,0.7,0.11,27.0,0.0,0.0,92.38,41.37,19.55,40.05,0.35,30.33,3.21,66.66,0.11,42.0,0.0,0.0,4.8,42.39,16.76,80.48,1.52,48.46,28.0,15.38,0.0,0.0,448.0
681,4,20,0,0.0,0.0,0.0,0.0,0.0,0.0,0.0,0.0,0.0,0.0,0.0,0.0,0.0,0.0,0.0,0.0,0.0,0.0,0.0,0.0,0.0,0.0,0.0,0.0,0.0,0.0,0.0,0.0,0.0,0.0,0.0,0.0,0.0,0.0,0.0
682,4,23,0,0.0,0.0,0.0,0.0,0.0,0.0,0.0,0.0,0.0,0.0,0.0,0.0,0.0,0.0,0.0,0.0,0.0,0.0,0.0,0.0,0.0,0.0,0.0,0.0,0.0,0.0,0.0,0.0,0.0,0.0,0.0,0.0,0.0,0.0,0.0
683,4,26,0,0.0,0.0,0.0,0.0,0.0,0.0,0.0,0.0,0.0,0.0,0.0,0.0,0.0,0.0,0.0,0.0,0.0,0.0,0.0,0.0,0.0,0.0,0.0,0.0,0.0,0.0,0.0,0.0,0.0,0.0,0.0,0.0,0.0,0.0,0.0
684,4,27,0,0.0,0.0,0.0,0.0,0.0,0.0,0.0,0.0,0.0,0.0,0.0,0.0,0.0,0.0,0.0,0.0,0.0,0.0,0.0,0.0,0.0,0.0,0.0,0.0,0.0,0.0,0.0,0.0,0.0,0.0,0.0,0.0,0.0,0.0,0.0
685,4,30,775,0.38,40.98,18.46,38.21,21.17,41.54,57.89,2.46,0.0,0.0,0.0,0.0,91.83,41.21,18.45,41.32,1.03,28.0,14.94,75.0,0.0,0.0,0.0,0.0,3.23,39.08,15.59,36.0,1.42,44.27,22.6,18.18,0.0,0.0,316.0
686,4,34,0,0.0,0.0,0.0,0.0,0.0,0.0,0.0,0.0,0.0,0.0,0.0,0.0,0.0,0.0,0.0,0.0,0.0,0.0,0.0,0.0,0.0,0.0,0.0,0.0,0.0,0.0,0.0,0.0,0.0,0.0,0.0,0.0,0.0,0.0,0.0
687,4,38,659,0.3,41.05,18.71,28.0,19.27,41.12,50.0,0.6,0.0,0.0,0.0,0.0,94.06,41.12,18.87,40.93,1.06,37.85,19.3,57.14,0.15,40.0,0.0,0.0,2.43,39.25,14.78,50.0,1.67,47.0,14.02,36.36,0.0,0.0,334.0
688,4,39,873,0.22,42.34,18.96,38.46,22.09,45.58,46.15,1.49,0.68,43.16,10.66,50.0,88.86,41.97,18.65,43.79,0.8,40.28,11.71,57.14,0.22,29.5,13.43,0.0,5.28,49.43,22.56,80.43,2.64,46.73,20.11,30.43,0.0,0.0,437.0
689,4,40,0,0.0,0.0,0.0,0.0,0.0,0.0,0.0,0.0,0.0,0.0,0.0,0.0,0.0,0.0,0.0,0.0,0.0,0.0,0.0,0.0,0.0,0.0,0.0,0.0,0.0,0.0,0.0,0.0,0.0,0.0,0.0,0.0,0.0,0.0,0.0
690,4,42,0,0.0,0.0,0.0,0.0,0.0,0.0,0.0,0.0,0.0,0.0,0.0,0.0,0.0,0.0,0.0,0.0,0.0,0.0,0.0,0.0,0.0,0.0,0.0,0.0,0.0,0.0,0.0,0.0,0.0,0.0,0.0,0.0,0.0,0.0,0.0
691,4,44,848,0.23,43.62,19.15,42.55,11.53,43.63,44.44,1.06,0.94,46.0,19.72,62.5,90.42,43.42,19.24,41.56,0.35,40.33,4.16,66.66,0.11,36.0,0.0,0.0,5.55,45.21,19.81,78.72,1.53,48.92,17.75,23.07,0.0,0.0,446.0
692,4,45,0,0.0,0.0,0.0,0.0,0.0,0.0,0.0,0.0,0.0,0.0,0.0,0.0,0.0,0.0,0.0,0.0,0.0,0.0,0.0,0.0,0.0,0.0,0.0,0.0,0.0,0.0,0.0,0.0,0.0,0.0,0.0,0.0,0.0,0.0,0.0
693,4,48,0,0.0,0.0,0.0,0.0,0.0,0.0,0.0,0.0,0.0,0.0,0.0,0.0,0.0,0.0,0.0,0.0,0.0,0.0,0.0,0.0,0.0,0.0,0.0,0.0,0.0,0.0,0.0,0.0,0.0,0.0,0.0,0.0,0.0,0.0,0.0
694,4,50,797,0.12,45.18,18.99,29.8,7.36,41.53,60.0,0.62,0.12,46.0,0.0,0.0,95.47,45.33,18.94,41.57,0.37,34.0,11.26,100.0,0.12,52.0,0.0,0.0,1.75,46.5,18.08,42.85,1.5,43.33,27.28,16.66,0.0,0.0,462.0
695,4,52,0,0.0,0.0,0.0,0.0,0.0,0.0,0.0,0.0,0.0,0.0,0.0,0.0,0.0,0.0,0.0,0.0,0.0,0.0,0.0,0.0,0.0,0.0,0.0,0.0,0.0,0.0,0.0,0.0,0.0,0.0,0.0,0.0,0.0,0.0,0.0
696,4,54,0,0.0,0.0,0.0,0.0,0.0,0.0,0.0,0.0,0.0,0.0,0.0,0.0,0.0,0.0,0.0,0.0,0.0,0.0,0.0,0.0,0.0,0.0,0.0,0.0,0.0,0.0,0.0,0.0,0.0,0.0,0.0,0.0,0.0,0.0,0.0
697,4,55,0,0.0,0.0,0.0,0.0,0.0,0.0,0.0,0.0,0.0,0.0,0.0,0.0,0.0,0.0,0.0,0.0,0.0,0.0,0.0,0.0,0.0,0.0,0.0,0.0,0.0,0.0,0.0,0.0,0.0,0.0,0.0,0.0,0.0,0.0,0.0
698,4,56,0,0.0,0.0,0.0,0.0,0.0,0.0,0.0,0.0,0.0,0.0,0.0,0.0,0.0,0.0,0.0,0.0,0.0,0.0,0.0,0.0,0.0,0.0,0.0,0.0,0.0,0.0,0.0,0.0,0.0,0.0,0.0,0.0,0.0,0.0,0.0
699,4,57,0,0.0,0.0,0.0,0.0,0.0,0.0,0.0,0.0,0.0,0.0,0.0,0.0,0.0,0.0,0.0,0.0,0.0,0.0,0.0,0.0,0.0,0.0,0.0,0.0,0.0,0.0,0.0,0.0,0.0,0.0,0.0,0.0,0.0,0.0,0.0
700,4,58,0,0.0,0.0,0.0,0.0,0.0,0.0,0.0,0.0,0.0,0.0,0.0,0.0,0.0,0.0,0.0,0.0,0.0,0.0,0.0,0.0,0.0,0.0,0.0,0.0,0.0,0.0,0.0,0.0,0.0,0.0,0.0,0.0,0.0,0.0,0.0
701,4,61,0,0.0,0.0,0.0,0.0,0.0,0.0,0.0,0.0,0.0,0.0,0.0,0.0,0.0,0.0,0.0,0.0,0.0,0.0,0.0,0.0,0.0,0.0,0.0,0.0,0.0,0.0,0.0,0.0,0.0,0.0,0.0,0.0,0.0,0.0,0.0
702,4,64,0,0.0,0.0,0.0,0.0,0.0,0.0,0.0,0.0,0.0,0.0,0.0,0.0,0.0,0.0,0.0,0.0,0.0,0.0,0.0,0.0,0.0,0.0,0.0,0.0,0.0,0.0,0.0,0.0,0.0,0.0,0.0,0.0,0.0,0.0,0.0
703,4,65,0,0.0,0.0,0.0,0.0,0.0,0.0,0.0,0.0,0.0,0.0,0.0,0.0,0.0,0.0,0.0,0.0,0.0,0.0,0.0,0.0,0.0,0.0,0.0,0.0,0.0,0.0,0.0,0.0,0.0,0.0,0.0,0.0,0.0,0.0,0.0
704,4,66,0,0.0,0.0,0.0,0.0,0.0,0.0,0.0,0.0,0.0,0.0,0.0,0.0,0.0,0.0,0.0,0.0,0.0,0.0,0.0,0.0,0.0,0.0,0.0,0.0,0.0,0.0,0.0,0.0,0.0,0.0,0.0,0.0,0.0,0.0,0.0
705,4,68,0,0.0,0.0,0.0,0.0,0.0,0.0,0.0,0.0,0.0,0.0,0.0,0.0,0.0,0.0,0.0,0.0,0.0,0.0,0.0,0.0,0.0,0.0,0.0,0.0,0.0,0.0,0.0,0.0,0.0,0.0,0.0,0.0,0.0,0.0,0.0
706,4,70,0,0.0,0.0,0.0,0.0,0.0,0.0,0.0,0.0,0.0,0.0,0.0,0.0,0.0,0.0,0.0,0.0,0.0,0.0,0.0,0.0,0.0,0.0,0.0,0.0,0.0,0.0,0.0,0.0,0.0,0.0,0.0,0.0,0.0,0.0,0.0
707,4,71,0,0.0,0.0,0.0,0.0,0.0,0.0,0.0,0.0,0.0,0.0,0.0,0.0,0.0,0.0,0.0,0.0,0.0,0.0,0.0,0.0,0.0,0.0,0.0,0.0,0.0,0.0,0.0,0.0,0.0,0.0,0.0,0.0,0.0,0.0,0.0
708,4,74,0,0.0,0.0,0.0,0.0,0.0,0.0,0.0,0.0,0.0,0.0,0.0,0.0,0.0,0.0,0.0,0.0,0.0,0.0,0.0,0.0,0.0,0.0,0.0,0.0,0.0,0.0,0.0,0.0,0.0,0.0,0.0,0.0,0.0,0.0,0.0
709,4,76,0,0.0,0.0,0.0,0.0,0.0,0.0,0.0,0.0,0.0,0.0,0.0,0.0,0.0,0.0,0.0,0.0,0.0,0.0,0.0,0.0,0.0,0.0,0.0,0.0,0.0,0.0,0.0,0.0,0.0,0.0,0.0,0.0,0.0,0.0,0.0
710,4,77,0,0.0,0.0,0.0,0.0,0.0,0.0,0.0,0.0,0.0,0.0,0.0,0.0,0.0,0.0,0.0,0.0,0.0,0.0,0.0,0.0,0.0,0.0,0.0,0.0,0.0,0.0,0.0,0.0,0.0,0.0,0.0,0.0,0.0,0.0,0.0
711,4,78,0,0.0,0.0,0.0,0.0,0.0,0.0,0.0,0.0,0.0,0.0,0.0,0.0,0.0,0.0,0.0,0.0,0.0,0.0,0.0,0.0,0.0,0.0,0.0,0.0,0.0,0.0,0.0,0.0,0.0,0.0,0.0,0.0,0.0,0.0,0.0
712,4,81,0,0.0,0.0,0.0,0.0,0.0,0.0,0.0,0.0,0.0,0.0,0.0,0.0,0.0,0.0,0.0,0.0,0.0,0.0,0.0,0.0,0.0,0.0,0.0,0.0,0.0,0.0,0.0,0.0,0.0,0.0,0.0,0.0,0.0,0.0,0.0
713,4,82,0,0.0,0.0,0.0,0.0,0.0,0.0,0.0,0.0,0.0,0.0,0.0,0.0,0.0,0.0,0.0,0.0,0.0,0.0,0.0,0.0,0.0,0.0,0.0,0.0,0.0,0.0,0.0,0.0,0.0,0.0,0.0,0.0,0.0,0.0,0.0
714,4,84,0,0.0,0.0,0.0,0.0,0.0,0.0,0.0,0.0,0.0,0.0,0.0,0.0,0.0,0.0,0.0,0.0,0.0,0.0,0.0,0.0,0.0,0.0,0.0,0.0,0.0,0.0,0.0,0.0,0.0,0.0,0.0,0.0,0.0,0.0,0.0
715,4,85,0,0.0,0.0,0.0,0.0,0.0,0.0,0.0,0.0,0.0,0.0,0.0,0.0,0.0,0.0,0.0,0.0,0.0,0.0,0.0,0.0,0.0,0.0,0.0,0.0,0.0,0.0,0.0,0.0,0.0,0.0,0.0,0.0,0.0,0.0,0.0
716,4,86,0,0.0,0.0,0.0,0.0,0.0,0.0,0.0,0.0,0.0,0.0,0.0,0.0,0.0,0.0,0.0,0.0,0.0,0.0,0.0,0.0,0.0,0.0,0.0,0.0,0.0,0.0,0.0,0.0,0.0,0.0,0.0,0.0,0.0,0.0,0.0
717,4,88,0,0.0,0.0,0.0,0.0,0.0,0.0,0.0,0.0,0.0,0.0,0.0,0.0,0.0,0.0,0.0,0.0,0.0,0.0,0.0,0.0,0.0,0.0,0.0,0.0,0.0,0.0,0.0,0.0,0.0,0.0,0.0,0.0,0.0,0.0,0.0
718,4,92,0,0.0,0.0,0.0,0.0,0.0,0.0,0.0,0.0,0.0,0.0,0.0,0.0,0.0,0.0,0.0,0.0,0.0,0.0,0.0,0.0,0.0,0.0,0.0,0.0,0.0,0.0,0.0,0.0,0.0,0.0,0.0,0.0,0.0,0.0,0.0
719,4,93,0,0.0,0.0,0.0,0.0,0.0,0.0,0.0,0.0,0.0,0.0,0.0,0.0,0.0,0.0,0.0,0.0,0.0,0.0,0.0,0.0,0.0,0.0,0.0,0.0,0.0,0.0,0.0,0.0,0.0,0.0,0.0,0.0,0.0,0.0,0.0
720,4,94,0,0.0,0.0,0.0,0.0,0.0,0.0,0.0,0.0,0.0,0.0,0.0,0.0,0.0,0.0,0.0,0.0,0.0,0.0,0.0,0.0,0.0,0.0,0.0,0.0,0.0,0.0,0.0,0.0,0.0,0.0,0.0,0.0,0.0,0.0,0.0
721,4,95,0,0.0,0.0,0.0,0.0,0.0,0.0,0.0,0.0,0.0,0.0,0.0,0.0,0.0,0.0,0.0,0.0,0.0,0.0,0.0,0.0,0.0,0.0,0.0,0.0,0.0,0.0,0.0,0.0,0.0,0.0,0.0,0.0,0.0,0.0,0.0
722,4,97,0,0.0,0.0,0.0,0.0,0.0,0.0,0.0,0.0,0.0,0.0,0.0,0.0,0.0,0.0,0.0,0.0,0.0,0.0,0.0,0.0,0.0,0.0,0.0,0.0,0.0,0.0,0.0,0.0,0.0,0.0,0.0,0.0,0.0,0.0,0.0
723,4,98,0,0.0,0.0,0.0,0.0,0.0,0.0,0.0,0.0,0.0,0.0,0.0,0.0,0.0,0.0,0.0,0.0,0.0,0.0,0.0,0.0,0.0,0.0,0.0,0.0,0.0,0.0,0.0,0.0,0.0,0.0,0.0,0.0,0.0,0.0,0.0
724,4,99,0,0.0,0.0,0.0,0.0,0.0,0.0,0.0,0.0,0.0,0.0,0.0,0.0,0.0,0.0,0.0,0.0,0.0,0.0,0.0,0.0,0.0,0.0,0.0,0.0,0.0,0.0,0.0,0.0,0.0,0.0,0.0,0.0,0.0,0.0,0.0
725,4,100,0,0.0,0.0,0.0,0.0,0.0,0.0,0.0,0.0,0.0,0.0,0.0,0.0,0.0,0.0,0.0,0.0,0.0,0.0,0.0,0.0,0.0,0.0,0.0,0.0,0.0,0.0,0.0,0.0,0.0,0.0,0.0,0.0,0.0,0.0,0.0
726,4,104,0,0.0,0.0,0.0,0.0,0.0,0.0,0.0,0.0,0.0,0.0,0.0,0.0,0.0,0.0,0.0,0.0,0.0,0.0,0.0,0.0,0.0,0.0,0.0,0.0,0.0,0.0,0.0,0.0,0.0,0.0,0.0,0.0,0.0,0.0,0.0
727,4,105,1008,0.59,42.93,18.89,40.4,21.27,44.84,35.0,1.99,0.19,54.0,16.97,0.0,93.51,42.87,18.9,45.46,1.59,38.81,14.26,50.0,0.09,72.0,0.0,0.0,2.09,42.33,16.43,38.09,0.49,60.8,19.09,0.0,0.0,0.0,475.0
728,4,106,0,0.0,0.0,0.0,0.0,0.0,0.0,0.0,0.0,0.0,0.0,0.0,0.0,0.0,0.0,0.0,0.0,0.0,0.0,0.0,0.0,0.0,0.0,0.0,0.0,0.0,0.0,0.0,0.0,0.0,0.0,0.0,0.0,0.0,0.0,0.0
729,4,109,0,0.0,0.0,0.0,0.0,0.0,0.0,0.0,0.0,0.0,0.0,0.0,0.0,0.0,0.0,0.0,0.0,0.0,0.0,0.0,0.0,0.0,0.0,0.0,0.0,0.0,0.0,0.0,0.0,0.0,0.0,0.0,0.0,0.0,0.0,0.0
730,4,111,0,0.0,0.0,0.0,0.0,0.0,0.0,0.0,0.0,0.0,0.0,0.0,0.0,0.0,0.0,0.0,0.0,0.0,0.0,0.0,0.0,0.0,0.0,0.0,0.0,0.0,0.0,0.0,0.0,0.0,0.0,0.0,0.0,0.0,0.0,0.0
731,4,119,0,0.0,0.0,0.0,0.0,0.0,0.0,0.0,0.0,0.0,0.0,0.0,0.0,0.0,0.0,0.0,0.0,0.0,0.0,0.0,0.0,0.0,0.0,0.0,0.0,0.0,0.0,0.0,0.0,0.0,0.0,0.0,0.0,0.0,0.0,0.0
732,4,120,0,0.0,0.0,0.0,0.0,0.0,0.0,0.0,0.0,0.0,0.0,0.0,0.0,0.0,0.0,0.0,0.0,0.0,0.0,0.0,0.0,0.0,0.0,0.0,0.0,0.0,0.0,0.0,0.0,0.0,0.0,0.0,0.0,0.0,0.0,0.0
733,4,122,0,0.0,0.0,0.0,0.0,0.0,0.0,0.0,0.0,0.0,0.0,0.0,0.0,0.0,0.0,0.0,0.0,0.0,0.0,0.0,0.0,0.0,0.0,0.0,0.0,0.0,0.0,0.0,0.0,0.0,0.0,0.0,0.0,0.0,0.0,0.0
734,4,124,0,0.0,0.0,0.0,0.0,0.0,0.0,0.0,0.0,0.0,0.0,0.0,0.0,0.0,0.0,0.0,0.0,0.0,0.0,0.0,0.0,0.0,0.0,0.0,0.0,0.0,0.0,0.0,0.0,0.0,0.0,0.0,0.0,0.0,0.0,0.0
735,4,125,0,0.0,0.0,0.0,0.0,0.0,0.0,0.0,0.0,0.0,0.0,0.0,0.0,0.0,0.0,0.0,0.0,0.0,0.0,0.0,0.0,0.0,0.0,0.0,0.0,0.0,0.0,0.0,0.0,0.0,0.0,0.0,0.0,0.0,0.0,0.0
736,4,126,0,0.0,0.0,0.0,0.0,0.0,0.0,0.0,0.0,0.0,0.0,0.0,0.0,0.0,0.0,0.0,0.0,0.0,0.0,0.0,0.0,0.0,0.0,0.0,0.0,0.0,0.0,0.0,0.0,0.0,0.0,0.0,0.0,0.0,0.0,0.0
737,4,129,0,0.0,0.0,0.0,0.0,0.0,0.0,0.0,0.0,0.0,0.0,0.0,0.0,0.0,0.0,0.0,0.0,0.0,0.0,0.0,0.0,0.0,0.0,0.0,0.0,0.0,0.0,0.0,0.0,0.0,0.0,0.0,0.0,0.0,0.0,0.0
738,4,130,0,0.0,0.0,0.0,0.0,0.0,0.0,0.0,0.0,0.0,0.0,0.0,0.0,0.0,0.0,0.0,0.0,0.0,0.0,0.0,0.0,0.0,0.0,0.0,0.0,0.0,0.0,0.0,0.0,0.0,0.0,0.0,0.0,0.0,0.0,0.0
739,4,132,0,0.0,0.0,0.0,0.0,0.0,0.0,0.0,0.0,0.0,0.0,0.0,0.0,0.0,0.0,0.0,0.0,0.0,0.0,0.0,0.0,0.0,0.0,0.0,0.0,0.0,0.0,0.0,0.0,0.0,0.0,0.0,0.0,0.0,0.0,0.0
740,4,139,0,0.0,0.0,0.0,0.0,0.0,0.0,0.0,0.0,0.0,0.0,0.0,0.0,0.0,0.0,0.0,0.0,0.0,0.0,0.0,0.0,0.0,0.0,0.0,0.0,0.0,0.0,0.0,0.0,0.0,0.0,0.0,0.0,0.0,0.0,0.0
741,4,141,0,0.0,0.0,0.0,0.0,0.0,0.0,0.0,0.0,0.0,0.0,0.0,0.0,0.0,0.0,0.0,0.0,0.0,0.0,0.0,0.0,0.0,0.0,0.0,0.0,0.0,0.0,0.0,0.0,0.0,0.0,0.0,0.0,0.0,0.0,0.0
742,4,142,0,0.0,0.0,0.0,0.0,0.0,0.0,0.0,0.0,0.0,0.0,0.0,0.0,0.0,0.0,0.0,0.0,0.0,0.0,0.0,0.0,0.0,0.0,0.0,0.0,0.0,0.0,0.0,0.0,0.0,0.0,0.0,0.0,0.0,0.0,0.0
743,4,145,0,0.0,0.0,0.0,0.0,0.0,0.0,0.0,0.0,0.0,0.0,0.0,0.0,0.0,0.0,0.0,0.0,0.0,0.0,0.0,0.0,0.0,0.0,0.0,0.0,0.0,0.0,0.0,0.0,0.0,0.0,0.0,0.0,0.0,0.0,0.0
744,4,147,0,0.0,0.0,0.0,0.0,0.0,0.0,0.0,0.0,0.0,0.0,0.0,0.0,0.0,0.0,0.0,0.0,0.0,0.0,0.0,0.0,0.0,0.0,0.0,0.0,0.0,0.0,0.0,0.0,0.0,0.0,0.0,0.0,0.0,0.0,0.0
745,4,150,0,0.0,0.0,0.0,0.0,0.0,0.0,0.0,0.0,0.0,0.0,0.0,0.0,0.0,0.0,0.0,0.0,0.0,0.0,0.0,0.0,0.0,0.0,0.0,0.0,0.0,0.0,0.0,0.0,0.0,0.0,0.0,0.0,0.0,0.0,0.0
746,4,152,0,0.0,0.0,0.0,0.0,0.0,0.0,0.0,0.0,0.0,0.0,0.0,0.0,0.0,0.0,0.0,0.0,0.0,0.0,0.0,0.0,0.0,0.0,0.0,0.0,0.0,0.0,0.0,0.0,0.0,0.0,0.0,0.0,0.0,0.0,0.0
747,4,156,0,0.0,0.0,0.0,0.0,0.0,0.0,0.0,0.0,0.0,0.0,0.0,0.0,0.0,0.0,0.0,0.0,0.0,0.0,0.0,0.0,0.0,0.0,0.0,0.0,0.0,0.0,0.0,0.0,0.0,0.0,0.0,0.0,0.0,0.0,0.0
748,4,157,0,0.0,0.0,0.0,0.0,0.0,0.0,0.0,0.0,0.0,0.0,0.0,0.0,0.0,0.0,0.0,0.0,0.0,0.0,0.0,0.0,0.0,0.0,0.0,0.0,0.0,0.0,0.0,0.0,0.0,0.0,0.0,0.0,0.0,0.0,0.0
749,4,159,0,0.0,0.0,0.0,0.0,0.0,0.0,0.0,0.0,0.0,0.0,0.0,0.0,0.0,0.0,0.0,0.0,0.0,0.0,0.0,0.0,0.0,0.0,0.0,0.0,0.0,0.0,0.0,0.0,0.0,0.0,0.0,0.0,0.0,0.0,0.0
750,4,161,0,0.0,0.0,0.0,0.0,0.0,0.0,0.0,0.0,0.0,0.0,0.0,0.0,0.0,0.0,0.0,0.0,0.0,0.0,0.0,0.0,0.0,0.0,0.0,0.0,0.0,0.0,0.0,0.0,0.0,0.0,0.0,0.0,0.0,0.0,0.0
751,4,163,0,0.0,0.0,0.0,0.0,0.0,0.0,0.0,0.0,0.0,0.0,0.0,0.0,0.0,0.0,0.0,0.0,0.0,0.0,0.0,0.0,0.0,0.0,0.0,0.0,0.0,0.0,0.0,0.0,0.0,0.0,0.0,0.0,0.0,0.0,0.0
752,4,166,0,0.0,0.0,0.0,0.0,0.0,0.0,0.0,0.0,0.0,0.0,0.0,0.0,0.0,0.0,0.0,0.0,0.0,0.0,0.0,0.0,0.0,0.0,0.0,0.0,0.0,0.0,0.0,0.0,0.0,0.0,0.0,0.0,0.0,0.0,0.0
753,4,167,0,0.0,0.0,0.0,0.0,0.0,0.0,0.0,0.0,0.0,0.0,0.0,0.0,0.0,0.0,0.0,0.0,0.0,0.0,0.0,0.0,0.0,0.0,0.0,0.0,0.0,0.0,0.0,0.0,0.0,0.0,0.0,0.0,0.0,0.0,0.0
754,4,168,0,0.0,0.0,0.0,0.0,0.0,0.0,0.0,0.0,0.0,0.0,0.0,0.0,0.0,0.0,0.0,0.0,0.0,0.0,0.0,0.0,0.0,0.0,0.0,0.0,0.0,0.0,0.0,0.0,0.0,0.0,0.0,0.0,0.0,0.0,0.0
755,4,169,0,0.0,0.0,0.0,0.0,0.0,0.0,0.0,0.0,0.0,0.0,0.0,0.0,0.0,0.0,0.0,0.0,0.0,0.0,0.0,0.0,0.0,0.0,0.0,0.0,0.0,0.0,0.0,0.0,0.0,0.0,0.0,0.0,0.0,0.0,0.0
756,4,170,0,0.0,0.0,0.0,0.0,0.0,0.0,0.0,0.0,0.0,0.0,0.0,0.0,0.0,0.0,0.0,0.0,0.0,0.0,0.0,0.0,0.0,0.0,0.0,0.0,0.0,0.0,0.0,0.0,0.0,0.0,0.0,0.0,0.0,0.0,0.0
757,4,171,0,0.0,0.0,0.0,0.0,0.0,0.0,0.0,0.0,0.0,0.0,0.0,0.0,0.0,0.0,0.0,0.0,0.0,0.0,0.0,0.0,0.0,0.0,0.0,0.0,0.0,0.0,0.0,0.0,0.0,0.0,0.0,0.0,0.0,0.0,0.0
758,4,173,0,0.0,0.0,0.0,0.0,0.0,0.0,0.0,0.0,0.0,0.0,0.0,0.0,0.0,0.0,0.0,0.0,0.0,0.0,0.0,0.0,0.0,0.0,0.0,0.0,0.0,0.0,0.0,0.0,0.0,0.0,0.0,0.0,0.0,0.0,0.0
759,4,175,1020,0.19,41.66,17.53,42.0,16.45,43.92,38.88,1.76,0.49,44.6,14.13,20.0,92.43,41.95,17.28,43.88,0.88,43.77,23.98,44.44,0.0,0.0,0.0,0.0,3.43,33.77,16.84,48.57,0.98,43.0,31.12,40.0,0.0,0.0,403.0
760,4,179,0,0.0,0.0,0.0,0.0,0.0,0.0,0.0,0.0,0.0,0.0,0.0,0.0,0.0,0.0,0.0,0.0,0.0,0.0,0.0,0.0,0.0,0.0,0.0,0.0,0.0,0.0,0.0,0.0,0.0,0.0,0.0,0.0,0.0,0.0,0.0
761,4,180,0,0.0,0.0,0.0,0.0,0.0,0.0,0.0,0.0,0.0,0.0,0.0,0.0,0.0,0.0,0.0,0.0,0.0,0.0,0.0,0.0,0.0,0.0,0.0,0.0,0.0,0.0,0.0,0.0,0.0,0.0,0.0,0.0,0.0,0.0,0.0
762,4,182,663,0.0,42.09,17.18,39.85,20.65,42.23,42.85,1.05,0.6,25.25,19.85,0.0,93.96,42.09,17.2,41.73,0.75,38.6,14.09,80.0,0.3,42.0,7.07,0.0,2.86,47.78,16.26,63.15,0.45,40.33,9.29,33.33,0.0,0.0,285.0
763,4,183,0,0.0,0.0,0.0,0.0,0.0,0.0,0.0,0.0,0.0,0.0,0.0,0.0,0.0,0.0,0.0,0.0,0.0,0.0,0.0,0.0,0.0,0.0,0.0,0.0,0.0,0.0,0.0,0.0,0.0,0.0,0.0,0.0,0.0,0.0,0.0
764,4,184,0,0.0,0.0,0.0,0.0,0.0,0.0,0.0,0.0,0.0,0.0,0.0,0.0,0.0,0.0,0.0,0.0,0.0,0.0,0.0,0.0,0.0,0.0,0.0,0.0,0.0,0.0,0.0,0.0,0.0,0.0,0.0,0.0,0.0,0.0,0.0
765,4,185,995,0.2,41.67,19.49,46.2,21.91,41.6,41.66,2.41,0.1,86.0,0.0,100.0,91.33,41.34,19.42,40.68,0.6,41.5,12.29,66.66,0.2,18.5,26.16,0.0,3.42,41.88,15.91,70.58,1.91,51.26,18.42,26.31,0.0,0.0,417.0
766,4,188,0,0.0,0.0,0.0,0.0,0.0,0.0,0.0,0.0,0.0,0.0,0.0,0.0,0.0,0.0,0.0,0.0,0.0,0.0,0.0,0.0,0.0,0.0,0.0,0.0,0.0,0.0,0.0,0.0,0.0,0.0,0.0,0.0,0.0,0.0,0.0
767,4,189,0,0.0,0.0,0.0,0.0,0.0,0.0,0.0,0.0,0.0,0.0,0.0,0.0,0.0,0.0,0.0,0.0,0.0,0.0,0.0,0.0,0.0,0.0,0.0,0.0,0.0,0.0,0.0,0.0,0.0,0.0,0.0,0.0,0.0,0.0,0.0
768,5,7,683,0.14,41.32,16.51,24.16,12.76,41.14,33.33,0.87,0.14,33.0,0.0,100.0,91.78,41.43,16.59,39.77,0.29,62.5,9.19,100.0,0.43,45.33,10.78,0.0,5.13,41.97,16.31,65.71,1.31,38.11,8.75,33.33,0.0,27.95,415.0
769,5,13,736,0.27,43.24,17.7,30.25,22.41,41.71,50.0,1.08,0.13,0.0,0.0,100.0,88.14,43.47,17.62,37.86,0.4,42.66,12.05,100.0,0.0,0.0,0.0,0.0,9.12,42.55,16.91,73.13,1.08,45.87,22.14,37.5,0.0,38.09,445.0
770,5,15,653,0.3,42.39,17.57,31.0,2.82,41.19,100.0,0.3,0.0,0.0,0.0,0.0,89.86,42.13,17.81,37.77,0.15,37.0,0.0,0.0,0.15,52.0,0.0,100.0,8.75,44.08,14.65,75.43,0.76,58.2,22.39,20.0,0.0,54.33,363.0
771,5,17,510,0.19,44.93,18.95,54.42,23.63,38.03,42.85,1.37,0.19,46.0,0.0,100.0,90.56,44.31,19.02,35.57,0.19,48.0,0.0,100.0,0.0,0.0,0.0,0.0,6.67,49.38,16.63,67.64,0.98,60.4,16.41,40.0,0.0,53.38,318.0
772,5,23,1232,0.16,39.8,17.94,43.21,16.33,43.34,21.73,1.86,0.08,22.0,0.0,0.0,90.81,39.82,17.94,41.18,0.73,33.66,14.0,66.66,0.16,53.0,36.76,50.0,5.77,39.25,18.49,83.09,0.56,41.28,13.53,28.57,0.0,21.57,608.0
773,5,24,1271,0.07,43.25,18.83,49.28,21.18,42.64,44.0,1.96,0.23,46.33,1.52,33.33,89.29,42.84,18.77,40.65,0.94,41.75,11.59,58.33,0.15,43.5,0.7,50.0,5.9,45.24,18.73,70.66,1.49,50.57,23.43,36.84,0.0,26.01,719.0
774,5,27,1093,0.45,42.09,18.68,43.29,17.51,40.8,55.55,2.48,0.27,37.33,19.73,66.66,90.34,41.93,18.6,39.47,0.73,39.0,28.17,75.0,0.09,53.0,0.0,0.0,4.5,42.65,17.21,61.22,1.56,46.05,20.98,23.52,0.0,20.73,553.0
775,5,29,1129,0.53,42.77,18.9,37.77,18.07,41.0,33.33,0.8,0.08,74.0,0.0,100.0,90.65,42.66,18.99,38.11,0.44,35.6,10.08,60.0,0.08,0.0,0.0,0.0,6.94,43.89,16.14,80.76,0.89,52.6,23.46,30.0,0.0,20.99,676.0
776,5,50,880,0.34,44.38,18.93,40.66,23.0,45.56,33.33,2.05,0.0,0.0,0.0,0.0,91.67,44.26,18.84,44.9,0.34,42.0,6.24,33.33,0.11,32.0,0.0,0.0,4.67,47.87,19.99,73.17,1.14,47.2,19.54,10.0,0.0,51.88,427.0
777,5,58,1328,0.37,41.62,19.45,42.43,20.79,43.67,53.33,2.26,0.3,41.75,14.93,25.0,90.02,41.58,19.23,41.39,0.37,33.79,10.13,80.0,0.0,0.0,0.0,0.0,6.12,40.46,22.51,75.3,0.9,47.5,21.3,25.0,0.0,35.18,517.0
778,5,64,917,0.21,49.24,19.74,39.88,16.22,43.83,33.33,0.98,0.1,20.0,0.0,0.0,92.13,49.66,19.67,41.63,0.32,32.33,29.56,66.66,0.32,40.66,22.03,33.33,4.91,47.24,19.83,80.0,1.2,47.18,19.1,72.72,0.0,30.79,529.0
779,5,67,1043,0.19,44.5,21.16,39.0,0.0,43.33,0.0,0.09,0.28,41.66,14.57,33.33,88.76,44.15,21.19,38.96,0.0,0.0,0.0,0.0,0.0,0.0,0.0,0.0,10.27,47.22,20.81,84.11,0.57,49.16,22.34,16.66,0.0,18.19,625.0
780,5,75,1183,0.08,43.24,19.39,40.0,10.83,43.36,71.42,0.59,0.25,30.0,27.18,33.33,92.72,43.37,19.26,40.87,0.16,20.0,28.28,50.0,0.0,0.0,0.0,0.0,5.24,41.58,22.13,82.25,1.01,50.25,15.63,50.0,0.0,25.31,684.0
781,5,76,1248,0.16,46.26,21.1,43.0,20.82,45.35,50.0,1.44,0.32,24.25,33.04,50.0,88.04,46.55,21.08,43.02,2.0,38.15,19.63,44.0,0.0,0.0,0.0,0.0,6.17,46.75,19.09,71.42,2.0,46.28,23.24,68.0,0.0,26.88,608.0
782,5,78,817,0.0,42.99,20.05,48.83,25.64,41.0,50.0,0.73,0.36,29.33,2.51,0.0,94.36,42.89,20.13,40.85,1.1,43.77,20.54,77.77,0.24,49.0,9.89,0.0,2.57,45.52,17.31,47.61,0.61,44.0,23.69,0.0,0.0,42.86,410.0
783,5,80,935,0.21,46.82,21.04,41.46,14.83,47.16,42.85,3.0,0.53,42.4,15.96,40.0,90.24,46.87,21.32,46.08,1.92,46.83,22.42,55.55,0.0,0.0,0.0,0.0,3.64,48.79,19.4,67.64,0.64,52.16,14.52,66.66,0.0,26.6,467.0
784,5,81,910,0.21,46.17,20.12,43.22,25.17,45.16,66.66,1.98,0.33,18.0,15.58,33.33,92.84,46.23,20.14,44.0,1.65,47.73,16.5,60.0,0.11,53.0,0.0,0.0,2.64,45.75,16.38,66.66,0.44,53.75,22.7,25.0,0.0,33.91,335.0
785,5,86,923,0.1,47.98,21.25,42.7,18.93,44.52,50.0,2.16,0.75,27.71,16.77,57.14,87.31,47.92,21.38,42.23,3.03,48.53,18.01,57.14,0.32,48.33,16.65,33.33,4.12,51.47,21.29,73.68,2.27,54.38,21.66,57.14,0.0,25.38,475.0
786,5,87,1035,0.09,49.38,21.4,49.25,12.32,43.28,37.5,0.77,0.29,47.33,26.85,0.0,92.06,49.74,21.41,41.91,1.16,53.5,16.59,50.0,0.0,0.0,0.0,0.0,4.93,45.37,19.85,70.58,0.77,33.37,31.39,37.5,0.0,28.27,564.0
787,5,90,1323,0.07,42.75,19.61,37.91,17.74,43.76,39.13,1.73,0.15,38.0,11.31,50.0,93.04,42.97,19.71,42.92,0.98,36.46,14.01,61.53,0.3,36.25,14.24,0.0,3.02,43.72,19.42,70.0,0.75,32.4,19.54,40.0,0.0,25.96,664.0
788,5,92,943,0.0,44.85,22.44,44.29,25.2,43.79,47.05,1.8,0.1,0.0,0.0,0.0,88.86,45.27,22.34,42.48,1.48,34.14,15.7,42.85,0.0,0.0,0.0,0.0,6.25,43.23,22.51,64.4,1.48,41.64,27.6,35.71,0.0,25.92,484.0
789,5,101,249,0.4,42.42,19.4,37.17,19.02,44.17,43.9,16.53,6.45,47.43,18.98,37.5,68.54,42.5,19.26,44.7,0.8,53.0,24.04,50.0,0.4,36.0,0.0,100.0,2.41,49.5,31.31,50.0,4.83,46.25,15.68,33.33,0.0,27.19,97.0
790,5,108,1122,0.0,44.26,20.08,40.61,16.27,42.69,36.11,3.2,0.0,0.0,0.0,0.0,87.16,44.65,20.24,40.28,0.53,35.66,11.67,0.0,0.35,40.25,28.54,50.0,7.39,42.78,20.47,77.1,1.33,40.66,16.1,40.0,0.0,28.85,605.0
791,5,109,1292,0.07,43.53,21.42,41.6,25.63,43.65,50.0,1.54,0.07,66.0,0.0,100.0,91.4,43.69,21.27,41.18,0.54,45.85,30.52,57.14,0.07,77.0,0.0,0.0,5.42,41.38,21.44,81.42,0.92,34.41,20.03,50.0,0.0,32.7,696.0
792,5,110,1149,0.52,44.02,20.65,52.44,22.29,44.03,38.88,1.57,0.0,0.0,0.0,0.0,92.47,43.88,20.5,42.28,0.69,41.0,24.17,87.5,0.26,33.33,29.95,33.33,4.37,45.9,23.32,76.0,0.61,34.28,17.15,28.57,0.0,28.81,655.0
793,5,112,579,0.34,46.79,19.12,44.75,18.08,42.31,37.5,1.38,0.0,0.0,0.0,0.0,90.81,46.75,19.0,39.31,1.55,46.33,25.58,66.66,0.0,0.0,0.0,0.0,5.02,49.37,16.93,86.2,1.21,40.85,31.47,42.85,0.0,40.97,319.0
794,5,114,911,0.21,41.58,20.24,43.0,14.8,44.34,22.22,0.99,0.44,60.25,16.17,50.0,90.2,41.57,20.23,43.04,0.66,38.0,23.95,33.33,0.44,51.5,21.04,50.0,5.94,40.44,19.93,75.92,1.32,37.33,25.67,8.33,0.0,43.83,467.0
795,5,115,908,0.33,43.01,21.51,46.43,20.0,41.51,43.75,1.76,0.44,46.75,8.99,25.0,87.84,42.89,21.5,38.74,0.55,37.0,27.37,20.0,0.0,0.0,0.0,0.0,8.61,43.76,22.73,69.23,0.77,45.57,22.73,57.14,0.0,44.19,513.0
796,5,121,1054,0.09,41.13,19.25,36.66,16.51,41.55,47.36,5.41,0.18,25.0,2.82,100.0,87.65,41.56,19.09,41.27,0.75,29.25,18.97,87.5,0.28,55.66,10.5,0.0,3.79,38.32,22.44,45.0,1.89,42.05,24.52,15.0,0.0,24.28,599.0
797,5,122,1242,0.32,42.99,19.6,38.54,18.8,42.43,36.36,0.88,0.4,46.2,23.87,20.0,91.03,43.17,19.43,41.88,2.34,39.51,22.82,44.82,0.24,40.0,7.21,66.66,3.39,39.21,19.89,64.28,1.69,43.38,24.23,28.57,0.0,25.4,622.0
798,5,124,880,0.11,42.86,19.83,45.62,27.41,41.13,62.5,0.91,0.11,86.0,0.0,100.0,92.15,42.79,19.76,40.12,1.7,32.4,18.76,40.0,0.45,46.5,9.46,25.0,3.29,45.44,16.61,65.51,1.36,49.5,25.2,33.33,0.0,28.68,458.0
799,5,127,1191,0.25,43.66,18.39,35.55,17.77,43.24,48.27,2.44,1.01,33.83,30.92,41.66,90.57,43.84,18.1,42.37,1.26,39.93,14.83,53.33,0.0,0.0,0.0,0.0,3.03,45.97,22.18,66.66,1.68,48.45,17.35,35.0,0.0,31.98,633.0
800,5,128,1057,0.47,44.04,17.33,40.06,13.27,43.33,43.75,1.52,0.19,39.0,0.0,100.0,93.53,44.31,17.43,43.19,1.71,39.77,18.34,27.77,0.38,34.25,8.84,0.0,2.47,42.38,15.75,65.38,0.19,45.0,15.55,0.0,0.0,35.19,508.0
801,5,130,933,0.42,43.81,20.17,36.45,22.98,43.3,35.0,2.15,0.21,40.0,8.48,100.0,91.17,44.34,19.9,43.09,1.82,31.17,21.26,58.82,0.21,30.5,4.94,50.0,3.55,42.27,24.08,48.48,0.86,41.25,20.97,25.0,0.0,47.93,418.0
802,5,131,841,0.95,44.69,21.43,45.58,22.38,44.35,35.29,2.04,0.24,70.5,12.02,50.0,88.11,44.13,21.31,43.32,3.48,40.37,18.33,58.62,0.36,24.33,42.14,33.33,5.4,53.24,20.11,60.0,0.36,58.66,21.5,66.66,0.0,29.08,459.0
803,5,138,1198,0.25,43.11,20.46,39.04,18.22,41.81,41.09,6.1,0.33,40.0,14.02,75.0,83.17,43.41,20.73,38.93,2.67,33.84,19.04,50.0,0.16,38.5,7.77,50.0,6.52,46.58,17.8,74.35,1.0,45.5,26.43,41.66,0.0,26.23,636.0
804,5,139,823,0.24,44.67,20.59,39.8,20.75,40.34,43.85,6.94,0.36,65.0,12.52,33.33,82.82,44.8,20.52,36.32,0.36,40.33,12.5,100.0,0.24,50.0,24.04,50.0,8.76,45.2,20.93,73.61,0.48,66.5,20.74,25.0,0.0,30.37,470.0
805,5,140,1217,0.16,45.3,20.92,47.85,17.71,44.94,57.14,1.15,0.0,0.0,0.0,0.0,88.47,45.91,20.93,42.32,4.44,33.4,16.73,50.0,0.24,27.66,26.57,0.0,5.34,45.73,20.11,83.07,0.32,25.75,31.71,25.0,0.0,27.34,675.0
806,5,145,714,0.0,44.8,20.56,36.75,20.11,43.55,37.5,1.12,0.28,29.0,1.41,50.0,92.71,45.04,20.44,43.05,2.1,40.33,20.11,40.0,0.0,0.0,0.0,0.0,2.94,42.47,25.61,66.66,0.84,53.83,18.47,33.33,0.0,29.51,421.0
807,5,136,1051,0.19,41.71,20.44,34.83,18.44,42.62,37.31,6.38,0.38,37.25,5.12,25.0,85.31,42.41,20.46,41.34,1.52,38.56,16.44,37.5,0.0,0.0,0.0,0.0,5.33,41.67,22.22,75.0,1.04,31.72,23.19,36.36,0.0,36.91,525.0
808,5,152,1311,0.38,41.52,19.09,31.12,6.37,44.85,50.0,0.61,0.3,25.5,17.23,75.0,93.87,41.46,18.91,44.37,1.07,34.64,19.09,42.85,0.0,0.0,0.0,0.0,2.83,43.72,20.57,64.86,1.3,52.11,26.51,29.41,0.0,27.64,731.0
809,5,154,975,0.2,42.98,21.17,37.37,14.31,42.25,50.0,0.82,0.1,78.0,0.0,100.0,92.9,43.0,21.05,40.7,0.51,57.2,27.63,60.0,0.0,0.0,0.0,0.0,4.83,38.85,22.5,72.34,0.82,53.37,21.9,12.5,0.0,27.77,655.0
810,5,155,995,0.2,44.97,20.25,47.42,17.34,43.21,35.71,1.4,0.2,18.5,26.16,50.0,91.74,44.89,20.4,41.6,0.4,45.5,18.41,100.0,0.2,31.0,1.41,50.0,4.63,46.39,19.38,73.91,1.4,45.92,16.62,35.71,0.0,32.54,660.0
811,5,158,1135,0.17,45.18,20.81,32.93,18.21,42.11,51.72,2.55,0.26,30.0,6.24,33.33,89.67,46.01,20.8,39.96,1.94,39.77,20.8,59.09,0.0,0.0,0.0,0.0,3.88,43.93,17.71,72.72,1.67,35.89,21.11,52.63,0.0,38.18,571.0
812,5,162,812,0.12,44.08,21.33,40.13,21.28,42.85,33.33,4.43,0.0,0.0,0.0,0.0,87.42,44.81,21.3,42.17,2.09,33.52,13.43,41.17,0.12,28.0,0.0,0.0,4.19,39.02,24.7,73.52,1.72,43.28,19.43,35.71,0.0,27.43,467.0
813,5,163,1084,0.0,44.44,20.53,39.0,28.95,42.15,33.33,0.55,0.0,0.0,0.0,0.0,91.6,44.59,20.41,39.97,0.92,43.3,20.81,80.0,0.09,62.0,0.0,0.0,5.9,41.56,21.81,73.43,0.92,50.8,20.23,30.0,0.0,26.4,669.0
814,5,170,1110,0.27,44.44,19.03,44.76,19.71,41.98,38.46,1.17,0.18,35.5,0.7,0.0,88.7,44.43,18.77,38.08,0.18,54.5,13.43,100.0,0.18,55.0,38.18,0.0,9.03,44.04,20.4,81.0,0.54,38.83,34.66,50.0,0.0,27.16,647.0
815,5,171,1527,0.13,40.27,17.73,39.16,15.22,41.45,55.55,1.18,0.19,28.66,15.01,66.66,89.11,40.3,17.65,38.04,0.52,46.87,20.8,62.5,0.06,49.0,0.0,0.0,8.32,40.29,19.01,74.8,0.59,36.33,17.58,33.33,0.0,21.36,798.0
816,5,172,889,0.11,44.22,19.91,27.28,15.08,41.05,57.14,0.78,0.11,32.0,0.0,100.0,92.0,44.25,20.02,38.55,0.33,44.0,10.0,100.0,0.11,48.0,0.0,0.0,5.85,45.65,17.12,76.92,0.78,46.85,31.08,28.57,0.0,49.31,476.0
817,5,174,911,0.21,44.78,20.4,41.18,18.96,43.79,45.45,1.21,0.22,44.0,19.79,50.0,90.86,45.08,20.47,41.28,0.11,38.0,0.0,100.0,0.33,48.33,20.1,0.0,6.6,40.85,19.14,80.0,0.66,49.66,31.6,33.33,0.0,46.31,497.0
818,5,unclear,1193,0.25,43.49,15.3,39.79,11.96,46.26,70.0,0.84,0.0,0.0,0.0,0.0,93.02,43.66,15.46,43.63,0.25,41.66,15.88,33.33,0.08,73.0,0.0,0.0,5.29,40.58,12.96,90.47,0.5,46.0,11.38,33.33,,,
819,5,179,1213,0.16,42.66,18.15,41.71,17.84,40.89,52.38,1.73,0.16,35.5,0.7,50.0,91.9,42.68,18.37,39.35,0.49,46.5,9.66,50.0,0.33,46.0,20.46,25.0,4.54,41.23,14.53,72.72,0.82,46.7,20.54,20.0,0.0,24.7,528.0
820,5,180,1238,0.32,42.78,19.33,47.33,24.98,40.79,25.0,0.97,0.0,0.0,0.0,0.0,89.62,42.66,19.25,37.97,0.64,56.62,26.15,50.0,0.16,18.0,25.45,50.0,7.69,41.9,18.33,77.89,0.89,47.27,19.23,27.27,0.0,23.43,685.0
821,5,181,684,0.43,43.1,18.71,62.75,16.42,44.44,75.0,1.17,0.44,69.33,16.65,33.33,83.11,42.78,18.22,36.92,0.29,61.0,4.24,50.0,0.29,67.0,1.41,0.0,14.39,41.28,19.16,85.71,0.29,56.0,41.01,50.0,0.0,30.41,397.0
822,5,183,620,0.0,43.79,19.72,42.83,16.54,43.54,66.66,0.96,0.0,0.0,0.0,0.0,83.87,43.6,19.61,35.76,0.48,31.33,14.01,66.66,0.32,38.5,14.84,0.0,13.7,45.03,20.78,91.76,0.64,55.75,23.31,0.0,0.0,55.03,355.0
823,5,184,869,0.23,44.08,19.13,54.5,38.89,43.84,0.0,0.23,0.0,0.0,0.0,0.0,84.65,44.05,18.82,38.41,0.34,53.0,12.16,33.33,0.11,46.0,0.0,0.0,13.61,43.0,20.73,80.5,1.03,59.55,17.11,11.11,0.0,28.3,498.0
824,5,186,1056,0.37,43.99,19.58,45.41,14.19,41.0,66.66,1.14,0.19,48.5,6.36,100.0,89.63,44.37,19.71,37.32,0.66,41.42,10.76,85.71,0.0,0.0,0.0,0.0,7.5,38.97,17.79,77.21,0.85,58.0,16.0,22.22,0.0,25.15,562.0
825,5,1,0,0.0,0.0,0.0,0.0,0.0,0.0,0.0,0.0,0.0,0.0,0.0,0.0,0.0,0.0,0.0,0.0,0.0,0.0,0.0,0.0,0.0,0.0,0.0,0.0,0.0,0.0,0.0,0.0,0.0,0.0,0.0,0.0,0.0,0.0,0.0
826,5,2,0,0.0,0.0,0.0,0.0,0.0,0.0,0.0,0.0,0.0,0.0,0.0,0.0,0.0,0.0,0.0,0.0,0.0,0.0,0.0,0.0,0.0,0.0,0.0,0.0,0.0,0.0,0.0,0.0,0.0,0.0,0.0,0.0,0.0,0.0,0.0
827,5,6,0,0.0,0.0,0.0,0.0,0.0,0.0,0.0,0.0,0.0,0.0,0.0,0.0,0.0,0.0,0.0,0.0,0.0,0.0,0.0,0.0,0.0,0.0,0.0,0.0,0.0,0.0,0.0,0.0,0.0,0.0,0.0,0.0,0.0,0.0,0.0
828,5,10,0,0.0,0.0,0.0,0.0,0.0,0.0,0.0,0.0,0.0,0.0,0.0,0.0,0.0,0.0,0.0,0.0,0.0,0.0,0.0,0.0,0.0,0.0,0.0,0.0,0.0,0.0,0.0,0.0,0.0,0.0,0.0,0.0,0.0,0.0,0.0
829,5,16,0,0.0,0.0,0.0,0.0,0.0,0.0,0.0,0.0,0.0,0.0,0.0,0.0,0.0,0.0,0.0,0.0,0.0,0.0,0.0,0.0,0.0,0.0,0.0,0.0,0.0,0.0,0.0,0.0,0.0,0.0,0.0,0.0,0.0,0.0,0.0
830,5,18,0,0.0,0.0,0.0,0.0,0.0,0.0,0.0,0.0,0.0,0.0,0.0,0.0,0.0,0.0,0.0,0.0,0.0,0.0,0.0,0.0,0.0,0.0,0.0,0.0,0.0,0.0,0.0,0.0,0.0,0.0,0.0,0.0,0.0,0.0,0.0
831,5,22,0,0.0,0.0,0.0,0.0,0.0,0.0,0.0,0.0,0.0,0.0,0.0,0.0,0.0,0.0,0.0,0.0,0.0,0.0,0.0,0.0,0.0,0.0,0.0,0.0,0.0,0.0,0.0,0.0,0.0,0.0,0.0,0.0,0.0,0.0,0.0
832,5,25,0,0.0,0.0,0.0,0.0,0.0,0.0,0.0,0.0,0.0,0.0,0.0,0.0,0.0,0.0,0.0,0.0,0.0,0.0,0.0,0.0,0.0,0.0,0.0,0.0,0.0,0.0,0.0,0.0,0.0,0.0,0.0,0.0,0.0,0.0,0.0
833,5,28,0,0.0,0.0,0.0,0.0,0.0,0.0,0.0,0.0,0.0,0.0,0.0,0.0,0.0,0.0,0.0,0.0,0.0,0.0,0.0,0.0,0.0,0.0,0.0,0.0,0.0,0.0,0.0,0.0,0.0,0.0,0.0,0.0,0.0,0.0,0.0
834,5,30,0,0.0,0.0,0.0,0.0,0.0,0.0,0.0,0.0,0.0,0.0,0.0,0.0,0.0,0.0,0.0,0.0,0.0,0.0,0.0,0.0,0.0,0.0,0.0,0.0,0.0,0.0,0.0,0.0,0.0,0.0,0.0,0.0,0.0,0.0,0.0
835,5,39,0,0.0,0.0,0.0,0.0,0.0,0.0,0.0,0.0,0.0,0.0,0.0,0.0,0.0,0.0,0.0,0.0,0.0,0.0,0.0,0.0,0.0,0.0,0.0,0.0,0.0,0.0,0.0,0.0,0.0,0.0,0.0,0.0,0.0,0.0,0.0
836,5,40,1058,0.18,46.29,21.06,36.11,16.35,43.85,47.05,1.6,0.18,11.5,16.26,50.0,89.77,46.41,21.2,42.82,2.93,52.58,21.08,41.93,0.0,0.0,0.0,0.0,4.82,45.13,19.2,58.82,0.66,45.28,16.4,71.42,0.0,0.0,454.0
837,5,41,0,0.0,0.0,0.0,0.0,0.0,0.0,0.0,0.0,0.0,0.0,0.0,0.0,0.0,0.0,0.0,0.0,0.0,0.0,0.0,0.0,0.0,0.0,0.0,0.0,0.0,0.0,0.0,0.0,0.0,0.0,0.0,0.0,0.0,0.0,0.0
838,5,43,1228,0.08,42.56,19.84,39.15,17.9,43.07,36.36,3.58,0.24,24.33,4.5,100.0,90.46,42.84,19.96,42.07,1.62,45.75,23.81,55.0,0.0,0.0,0.0,0.0,3.25,40.4,17.79,70.0,0.81,33.5,11.86,40.0,0.0,0.0,462.0
839,5,44,0,0.0,0.0,0.0,0.0,0.0,0.0,0.0,0.0,0.0,0.0,0.0,0.0,0.0,0.0,0.0,0.0,0.0,0.0,0.0,0.0,0.0,0.0,0.0,0.0,0.0,0.0,0.0,0.0,0.0,0.0,0.0,0.0,0.0,0.0,0.0
840,5,46,0,0.0,0.0,0.0,0.0,0.0,0.0,0.0,0.0,0.0,0.0,0.0,0.0,0.0,0.0,0.0,0.0,0.0,0.0,0.0,0.0,0.0,0.0,0.0,0.0,0.0,0.0,0.0,0.0,0.0,0.0,0.0,0.0,0.0,0.0,0.0
841,5,48,1011,0.0,44.44,19.83,47.5,25.11,44.01,50.0,0.79,0.09,22.0,0.0,100.0,88.32,44.73,19.68,40.2,0.59,35.16,20.79,50.0,0.0,0.0,0.0,0.0,9.09,40.23,20.29,83.69,1.08,61.63,13.44,9.09,0.0,0.0,377.0
842,5,49,0,0.0,0.0,0.0,0.0,0.0,0.0,0.0,0.0,0.0,0.0,0.0,0.0,0.0,0.0,0.0,0.0,0.0,0.0,0.0,0.0,0.0,0.0,0.0,0.0,0.0,0.0,0.0,0.0,0.0,0.0,0.0,0.0,0.0,0.0,0.0
843,5,52,0,0.0,0.0,0.0,0.0,0.0,0.0,0.0,0.0,0.0,0.0,0.0,0.0,0.0,0.0,0.0,0.0,0.0,0.0,0.0,0.0,0.0,0.0,0.0,0.0,0.0,0.0,0.0,0.0,0.0,0.0,0.0,0.0,0.0,0.0,0.0
844,5,56,0,0.0,0.0,0.0,0.0,0.0,0.0,0.0,0.0,0.0,0.0,0.0,0.0,0.0,0.0,0.0,0.0,0.0,0.0,0.0,0.0,0.0,0.0,0.0,0.0,0.0,0.0,0.0,0.0,0.0,0.0,0.0,0.0,0.0,0.0,0.0
845,5,57,732,0.4,48.24,21.84,49.4,4.5,44.26,60.0,0.68,0.13,42.0,0.0,100.0,92.72,47.66,21.97,42.15,0.54,60.75,8.53,75.0,0.0,0.0,0.0,0.0,5.07,53.83,21.15,78.37,0.82,62.16,20.75,16.66,0.0,0.0,460.0
846,5,60,1063,0.28,42.17,17.53,43.84,12.14,41.39,15.38,1.22,0.75,49.37,15.86,0.0,90.37,42.07,17.24,40.39,0.28,40.66,23.45,33.33,0.0,0.0,0.0,0.0,5.84,40.04,20.89,72.58,1.5,54.31,19.43,25.0,0.0,0.0,456.0
847,5,61,738,0.27,39.86,18.2,43.83,18.37,40.78,33.33,1.63,0.4,46.33,14.15,0.0,88.45,39.56,18.17,38.55,0.67,53.0,17.21,20.0,0.13,25.0,0.0,100.0,6.52,39.22,17.05,68.75,2.17,44.81,20.73,56.25,0.0,0.0,157.0
848,5,62,0,0.0,0.0,0.0,0.0,0.0,0.0,0.0,0.0,0.0,0.0,0.0,0.0,0.0,0.0,0.0,0.0,0.0,0.0,0.0,0.0,0.0,0.0,0.0,0.0,0.0,0.0,0.0,0.0,0.0,0.0,0.0,0.0,0.0,0.0,0.0
849,5,63,0,0.0,0.0,0.0,0.0,0.0,0.0,0.0,0.0,0.0,0.0,0.0,0.0,0.0,0.0,0.0,0.0,0.0,0.0,0.0,0.0,0.0,0.0,0.0,0.0,0.0,0.0,0.0,0.0,0.0,0.0,0.0,0.0,0.0,0.0,0.0
850,5,66,0,0.0,0.0,0.0,0.0,0.0,0.0,0.0,0.0,0.0,0.0,0.0,0.0,0.0,0.0,0.0,0.0,0.0,0.0,0.0,0.0,0.0,0.0,0.0,0.0,0.0,0.0,0.0,0.0,0.0,0.0,0.0,0.0,0.0,0.0,0.0
851,5,68,0,0.0,0.0,0.0,0.0,0.0,0.0,0.0,0.0,0.0,0.0,0.0,0.0,0.0,0.0,0.0,0.0,0.0,0.0,0.0,0.0,0.0,0.0,0.0,0.0,0.0,0.0,0.0,0.0,0.0,0.0,0.0,0.0,0.0,0.0,0.0
852,5,69,0,0.0,0.0,0.0,0.0,0.0,0.0,0.0,0.0,0.0,0.0,0.0,0.0,0.0,0.0,0.0,0.0,0.0,0.0,0.0,0.0,0.0,0.0,0.0,0.0,0.0,0.0,0.0,0.0,0.0,0.0,0.0,0.0,0.0,0.0,0.0
853,5,70,0,0.0,0.0,0.0,0.0,0.0,0.0,0.0,0.0,0.0,0.0,0.0,0.0,0.0,0.0,0.0,0.0,0.0,0.0,0.0,0.0,0.0,0.0,0.0,0.0,0.0,0.0,0.0,0.0,0.0,0.0,0.0,0.0,0.0,0.0,0.0
854,5,71,0,0.0,0.0,0.0,0.0,0.0,0.0,0.0,0.0,0.0,0.0,0.0,0.0,0.0,0.0,0.0,0.0,0.0,0.0,0.0,0.0,0.0,0.0,0.0,0.0,0.0,0.0,0.0,0.0,0.0,0.0,0.0,0.0,0.0,0.0,0.0
855,5,72,0,0.0,0.0,0.0,0.0,0.0,0.0,0.0,0.0,0.0,0.0,0.0,0.0,0.0,0.0,0.0,0.0,0.0,0.0,0.0,0.0,0.0,0.0,0.0,0.0,0.0,0.0,0.0,0.0,0.0,0.0,0.0,0.0,0.0,0.0,0.0
856,5,74,0,0.0,0.0,0.0,0.0,0.0,0.0,0.0,0.0,0.0,0.0,0.0,0.0,0.0,0.0,0.0,0.0,0.0,0.0,0.0,0.0,0.0,0.0,0.0,0.0,0.0,0.0,0.0,0.0,0.0,0.0,0.0,0.0,0.0,0.0,0.0
857,5,79,0,0.0,0.0,0.0,0.0,0.0,0.0,0.0,0.0,0.0,0.0,0.0,0.0,0.0,0.0,0.0,0.0,0.0,0.0,0.0,0.0,0.0,0.0,0.0,0.0,0.0,0.0,0.0,0.0,0.0,0.0,0.0,0.0,0.0,0.0,0.0
858,5,84,0,0.0,0.0,0.0,0.0,0.0,0.0,0.0,0.0,0.0,0.0,0.0,0.0,0.0,0.0,0.0,0.0,0.0,0.0,0.0,0.0,0.0,0.0,0.0,0.0,0.0,0.0,0.0,0.0,0.0,0.0,0.0,0.0,0.0,0.0,0.0
859,5,88,0,0.0,0.0,0.0,0.0,0.0,0.0,0.0,0.0,0.0,0.0,0.0,0.0,0.0,0.0,0.0,0.0,0.0,0.0,0.0,0.0,0.0,0.0,0.0,0.0,0.0,0.0,0.0,0.0,0.0,0.0,0.0,0.0,0.0,0.0,0.0
860,5,93,0,0.0,0.0,0.0,0.0,0.0,0.0,0.0,0.0,0.0,0.0,0.0,0.0,0.0,0.0,0.0,0.0,0.0,0.0,0.0,0.0,0.0,0.0,0.0,0.0,0.0,0.0,0.0,0.0,0.0,0.0,0.0,0.0,0.0,0.0,0.0
861,5,98,0,0.0,0.0,0.0,0.0,0.0,0.0,0.0,0.0,0.0,0.0,0.0,0.0,0.0,0.0,0.0,0.0,0.0,0.0,0.0,0.0,0.0,0.0,0.0,0.0,0.0,0.0,0.0,0.0,0.0,0.0,0.0,0.0,0.0,0.0,0.0
862,5,99,0,0.0,0.0,0.0,0.0,0.0,0.0,0.0,0.0,0.0,0.0,0.0,0.0,0.0,0.0,0.0,0.0,0.0,0.0,0.0,0.0,0.0,0.0,0.0,0.0,0.0,0.0,0.0,0.0,0.0,0.0,0.0,0.0,0.0,0.0,0.0
863,5,100,0,0.0,0.0,0.0,0.0,0.0,0.0,0.0,0.0,0.0,0.0,0.0,0.0,0.0,0.0,0.0,0.0,0.0,0.0,0.0,0.0,0.0,0.0,0.0,0.0,0.0,0.0,0.0,0.0,0.0,0.0,0.0,0.0,0.0,0.0,0.0
864,5,103,803,0.49,42.55,19.61,43.4,17.93,44.08,40.0,1.87,2.0,44.68,19.91,25.0,86.6,42.29,19.84,42.91,1.25,41.6,18.22,50.0,0.12,48.0,0.0,0.0,5.38,43.81,19.79,65.11,2.75,44.36,16.76,59.09,0.0,0.0,332.0
865,5,105,0,0.0,0.0,0.0,0.0,0.0,0.0,0.0,0.0,0.0,0.0,0.0,0.0,0.0,0.0,0.0,0.0,0.0,0.0,0.0,0.0,0.0,0.0,0.0,0.0,0.0,0.0,0.0,0.0,0.0,0.0,0.0,0.0,0.0,0.0,0.0
866,5,106,0,0.0,0.0,0.0,0.0,0.0,0.0,0.0,0.0,0.0,0.0,0.0,0.0,0.0,0.0,0.0,0.0,0.0,0.0,0.0,0.0,0.0,0.0,0.0,0.0,0.0,0.0,0.0,0.0,0.0,0.0,0.0,0.0,0.0,0.0,0.0
867,5,107,0,0.0,0.0,0.0,0.0,0.0,0.0,0.0,0.0,0.0,0.0,0.0,0.0,0.0,0.0,0.0,0.0,0.0,0.0,0.0,0.0,0.0,0.0,0.0,0.0,0.0,0.0,0.0,0.0,0.0,0.0,0.0,0.0,0.0,0.0,0.0
868,5,111,0,0.0,0.0,0.0,0.0,0.0,0.0,0.0,0.0,0.0,0.0,0.0,0.0,0.0,0.0,0.0,0.0,0.0,0.0,0.0,0.0,0.0,0.0,0.0,0.0,0.0,0.0,0.0,0.0,0.0,0.0,0.0,0.0,0.0,0.0,0.0
869,5,116,868,0.0,42.42,20.19,33.71,14.81,42.62,47.61,2.41,0.23,35.5,2.12,50.0,92.05,42.66,20.18,41.42,1.15,34.79,16.14,60.0,0.23,44.5,16.26,50.0,3.22,40.89,22.08,71.42,0.69,63.16,25.52,16.66,0.0,0.0,481.0
870,5,118,0,0.0,0.0,0.0,0.0,0.0,0.0,0.0,0.0,0.0,0.0,0.0,0.0,0.0,0.0,0.0,0.0,0.0,0.0,0.0,0.0,0.0,0.0,0.0,0.0,0.0,0.0,0.0,0.0,0.0,0.0,0.0,0.0,0.0,0.0,0.0
871,5,119,0,0.0,0.0,0.0,0.0,0.0,0.0,0.0,0.0,0.0,0.0,0.0,0.0,0.0,0.0,0.0,0.0,0.0,0.0,0.0,0.0,0.0,0.0,0.0,0.0,0.0,0.0,0.0,0.0,0.0,0.0,0.0,0.0,0.0,0.0,0.0
872,5,123,0,0.0,0.0,0.0,0.0,0.0,0.0,0.0,0.0,0.0,0.0,0.0,0.0,0.0,0.0,0.0,0.0,0.0,0.0,0.0,0.0,0.0,0.0,0.0,0.0,0.0,0.0,0.0,0.0,0.0,0.0,0.0,0.0,0.0,0.0,0.0
873,5,125,1159,0.17,44.11,20.33,40.86,21.88,40.81,28.88,3.88,0.0,0.0,0.0,0.0,89.8,44.3,20.06,40.23,2.33,44.18,23.01,48.14,0.25,59.33,28.04,33.33,2.5,37.68,21.02,79.31,1.21,52.42,25.37,28.57,0.0,0.0,548.0
874,5,134,0,0.0,0.0,0.0,0.0,0.0,0.0,0.0,0.0,0.0,0.0,0.0,0.0,0.0,0.0,0.0,0.0,0.0,0.0,0.0,0.0,0.0,0.0,0.0,0.0,0.0,0.0,0.0,0.0,0.0,0.0,0.0,0.0,0.0,0.0,0.0
875,5,135,0,0.0,0.0,0.0,0.0,0.0,0.0,0.0,0.0,0.0,0.0,0.0,0.0,0.0,0.0,0.0,0.0,0.0,0.0,0.0,0.0,0.0,0.0,0.0,0.0,0.0,0.0,0.0,0.0,0.0,0.0,0.0,0.0,0.0,0.0,0.0
876,5,137,0,0.0,0.0,0.0,0.0,0.0,0.0,0.0,0.0,0.0,0.0,0.0,0.0,0.0,0.0,0.0,0.0,0.0,0.0,0.0,0.0,0.0,0.0,0.0,0.0,0.0,0.0,0.0,0.0,0.0,0.0,0.0,0.0,0.0,0.0,0.0
877,5,141,0,0.0,0.0,0.0,0.0,0.0,0.0,0.0,0.0,0.0,0.0,0.0,0.0,0.0,0.0,0.0,0.0,0.0,0.0,0.0,0.0,0.0,0.0,0.0,0.0,0.0,0.0,0.0,0.0,0.0,0.0,0.0,0.0,0.0,0.0,0.0
878,5,147,1045,0.28,47.96,21.13,39.71,10.84,44.68,71.42,0.67,0.09,33.0,0.0,100.0,93.18,47.74,21.13,44.18,0.76,53.87,10.16,50.0,0.47,63.4,20.29,20.0,3.93,50.58,21.46,56.09,0.86,53.44,31.4,33.33,0.0,0.0,657.0
879,5,148,1077,0.09,46.73,21.51,45.16,29.56,43.45,33.33,1.11,0.0,0.0,0.0,0.0,92.28,46.9,21.27,40.98,0.37,37.25,25.1,100.0,0.0,0.0,0.0,0.0,4.83,45.92,23.22,84.61,1.39,40.0,23.27,60.0,0.0,0.0,614.0
880,5,149,0,0.0,0.0,0.0,0.0,0.0,0.0,0.0,0.0,0.0,0.0,0.0,0.0,0.0,0.0,0.0,0.0,0.0,0.0,0.0,0.0,0.0,0.0,0.0,0.0,0.0,0.0,0.0,0.0,0.0,0.0,0.0,0.0,0.0,0.0,0.0
881,5,150,0,0.0,0.0,0.0,0.0,0.0,0.0,0.0,0.0,0.0,0.0,0.0,0.0,0.0,0.0,0.0,0.0,0.0,0.0,0.0,0.0,0.0,0.0,0.0,0.0,0.0,0.0,0.0,0.0,0.0,0.0,0.0,0.0,0.0,0.0,0.0
882,5,151,0,0.0,0.0,0.0,0.0,0.0,0.0,0.0,0.0,0.0,0.0,0.0,0.0,0.0,0.0,0.0,0.0,0.0,0.0,0.0,0.0,0.0,0.0,0.0,0.0,0.0,0.0,0.0,0.0,0.0,0.0,0.0,0.0,0.0,0.0,0.0
883,5,153,0,0.0,0.0,0.0,0.0,0.0,0.0,0.0,0.0,0.0,0.0,0.0,0.0,0.0,0.0,0.0,0.0,0.0,0.0,0.0,0.0,0.0,0.0,0.0,0.0,0.0,0.0,0.0,0.0,0.0,0.0,0.0,0.0,0.0,0.0,0.0
884,5,156,0,0.0,0.0,0.0,0.0,0.0,0.0,0.0,0.0,0.0,0.0,0.0,0.0,0.0,0.0,0.0,0.0,0.0,0.0,0.0,0.0,0.0,0.0,0.0,0.0,0.0,0.0,0.0,0.0,0.0,0.0,0.0,0.0,0.0,0.0,0.0
885,5,157,0,0.0,0.0,0.0,0.0,0.0,0.0,0.0,0.0,0.0,0.0,0.0,0.0,0.0,0.0,0.0,0.0,0.0,0.0,0.0,0.0,0.0,0.0,0.0,0.0,0.0,0.0,0.0,0.0,0.0,0.0,0.0,0.0,0.0,0.0,0.0
886,5,161,0,0.0,0.0,0.0,0.0,0.0,0.0,0.0,0.0,0.0,0.0,0.0,0.0,0.0,0.0,0.0,0.0,0.0,0.0,0.0,0.0,0.0,0.0,0.0,0.0,0.0,0.0,0.0,0.0,0.0,0.0,0.0,0.0,0.0,0.0,0.0
887,5,164,0,0.0,0.0,0.0,0.0,0.0,0.0,0.0,0.0,0.0,0.0,0.0,0.0,0.0,0.0,0.0,0.0,0.0,0.0,0.0,0.0,0.0,0.0,0.0,0.0,0.0,0.0,0.0,0.0,0.0,0.0,0.0,0.0,0.0,0.0,0.0
888,5,165,0,0.0,0.0,0.0,0.0,0.0,0.0,0.0,0.0,0.0,0.0,0.0,0.0,0.0,0.0,0.0,0.0,0.0,0.0,0.0,0.0,0.0,0.0,0.0,0.0,0.0,0.0,0.0,0.0,0.0,0.0,0.0,0.0,0.0,0.0,0.0
889,5,166,0,0.0,0.0,0.0,0.0,0.0,0.0,0.0,0.0,0.0,0.0,0.0,0.0,0.0,0.0,0.0,0.0,0.0,0.0,0.0,0.0,0.0,0.0,0.0,0.0,0.0,0.0,0.0,0.0,0.0,0.0,0.0,0.0,0.0,0.0,0.0
890,5,168,0,0.0,0.0,0.0,0.0,0.0,0.0,0.0,0.0,0.0,0.0,0.0,0.0,0.0,0.0,0.0,0.0,0.0,0.0,0.0,0.0,0.0,0.0,0.0,0.0,0.0,0.0,0.0,0.0,0.0,0.0,0.0,0.0,0.0,0.0,0.0
891,5,169,1011,0.09,42.31,19.37,49.81,18.89,41.54,27.27,2.17,0.39,37.5,7.85,75.0,86.33,41.61,19.32,37.15,0.69,37.71,23.75,71.42,0.09,0.0,0.0,100.0,9.4,48.07,18.68,82.1,0.89,40.33,19.56,33.33,0.0,0.0,582.0
892,5,176,0,0.0,0.0,0.0,0.0,0.0,0.0,0.0,0.0,0.0,0.0,0.0,0.0,0.0,0.0,0.0,0.0,0.0,0.0,0.0,0.0,0.0,0.0,0.0,0.0,0.0,0.0,0.0,0.0,0.0,0.0,0.0,0.0,0.0,0.0,0.0
893,5,182,0,0.0,0.0,0.0,0.0,0.0,0.0,0.0,0.0,0.0,0.0,0.0,0.0,0.0,0.0,0.0,0.0,0.0,0.0,0.0,0.0,0.0,0.0,0.0,0.0,0.0,0.0,0.0,0.0,0.0,0.0,0.0,0.0,0.0,0.0,0.0
894,5,188,0,0.0,0.0,0.0,0.0,0.0,0.0,0.0,0.0,0.0,0.0,0.0,0.0,0.0,0.0,0.0,0.0,0.0,0.0,0.0,0.0,0.0,0.0,0.0,0.0,0.0,0.0,0.0,0.0,0.0,0.0,0.0,0.0,0.0,0.0,0.0
895,5,189,0,0.0,0.0,0.0,0.0,0.0,0.0,0.0,0.0,0.0,0.0,0.0,0.0,0.0,0.0,0.0,0.0,0.0,0.0,0.0,0.0,0.0,0.0,0.0,0.0,0.0,0.0,0.0,0.0,0.0,0.0,0.0,0.0,0.0,0.0,0.0
896,5,190,0,0.0,0.0,0.0,0.0,0.0,0.0,0.0,0.0,0.0,0.0,0.0,0.0,0.0,0.0,0.0,0.0,0.0,0.0,0.0,0.0,0.0,0.0,0.0,0.0,0.0,0.0,0.0,0.0,0.0,0.0,0.0,0.0,0.0,0.0,0.0
897,5,191,0,0.0,0.0,0.0,0.0,0.0,0.0,0.0,0.0,0.0,0.0,0.0,0.0,0.0,0.0,0.0,0.0,0.0,0.0,0.0,0.0,0.0,0.0,0.0,0.0,0.0,0.0,0.0,0.0,0.0,0.0,0.0,0.0,0.0,0.0,0.0
898,5,192,0,0.0,0.0,0.0,0.0,0.0,0.0,0.0,0.0,0.0,0.0,0.0,0.0,0.0,0.0,0.0,0.0,0.0,0.0,0.0,0.0,0.0,0.0,0.0,0.0,0.0,0.0,0.0,0.0,0.0,0.0,0.0,0.0,0.0,0.0,0.0
899,5,193,0,0.0,0.0,0.0,0.0,0.0,0.0,0.0,0.0,0.0,0.0,0.0,0.0,0.0,0.0,0.0,0.0,0.0,0.0,0.0,0.0,0.0,0.0,0.0,0.0,0.0,0.0,0.0,0.0,0.0,0.0,0.0,0.0,0.0,0.0,0.0
900,5,195,0,0.0,0.0,0.0,0.0,0.0,0.0,0.0,0.0,0.0,0.0,0.0,0.0,0.0,0.0,0.0,0.0,0.0,0.0,0.0,0.0,0.0,0.0,0.0,0.0,0.0,0.0,0.0,0.0,0.0,0.0,0.0,0.0,0.0,0.0,0.0
901,5,196,0,0.0,0.0,0.0,0.0,0.0,0.0,0.0,0.0,0.0,0.0,0.0,0.0,0.0,0.0,0.0,0.0,0.0,0.0,0.0,0.0,0.0,0.0,0.0,0.0,0.0,0.0,0.0,0.0,0.0,0.0,0.0,0.0,0.0,0.0,0.0
902,5,197,0,0.0,0.0,0.0,0.0,0.0,0.0,0.0,0.0,0.0,0.0,0.0,0.0,0.0,0.0,0.0,0.0,0.0,0.0,0.0,0.0,0.0,0.0,0.0,0.0,0.0,0.0,0.0,0.0,0.0,0.0,0.0,0.0,0.0,0.0,0.0
903,5,198,0,0.0,0.0,0.0,0.0,0.0,0.0,0.0,0.0,0.0,0.0,0.0,0.0,0.0,0.0,0.0,0.0,0.0,0.0,0.0,0.0,0.0,0.0,0.0,0.0,0.0,0.0,0.0,0.0,0.0,0.0,0.0,0.0,0.0,0.0,0.0
904,5,199,0,0.0,0.0,0.0,0.0,0.0,0.0,0.0,0.0,0.0,0.0,0.0,0.0,0.0,0.0,0.0,0.0,0.0,0.0,0.0,0.0,0.0,0.0,0.0,0.0,0.0,0.0,0.0,0.0,0.0,0.0,0.0,0.0,0.0,0.0,0.0
905,5,200,0,0.0,0.0,0.0,0.0,0.0,0.0,0.0,0.0,0.0,0.0,0.0,0.0,0.0,0.0,0.0,0.0,0.0,0.0,0.0,0.0,0.0,0.0,0.0,0.0,0.0,0.0,0.0,0.0,0.0,0.0,0.0,0.0,0.0,0.0,0.0
906,5,201,0,0.0,0.0,0.0,0.0,0.0,0.0,0.0,0.0,0.0,0.0,0.0,0.0,0.0,0.0,0.0,0.0,0.0,0.0,0.0,0.0,0.0,0.0,0.0,0.0,0.0,0.0,0.0,0.0,0.0,0.0,0.0,0.0,0.0,0.0,0.0
907,5,202,0,0.0,0.0,0.0,0.0,0.0,0.0,0.0,0.0,0.0,0.0,0.0,0.0,0.0,0.0,0.0,0.0,0.0,0.0,0.0,0.0,0.0,0.0,0.0,0.0,0.0,0.0,0.0,0.0,0.0,0.0,0.0,0.0,0.0,0.0,0.0
908,5,203,0,0.0,0.0,0.0,0.0,0.0,0.0,0.0,0.0,0.0,0.0,0.0,0.0,0.0,0.0,0.0,0.0,0.0,0.0,0.0,0.0,0.0,0.0,0.0,0.0,0.0,0.0,0.0,0.0,0.0,0.0,0.0,0.0,0.0,0.0,0.0
909,5,204,0,0.0,0.0,0.0,0.0,0.0,0.0,0.0,0.0,0.0,0.0,0.0,0.0,0.0,0.0,0.0,0.0,0.0,0.0,0.0,0.0,0.0,0.0,0.0,0.0,0.0,0.0,0.0,0.0,0.0,0.0,0.0,0.0,0.0,0.0,0.0
910,5,205,0,0.0,0.0,0.0,0.0,0.0,0.0,0.0,0.0,0.0,0.0,0.0,0.0,0.0,0.0,0.0,0.0,0.0,0.0,0.0,0.0,0.0,0.0,0.0,0.0,0.0,0.0,0.0,0.0,0.0,0.0,0.0,0.0,0.0,0.0,0.0
911,5,206,0,0.0,0.0,0.0,0.0,0.0,0.0,0.0,0.0,0.0,0.0,0.0,0.0,0.0,0.0,0.0,0.0,0.0,0.0,0.0,0.0,0.0,0.0,0.0,0.0,0.0,0.0,0.0,0.0,0.0,0.0,0.0,0.0,0.0,0.0,0.0
912,5,208,0,0.0,0.0,0.0,0.0,0.0,0.0,0.0,0.0,0.0,0.0,0.0,0.0,0.0,0.0,0.0,0.0,0.0,0.0,0.0,0.0,0.0,0.0,0.0,0.0,0.0,0.0,0.0,0.0,0.0,0.0,0.0,0.0,0.0,0.0,0.0
913,5,209,0,0.0,0.0,0.0,0.0,0.0,0.0,0.0,0.0,0.0,0.0,0.0,0.0,0.0,0.0,0.0,0.0,0.0,0.0,0.0,0.0,0.0,0.0,0.0,0.0,0.0,0.0,0.0,0.0,0.0,0.0,0.0,0.0,0.0,0.0,0.0
914,5,211,0,0.0,0.0,0.0,0.0,0.0,0.0,0.0,0.0,0.0,0.0,0.0,0.0,0.0,0.0,0.0,0.0,0.0,0.0,0.0,0.0,0.0,0.0,0.0,0.0,0.0,0.0,0.0,0.0,0.0,0.0,0.0,0.0,0.0,0.0,0.0
915,5,212,0,0.0,0.0,0.0,0.0,0.0,0.0,0.0,0.0,0.0,0.0,0.0,0.0,0.0,0.0,0.0,0.0,0.0,0.0,0.0,0.0,0.0,0.0,0.0,0.0,0.0,0.0,0.0,0.0,0.0,0.0,0.0,0.0,0.0,0.0,0.0
916,5,213,0,0.0,0.0,0.0,0.0,0.0,0.0,0.0,0.0,0.0,0.0,0.0,0.0,0.0,0.0,0.0,0.0,0.0,0.0,0.0,0.0,0.0,0.0,0.0,0.0,0.0,0.0,0.0,0.0,0.0,0.0,0.0,0.0,0.0,0.0,0.0
917,5,214,0,0.0,0.0,0.0,0.0,0.0,0.0,0.0,0.0,0.0,0.0,0.0,0.0,0.0,0.0,0.0,0.0,0.0,0.0,0.0,0.0,0.0,0.0,0.0,0.0,0.0,0.0,0.0,0.0,0.0,0.0,0.0,0.0,0.0,0.0,0.0
918,5,215,0,0.0,0.0,0.0,0.0,0.0,0.0,0.0,0.0,0.0,0.0,0.0,0.0,0.0,0.0,0.0,0.0,0.0,0.0,0.0,0.0,0.0,0.0,0.0,0.0,0.0,0.0,0.0,0.0,0.0,0.0,0.0,0.0,0.0,0.0,0.0
919,5,216,0,0.0,0.0,0.0,0.0,0.0,0.0,0.0,0.0,0.0,0.0,0.0,0.0,0.0,0.0,0.0,0.0,0.0,0.0,0.0,0.0,0.0,0.0,0.0,0.0,0.0,0.0,0.0,0.0,0.0,0.0,0.0,0.0,0.0,0.0,0.0
920,5,218,0,0.0,0.0,0.0,0.0,0.0,0.0,0.0,0.0,0.0,0.0,0.0,0.0,0.0,0.0,0.0,0.0,0.0,0.0,0.0,0.0,0.0,0.0,0.0,0.0,0.0,0.0,0.0,0.0,0.0,0.0,0.0,0.0,0.0,0.0,0.0
921,5,219,0,0.0,0.0,0.0,0.0,0.0,0.0,0.0,0.0,0.0,0.0,0.0,0.0,0.0,0.0,0.0,0.0,0.0,0.0,0.0,0.0,0.0,0.0,0.0,0.0,0.0,0.0,0.0,0.0,0.0,0.0,0.0,0.0,0.0,0.0,0.0
922,5,220,0,0.0,0.0,0.0,0.0,0.0,0.0,0.0,0.0,0.0,0.0,0.0,0.0,0.0,0.0,0.0,0.0,0.0,0.0,0.0,0.0,0.0,0.0,0.0,0.0,0.0,0.0,0.0,0.0,0.0,0.0,0.0,0.0,0.0,0.0,0.0
923,5,222,0,0.0,0.0,0.0,0.0,0.0,0.0,0.0,0.0,0.0,0.0,0.0,0.0,0.0,0.0,0.0,0.0,0.0,0.0,0.0,0.0,0.0,0.0,0.0,0.0,0.0,0.0,0.0,0.0,0.0,0.0,0.0,0.0,0.0,0.0,0.0
924,5,223,0,0.0,0.0,0.0,0.0,0.0,0.0,0.0,0.0,0.0,0.0,0.0,0.0,0.0,0.0,0.0,0.0,0.0,0.0,0.0,0.0,0.0,0.0,0.0,0.0,0.0,0.0,0.0,0.0,0.0,0.0,0.0,0.0,0.0,0.0,0.0
925,5,224,0,0.0,0.0,0.0,0.0,0.0,0.0,0.0,0.0,0.0,0.0,0.0,0.0,0.0,0.0,0.0,0.0,0.0,0.0,0.0,0.0,0.0,0.0,0.0,0.0,0.0,0.0,0.0,0.0,0.0,0.0,0.0,0.0,0.0,0.0,0.0
926,5,225,0,0.0,0.0,0.0,0.0,0.0,0.0,0.0,0.0,0.0,0.0,0.0,0.0,0.0,0.0,0.0,0.0,0.0,0.0,0.0,0.0,0.0,0.0,0.0,0.0,0.0,0.0,0.0,0.0,0.0,0.0,0.0,0.0,0.0,0.0,0.0
927,5,227,0,0.0,0.0,0.0,0.0,0.0,0.0,0.0,0.0,0.0,0.0,0.0,0.0,0.0,0.0,0.0,0.0,0.0,0.0,0.0,0.0,0.0,0.0,0.0,0.0,0.0,0.0,0.0,0.0,0.0,0.0,0.0,0.0,0.0,0.0,0.0
928,5,228,0,0.0,0.0,0.0,0.0,0.0,0.0,0.0,0.0,0.0,0.0,0.0,0.0,0.0,0.0,0.0,0.0,0.0,0.0,0.0,0.0,0.0,0.0,0.0,0.0,0.0,0.0,0.0,0.0,0.0,0.0,0.0,0.0,0.0,0.0,0.0
929,5,229,0,0.0,0.0,0.0,0.0,0.0,0.0,0.0,0.0,0.0,0.0,0.0,0.0,0.0,0.0,0.0,0.0,0.0,0.0,0.0,0.0,0.0,0.0,0.0,0.0,0.0,0.0,0.0,0.0,0.0,0.0,0.0,0.0,0.0,0.0,0.0
930,5,230,0,0.0,0.0,0.0,0.0,0.0,0.0,0.0,0.0,0.0,0.0,0.0,0.0,0.0,0.0,0.0,0.0,0.0,0.0,0.0,0.0,0.0,0.0,0.0,0.0,0.0,0.0,0.0,0.0,0.0,0.0,0.0,0.0,0.0,0.0,0.0
931,5,233,0,0.0,0.0,0.0,0.0,0.0,0.0,0.0,0.0,0.0,0.0,0.0,0.0,0.0,0.0,0.0,0.0,0.0,0.0,0.0,0.0,0.0,0.0,0.0,0.0,0.0,0.0,0.0,0.0,0.0,0.0,0.0,0.0,0.0,0.0,0.0
932,5,234,0,0.0,0.0,0.0,0.0,0.0,0.0,0.0,0.0,0.0,0.0,0.0,0.0,0.0,0.0,0.0,0.0,0.0,0.0,0.0,0.0,0.0,0.0,0.0,0.0,0.0,0.0,0.0,0.0,0.0,0.0,0.0,0.0,0.0,0.0,0.0
933,5,236,0,0.0,0.0,0.0,0.0,0.0,0.0,0.0,0.0,0.0,0.0,0.0,0.0,0.0,0.0,0.0,0.0,0.0,0.0,0.0,0.0,0.0,0.0,0.0,0.0,0.0,0.0,0.0,0.0,0.0,0.0,0.0,0.0,0.0,0.0,0.0
934,5,238,0,0.0,0.0,0.0,0.0,0.0,0.0,0.0,0.0,0.0,0.0,0.0,0.0,0.0,0.0,0.0,0.0,0.0,0.0,0.0,0.0,0.0,0.0,0.0,0.0,0.0,0.0,0.0,0.0,0.0,0.0,0.0,0.0,0.0,0.0,0.0
935,5,239,0,0.0,0.0,0.0,0.0,0.0,0.0,0.0,0.0,0.0,0.0,0.0,0.0,0.0,0.0,0.0,0.0,0.0,0.0,0.0,0.0,0.0,0.0,0.0,0.0,0.0,0.0,0.0,0.0,0.0,0.0,0.0,0.0,0.0,0.0,0.0
936,5,240,0,0.0,0.0,0.0,0.0,0.0,0.0,0.0,0.0,0.0,0.0,0.0,0.0,0.0,0.0,0.0,0.0,0.0,0.0,0.0,0.0,0.0,0.0,0.0,0.0,0.0,0.0,0.0,0.0,0.0,0.0,0.0,0.0,0.0,0.0,0.0
937,5,241,0,0.0,0.0,0.0,0.0,0.0,0.0,0.0,0.0,0.0,0.0,0.0,0.0,0.0,0.0,0.0,0.0,0.0,0.0,0.0,0.0,0.0,0.0,0.0,0.0,0.0,0.0,0.0,0.0,0.0,0.0,0.0,0.0,0.0,0.0,0.0
938,5,242,0,0.0,0.0,0.0,0.0,0.0,0.0,0.0,0.0,0.0,0.0,0.0,0.0,0.0,0.0,0.0,0.0,0.0,0.0,0.0,0.0,0.0,0.0,0.0,0.0,0.0,0.0,0.0,0.0,0.0,0.0,0.0,0.0,0.0,0.0,0.0
939,5,243,0,0.0,0.0,0.0,0.0,0.0,0.0,0.0,0.0,0.0,0.0,0.0,0.0,0.0,0.0,0.0,0.0,0.0,0.0,0.0,0.0,0.0,0.0,0.0,0.0,0.0,0.0,0.0,0.0,0.0,0.0,0.0,0.0,0.0,0.0,0.0
940,5,244,0,0.0,0.0,0.0,0.0,0.0,0.0,0.0,0.0,0.0,0.0,0.0,0.0,0.0,0.0,0.0,0.0,0.0,0.0,0.0,0.0,0.0,0.0,0.0,0.0,0.0,0.0,0.0,0.0,0.0,0.0,0.0,0.0,0.0,0.0,0.0
941,5,245,0,0.0,0.0,0.0,0.0,0.0,0.0,0.0,0.0,0.0,0.0,0.0,0.0,0.0,0.0,0.0,0.0,0.0,0.0,0.0,0.0,0.0,0.0,0.0,0.0,0.0,0.0,0.0,0.0,0.0,0.0,0.0,0.0,0.0,0.0,0.0
942,5,247,0,0.0,0.0,0.0,0.0,0.0,0.0,0.0,0.0,0.0,0.0,0.0,0.0,0.0,0.0,0.0,0.0,0.0,0.0,0.0,0.0,0.0,0.0,0.0,0.0,0.0,0.0,0.0,0.0,0.0,0.0,0.0,0.0,0.0,0.0,0.0
943,5,248,0,0.0,0.0,0.0,0.0,0.0,0.0,0.0,0.0,0.0,0.0,0.0,0.0,0.0,0.0,0.0,0.0,0.0,0.0,0.0,0.0,0.0,0.0,0.0,0.0,0.0,0.0,0.0,0.0,0.0,0.0,0.0,0.0,0.0,0.0,0.0
944,5,249,0,0.0,0.0,0.0,0.0,0.0,0.0,0.0,0.0,0.0,0.0,0.0,0.0,0.0,0.0,0.0,0.0,0.0,0.0,0.0,0.0,0.0,0.0,0.0,0.0,0.0,0.0,0.0,0.0,0.0,0.0,0.0,0.0,0.0,0.0,0.0
945,5,252,0,0.0,0.0,0.0,0.0,0.0,0.0,0.0,0.0,0.0,0.0,0.0,0.0,0.0,0.0,0.0,0.0,0.0,0.0,0.0,0.0,0.0,0.0,0.0,0.0,0.0,0.0,0.0,0.0,0.0,0.0,0.0,0.0,0.0,0.0,0.0
946,5,255,0,0.0,0.0,0.0,0.0,0.0,0.0,0.0,0.0,0.0,0.0,0.0,0.0,0.0,0.0,0.0,0.0,0.0,0.0,0.0,0.0,0.0,0.0,0.0,0.0,0.0,0.0,0.0,0.0,0.0,0.0,0.0,0.0,0.0,0.0,0.0
947,5,256,0,0.0,0.0,0.0,0.0,0.0,0.0,0.0,0.0,0.0,0.0,0.0,0.0,0.0,0.0,0.0,0.0,0.0,0.0,0.0,0.0,0.0,0.0,0.0,0.0,0.0,0.0,0.0,0.0,0.0,0.0,0.0,0.0,0.0,0.0,0.0
948,5,258,0,0.0,0.0,0.0,0.0,0.0,0.0,0.0,0.0,0.0,0.0,0.0,0.0,0.0,0.0,0.0,0.0,0.0,0.0,0.0,0.0,0.0,0.0,0.0,0.0,0.0,0.0,0.0,0.0,0.0,0.0,0.0,0.0,0.0,0.0,0.0
949,6,4,0,0.0,0.0,0.0,0.0,0.0,0.0,0.0,0.0,0.0,0.0,0.0,0.0,0.0,0.0,0.0,0.0,0.0,0.0,0.0,0.0,0.0,0.0,0.0,0.0,0.0,0.0,0.0,0.0,0.0,0.0,0.0,0.0,0.0,0.0,0.0
950,6,5,0,0.0,0.0,0.0,0.0,0.0,0.0,0.0,0.0,0.0,0.0,0.0,0.0,0.0,0.0,0.0,0.0,0.0,0.0,0.0,0.0,0.0,0.0,0.0,0.0,0.0,0.0,0.0,0.0,0.0,0.0,0.0,0.0,0.0,0.0,0.0
951,6,6,0,0.0,0.0,0.0,0.0,0.0,0.0,0.0,0.0,0.0,0.0,0.0,0.0,0.0,0.0,0.0,0.0,0.0,0.0,0.0,0.0,0.0,0.0,0.0,0.0,0.0,0.0,0.0,0.0,0.0,0.0,0.0,0.0,0.0,0.0,0.0
952,6,8,0,0.0,0.0,0.0,0.0,0.0,0.0,0.0,0.0,0.0,0.0,0.0,0.0,0.0,0.0,0.0,0.0,0.0,0.0,0.0,0.0,0.0,0.0,0.0,0.0,0.0,0.0,0.0,0.0,0.0,0.0,0.0,0.0,0.0,0.0,0.0
953,6,9,0,0.0,0.0,0.0,0.0,0.0,0.0,0.0,0.0,0.0,0.0,0.0,0.0,0.0,0.0,0.0,0.0,0.0,0.0,0.0,0.0,0.0,0.0,0.0,0.0,0.0,0.0,0.0,0.0,0.0,0.0,0.0,0.0,0.0,0.0,0.0
954,6,10,0,0.0,0.0,0.0,0.0,0.0,0.0,0.0,0.0,0.0,0.0,0.0,0.0,0.0,0.0,0.0,0.0,0.0,0.0,0.0,0.0,0.0,0.0,0.0,0.0,0.0,0.0,0.0,0.0,0.0,0.0,0.0,0.0,0.0,0.0,0.0
955,6,11,0,0.0,0.0,0.0,0.0,0.0,0.0,0.0,0.0,0.0,0.0,0.0,0.0,0.0,0.0,0.0,0.0,0.0,0.0,0.0,0.0,0.0,0.0,0.0,0.0,0.0,0.0,0.0,0.0,0.0,0.0,0.0,0.0,0.0,0.0,0.0
956,6,12,0,0.0,0.0,0.0,0.0,0.0,0.0,0.0,0.0,0.0,0.0,0.0,0.0,0.0,0.0,0.0,0.0,0.0,0.0,0.0,0.0,0.0,0.0,0.0,0.0,0.0,0.0,0.0,0.0,0.0,0.0,0.0,0.0,0.0,0.0,0.0
957,6,15,0,0.0,0.0,0.0,0.0,0.0,0.0,0.0,0.0,0.0,0.0,0.0,0.0,0.0,0.0,0.0,0.0,0.0,0.0,0.0,0.0,0.0,0.0,0.0,0.0,0.0,0.0,0.0,0.0,0.0,0.0,0.0,0.0,0.0,0.0,0.0
958,6,16,0,0.0,0.0,0.0,0.0,0.0,0.0,0.0,0.0,0.0,0.0,0.0,0.0,0.0,0.0,0.0,0.0,0.0,0.0,0.0,0.0,0.0,0.0,0.0,0.0,0.0,0.0,0.0,0.0,0.0,0.0,0.0,0.0,0.0,0.0,0.0
959,6,17,0,0.0,0.0,0.0,0.0,0.0,0.0,0.0,0.0,0.0,0.0,0.0,0.0,0.0,0.0,0.0,0.0,0.0,0.0,0.0,0.0,0.0,0.0,0.0,0.0,0.0,0.0,0.0,0.0,0.0,0.0,0.0,0.0,0.0,0.0,0.0
960,6,18,0,0.0,0.0,0.0,0.0,0.0,0.0,0.0,0.0,0.0,0.0,0.0,0.0,0.0,0.0,0.0,0.0,0.0,0.0,0.0,0.0,0.0,0.0,0.0,0.0,0.0,0.0,0.0,0.0,0.0,0.0,0.0,0.0,0.0,0.0,0.0
961,6,19,0,0.0,0.0,0.0,0.0,0.0,0.0,0.0,0.0,0.0,0.0,0.0,0.0,0.0,0.0,0.0,0.0,0.0,0.0,0.0,0.0,0.0,0.0,0.0,0.0,0.0,0.0,0.0,0.0,0.0,0.0,0.0,0.0,0.0,0.0,0.0
962,6,21,0,0.0,0.0,0.0,0.0,0.0,0.0,0.0,0.0,0.0,0.0,0.0,0.0,0.0,0.0,0.0,0.0,0.0,0.0,0.0,0.0,0.0,0.0,0.0,0.0,0.0,0.0,0.0,0.0,0.0,0.0,0.0,0.0,0.0,0.0,0.0
963,6,23,0,0.0,0.0,0.0,0.0,0.0,0.0,0.0,0.0,0.0,0.0,0.0,0.0,0.0,0.0,0.0,0.0,0.0,0.0,0.0,0.0,0.0,0.0,0.0,0.0,0.0,0.0,0.0,0.0,0.0,0.0,0.0,0.0,0.0,0.0,0.0
964,6,27,0,0.0,0.0,0.0,0.0,0.0,0.0,0.0,0.0,0.0,0.0,0.0,0.0,0.0,0.0,0.0,0.0,0.0,0.0,0.0,0.0,0.0,0.0,0.0,0.0,0.0,0.0,0.0,0.0,0.0,0.0,0.0,0.0,0.0,0.0,0.0
965,6,29,0,0.0,0.0,0.0,0.0,0.0,0.0,0.0,0.0,0.0,0.0,0.0,0.0,0.0,0.0,0.0,0.0,0.0,0.0,0.0,0.0,0.0,0.0,0.0,0.0,0.0,0.0,0.0,0.0,0.0,0.0,0.0,0.0,0.0,0.0,0.0
966,6,30,0,0.0,0.0,0.0,0.0,0.0,0.0,0.0,0.0,0.0,0.0,0.0,0.0,0.0,0.0,0.0,0.0,0.0,0.0,0.0,0.0,0.0,0.0,0.0,0.0,0.0,0.0,0.0,0.0,0.0,0.0,0.0,0.0,0.0,0.0,0.0
967,6,32,0,0.0,0.0,0.0,0.0,0.0,0.0,0.0,0.0,0.0,0.0,0.0,0.0,0.0,0.0,0.0,0.0,0.0,0.0,0.0,0.0,0.0,0.0,0.0,0.0,0.0,0.0,0.0,0.0,0.0,0.0,0.0,0.0,0.0,0.0,0.0
968,6,34,0,0.0,0.0,0.0,0.0,0.0,0.0,0.0,0.0,0.0,0.0,0.0,0.0,0.0,0.0,0.0,0.0,0.0,0.0,0.0,0.0,0.0,0.0,0.0,0.0,0.0,0.0,0.0,0.0,0.0,0.0,0.0,0.0,0.0,0.0,0.0
969,6,35,0,0.0,0.0,0.0,0.0,0.0,0.0,0.0,0.0,0.0,0.0,0.0,0.0,0.0,0.0,0.0,0.0,0.0,0.0,0.0,0.0,0.0,0.0,0.0,0.0,0.0,0.0,0.0,0.0,0.0,0.0,0.0,0.0,0.0,0.0,0.0
970,6,38,0,0.0,0.0,0.0,0.0,0.0,0.0,0.0,0.0,0.0,0.0,0.0,0.0,0.0,0.0,0.0,0.0,0.0,0.0,0.0,0.0,0.0,0.0,0.0,0.0,0.0,0.0,0.0,0.0,0.0,0.0,0.0,0.0,0.0,0.0,0.0
971,6,42,0,0.0,0.0,0.0,0.0,0.0,0.0,0.0,0.0,0.0,0.0,0.0,0.0,0.0,0.0,0.0,0.0,0.0,0.0,0.0,0.0,0.0,0.0,0.0,0.0,0.0,0.0,0.0,0.0,0.0,0.0,0.0,0.0,0.0,0.0,0.0
972,6,43,0,0.0,0.0,0.0,0.0,0.0,0.0,0.0,0.0,0.0,0.0,0.0,0.0,0.0,0.0,0.0,0.0,0.0,0.0,0.0,0.0,0.0,0.0,0.0,0.0,0.0,0.0,0.0,0.0,0.0,0.0,0.0,0.0,0.0,0.0,0.0
973,6,47,0,0.0,0.0,0.0,0.0,0.0,0.0,0.0,0.0,0.0,0.0,0.0,0.0,0.0,0.0,0.0,0.0,0.0,0.0,0.0,0.0,0.0,0.0,0.0,0.0,0.0,0.0,0.0,0.0,0.0,0.0,0.0,0.0,0.0,0.0,0.0
974,6,49,0,0.0,0.0,0.0,0.0,0.0,0.0,0.0,0.0,0.0,0.0,0.0,0.0,0.0,0.0,0.0,0.0,0.0,0.0,0.0,0.0,0.0,0.0,0.0,0.0,0.0,0.0,0.0,0.0,0.0,0.0,0.0,0.0,0.0,0.0,0.0
975,6,53,0,0.0,0.0,0.0,0.0,0.0,0.0,0.0,0.0,0.0,0.0,0.0,0.0,0.0,0.0,0.0,0.0,0.0,0.0,0.0,0.0,0.0,0.0,0.0,0.0,0.0,0.0,0.0,0.0,0.0,0.0,0.0,0.0,0.0,0.0,0.0
976,6,57,0,0.0,0.0,0.0,0.0,0.0,0.0,0.0,0.0,0.0,0.0,0.0,0.0,0.0,0.0,0.0,0.0,0.0,0.0,0.0,0.0,0.0,0.0,0.0,0.0,0.0,0.0,0.0,0.0,0.0,0.0,0.0,0.0,0.0,0.0,0.0
977,6,58,0,0.0,0.0,0.0,0.0,0.0,0.0,0.0,0.0,0.0,0.0,0.0,0.0,0.0,0.0,0.0,0.0,0.0,0.0,0.0,0.0,0.0,0.0,0.0,0.0,0.0,0.0,0.0,0.0,0.0,0.0,0.0,0.0,0.0,0.0,0.0
978,6,59,0,0.0,0.0,0.0,0.0,0.0,0.0,0.0,0.0,0.0,0.0,0.0,0.0,0.0,0.0,0.0,0.0,0.0,0.0,0.0,0.0,0.0,0.0,0.0,0.0,0.0,0.0,0.0,0.0,0.0,0.0,0.0,0.0,0.0,0.0,0.0
979,6,60,0,0.0,0.0,0.0,0.0,0.0,0.0,0.0,0.0,0.0,0.0,0.0,0.0,0.0,0.0,0.0,0.0,0.0,0.0,0.0,0.0,0.0,0.0,0.0,0.0,0.0,0.0,0.0,0.0,0.0,0.0,0.0,0.0,0.0,0.0,0.0
980,6,61,0,0.0,0.0,0.0,0.0,0.0,0.0,0.0,0.0,0.0,0.0,0.0,0.0,0.0,0.0,0.0,0.0,0.0,0.0,0.0,0.0,0.0,0.0,0.0,0.0,0.0,0.0,0.0,0.0,0.0,0.0,0.0,0.0,0.0,0.0,0.0
981,6,63,0,0.0,0.0,0.0,0.0,0.0,0.0,0.0,0.0,0.0,0.0,0.0,0.0,0.0,0.0,0.0,0.0,0.0,0.0,0.0,0.0,0.0,0.0,0.0,0.0,0.0,0.0,0.0,0.0,0.0,0.0,0.0,0.0,0.0,0.0,0.0
982,6,64,0,0.0,0.0,0.0,0.0,0.0,0.0,0.0,0.0,0.0,0.0,0.0,0.0,0.0,0.0,0.0,0.0,0.0,0.0,0.0,0.0,0.0,0.0,0.0,0.0,0.0,0.0,0.0,0.0,0.0,0.0,0.0,0.0,0.0,0.0,0.0
983,6,65,0,0.0,0.0,0.0,0.0,0.0,0.0,0.0,0.0,0.0,0.0,0.0,0.0,0.0,0.0,0.0,0.0,0.0,0.0,0.0,0.0,0.0,0.0,0.0,0.0,0.0,0.0,0.0,0.0,0.0,0.0,0.0,0.0,0.0,0.0,0.0
984,6,67,0,0.0,0.0,0.0,0.0,0.0,0.0,0.0,0.0,0.0,0.0,0.0,0.0,0.0,0.0,0.0,0.0,0.0,0.0,0.0,0.0,0.0,0.0,0.0,0.0,0.0,0.0,0.0,0.0,0.0,0.0,0.0,0.0,0.0,0.0,0.0
985,6,68,0,0.0,0.0,0.0,0.0,0.0,0.0,0.0,0.0,0.0,0.0,0.0,0.0,0.0,0.0,0.0,0.0,0.0,0.0,0.0,0.0,0.0,0.0,0.0,0.0,0.0,0.0,0.0,0.0,0.0,0.0,0.0,0.0,0.0,0.0,0.0
986,6,71,0,0.0,0.0,0.0,0.0,0.0,0.0,0.0,0.0,0.0,0.0,0.0,0.0,0.0,0.0,0.0,0.0,0.0,0.0,0.0,0.0,0.0,0.0,0.0,0.0,0.0,0.0,0.0,0.0,0.0,0.0,0.0,0.0,0.0,0.0,0.0
987,6,72,0,0.0,0.0,0.0,0.0,0.0,0.0,0.0,0.0,0.0,0.0,0.0,0.0,0.0,0.0,0.0,0.0,0.0,0.0,0.0,0.0,0.0,0.0,0.0,0.0,0.0,0.0,0.0,0.0,0.0,0.0,0.0,0.0,0.0,0.0,0.0
988,6,73,0,0.0,0.0,0.0,0.0,0.0,0.0,0.0,0.0,0.0,0.0,0.0,0.0,0.0,0.0,0.0,0.0,0.0,0.0,0.0,0.0,0.0,0.0,0.0,0.0,0.0,0.0,0.0,0.0,0.0,0.0,0.0,0.0,0.0,0.0,0.0
989,6,74,0,0.0,0.0,0.0,0.0,0.0,0.0,0.0,0.0,0.0,0.0,0.0,0.0,0.0,0.0,0.0,0.0,0.0,0.0,0.0,0.0,0.0,0.0,0.0,0.0,0.0,0.0,0.0,0.0,0.0,0.0,0.0,0.0,0.0,0.0,0.0
990,6,75,0,0.0,0.0,0.0,0.0,0.0,0.0,0.0,0.0,0.0,0.0,0.0,0.0,0.0,0.0,0.0,0.0,0.0,0.0,0.0,0.0,0.0,0.0,0.0,0.0,0.0,0.0,0.0,0.0,0.0,0.0,0.0,0.0,0.0,0.0,0.0
991,6,76,0,0.0,0.0,0.0,0.0,0.0,0.0,0.0,0.0,0.0,0.0,0.0,0.0,0.0,0.0,0.0,0.0,0.0,0.0,0.0,0.0,0.0,0.0,0.0,0.0,0.0,0.0,0.0,0.0,0.0,0.0,0.0,0.0,0.0,0.0,0.0
992,6,77,0,0.0,0.0,0.0,0.0,0.0,0.0,0.0,0.0,0.0,0.0,0.0,0.0,0.0,0.0,0.0,0.0,0.0,0.0,0.0,0.0,0.0,0.0,0.0,0.0,0.0,0.0,0.0,0.0,0.0,0.0,0.0,0.0,0.0,0.0,0.0
993,6,80,0,0.0,0.0,0.0,0.0,0.0,0.0,0.0,0.0,0.0,0.0,0.0,0.0,0.0,0.0,0.0,0.0,0.0,0.0,0.0,0.0,0.0,0.0,0.0,0.0,0.0,0.0,0.0,0.0,0.0,0.0,0.0,0.0,0.0,0.0,0.0
994,6,81,0,0.0,0.0,0.0,0.0,0.0,0.0,0.0,0.0,0.0,0.0,0.0,0.0,0.0,0.0,0.0,0.0,0.0,0.0,0.0,0.0,0.0,0.0,0.0,0.0,0.0,0.0,0.0,0.0,0.0,0.0,0.0,0.0,0.0,0.0,0.0
995,6,83,0,0.0,0.0,0.0,0.0,0.0,0.0,0.0,0.0,0.0,0.0,0.0,0.0,0.0,0.0,0.0,0.0,0.0,0.0,0.0,0.0,0.0,0.0,0.0,0.0,0.0,0.0,0.0,0.0,0.0,0.0,0.0,0.0,0.0,0.0,0.0
996,6,85,0,0.0,0.0,0.0,0.0,0.0,0.0,0.0,0.0,0.0,0.0,0.0,0.0,0.0,0.0,0.0,0.0,0.0,0.0,0.0,0.0,0.0,0.0,0.0,0.0,0.0,0.0,0.0,0.0,0.0,0.0,0.0,0.0,0.0,0.0,0.0
997,6,86,0,0.0,0.0,0.0,0.0,0.0,0.0,0.0,0.0,0.0,0.0,0.0,0.0,0.0,0.0,0.0,0.0,0.0,0.0,0.0,0.0,0.0,0.0,0.0,0.0,0.0,0.0,0.0,0.0,0.0,0.0,0.0,0.0,0.0,0.0,0.0
998,6,89,0,0.0,0.0,0.0,0.0,0.0,0.0,0.0,0.0,0.0,0.0,0.0,0.0,0.0,0.0,0.0,0.0,0.0,0.0,0.0,0.0,0.0,0.0,0.0,0.0,0.0,0.0,0.0,0.0,0.0,0.0,0.0,0.0,0.0,0.0,0.0
999,6,91,0,0.0,0.0,0.0,0.0,0.0,0.0,0.0,0.0,0.0,0.0,0.0,0.0,0.0,0.0,0.0,0.0,0.0,0.0,0.0,0.0,0.0,0.0,0.0,0.0,0.0,0.0,0.0,0.0,0.0,0.0,0.0,0.0,0.0,0.0,0.0
1000,6,92,0,0.0,0.0,0.0,0.0,0.0,0.0,0.0,0.0,0.0,0.0,0.0,0.0,0.0,0.0,0.0,0.0,0.0,0.0,0.0,0.0,0.0,0.0,0.0,0.0,0.0,0.0,0.0,0.0,0.0,0.0,0.0,0.0,0.0,0.0,0.0
1001,6,95,0,0.0,0.0,0.0,0.0,0.0,0.0,0.0,0.0,0.0,0.0,0.0,0.0,0.0,0.0,0.0,0.0,0.0,0.0,0.0,0.0,0.0,0.0,0.0,0.0,0.0,0.0,0.0,0.0,0.0,0.0,0.0,0.0,0.0,0.0,0.0
1002,6,96,0,0.0,0.0,0.0,0.0,0.0,0.0,0.0,0.0,0.0,0.0,0.0,0.0,0.0,0.0,0.0,0.0,0.0,0.0,0.0,0.0,0.0,0.0,0.0,0.0,0.0,0.0,0.0,0.0,0.0,0.0,0.0,0.0,0.0,0.0,0.0
1003,6,97,0,0.0,0.0,0.0,0.0,0.0,0.0,0.0,0.0,0.0,0.0,0.0,0.0,0.0,0.0,0.0,0.0,0.0,0.0,0.0,0.0,0.0,0.0,0.0,0.0,0.0,0.0,0.0,0.0,0.0,0.0,0.0,0.0,0.0,0.0,0.0
1004,6,100,0,0.0,0.0,0.0,0.0,0.0,0.0,0.0,0.0,0.0,0.0,0.0,0.0,0.0,0.0,0.0,0.0,0.0,0.0,0.0,0.0,0.0,0.0,0.0,0.0,0.0,0.0,0.0,0.0,0.0,0.0,0.0,0.0,0.0,0.0,0.0
1005,6,101,0,0.0,0.0,0.0,0.0,0.0,0.0,0.0,0.0,0.0,0.0,0.0,0.0,0.0,0.0,0.0,0.0,0.0,0.0,0.0,0.0,0.0,0.0,0.0,0.0,0.0,0.0,0.0,0.0,0.0,0.0,0.0,0.0,0.0,0.0,0.0
1006,6,102,0,0.0,0.0,0.0,0.0,0.0,0.0,0.0,0.0,0.0,0.0,0.0,0.0,0.0,0.0,0.0,0.0,0.0,0.0,0.0,0.0,0.0,0.0,0.0,0.0,0.0,0.0,0.0,0.0,0.0,0.0,0.0,0.0,0.0,0.0,0.0
1007,6,105,0,0.0,0.0,0.0,0.0,0.0,0.0,0.0,0.0,0.0,0.0,0.0,0.0,0.0,0.0,0.0,0.0,0.0,0.0,0.0,0.0,0.0,0.0,0.0,0.0,0.0,0.0,0.0,0.0,0.0,0.0,0.0,0.0,0.0,0.0,0.0
1008,6,106,0,0.0,0.0,0.0,0.0,0.0,0.0,0.0,0.0,0.0,0.0,0.0,0.0,0.0,0.0,0.0,0.0,0.0,0.0,0.0,0.0,0.0,0.0,0.0,0.0,0.0,0.0,0.0,0.0,0.0,0.0,0.0,0.0,0.0,0.0,0.0
1009,6,108,0,0.0,0.0,0.0,0.0,0.0,0.0,0.0,0.0,0.0,0.0,0.0,0.0,0.0,0.0,0.0,0.0,0.0,0.0,0.0,0.0,0.0,0.0,0.0,0.0,0.0,0.0,0.0,0.0,0.0,0.0,0.0,0.0,0.0,0.0,0.0
1010,6,110,0,0.0,0.0,0.0,0.0,0.0,0.0,0.0,0.0,0.0,0.0,0.0,0.0,0.0,0.0,0.0,0.0,0.0,0.0,0.0,0.0,0.0,0.0,0.0,0.0,0.0,0.0,0.0,0.0,0.0,0.0,0.0,0.0,0.0,0.0,0.0
1011,6,114,0,0.0,0.0,0.0,0.0,0.0,0.0,0.0,0.0,0.0,0.0,0.0,0.0,0.0,0.0,0.0,0.0,0.0,0.0,0.0,0.0,0.0,0.0,0.0,0.0,0.0,0.0,0.0,0.0,0.0,0.0,0.0,0.0,0.0,0.0,0.0
1012,6,118,0,0.0,0.0,0.0,0.0,0.0,0.0,0.0,0.0,0.0,0.0,0.0,0.0,0.0,0.0,0.0,0.0,0.0,0.0,0.0,0.0,0.0,0.0,0.0,0.0,0.0,0.0,0.0,0.0,0.0,0.0,0.0,0.0,0.0,0.0,0.0
1013,6,119,0,0.0,0.0,0.0,0.0,0.0,0.0,0.0,0.0,0.0,0.0,0.0,0.0,0.0,0.0,0.0,0.0,0.0,0.0,0.0,0.0,0.0,0.0,0.0,0.0,0.0,0.0,0.0,0.0,0.0,0.0,0.0,0.0,0.0,0.0,0.0
1014,6,120,0,0.0,0.0,0.0,0.0,0.0,0.0,0.0,0.0,0.0,0.0,0.0,0.0,0.0,0.0,0.0,0.0,0.0,0.0,0.0,0.0,0.0,0.0,0.0,0.0,0.0,0.0,0.0,0.0,0.0,0.0,0.0,0.0,0.0,0.0,0.0
1015,6,126,0,0.0,0.0,0.0,0.0,0.0,0.0,0.0,0.0,0.0,0.0,0.0,0.0,0.0,0.0,0.0,0.0,0.0,0.0,0.0,0.0,0.0,0.0,0.0,0.0,0.0,0.0,0.0,0.0,0.0,0.0,0.0,0.0,0.0,0.0,0.0
1016,6,128,0,0.0,0.0,0.0,0.0,0.0,0.0,0.0,0.0,0.0,0.0,0.0,0.0,0.0,0.0,0.0,0.0,0.0,0.0,0.0,0.0,0.0,0.0,0.0,0.0,0.0,0.0,0.0,0.0,0.0,0.0,0.0,0.0,0.0,0.0,0.0
1017,6,129,0,0.0,0.0,0.0,0.0,0.0,0.0,0.0,0.0,0.0,0.0,0.0,0.0,0.0,0.0,0.0,0.0,0.0,0.0,0.0,0.0,0.0,0.0,0.0,0.0,0.0,0.0,0.0,0.0,0.0,0.0,0.0,0.0,0.0,0.0,0.0
1018,6,130,0,0.0,0.0,0.0,0.0,0.0,0.0,0.0,0.0,0.0,0.0,0.0,0.0,0.0,0.0,0.0,0.0,0.0,0.0,0.0,0.0,0.0,0.0,0.0,0.0,0.0,0.0,0.0,0.0,0.0,0.0,0.0,0.0,0.0,0.0,0.0
1019,6,133,0,0.0,0.0,0.0,0.0,0.0,0.0,0.0,0.0,0.0,0.0,0.0,0.0,0.0,0.0,0.0,0.0,0.0,0.0,0.0,0.0,0.0,0.0,0.0,0.0,0.0,0.0,0.0,0.0,0.0,0.0,0.0,0.0,0.0,0.0,0.0
1020,6,137,0,0.0,0.0,0.0,0.0,0.0,0.0,0.0,0.0,0.0,0.0,0.0,0.0,0.0,0.0,0.0,0.0,0.0,0.0,0.0,0.0,0.0,0.0,0.0,0.0,0.0,0.0,0.0,0.0,0.0,0.0,0.0,0.0,0.0,0.0,0.0
1021,6,138,0,0.0,0.0,0.0,0.0,0.0,0.0,0.0,0.0,0.0,0.0,0.0,0.0,0.0,0.0,0.0,0.0,0.0,0.0,0.0,0.0,0.0,0.0,0.0,0.0,0.0,0.0,0.0,0.0,0.0,0.0,0.0,0.0,0.0,0.0,0.0
1022,6,141,0,0.0,0.0,0.0,0.0,0.0,0.0,0.0,0.0,0.0,0.0,0.0,0.0,0.0,0.0,0.0,0.0,0.0,0.0,0.0,0.0,0.0,0.0,0.0,0.0,0.0,0.0,0.0,0.0,0.0,0.0,0.0,0.0,0.0,0.0,0.0
1023,6,143,0,0.0,0.0,0.0,0.0,0.0,0.0,0.0,0.0,0.0,0.0,0.0,0.0,0.0,0.0,0.0,0.0,0.0,0.0,0.0,0.0,0.0,0.0,0.0,0.0,0.0,0.0,0.0,0.0,0.0,0.0,0.0,0.0,0.0,0.0,0.0
1024,6,149,0,0.0,0.0,0.0,0.0,0.0,0.0,0.0,0.0,0.0,0.0,0.0,0.0,0.0,0.0,0.0,0.0,0.0,0.0,0.0,0.0,0.0,0.0,0.0,0.0,0.0,0.0,0.0,0.0,0.0,0.0,0.0,0.0,0.0,0.0,0.0
1025,6,150,0,0.0,0.0,0.0,0.0,0.0,0.0,0.0,0.0,0.0,0.0,0.0,0.0,0.0,0.0,0.0,0.0,0.0,0.0,0.0,0.0,0.0,0.0,0.0,0.0,0.0,0.0,0.0,0.0,0.0,0.0,0.0,0.0,0.0,0.0,0.0
1026,6,151,0,0.0,0.0,0.0,0.0,0.0,0.0,0.0,0.0,0.0,0.0,0.0,0.0,0.0,0.0,0.0,0.0,0.0,0.0,0.0,0.0,0.0,0.0,0.0,0.0,0.0,0.0,0.0,0.0,0.0,0.0,0.0,0.0,0.0,0.0,0.0
1027,6,153,0,0.0,0.0,0.0,0.0,0.0,0.0,0.0,0.0,0.0,0.0,0.0,0.0,0.0,0.0,0.0,0.0,0.0,0.0,0.0,0.0,0.0,0.0,0.0,0.0,0.0,0.0,0.0,0.0,0.0,0.0,0.0,0.0,0.0,0.0,0.0
1028,6,155,0,0.0,0.0,0.0,0.0,0.0,0.0,0.0,0.0,0.0,0.0,0.0,0.0,0.0,0.0,0.0,0.0,0.0,0.0,0.0,0.0,0.0,0.0,0.0,0.0,0.0,0.0,0.0,0.0,0.0,0.0,0.0,0.0,0.0,0.0,0.0
1029,6,156,0,0.0,0.0,0.0,0.0,0.0,0.0,0.0,0.0,0.0,0.0,0.0,0.0,0.0,0.0,0.0,0.0,0.0,0.0,0.0,0.0,0.0,0.0,0.0,0.0,0.0,0.0,0.0,0.0,0.0,0.0,0.0,0.0,0.0,0.0,0.0
1030,6,158,0,0.0,0.0,0.0,0.0,0.0,0.0,0.0,0.0,0.0,0.0,0.0,0.0,0.0,0.0,0.0,0.0,0.0,0.0,0.0,0.0,0.0,0.0,0.0,0.0,0.0,0.0,0.0,0.0,0.0,0.0,0.0,0.0,0.0,0.0,0.0
1031,6,161,0,0.0,0.0,0.0,0.0,0.0,0.0,0.0,0.0,0.0,0.0,0.0,0.0,0.0,0.0,0.0,0.0,0.0,0.0,0.0,0.0,0.0,0.0,0.0,0.0,0.0,0.0,0.0,0.0,0.0,0.0,0.0,0.0,0.0,0.0,0.0
1032,6,163,0,0.0,0.0,0.0,0.0,0.0,0.0,0.0,0.0,0.0,0.0,0.0,0.0,0.0,0.0,0.0,0.0,0.0,0.0,0.0,0.0,0.0,0.0,0.0,0.0,0.0,0.0,0.0,0.0,0.0,0.0,0.0,0.0,0.0,0.0,0.0
1033,6,166,0,0.0,0.0,0.0,0.0,0.0,0.0,0.0,0.0,0.0,0.0,0.0,0.0,0.0,0.0,0.0,0.0,0.0,0.0,0.0,0.0,0.0,0.0,0.0,0.0,0.0,0.0,0.0,0.0,0.0,0.0,0.0,0.0,0.0,0.0,0.0
1034,6,167,0,0.0,0.0,0.0,0.0,0.0,0.0,0.0,0.0,0.0,0.0,0.0,0.0,0.0,0.0,0.0,0.0,0.0,0.0,0.0,0.0,0.0,0.0,0.0,0.0,0.0,0.0,0.0,0.0,0.0,0.0,0.0,0.0,0.0,0.0,0.0
1035,6,168,0,0.0,0.0,0.0,0.0,0.0,0.0,0.0,0.0,0.0,0.0,0.0,0.0,0.0,0.0,0.0,0.0,0.0,0.0,0.0,0.0,0.0,0.0,0.0,0.0,0.0,0.0,0.0,0.0,0.0,0.0,0.0,0.0,0.0,0.0,0.0
1036,6,170,0,0.0,0.0,0.0,0.0,0.0,0.0,0.0,0.0,0.0,0.0,0.0,0.0,0.0,0.0,0.0,0.0,0.0,0.0,0.0,0.0,0.0,0.0,0.0,0.0,0.0,0.0,0.0,0.0,0.0,0.0,0.0,0.0,0.0,0.0,0.0
1037,6,172,0,0.0,0.0,0.0,0.0,0.0,0.0,0.0,0.0,0.0,0.0,0.0,0.0,0.0,0.0,0.0,0.0,0.0,0.0,0.0,0.0,0.0,0.0,0.0,0.0,0.0,0.0,0.0,0.0,0.0,0.0,0.0,0.0,0.0,0.0,0.0
1038,6,175,0,0.0,0.0,0.0,0.0,0.0,0.0,0.0,0.0,0.0,0.0,0.0,0.0,0.0,0.0,0.0,0.0,0.0,0.0,0.0,0.0,0.0,0.0,0.0,0.0,0.0,0.0,0.0,0.0,0.0,0.0,0.0,0.0,0.0,0.0,0.0
1039,6,180,0,0.0,0.0,0.0,0.0,0.0,0.0,0.0,0.0,0.0,0.0,0.0,0.0,0.0,0.0,0.0,0.0,0.0,0.0,0.0,0.0,0.0,0.0,0.0,0.0,0.0,0.0,0.0,0.0,0.0,0.0,0.0,0.0,0.0,0.0,0.0
1040,6,182,0,0.0,0.0,0.0,0.0,0.0,0.0,0.0,0.0,0.0,0.0,0.0,0.0,0.0,0.0,0.0,0.0,0.0,0.0,0.0,0.0,0.0,0.0,0.0,0.0,0.0,0.0,0.0,0.0,0.0,0.0,0.0,0.0,0.0,0.0,0.0
1041,6,187,0,0.0,0.0,0.0,0.0,0.0,0.0,0.0,0.0,0.0,0.0,0.0,0.0,0.0,0.0,0.0,0.0,0.0,0.0,0.0,0.0,0.0,0.0,0.0,0.0,0.0,0.0,0.0,0.0,0.0,0.0,0.0,0.0,0.0,0.0,0.0
1042,6,188,0,0.0,0.0,0.0,0.0,0.0,0.0,0.0,0.0,0.0,0.0,0.0,0.0,0.0,0.0,0.0,0.0,0.0,0.0,0.0,0.0,0.0,0.0,0.0,0.0,0.0,0.0,0.0,0.0,0.0,0.0,0.0,0.0,0.0,0.0,0.0
1043,6,189,0,0.0,0.0,0.0,0.0,0.0,0.0,0.0,0.0,0.0,0.0,0.0,0.0,0.0,0.0,0.0,0.0,0.0,0.0,0.0,0.0,0.0,0.0,0.0,0.0,0.0,0.0,0.0,0.0,0.0,0.0,0.0,0.0,0.0,0.0,0.0
1044,6,190,0,0.0,0.0,0.0,0.0,0.0,0.0,0.0,0.0,0.0,0.0,0.0,0.0,0.0,0.0,0.0,0.0,0.0,0.0,0.0,0.0,0.0,0.0,0.0,0.0,0.0,0.0,0.0,0.0,0.0,0.0,0.0,0.0,0.0,0.0,0.0
1045,6,192,0,0.0,0.0,0.0,0.0,0.0,0.0,0.0,0.0,0.0,0.0,0.0,0.0,0.0,0.0,0.0,0.0,0.0,0.0,0.0,0.0,0.0,0.0,0.0,0.0,0.0,0.0,0.0,0.0,0.0,0.0,0.0,0.0,0.0,0.0,0.0
1046,6,194,0,0.0,0.0,0.0,0.0,0.0,0.0,0.0,0.0,0.0,0.0,0.0,0.0,0.0,0.0,0.0,0.0,0.0,0.0,0.0,0.0,0.0,0.0,0.0,0.0,0.0,0.0,0.0,0.0,0.0,0.0,0.0,0.0,0.0,0.0,0.0
1047,6,199,0,0.0,0.0,0.0,0.0,0.0,0.0,0.0,0.0,0.0,0.0,0.0,0.0,0.0,0.0,0.0,0.0,0.0,0.0,0.0,0.0,0.0,0.0,0.0,0.0,0.0,0.0,0.0,0.0,0.0,0.0,0.0,0.0,0.0,0.0,0.0
1048,6,204,0,0.0,0.0,0.0,0.0,0.0,0.0,0.0,0.0,0.0,0.0,0.0,0.0,0.0,0.0,0.0,0.0,0.0,0.0,0.0,0.0,0.0,0.0,0.0,0.0,0.0,0.0,0.0,0.0,0.0,0.0,0.0,0.0,0.0,0.0,0.0
1049,6,210,0,0.0,0.0,0.0,0.0,0.0,0.0,0.0,0.0,0.0,0.0,0.0,0.0,0.0,0.0,0.0,0.0,0.0,0.0,0.0,0.0,0.0,0.0,0.0,0.0,0.0,0.0,0.0,0.0,0.0,0.0,0.0,0.0,0.0,0.0,0.0
1050,6,212,0,0.0,0.0,0.0,0.0,0.0,0.0,0.0,0.0,0.0,0.0,0.0,0.0,0.0,0.0,0.0,0.0,0.0,0.0,0.0,0.0,0.0,0.0,0.0,0.0,0.0,0.0,0.0,0.0,0.0,0.0,0.0,0.0,0.0,0.0,0.0
1051,6,217,0,0.0,0.0,0.0,0.0,0.0,0.0,0.0,0.0,0.0,0.0,0.0,0.0,0.0,0.0,0.0,0.0,0.0,0.0,0.0,0.0,0.0,0.0,0.0,0.0,0.0,0.0,0.0,0.0,0.0,0.0,0.0,0.0,0.0,0.0,0.0
1052,6,219,0,0.0,0.0,0.0,0.0,0.0,0.0,0.0,0.0,0.0,0.0,0.0,0.0,0.0,0.0,0.0,0.0,0.0,0.0,0.0,0.0,0.0,0.0,0.0,0.0,0.0,0.0,0.0,0.0,0.0,0.0,0.0,0.0,0.0,0.0,0.0
1053,6,221,0,0.0,0.0,0.0,0.0,0.0,0.0,0.0,0.0,0.0,0.0,0.0,0.0,0.0,0.0,0.0,0.0,0.0,0.0,0.0,0.0,0.0,0.0,0.0,0.0,0.0,0.0,0.0,0.0,0.0,0.0,0.0,0.0,0.0,0.0,0.0
1054,6,222,0,0.0,0.0,0.0,0.0,0.0,0.0,0.0,0.0,0.0,0.0,0.0,0.0,0.0,0.0,0.0,0.0,0.0,0.0,0.0,0.0,0.0,0.0,0.0,0.0,0.0,0.0,0.0,0.0,0.0,0.0,0.0,0.0,0.0,0.0,0.0
1055,6,225,0,0.0,0.0,0.0,0.0,0.0,0.0,0.0,0.0,0.0,0.0,0.0,0.0,0.0,0.0,0.0,0.0,0.0,0.0,0.0,0.0,0.0,0.0,0.0,0.0,0.0,0.0,0.0,0.0,0.0,0.0,0.0,0.0,0.0,0.0,0.0
1056,6,226,0,0.0,0.0,0.0,0.0,0.0,0.0,0.0,0.0,0.0,0.0,0.0,0.0,0.0,0.0,0.0,0.0,0.0,0.0,0.0,0.0,0.0,0.0,0.0,0.0,0.0,0.0,0.0,0.0,0.0,0.0,0.0,0.0,0.0,0.0,0.0
1057,6,227,0,0.0,0.0,0.0,0.0,0.0,0.0,0.0,0.0,0.0,0.0,0.0,0.0,0.0,0.0,0.0,0.0,0.0,0.0,0.0,0.0,0.0,0.0,0.0,0.0,0.0,0.0,0.0,0.0,0.0,0.0,0.0,0.0,0.0,0.0,0.0
1058,6,229,0,0.0,0.0,0.0,0.0,0.0,0.0,0.0,0.0,0.0,0.0,0.0,0.0,0.0,0.0,0.0,0.0,0.0,0.0,0.0,0.0,0.0,0.0,0.0,0.0,0.0,0.0,0.0,0.0,0.0,0.0,0.0,0.0,0.0,0.0,0.0
1059,6,230,0,0.0,0.0,0.0,0.0,0.0,0.0,0.0,0.0,0.0,0.0,0.0,0.0,0.0,0.0,0.0,0.0,0.0,0.0,0.0,0.0,0.0,0.0,0.0,0.0,0.0,0.0,0.0,0.0,0.0,0.0,0.0,0.0,0.0,0.0,0.0
1060,6,237,0,0.0,0.0,0.0,0.0,0.0,0.0,0.0,0.0,0.0,0.0,0.0,0.0,0.0,0.0,0.0,0.0,0.0,0.0,0.0,0.0,0.0,0.0,0.0,0.0,0.0,0.0,0.0,0.0,0.0,0.0,0.0,0.0,0.0,0.0,0.0
1061,6,241,0,0.0,0.0,0.0,0.0,0.0,0.0,0.0,0.0,0.0,0.0,0.0,0.0,0.0,0.0,0.0,0.0,0.0,0.0,0.0,0.0,0.0,0.0,0.0,0.0,0.0,0.0,0.0,0.0,0.0,0.0,0.0,0.0,0.0,0.0,0.0
1062,6,244,0,0.0,0.0,0.0,0.0,0.0,0.0,0.0,0.0,0.0,0.0,0.0,0.0,0.0,0.0,0.0,0.0,0.0,0.0,0.0,0.0,0.0,0.0,0.0,0.0,0.0,0.0,0.0,0.0,0.0,0.0,0.0,0.0,0.0,0.0,0.0
1063,6,245,0,0.0,0.0,0.0,0.0,0.0,0.0,0.0,0.0,0.0,0.0,0.0,0.0,0.0,0.0,0.0,0.0,0.0,0.0,0.0,0.0,0.0,0.0,0.0,0.0,0.0,0.0,0.0,0.0,0.0,0.0,0.0,0.0,0.0,0.0,0.0
1064,6,247,0,0.0,0.0,0.0,0.0,0.0,0.0,0.0,0.0,0.0,0.0,0.0,0.0,0.0,0.0,0.0,0.0,0.0,0.0,0.0,0.0,0.0,0.0,0.0,0.0,0.0,0.0,0.0,0.0,0.0,0.0,0.0,0.0,0.0,0.0,0.0
1065,6,248,0,0.0,0.0,0.0,0.0,0.0,0.0,0.0,0.0,0.0,0.0,0.0,0.0,0.0,0.0,0.0,0.0,0.0,0.0,0.0,0.0,0.0,0.0,0.0,0.0,0.0,0.0,0.0,0.0,0.0,0.0,0.0,0.0,0.0,0.0,0.0
1066,6,251,0,0.0,0.0,0.0,0.0,0.0,0.0,0.0,0.0,0.0,0.0,0.0,0.0,0.0,0.0,0.0,0.0,0.0,0.0,0.0,0.0,0.0,0.0,0.0,0.0,0.0,0.0,0.0,0.0,0.0,0.0,0.0,0.0,0.0,0.0,0.0
1067,6,252,0,0.0,0.0,0.0,0.0,0.0,0.0,0.0,0.0,0.0,0.0,0.0,0.0,0.0,0.0,0.0,0.0,0.0,0.0,0.0,0.0,0.0,0.0,0.0,0.0,0.0,0.0,0.0,0.0,0.0,0.0,0.0,0.0,0.0,0.0,0.0
1068,6,253,0,0.0,0.0,0.0,0.0,0.0,0.0,0.0,0.0,0.0,0.0,0.0,0.0,0.0,0.0,0.0,0.0,0.0,0.0,0.0,0.0,0.0,0.0,0.0,0.0,0.0,0.0,0.0,0.0,0.0,0.0,0.0,0.0,0.0,0.0,0.0
1069,6,254,0,0.0,0.0,0.0,0.0,0.0,0.0,0.0,0.0,0.0,0.0,0.0,0.0,0.0,0.0,0.0,0.0,0.0,0.0,0.0,0.0,0.0,0.0,0.0,0.0,0.0,0.0,0.0,0.0,0.0,0.0,0.0,0.0,0.0,0.0,0.0
1070,6,255,0,0.0,0.0,0.0,0.0,0.0,0.0,0.0,0.0,0.0,0.0,0.0,0.0,0.0,0.0,0.0,0.0,0.0,0.0,0.0,0.0,0.0,0.0,0.0,0.0,0.0,0.0,0.0,0.0,0.0,0.0,0.0,0.0,0.0,0.0,0.0
1071,6,256,0,0.0,0.0,0.0,0.0,0.0,0.0,0.0,0.0,0.0,0.0,0.0,0.0,0.0,0.0,0.0,0.0,0.0,0.0,0.0,0.0,0.0,0.0,0.0,0.0,0.0,0.0,0.0,0.0,0.0,0.0,0.0,0.0,0.0,0.0,0.0
1072,6,257,0,0.0,0.0,0.0,0.0,0.0,0.0,0.0,0.0,0.0,0.0,0.0,0.0,0.0,0.0,0.0,0.0,0.0,0.0,0.0,0.0,0.0,0.0,0.0,0.0,0.0,0.0,0.0,0.0,0.0,0.0,0.0,0.0,0.0,0.0,0.0
1073,6,258,0,0.0,0.0,0.0,0.0,0.0,0.0,0.0,0.0,0.0,0.0,0.0,0.0,0.0,0.0,0.0,0.0,0.0,0.0,0.0,0.0,0.0,0.0,0.0,0.0,0.0,0.0,0.0,0.0,0.0,0.0,0.0,0.0,0.0,0.0,0.0
1074,6,260,0,0.0,0.0,0.0,0.0,0.0,0.0,0.0,0.0,0.0,0.0,0.0,0.0,0.0,0.0,0.0,0.0,0.0,0.0,0.0,0.0,0.0,0.0,0.0,0.0,0.0,0.0,0.0,0.0,0.0,0.0,0.0,0.0,0.0,0.0,0.0
1075,6,261,0,0.0,0.0,0.0,0.0,0.0,0.0,0.0,0.0,0.0,0.0,0.0,0.0,0.0,0.0,0.0,0.0,0.0,0.0,0.0,0.0,0.0,0.0,0.0,0.0,0.0,0.0,0.0,0.0,0.0,0.0,0.0,0.0,0.0,0.0,0.0
1076,7,2,0,0.0,0.0,0.0,0.0,0.0,0.0,0.0,0.0,0.0,0.0,0.0,0.0,0.0,0.0,0.0,0.0,0.0,0.0,0.0,0.0,0.0,0.0,0.0,0.0,0.0,0.0,0.0,0.0,0.0,0.0,0.0,0.0,0.0,0.0,0.0
1077,7,11,0,0.0,0.0,0.0,0.0,0.0,0.0,0.0,0.0,0.0,0.0,0.0,0.0,0.0,0.0,0.0,0.0,0.0,0.0,0.0,0.0,0.0,0.0,0.0,0.0,0.0,0.0,0.0,0.0,0.0,0.0,0.0,0.0,0.0,0.0,0.0
1078,7,14,0,0.0,0.0,0.0,0.0,0.0,0.0,0.0,0.0,0.0,0.0,0.0,0.0,0.0,0.0,0.0,0.0,0.0,0.0,0.0,0.0,0.0,0.0,0.0,0.0,0.0,0.0,0.0,0.0,0.0,0.0,0.0,0.0,0.0,0.0,0.0
1079,7,15,0,0.0,0.0,0.0,0.0,0.0,0.0,0.0,0.0,0.0,0.0,0.0,0.0,0.0,0.0,0.0,0.0,0.0,0.0,0.0,0.0,0.0,0.0,0.0,0.0,0.0,0.0,0.0,0.0,0.0,0.0,0.0,0.0,0.0,0.0,0.0
1080,7,16,0,0.0,0.0,0.0,0.0,0.0,0.0,0.0,0.0,0.0,0.0,0.0,0.0,0.0,0.0,0.0,0.0,0.0,0.0,0.0,0.0,0.0,0.0,0.0,0.0,0.0,0.0,0.0,0.0,0.0,0.0,0.0,0.0,0.0,0.0,0.0
1081,7,22,0,0.0,0.0,0.0,0.0,0.0,0.0,0.0,0.0,0.0,0.0,0.0,0.0,0.0,0.0,0.0,0.0,0.0,0.0,0.0,0.0,0.0,0.0,0.0,0.0,0.0,0.0,0.0,0.0,0.0,0.0,0.0,0.0,0.0,0.0,0.0
1082,7,25,0,0.0,0.0,0.0,0.0,0.0,0.0,0.0,0.0,0.0,0.0,0.0,0.0,0.0,0.0,0.0,0.0,0.0,0.0,0.0,0.0,0.0,0.0,0.0,0.0,0.0,0.0,0.0,0.0,0.0,0.0,0.0,0.0,0.0,0.0,0.0
1083,7,28,0,0.0,0.0,0.0,0.0,0.0,0.0,0.0,0.0,0.0,0.0,0.0,0.0,0.0,0.0,0.0,0.0,0.0,0.0,0.0,0.0,0.0,0.0,0.0,0.0,0.0,0.0,0.0,0.0,0.0,0.0,0.0,0.0,0.0,0.0,0.0
1084,7,29,0,0.0,0.0,0.0,0.0,0.0,0.0,0.0,0.0,0.0,0.0,0.0,0.0,0.0,0.0,0.0,0.0,0.0,0.0,0.0,0.0,0.0,0.0,0.0,0.0,0.0,0.0,0.0,0.0,0.0,0.0,0.0,0.0,0.0,0.0,0.0
1085,7,30,0,0.0,0.0,0.0,0.0,0.0,0.0,0.0,0.0,0.0,0.0,0.0,0.0,0.0,0.0,0.0,0.0,0.0,0.0,0.0,0.0,0.0,0.0,0.0,0.0,0.0,0.0,0.0,0.0,0.0,0.0,0.0,0.0,0.0,0.0,0.0
1086,7,32,0,0.0,0.0,0.0,0.0,0.0,0.0,0.0,0.0,0.0,0.0,0.0,0.0,0.0,0.0,0.0,0.0,0.0,0.0,0.0,0.0,0.0,0.0,0.0,0.0,0.0,0.0,0.0,0.0,0.0,0.0,0.0,0.0,0.0,0.0,0.0
1087,7,33,0,0.0,0.0,0.0,0.0,0.0,0.0,0.0,0.0,0.0,0.0,0.0,0.0,0.0,0.0,0.0,0.0,0.0,0.0,0.0,0.0,0.0,0.0,0.0,0.0,0.0,0.0,0.0,0.0,0.0,0.0,0.0,0.0,0.0,0.0,0.0
1088,7,34,0,0.0,0.0,0.0,0.0,0.0,0.0,0.0,0.0,0.0,0.0,0.0,0.0,0.0,0.0,0.0,0.0,0.0,0.0,0.0,0.0,0.0,0.0,0.0,0.0,0.0,0.0,0.0,0.0,0.0,0.0,0.0,0.0,0.0,0.0,0.0
1089,7,36,0,0.0,0.0,0.0,0.0,0.0,0.0,0.0,0.0,0.0,0.0,0.0,0.0,0.0,0.0,0.0,0.0,0.0,0.0,0.0,0.0,0.0,0.0,0.0,0.0,0.0,0.0,0.0,0.0,0.0,0.0,0.0,0.0,0.0,0.0,0.0
1090,7,37,0,0.0,0.0,0.0,0.0,0.0,0.0,0.0,0.0,0.0,0.0,0.0,0.0,0.0,0.0,0.0,0.0,0.0,0.0,0.0,0.0,0.0,0.0,0.0,0.0,0.0,0.0,0.0,0.0,0.0,0.0,0.0,0.0,0.0,0.0,0.0
1091,7,39,0,0.0,0.0,0.0,0.0,0.0,0.0,0.0,0.0,0.0,0.0,0.0,0.0,0.0,0.0,0.0,0.0,0.0,0.0,0.0,0.0,0.0,0.0,0.0,0.0,0.0,0.0,0.0,0.0,0.0,0.0,0.0,0.0,0.0,0.0,0.0
1092,7,40,0,0.0,0.0,0.0,0.0,0.0,0.0,0.0,0.0,0.0,0.0,0.0,0.0,0.0,0.0,0.0,0.0,0.0,0.0,0.0,0.0,0.0,0.0,0.0,0.0,0.0,0.0,0.0,0.0,0.0,0.0,0.0,0.0,0.0,0.0,0.0
1093,7,41,0,0.0,0.0,0.0,0.0,0.0,0.0,0.0,0.0,0.0,0.0,0.0,0.0,0.0,0.0,0.0,0.0,0.0,0.0,0.0,0.0,0.0,0.0,0.0,0.0,0.0,0.0,0.0,0.0,0.0,0.0,0.0,0.0,0.0,0.0,0.0
1094,7,46,0,0.0,0.0,0.0,0.0,0.0,0.0,0.0,0.0,0.0,0.0,0.0,0.0,0.0,0.0,0.0,0.0,0.0,0.0,0.0,0.0,0.0,0.0,0.0,0.0,0.0,0.0,0.0,0.0,0.0,0.0,0.0,0.0,0.0,0.0,0.0
1095,7,47,0,0.0,0.0,0.0,0.0,0.0,0.0,0.0,0.0,0.0,0.0,0.0,0.0,0.0,0.0,0.0,0.0,0.0,0.0,0.0,0.0,0.0,0.0,0.0,0.0,0.0,0.0,0.0,0.0,0.0,0.0,0.0,0.0,0.0,0.0,0.0
1096,7,48,0,0.0,0.0,0.0,0.0,0.0,0.0,0.0,0.0,0.0,0.0,0.0,0.0,0.0,0.0,0.0,0.0,0.0,0.0,0.0,0.0,0.0,0.0,0.0,0.0,0.0,0.0,0.0,0.0,0.0,0.0,0.0,0.0,0.0,0.0,0.0
1097,7,55,0,0.0,0.0,0.0,0.0,0.0,0.0,0.0,0.0,0.0,0.0,0.0,0.0,0.0,0.0,0.0,0.0,0.0,0.0,0.0,0.0,0.0,0.0,0.0,0.0,0.0,0.0,0.0,0.0,0.0,0.0,0.0,0.0,0.0,0.0,0.0
1098,7,58,0,0.0,0.0,0.0,0.0,0.0,0.0,0.0,0.0,0.0,0.0,0.0,0.0,0.0,0.0,0.0,0.0,0.0,0.0,0.0,0.0,0.0,0.0,0.0,0.0,0.0,0.0,0.0,0.0,0.0,0.0,0.0,0.0,0.0,0.0,0.0
1099,7,59,0,0.0,0.0,0.0,0.0,0.0,0.0,0.0,0.0,0.0,0.0,0.0,0.0,0.0,0.0,0.0,0.0,0.0,0.0,0.0,0.0,0.0,0.0,0.0,0.0,0.0,0.0,0.0,0.0,0.0,0.0,0.0,0.0,0.0,0.0,0.0
1100,7,60,0,0.0,0.0,0.0,0.0,0.0,0.0,0.0,0.0,0.0,0.0,0.0,0.0,0.0,0.0,0.0,0.0,0.0,0.0,0.0,0.0,0.0,0.0,0.0,0.0,0.0,0.0,0.0,0.0,0.0,0.0,0.0,0.0,0.0,0.0,0.0
1101,7,61,0,0.0,0.0,0.0,0.0,0.0,0.0,0.0,0.0,0.0,0.0,0.0,0.0,0.0,0.0,0.0,0.0,0.0,0.0,0.0,0.0,0.0,0.0,0.0,0.0,0.0,0.0,0.0,0.0,0.0,0.0,0.0,0.0,0.0,0.0,0.0
1102,7,62,0,0.0,0.0,0.0,0.0,0.0,0.0,0.0,0.0,0.0,0.0,0.0,0.0,0.0,0.0,0.0,0.0,0.0,0.0,0.0,0.0,0.0,0.0,0.0,0.0,0.0,0.0,0.0,0.0,0.0,0.0,0.0,0.0,0.0,0.0,0.0
1103,7,63,0,0.0,0.0,0.0,0.0,0.0,0.0,0.0,0.0,0.0,0.0,0.0,0.0,0.0,0.0,0.0,0.0,0.0,0.0,0.0,0.0,0.0,0.0,0.0,0.0,0.0,0.0,0.0,0.0,0.0,0.0,0.0,0.0,0.0,0.0,0.0
1104,7,66,0,0.0,0.0,0.0,0.0,0.0,0.0,0.0,0.0,0.0,0.0,0.0,0.0,0.0,0.0,0.0,0.0,0.0,0.0,0.0,0.0,0.0,0.0,0.0,0.0,0.0,0.0,0.0,0.0,0.0,0.0,0.0,0.0,0.0,0.0,0.0
1105,7,68,0,0.0,0.0,0.0,0.0,0.0,0.0,0.0,0.0,0.0,0.0,0.0,0.0,0.0,0.0,0.0,0.0,0.0,0.0,0.0,0.0,0.0,0.0,0.0,0.0,0.0,0.0,0.0,0.0,0.0,0.0,0.0,0.0,0.0,0.0,0.0
1106,7,69,0,0.0,0.0,0.0,0.0,0.0,0.0,0.0,0.0,0.0,0.0,0.0,0.0,0.0,0.0,0.0,0.0,0.0,0.0,0.0,0.0,0.0,0.0,0.0,0.0,0.0,0.0,0.0,0.0,0.0,0.0,0.0,0.0,0.0,0.0,0.0
1107,7,72,0,0.0,0.0,0.0,0.0,0.0,0.0,0.0,0.0,0.0,0.0,0.0,0.0,0.0,0.0,0.0,0.0,0.0,0.0,0.0,0.0,0.0,0.0,0.0,0.0,0.0,0.0,0.0,0.0,0.0,0.0,0.0,0.0,0.0,0.0,0.0
1108,7,73,0,0.0,0.0,0.0,0.0,0.0,0.0,0.0,0.0,0.0,0.0,0.0,0.0,0.0,0.0,0.0,0.0,0.0,0.0,0.0,0.0,0.0,0.0,0.0,0.0,0.0,0.0,0.0,0.0,0.0,0.0,0.0,0.0,0.0,0.0,0.0
1109,7,74,0,0.0,0.0,0.0,0.0,0.0,0.0,0.0,0.0,0.0,0.0,0.0,0.0,0.0,0.0,0.0,0.0,0.0,0.0,0.0,0.0,0.0,0.0,0.0,0.0,0.0,0.0,0.0,0.0,0.0,0.0,0.0,0.0,0.0,0.0,0.0
1110,7,76,0,0.0,0.0,0.0,0.0,0.0,0.0,0.0,0.0,0.0,0.0,0.0,0.0,0.0,0.0,0.0,0.0,0.0,0.0,0.0,0.0,0.0,0.0,0.0,0.0,0.0,0.0,0.0,0.0,0.0,0.0,0.0,0.0,0.0,0.0,0.0
1111,7,77,0,0.0,0.0,0.0,0.0,0.0,0.0,0.0,0.0,0.0,0.0,0.0,0.0,0.0,0.0,0.0,0.0,0.0,0.0,0.0,0.0,0.0,0.0,0.0,0.0,0.0,0.0,0.0,0.0,0.0,0.0,0.0,0.0,0.0,0.0,0.0
1112,7,80,0,0.0,0.0,0.0,0.0,0.0,0.0,0.0,0.0,0.0,0.0,0.0,0.0,0.0,0.0,0.0,0.0,0.0,0.0,0.0,0.0,0.0,0.0,0.0,0.0,0.0,0.0,0.0,0.0,0.0,0.0,0.0,0.0,0.0,0.0,0.0
1113,7,81,0,0.0,0.0,0.0,0.0,0.0,0.0,0.0,0.0,0.0,0.0,0.0,0.0,0.0,0.0,0.0,0.0,0.0,0.0,0.0,0.0,0.0,0.0,0.0,0.0,0.0,0.0,0.0,0.0,0.0,0.0,0.0,0.0,0.0,0.0,0.0
1114,7,82,0,0.0,0.0,0.0,0.0,0.0,0.0,0.0,0.0,0.0,0.0,0.0,0.0,0.0,0.0,0.0,0.0,0.0,0.0,0.0,0.0,0.0,0.0,0.0,0.0,0.0,0.0,0.0,0.0,0.0,0.0,0.0,0.0,0.0,0.0,0.0
1115,7,85,0,0.0,0.0,0.0,0.0,0.0,0.0,0.0,0.0,0.0,0.0,0.0,0.0,0.0,0.0,0.0,0.0,0.0,0.0,0.0,0.0,0.0,0.0,0.0,0.0,0.0,0.0,0.0,0.0,0.0,0.0,0.0,0.0,0.0,0.0,0.0
1116,7,87,0,0.0,0.0,0.0,0.0,0.0,0.0,0.0,0.0,0.0,0.0,0.0,0.0,0.0,0.0,0.0,0.0,0.0,0.0,0.0,0.0,0.0,0.0,0.0,0.0,0.0,0.0,0.0,0.0,0.0,0.0,0.0,0.0,0.0,0.0,0.0
1117,7,90,0,0.0,0.0,0.0,0.0,0.0,0.0,0.0,0.0,0.0,0.0,0.0,0.0,0.0,0.0,0.0,0.0,0.0,0.0,0.0,0.0,0.0,0.0,0.0,0.0,0.0,0.0,0.0,0.0,0.0,0.0,0.0,0.0,0.0,0.0,0.0
1118,7,91,0,0.0,0.0,0.0,0.0,0.0,0.0,0.0,0.0,0.0,0.0,0.0,0.0,0.0,0.0,0.0,0.0,0.0,0.0,0.0,0.0,0.0,0.0,0.0,0.0,0.0,0.0,0.0,0.0,0.0,0.0,0.0,0.0,0.0,0.0,0.0
1119,7,92,0,0.0,0.0,0.0,0.0,0.0,0.0,0.0,0.0,0.0,0.0,0.0,0.0,0.0,0.0,0.0,0.0,0.0,0.0,0.0,0.0,0.0,0.0,0.0,0.0,0.0,0.0,0.0,0.0,0.0,0.0,0.0,0.0,0.0,0.0,0.0
1120,7,93,0,0.0,0.0,0.0,0.0,0.0,0.0,0.0,0.0,0.0,0.0,0.0,0.0,0.0,0.0,0.0,0.0,0.0,0.0,0.0,0.0,0.0,0.0,0.0,0.0,0.0,0.0,0.0,0.0,0.0,0.0,0.0,0.0,0.0,0.0,0.0
1121,7,94,0,0.0,0.0,0.0,0.0,0.0,0.0,0.0,0.0,0.0,0.0,0.0,0.0,0.0,0.0,0.0,0.0,0.0,0.0,0.0,0.0,0.0,0.0,0.0,0.0,0.0,0.0,0.0,0.0,0.0,0.0,0.0,0.0,0.0,0.0,0.0
1122,7,95,0,0.0,0.0,0.0,0.0,0.0,0.0,0.0,0.0,0.0,0.0,0.0,0.0,0.0,0.0,0.0,0.0,0.0,0.0,0.0,0.0,0.0,0.0,0.0,0.0,0.0,0.0,0.0,0.0,0.0,0.0,0.0,0.0,0.0,0.0,0.0
1123,7,99,0,0.0,0.0,0.0,0.0,0.0,0.0,0.0,0.0,0.0,0.0,0.0,0.0,0.0,0.0,0.0,0.0,0.0,0.0,0.0,0.0,0.0,0.0,0.0,0.0,0.0,0.0,0.0,0.0,0.0,0.0,0.0,0.0,0.0,0.0,0.0
1124,7,100,0,0.0,0.0,0.0,0.0,0.0,0.0,0.0,0.0,0.0,0.0,0.0,0.0,0.0,0.0,0.0,0.0,0.0,0.0,0.0,0.0,0.0,0.0,0.0,0.0,0.0,0.0,0.0,0.0,0.0,0.0,0.0,0.0,0.0,0.0,0.0
1125,7,101,0,0.0,0.0,0.0,0.0,0.0,0.0,0.0,0.0,0.0,0.0,0.0,0.0,0.0,0.0,0.0,0.0,0.0,0.0,0.0,0.0,0.0,0.0,0.0,0.0,0.0,0.0,0.0,0.0,0.0,0.0,0.0,0.0,0.0,0.0,0.0
1126,7,102,0,0.0,0.0,0.0,0.0,0.0,0.0,0.0,0.0,0.0,0.0,0.0,0.0,0.0,0.0,0.0,0.0,0.0,0.0,0.0,0.0,0.0,0.0,0.0,0.0,0.0,0.0,0.0,0.0,0.0,0.0,0.0,0.0,0.0,0.0,0.0
1127,7,103,0,0.0,0.0,0.0,0.0,0.0,0.0,0.0,0.0,0.0,0.0,0.0,0.0,0.0,0.0,0.0,0.0,0.0,0.0,0.0,0.0,0.0,0.0,0.0,0.0,0.0,0.0,0.0,0.0,0.0,0.0,0.0,0.0,0.0,0.0,0.0
1128,7,104,0,0.0,0.0,0.0,0.0,0.0,0.0,0.0,0.0,0.0,0.0,0.0,0.0,0.0,0.0,0.0,0.0,0.0,0.0,0.0,0.0,0.0,0.0,0.0,0.0,0.0,0.0,0.0,0.0,0.0,0.0,0.0,0.0,0.0,0.0,0.0
1129,7,108,0,0.0,0.0,0.0,0.0,0.0,0.0,0.0,0.0,0.0,0.0,0.0,0.0,0.0,0.0,0.0,0.0,0.0,0.0,0.0,0.0,0.0,0.0,0.0,0.0,0.0,0.0,0.0,0.0,0.0,0.0,0.0,0.0,0.0,0.0,0.0
1130,7,111,0,0.0,0.0,0.0,0.0,0.0,0.0,0.0,0.0,0.0,0.0,0.0,0.0,0.0,0.0,0.0,0.0,0.0,0.0,0.0,0.0,0.0,0.0,0.0,0.0,0.0,0.0,0.0,0.0,0.0,0.0,0.0,0.0,0.0,0.0,0.0
1131,7,112,0,0.0,0.0,0.0,0.0,0.0,0.0,0.0,0.0,0.0,0.0,0.0,0.0,0.0,0.0,0.0,0.0,0.0,0.0,0.0,0.0,0.0,0.0,0.0,0.0,0.0,0.0,0.0,0.0,0.0,0.0,0.0,0.0,0.0,0.0,0.0
1132,7,113,0,0.0,0.0,0.0,0.0,0.0,0.0,0.0,0.0,0.0,0.0,0.0,0.0,0.0,0.0,0.0,0.0,0.0,0.0,0.0,0.0,0.0,0.0,0.0,0.0,0.0,0.0,0.0,0.0,0.0,0.0,0.0,0.0,0.0,0.0,0.0
1133,7,114,0,0.0,0.0,0.0,0.0,0.0,0.0,0.0,0.0,0.0,0.0,0.0,0.0,0.0,0.0,0.0,0.0,0.0,0.0,0.0,0.0,0.0,0.0,0.0,0.0,0.0,0.0,0.0,0.0,0.0,0.0,0.0,0.0,0.0,0.0,0.0
1134,7,116,0,0.0,0.0,0.0,0.0,0.0,0.0,0.0,0.0,0.0,0.0,0.0,0.0,0.0,0.0,0.0,0.0,0.0,0.0,0.0,0.0,0.0,0.0,0.0,0.0,0.0,0.0,0.0,0.0,0.0,0.0,0.0,0.0,0.0,0.0,0.0
1135,7,119,0,0.0,0.0,0.0,0.0,0.0,0.0,0.0,0.0,0.0,0.0,0.0,0.0,0.0,0.0,0.0,0.0,0.0,0.0,0.0,0.0,0.0,0.0,0.0,0.0,0.0,0.0,0.0,0.0,0.0,0.0,0.0,0.0,0.0,0.0,0.0
1136,7,120,0,0.0,0.0,0.0,0.0,0.0,0.0,0.0,0.0,0.0,0.0,0.0,0.0,0.0,0.0,0.0,0.0,0.0,0.0,0.0,0.0,0.0,0.0,0.0,0.0,0.0,0.0,0.0,0.0,0.0,0.0,0.0,0.0,0.0,0.0,0.0
1137,7,121,0,0.0,0.0,0.0,0.0,0.0,0.0,0.0,0.0,0.0,0.0,0.0,0.0,0.0,0.0,0.0,0.0,0.0,0.0,0.0,0.0,0.0,0.0,0.0,0.0,0.0,0.0,0.0,0.0,0.0,0.0,0.0,0.0,0.0,0.0,0.0
1138,7,123,0,0.0,0.0,0.0,0.0,0.0,0.0,0.0,0.0,0.0,0.0,0.0,0.0,0.0,0.0,0.0,0.0,0.0,0.0,0.0,0.0,0.0,0.0,0.0,0.0,0.0,0.0,0.0,0.0,0.0,0.0,0.0,0.0,0.0,0.0,0.0
1139,7,124,0,0.0,0.0,0.0,0.0,0.0,0.0,0.0,0.0,0.0,0.0,0.0,0.0,0.0,0.0,0.0,0.0,0.0,0.0,0.0,0.0,0.0,0.0,0.0,0.0,0.0,0.0,0.0,0.0,0.0,0.0,0.0,0.0,0.0,0.0,0.0
1140,7,125,0,0.0,0.0,0.0,0.0,0.0,0.0,0.0,0.0,0.0,0.0,0.0,0.0,0.0,0.0,0.0,0.0,0.0,0.0,0.0,0.0,0.0,0.0,0.0,0.0,0.0,0.0,0.0,0.0,0.0,0.0,0.0,0.0,0.0,0.0,0.0
1141,7,126,0,0.0,0.0,0.0,0.0,0.0,0.0,0.0,0.0,0.0,0.0,0.0,0.0,0.0,0.0,0.0,0.0,0.0,0.0,0.0,0.0,0.0,0.0,0.0,0.0,0.0,0.0,0.0,0.0,0.0,0.0,0.0,0.0,0.0,0.0,0.0
1142,7,129,0,0.0,0.0,0.0,0.0,0.0,0.0,0.0,0.0,0.0,0.0,0.0,0.0,0.0,0.0,0.0,0.0,0.0,0.0,0.0,0.0,0.0,0.0,0.0,0.0,0.0,0.0,0.0,0.0,0.0,0.0,0.0,0.0,0.0,0.0,0.0
1143,7,131,0,0.0,0.0,0.0,0.0,0.0,0.0,0.0,0.0,0.0,0.0,0.0,0.0,0.0,0.0,0.0,0.0,0.0,0.0,0.0,0.0,0.0,0.0,0.0,0.0,0.0,0.0,0.0,0.0,0.0,0.0,0.0,0.0,0.0,0.0,0.0
1144,7,132,0,0.0,0.0,0.0,0.0,0.0,0.0,0.0,0.0,0.0,0.0,0.0,0.0,0.0,0.0,0.0,0.0,0.0,0.0,0.0,0.0,0.0,0.0,0.0,0.0,0.0,0.0,0.0,0.0,0.0,0.0,0.0,0.0,0.0,0.0,0.0
1145,7,135,0,0.0,0.0,0.0,0.0,0.0,0.0,0.0,0.0,0.0,0.0,0.0,0.0,0.0,0.0,0.0,0.0,0.0,0.0,0.0,0.0,0.0,0.0,0.0,0.0,0.0,0.0,0.0,0.0,0.0,0.0,0.0,0.0,0.0,0.0,0.0
1146,7,136,0,0.0,0.0,0.0,0.0,0.0,0.0,0.0,0.0,0.0,0.0,0.0,0.0,0.0,0.0,0.0,0.0,0.0,0.0,0.0,0.0,0.0,0.0,0.0,0.0,0.0,0.0,0.0,0.0,0.0,0.0,0.0,0.0,0.0,0.0,0.0
1147,7,138,0,0.0,0.0,0.0,0.0,0.0,0.0,0.0,0.0,0.0,0.0,0.0,0.0,0.0,0.0,0.0,0.0,0.0,0.0,0.0,0.0,0.0,0.0,0.0,0.0,0.0,0.0,0.0,0.0,0.0,0.0,0.0,0.0,0.0,0.0,0.0
1148,7,139,0,0.0,0.0,0.0,0.0,0.0,0.0,0.0,0.0,0.0,0.0,0.0,0.0,0.0,0.0,0.0,0.0,0.0,0.0,0.0,0.0,0.0,0.0,0.0,0.0,0.0,0.0,0.0,0.0,0.0,0.0,0.0,0.0,0.0,0.0,0.0
1149,7,140,0,0.0,0.0,0.0,0.0,0.0,0.0,0.0,0.0,0.0,0.0,0.0,0.0,0.0,0.0,0.0,0.0,0.0,0.0,0.0,0.0,0.0,0.0,0.0,0.0,0.0,0.0,0.0,0.0,0.0,0.0,0.0,0.0,0.0,0.0,0.0
1150,7,142,0,0.0,0.0,0.0,0.0,0.0,0.0,0.0,0.0,0.0,0.0,0.0,0.0,0.0,0.0,0.0,0.0,0.0,0.0,0.0,0.0,0.0,0.0,0.0,0.0,0.0,0.0,0.0,0.0,0.0,0.0,0.0,0.0,0.0,0.0,0.0
1151,7,143,0,0.0,0.0,0.0,0.0,0.0,0.0,0.0,0.0,0.0,0.0,0.0,0.0,0.0,0.0,0.0,0.0,0.0,0.0,0.0,0.0,0.0,0.0,0.0,0.0,0.0,0.0,0.0,0.0,0.0,0.0,0.0,0.0,0.0,0.0,0.0
1152,7,144,0,0.0,0.0,0.0,0.0,0.0,0.0,0.0,0.0,0.0,0.0,0.0,0.0,0.0,0.0,0.0,0.0,0.0,0.0,0.0,0.0,0.0,0.0,0.0,0.0,0.0,0.0,0.0,0.0,0.0,0.0,0.0,0.0,0.0,0.0,0.0
1153,7,146,0,0.0,0.0,0.0,0.0,0.0,0.0,0.0,0.0,0.0,0.0,0.0,0.0,0.0,0.0,0.0,0.0,0.0,0.0,0.0,0.0,0.0,0.0,0.0,0.0,0.0,0.0,0.0,0.0,0.0,0.0,0.0,0.0,0.0,0.0,0.0
1154,7,148,0,0.0,0.0,0.0,0.0,0.0,0.0,0.0,0.0,0.0,0.0,0.0,0.0,0.0,0.0,0.0,0.0,0.0,0.0,0.0,0.0,0.0,0.0,0.0,0.0,0.0,0.0,0.0,0.0,0.0,0.0,0.0,0.0,0.0,0.0,0.0
1155,7,151,0,0.0,0.0,0.0,0.0,0.0,0.0,0.0,0.0,0.0,0.0,0.0,0.0,0.0,0.0,0.0,0.0,0.0,0.0,0.0,0.0,0.0,0.0,0.0,0.0,0.0,0.0,0.0,0.0,0.0,0.0,0.0,0.0,0.0,0.0,0.0
1156,7,152,0,0.0,0.0,0.0,0.0,0.0,0.0,0.0,0.0,0.0,0.0,0.0,0.0,0.0,0.0,0.0,0.0,0.0,0.0,0.0,0.0,0.0,0.0,0.0,0.0,0.0,0.0,0.0,0.0,0.0,0.0,0.0,0.0,0.0,0.0,0.0
1157,7,156,0,0.0,0.0,0.0,0.0,0.0,0.0,0.0,0.0,0.0,0.0,0.0,0.0,0.0,0.0,0.0,0.0,0.0,0.0,0.0,0.0,0.0,0.0,0.0,0.0,0.0,0.0,0.0,0.0,0.0,0.0,0.0,0.0,0.0,0.0,0.0
1158,7,160,0,0.0,0.0,0.0,0.0,0.0,0.0,0.0,0.0,0.0,0.0,0.0,0.0,0.0,0.0,0.0,0.0,0.0,0.0,0.0,0.0,0.0,0.0,0.0,0.0,0.0,0.0,0.0,0.0,0.0,0.0,0.0,0.0,0.0,0.0,0.0
1159,7,161,0,0.0,0.0,0.0,0.0,0.0,0.0,0.0,0.0,0.0,0.0,0.0,0.0,0.0,0.0,0.0,0.0,0.0,0.0,0.0,0.0,0.0,0.0,0.0,0.0,0.0,0.0,0.0,0.0,0.0,0.0,0.0,0.0,0.0,0.0,0.0
1160,7,162,0,0.0,0.0,0.0,0.0,0.0,0.0,0.0,0.0,0.0,0.0,0.0,0.0,0.0,0.0,0.0,0.0,0.0,0.0,0.0,0.0,0.0,0.0,0.0,0.0,0.0,0.0,0.0,0.0,0.0,0.0,0.0,0.0,0.0,0.0,0.0
1161,7,165,0,0.0,0.0,0.0,0.0,0.0,0.0,0.0,0.0,0.0,0.0,0.0,0.0,0.0,0.0,0.0,0.0,0.0,0.0,0.0,0.0,0.0,0.0,0.0,0.0,0.0,0.0,0.0,0.0,0.0,0.0,0.0,0.0,0.0,0.0,0.0
1162,7,168,0,0.0,0.0,0.0,0.0,0.0,0.0,0.0,0.0,0.0,0.0,0.0,0.0,0.0,0.0,0.0,0.0,0.0,0.0,0.0,0.0,0.0,0.0,0.0,0.0,0.0,0.0,0.0,0.0,0.0,0.0,0.0,0.0,0.0,0.0,0.0
1163,7,172,0,0.0,0.0,0.0,0.0,0.0,0.0,0.0,0.0,0.0,0.0,0.0,0.0,0.0,0.0,0.0,0.0,0.0,0.0,0.0,0.0,0.0,0.0,0.0,0.0,0.0,0.0,0.0,0.0,0.0,0.0,0.0,0.0,0.0,0.0,0.0
1164,7,174,0,0.0,0.0,0.0,0.0,0.0,0.0,0.0,0.0,0.0,0.0,0.0,0.0,0.0,0.0,0.0,0.0,0.0,0.0,0.0,0.0,0.0,0.0,0.0,0.0,0.0,0.0,0.0,0.0,0.0,0.0,0.0,0.0,0.0,0.0,0.0
1165,7,175,0,0.0,0.0,0.0,0.0,0.0,0.0,0.0,0.0,0.0,0.0,0.0,0.0,0.0,0.0,0.0,0.0,0.0,0.0,0.0,0.0,0.0,0.0,0.0,0.0,0.0,0.0,0.0,0.0,0.0,0.0,0.0,0.0,0.0,0.0,0.0
1166,7,176,0,0.0,0.0,0.0,0.0,0.0,0.0,0.0,0.0,0.0,0.0,0.0,0.0,0.0,0.0,0.0,0.0,0.0,0.0,0.0,0.0,0.0,0.0,0.0,0.0,0.0,0.0,0.0,0.0,0.0,0.0,0.0,0.0,0.0,0.0,0.0
1167,7,178,0,0.0,0.0,0.0,0.0,0.0,0.0,0.0,0.0,0.0,0.0,0.0,0.0,0.0,0.0,0.0,0.0,0.0,0.0,0.0,0.0,0.0,0.0,0.0,0.0,0.0,0.0,0.0,0.0,0.0,0.0,0.0,0.0,0.0,0.0,0.0
1168,7,180,0,0.0,0.0,0.0,0.0,0.0,0.0,0.0,0.0,0.0,0.0,0.0,0.0,0.0,0.0,0.0,0.0,0.0,0.0,0.0,0.0,0.0,0.0,0.0,0.0,0.0,0.0,0.0,0.0,0.0,0.0,0.0,0.0,0.0,0.0,0.0
1169,7,182,0,0.0,0.0,0.0,0.0,0.0,0.0,0.0,0.0,0.0,0.0,0.0,0.0,0.0,0.0,0.0,0.0,0.0,0.0,0.0,0.0,0.0,0.0,0.0,0.0,0.0,0.0,0.0,0.0,0.0,0.0,0.0,0.0,0.0,0.0,0.0
1170,7,183,0,0.0,0.0,0.0,0.0,0.0,0.0,0.0,0.0,0.0,0.0,0.0,0.0,0.0,0.0,0.0,0.0,0.0,0.0,0.0,0.0,0.0,0.0,0.0,0.0,0.0,0.0,0.0,0.0,0.0,0.0,0.0,0.0,0.0,0.0,0.0
1171,7,184,0,0.0,0.0,0.0,0.0,0.0,0.0,0.0,0.0,0.0,0.0,0.0,0.0,0.0,0.0,0.0,0.0,0.0,0.0,0.0,0.0,0.0,0.0,0.0,0.0,0.0,0.0,0.0,0.0,0.0,0.0,0.0,0.0,0.0,0.0,0.0
1172,7,186,0,0.0,0.0,0.0,0.0,0.0,0.0,0.0,0.0,0.0,0.0,0.0,0.0,0.0,0.0,0.0,0.0,0.0,0.0,0.0,0.0,0.0,0.0,0.0,0.0,0.0,0.0,0.0,0.0,0.0,0.0,0.0,0.0,0.0,0.0,0.0
1173,7,187,0,0.0,0.0,0.0,0.0,0.0,0.0,0.0,0.0,0.0,0.0,0.0,0.0,0.0,0.0,0.0,0.0,0.0,0.0,0.0,0.0,0.0,0.0,0.0,0.0,0.0,0.0,0.0,0.0,0.0,0.0,0.0,0.0,0.0,0.0,0.0
1174,7,189,0,0.0,0.0,0.0,0.0,0.0,0.0,0.0,0.0,0.0,0.0,0.0,0.0,0.0,0.0,0.0,0.0,0.0,0.0,0.0,0.0,0.0,0.0,0.0,0.0,0.0,0.0,0.0,0.0,0.0,0.0,0.0,0.0,0.0,0.0,0.0
1175,7,190,0,0.0,0.0,0.0,0.0,0.0,0.0,0.0,0.0,0.0,0.0,0.0,0.0,0.0,0.0,0.0,0.0,0.0,0.0,0.0,0.0,0.0,0.0,0.0,0.0,0.0,0.0,0.0,0.0,0.0,0.0,0.0,0.0,0.0,0.0,0.0
1176,7,192,0,0.0,0.0,0.0,0.0,0.0,0.0,0.0,0.0,0.0,0.0,0.0,0.0,0.0,0.0,0.0,0.0,0.0,0.0,0.0,0.0,0.0,0.0,0.0,0.0,0.0,0.0,0.0,0.0,0.0,0.0,0.0,0.0,0.0,0.0,0.0
1177,7,195,0,0.0,0.0,0.0,0.0,0.0,0.0,0.0,0.0,0.0,0.0,0.0,0.0,0.0,0.0,0.0,0.0,0.0,0.0,0.0,0.0,0.0,0.0,0.0,0.0,0.0,0.0,0.0,0.0,0.0,0.0,0.0,0.0,0.0,0.0,0.0
1178,7,199,0,0.0,0.0,0.0,0.0,0.0,0.0,0.0,0.0,0.0,0.0,0.0,0.0,0.0,0.0,0.0,0.0,0.0,0.0,0.0,0.0,0.0,0.0,0.0,0.0,0.0,0.0,0.0,0.0,0.0,0.0,0.0,0.0,0.0,0.0,0.0
1179,7,200,0,0.0,0.0,0.0,0.0,0.0,0.0,0.0,0.0,0.0,0.0,0.0,0.0,0.0,0.0,0.0,0.0,0.0,0.0,0.0,0.0,0.0,0.0,0.0,0.0,0.0,0.0,0.0,0.0,0.0,0.0,0.0,0.0,0.0,0.0,0.0
1180,7,201,0,0.0,0.0,0.0,0.0,0.0,0.0,0.0,0.0,0.0,0.0,0.0,0.0,0.0,0.0,0.0,0.0,0.0,0.0,0.0,0.0,0.0,0.0,0.0,0.0,0.0,0.0,0.0,0.0,0.0,0.0,0.0,0.0,0.0,0.0,0.0
1181,7,202,0,0.0,0.0,0.0,0.0,0.0,0.0,0.0,0.0,0.0,0.0,0.0,0.0,0.0,0.0,0.0,0.0,0.0,0.0,0.0,0.0,0.0,0.0,0.0,0.0,0.0,0.0,0.0,0.0,0.0,0.0,0.0,0.0,0.0,0.0,0.0
1182,7,206,0,0.0,0.0,0.0,0.0,0.0,0.0,0.0,0.0,0.0,0.0,0.0,0.0,0.0,0.0,0.0,0.0,0.0,0.0,0.0,0.0,0.0,0.0,0.0,0.0,0.0,0.0,0.0,0.0,0.0,0.0,0.0,0.0,0.0,0.0,0.0
1183,7,208,0,0.0,0.0,0.0,0.0,0.0,0.0,0.0,0.0,0.0,0.0,0.0,0.0,0.0,0.0,0.0,0.0,0.0,0.0,0.0,0.0,0.0,0.0,0.0,0.0,0.0,0.0,0.0,0.0,0.0,0.0,0.0,0.0,0.0,0.0,0.0
1184,7,209,0,0.0,0.0,0.0,0.0,0.0,0.0,0.0,0.0,0.0,0.0,0.0,0.0,0.0,0.0,0.0,0.0,0.0,0.0,0.0,0.0,0.0,0.0,0.0,0.0,0.0,0.0,0.0,0.0,0.0,0.0,0.0,0.0,0.0,0.0,0.0
1185,7,211,0,0.0,0.0,0.0,0.0,0.0,0.0,0.0,0.0,0.0,0.0,0.0,0.0,0.0,0.0,0.0,0.0,0.0,0.0,0.0,0.0,0.0,0.0,0.0,0.0,0.0,0.0,0.0,0.0,0.0,0.0,0.0,0.0,0.0,0.0,0.0
1186,7,214,0,0.0,0.0,0.0,0.0,0.0,0.0,0.0,0.0,0.0,0.0,0.0,0.0,0.0,0.0,0.0,0.0,0.0,0.0,0.0,0.0,0.0,0.0,0.0,0.0,0.0,0.0,0.0,0.0,0.0,0.0,0.0,0.0,0.0,0.0,0.0
1187,7,215,0,0.0,0.0,0.0,0.0,0.0,0.0,0.0,0.0,0.0,0.0,0.0,0.0,0.0,0.0,0.0,0.0,0.0,0.0,0.0,0.0,0.0,0.0,0.0,0.0,0.0,0.0,0.0,0.0,0.0,0.0,0.0,0.0,0.0,0.0,0.0
1188,7,216,0,0.0,0.0,0.0,0.0,0.0,0.0,0.0,0.0,0.0,0.0,0.0,0.0,0.0,0.0,0.0,0.0,0.0,0.0,0.0,0.0,0.0,0.0,0.0,0.0,0.0,0.0,0.0,0.0,0.0,0.0,0.0,0.0,0.0,0.0,0.0
1189,7,217,0,0.0,0.0,0.0,0.0,0.0,0.0,0.0,0.0,0.0,0.0,0.0,0.0,0.0,0.0,0.0,0.0,0.0,0.0,0.0,0.0,0.0,0.0,0.0,0.0,0.0,0.0,0.0,0.0,0.0,0.0,0.0,0.0,0.0,0.0,0.0
1190,7,219,0,0.0,0.0,0.0,0.0,0.0,0.0,0.0,0.0,0.0,0.0,0.0,0.0,0.0,0.0,0.0,0.0,0.0,0.0,0.0,0.0,0.0,0.0,0.0,0.0,0.0,0.0,0.0,0.0,0.0,0.0,0.0,0.0,0.0,0.0,0.0
1191,7,222,0,0.0,0.0,0.0,0.0,0.0,0.0,0.0,0.0,0.0,0.0,0.0,0.0,0.0,0.0,0.0,0.0,0.0,0.0,0.0,0.0,0.0,0.0,0.0,0.0,0.0,0.0,0.0,0.0,0.0,0.0,0.0,0.0,0.0,0.0,0.0
1192,7,225,0,0.0,0.0,0.0,0.0,0.0,0.0,0.0,0.0,0.0,0.0,0.0,0.0,0.0,0.0,0.0,0.0,0.0,0.0,0.0,0.0,0.0,0.0,0.0,0.0,0.0,0.0,0.0,0.0,0.0,0.0,0.0,0.0,0.0,0.0,0.0
1193,7,226,0,0.0,0.0,0.0,0.0,0.0,0.0,0.0,0.0,0.0,0.0,0.0,0.0,0.0,0.0,0.0,0.0,0.0,0.0,0.0,0.0,0.0,0.0,0.0,0.0,0.0,0.0,0.0,0.0,0.0,0.0,0.0,0.0,0.0,0.0,0.0
1194,7,227,0,0.0,0.0,0.0,0.0,0.0,0.0,0.0,0.0,0.0,0.0,0.0,0.0,0.0,0.0,0.0,0.0,0.0,0.0,0.0,0.0,0.0,0.0,0.0,0.0,0.0,0.0,0.0,0.0,0.0,0.0,0.0,0.0,0.0,0.0,0.0
1195,7,228,0,0.0,0.0,0.0,0.0,0.0,0.0,0.0,0.0,0.0,0.0,0.0,0.0,0.0,0.0,0.0,0.0,0.0,0.0,0.0,0.0,0.0,0.0,0.0,0.0,0.0,0.0,0.0,0.0,0.0,0.0,0.0,0.0,0.0,0.0,0.0
1196,7,231,0,0.0,0.0,0.0,0.0,0.0,0.0,0.0,0.0,0.0,0.0,0.0,0.0,0.0,0.0,0.0,0.0,0.0,0.0,0.0,0.0,0.0,0.0,0.0,0.0,0.0,0.0,0.0,0.0,0.0,0.0,0.0,0.0,0.0,0.0,0.0
1197,7,232,0,0.0,0.0,0.0,0.0,0.0,0.0,0.0,0.0,0.0,0.0,0.0,0.0,0.0,0.0,0.0,0.0,0.0,0.0,0.0,0.0,0.0,0.0,0.0,0.0,0.0,0.0,0.0,0.0,0.0,0.0,0.0,0.0,0.0,0.0,0.0
1198,7,236,0,0.0,0.0,0.0,0.0,0.0,0.0,0.0,0.0,0.0,0.0,0.0,0.0,0.0,0.0,0.0,0.0,0.0,0.0,0.0,0.0,0.0,0.0,0.0,0.0,0.0,0.0,0.0,0.0,0.0,0.0,0.0,0.0,0.0,0.0,0.0
1199,7,237,0,0.0,0.0,0.0,0.0,0.0,0.0,0.0,0.0,0.0,0.0,0.0,0.0,0.0,0.0,0.0,0.0,0.0,0.0,0.0,0.0,0.0,0.0,0.0,0.0,0.0,0.0,0.0,0.0,0.0,0.0,0.0,0.0,0.0,0.0,0.0
1200,7,238,0,0.0,0.0,0.0,0.0,0.0,0.0,0.0,0.0,0.0,0.0,0.0,0.0,0.0,0.0,0.0,0.0,0.0,0.0,0.0,0.0,0.0,0.0,0.0,0.0,0.0,0.0,0.0,0.0,0.0,0.0,0.0,0.0,0.0,0.0,0.0
1201,7,241,0,0.0,0.0,0.0,0.0,0.0,0.0,0.0,0.0,0.0,0.0,0.0,0.0,0.0,0.0,0.0,0.0,0.0,0.0,0.0,0.0,0.0,0.0,0.0,0.0,0.0,0.0,0.0,0.0,0.0,0.0,0.0,0.0,0.0,0.0,0.0
1202,7,244,0,0.0,0.0,0.0,0.0,0.0,0.0,0.0,0.0,0.0,0.0,0.0,0.0,0.0,0.0,0.0,0.0,0.0,0.0,0.0,0.0,0.0,0.0,0.0,0.0,0.0,0.0,0.0,0.0,0.0,0.0,0.0,0.0,0.0,0.0,0.0
1203,7,246,0,0.0,0.0,0.0,0.0,0.0,0.0,0.0,0.0,0.0,0.0,0.0,0.0,0.0,0.0,0.0,0.0,0.0,0.0,0.0,0.0,0.0,0.0,0.0,0.0,0.0,0.0,0.0,0.0,0.0,0.0,0.0,0.0,0.0,0.0,0.0
1204,7,248,0,0.0,0.0,0.0,0.0,0.0,0.0,0.0,0.0,0.0,0.0,0.0,0.0,0.0,0.0,0.0,0.0,0.0,0.0,0.0,0.0,0.0,0.0,0.0,0.0,0.0,0.0,0.0,0.0,0.0,0.0,0.0,0.0,0.0,0.0,0.0
1205,7,249,0,0.0,0.0,0.0,0.0,0.0,0.0,0.0,0.0,0.0,0.0,0.0,0.0,0.0,0.0,0.0,0.0,0.0,0.0,0.0,0.0,0.0,0.0,0.0,0.0,0.0,0.0,0.0,0.0,0.0,0.0,0.0,0.0,0.0,0.0,0.0
1206,7,251,0,0.0,0.0,0.0,0.0,0.0,0.0,0.0,0.0,0.0,0.0,0.0,0.0,0.0,0.0,0.0,0.0,0.0,0.0,0.0,0.0,0.0,0.0,0.0,0.0,0.0,0.0,0.0,0.0,0.0,0.0,0.0,0.0,0.0,0.0,0.0
1207,7,252,0,0.0,0.0,0.0,0.0,0.0,0.0,0.0,0.0,0.0,0.0,0.0,0.0,0.0,0.0,0.0,0.0,0.0,0.0,0.0,0.0,0.0,0.0,0.0,0.0,0.0,0.0,0.0,0.0,0.0,0.0,0.0,0.0,0.0,0.0,0.0
1208,7,253,0,0.0,0.0,0.0,0.0,0.0,0.0,0.0,0.0,0.0,0.0,0.0,0.0,0.0,0.0,0.0,0.0,0.0,0.0,0.0,0.0,0.0,0.0,0.0,0.0,0.0,0.0,0.0,0.0,0.0,0.0,0.0,0.0,0.0,0.0,0.0
1209,7,254,0,0.0,0.0,0.0,0.0,0.0,0.0,0.0,0.0,0.0,0.0,0.0,0.0,0.0,0.0,0.0,0.0,0.0,0.0,0.0,0.0,0.0,0.0,0.0,0.0,0.0,0.0,0.0,0.0,0.0,0.0,0.0,0.0,0.0,0.0,0.0
1210,7,258,0,0.0,0.0,0.0,0.0,0.0,0.0,0.0,0.0,0.0,0.0,0.0,0.0,0.0,0.0,0.0,0.0,0.0,0.0,0.0,0.0,0.0,0.0,0.0,0.0,0.0,0.0,0.0,0.0,0.0,0.0,0.0,0.0,0.0,0.0,0.0
1211,8,1,0,0.0,0.0,0.0,0.0,0.0,0.0,0.0,0.0,0.0,0.0,0.0,0.0,0.0,0.0,0.0,0.0,0.0,0.0,0.0,0.0,0.0,0.0,0.0,0.0,0.0,0.0,0.0,0.0,0.0,0.0,0.0,0.0,0.0,0.0,0.0
1212,8,2,0,0.0,0.0,0.0,0.0,0.0,0.0,0.0,0.0,0.0,0.0,0.0,0.0,0.0,0.0,0.0,0.0,0.0,0.0,0.0,0.0,0.0,0.0,0.0,0.0,0.0,0.0,0.0,0.0,0.0,0.0,0.0,0.0,0.0,0.0,0.0
1213,8,3,0,0.0,0.0,0.0,0.0,0.0,0.0,0.0,0.0,0.0,0.0,0.0,0.0,0.0,0.0,0.0,0.0,0.0,0.0,0.0,0.0,0.0,0.0,0.0,0.0,0.0,0.0,0.0,0.0,0.0,0.0,0.0,0.0,0.0,0.0,0.0
1214,8,4,0,0.0,0.0,0.0,0.0,0.0,0.0,0.0,0.0,0.0,0.0,0.0,0.0,0.0,0.0,0.0,0.0,0.0,0.0,0.0,0.0,0.0,0.0,0.0,0.0,0.0,0.0,0.0,0.0,0.0,0.0,0.0,0.0,0.0,0.0,0.0
1215,8,5,0,0.0,0.0,0.0,0.0,0.0,0.0,0.0,0.0,0.0,0.0,0.0,0.0,0.0,0.0,0.0,0.0,0.0,0.0,0.0,0.0,0.0,0.0,0.0,0.0,0.0,0.0,0.0,0.0,0.0,0.0,0.0,0.0,0.0,0.0,0.0
1216,8,7,0,0.0,0.0,0.0,0.0,0.0,0.0,0.0,0.0,0.0,0.0,0.0,0.0,0.0,0.0,0.0,0.0,0.0,0.0,0.0,0.0,0.0,0.0,0.0,0.0,0.0,0.0,0.0,0.0,0.0,0.0,0.0,0.0,0.0,0.0,0.0
1217,8,9,0,0.0,0.0,0.0,0.0,0.0,0.0,0.0,0.0,0.0,0.0,0.0,0.0,0.0,0.0,0.0,0.0,0.0,0.0,0.0,0.0,0.0,0.0,0.0,0.0,0.0,0.0,0.0,0.0,0.0,0.0,0.0,0.0,0.0,0.0,0.0
1218,8,10,0,0.0,0.0,0.0,0.0,0.0,0.0,0.0,0.0,0.0,0.0,0.0,0.0,0.0,0.0,0.0,0.0,0.0,0.0,0.0,0.0,0.0,0.0,0.0,0.0,0.0,0.0,0.0,0.0,0.0,0.0,0.0,0.0,0.0,0.0,0.0
1219,8,13,0,0.0,0.0,0.0,0.0,0.0,0.0,0.0,0.0,0.0,0.0,0.0,0.0,0.0,0.0,0.0,0.0,0.0,0.0,0.0,0.0,0.0,0.0,0.0,0.0,0.0,0.0,0.0,0.0,0.0,0.0,0.0,0.0,0.0,0.0,0.0
1220,8,14,0,0.0,0.0,0.0,0.0,0.0,0.0,0.0,0.0,0.0,0.0,0.0,0.0,0.0,0.0,0.0,0.0,0.0,0.0,0.0,0.0,0.0,0.0,0.0,0.0,0.0,0.0,0.0,0.0,0.0,0.0,0.0,0.0,0.0,0.0,0.0
1221,8,15,0,0.0,0.0,0.0,0.0,0.0,0.0,0.0,0.0,0.0,0.0,0.0,0.0,0.0,0.0,0.0,0.0,0.0,0.0,0.0,0.0,0.0,0.0,0.0,0.0,0.0,0.0,0.0,0.0,0.0,0.0,0.0,0.0,0.0,0.0,0.0
1222,8,16,0,0.0,0.0,0.0,0.0,0.0,0.0,0.0,0.0,0.0,0.0,0.0,0.0,0.0,0.0,0.0,0.0,0.0,0.0,0.0,0.0,0.0,0.0,0.0,0.0,0.0,0.0,0.0,0.0,0.0,0.0,0.0,0.0,0.0,0.0,0.0
1223,8,17,0,0.0,0.0,0.0,0.0,0.0,0.0,0.0,0.0,0.0,0.0,0.0,0.0,0.0,0.0,0.0,0.0,0.0,0.0,0.0,0.0,0.0,0.0,0.0,0.0,0.0,0.0,0.0,0.0,0.0,0.0,0.0,0.0,0.0,0.0,0.0
1224,8,19,0,0.0,0.0,0.0,0.0,0.0,0.0,0.0,0.0,0.0,0.0,0.0,0.0,0.0,0.0,0.0,0.0,0.0,0.0,0.0,0.0,0.0,0.0,0.0,0.0,0.0,0.0,0.0,0.0,0.0,0.0,0.0,0.0,0.0,0.0,0.0
1225,8,20,0,0.0,0.0,0.0,0.0,0.0,0.0,0.0,0.0,0.0,0.0,0.0,0.0,0.0,0.0,0.0,0.0,0.0,0.0,0.0,0.0,0.0,0.0,0.0,0.0,0.0,0.0,0.0,0.0,0.0,0.0,0.0,0.0,0.0,0.0,0.0
1226,8,22,0,0.0,0.0,0.0,0.0,0.0,0.0,0.0,0.0,0.0,0.0,0.0,0.0,0.0,0.0,0.0,0.0,0.0,0.0,0.0,0.0,0.0,0.0,0.0,0.0,0.0,0.0,0.0,0.0,0.0,0.0,0.0,0.0,0.0,0.0,0.0
1227,8,24,0,0.0,0.0,0.0,0.0,0.0,0.0,0.0,0.0,0.0,0.0,0.0,0.0,0.0,0.0,0.0,0.0,0.0,0.0,0.0,0.0,0.0,0.0,0.0,0.0,0.0,0.0,0.0,0.0,0.0,0.0,0.0,0.0,0.0,0.0,0.0
1228,8,25,0,0.0,0.0,0.0,0.0,0.0,0.0,0.0,0.0,0.0,0.0,0.0,0.0,0.0,0.0,0.0,0.0,0.0,0.0,0.0,0.0,0.0,0.0,0.0,0.0,0.0,0.0,0.0,0.0,0.0,0.0,0.0,0.0,0.0,0.0,0.0
1229,8,27,0,0.0,0.0,0.0,0.0,0.0,0.0,0.0,0.0,0.0,0.0,0.0,0.0,0.0,0.0,0.0,0.0,0.0,0.0,0.0,0.0,0.0,0.0,0.0,0.0,0.0,0.0,0.0,0.0,0.0,0.0,0.0,0.0,0.0,0.0,0.0
1230,8,28,0,0.0,0.0,0.0,0.0,0.0,0.0,0.0,0.0,0.0,0.0,0.0,0.0,0.0,0.0,0.0,0.0,0.0,0.0,0.0,0.0,0.0,0.0,0.0,0.0,0.0,0.0,0.0,0.0,0.0,0.0,0.0,0.0,0.0,0.0,0.0
1231,8,29,0,0.0,0.0,0.0,0.0,0.0,0.0,0.0,0.0,0.0,0.0,0.0,0.0,0.0,0.0,0.0,0.0,0.0,0.0,0.0,0.0,0.0,0.0,0.0,0.0,0.0,0.0,0.0,0.0,0.0,0.0,0.0,0.0,0.0,0.0,0.0
1232,8,30,0,0.0,0.0,0.0,0.0,0.0,0.0,0.0,0.0,0.0,0.0,0.0,0.0,0.0,0.0,0.0,0.0,0.0,0.0,0.0,0.0,0.0,0.0,0.0,0.0,0.0,0.0,0.0,0.0,0.0,0.0,0.0,0.0,0.0,0.0,0.0
1233,8,31,0,0.0,0.0,0.0,0.0,0.0,0.0,0.0,0.0,0.0,0.0,0.0,0.0,0.0,0.0,0.0,0.0,0.0,0.0,0.0,0.0,0.0,0.0,0.0,0.0,0.0,0.0,0.0,0.0,0.0,0.0,0.0,0.0,0.0,0.0,0.0
1234,8,33,0,0.0,0.0,0.0,0.0,0.0,0.0,0.0,0.0,0.0,0.0,0.0,0.0,0.0,0.0,0.0,0.0,0.0,0.0,0.0,0.0,0.0,0.0,0.0,0.0,0.0,0.0,0.0,0.0,0.0,0.0,0.0,0.0,0.0,0.0,0.0
1235,8,34,0,0.0,0.0,0.0,0.0,0.0,0.0,0.0,0.0,0.0,0.0,0.0,0.0,0.0,0.0,0.0,0.0,0.0,0.0,0.0,0.0,0.0,0.0,0.0,0.0,0.0,0.0,0.0,0.0,0.0,0.0,0.0,0.0,0.0,0.0,0.0
1236,8,35,0,0.0,0.0,0.0,0.0,0.0,0.0,0.0,0.0,0.0,0.0,0.0,0.0,0.0,0.0,0.0,0.0,0.0,0.0,0.0,0.0,0.0,0.0,0.0,0.0,0.0,0.0,0.0,0.0,0.0,0.0,0.0,0.0,0.0,0.0,0.0
1237,8,36,0,0.0,0.0,0.0,0.0,0.0,0.0,0.0,0.0,0.0,0.0,0.0,0.0,0.0,0.0,0.0,0.0,0.0,0.0,0.0,0.0,0.0,0.0,0.0,0.0,0.0,0.0,0.0,0.0,0.0,0.0,0.0,0.0,0.0,0.0,0.0
1238,8,38,0,0.0,0.0,0.0,0.0,0.0,0.0,0.0,0.0,0.0,0.0,0.0,0.0,0.0,0.0,0.0,0.0,0.0,0.0,0.0,0.0,0.0,0.0,0.0,0.0,0.0,0.0,0.0,0.0,0.0,0.0,0.0,0.0,0.0,0.0,0.0
1239,8,39,0,0.0,0.0,0.0,0.0,0.0,0.0,0.0,0.0,0.0,0.0,0.0,0.0,0.0,0.0,0.0,0.0,0.0,0.0,0.0,0.0,0.0,0.0,0.0,0.0,0.0,0.0,0.0,0.0,0.0,0.0,0.0,0.0,0.0,0.0,0.0
1240,8,40,0,0.0,0.0,0.0,0.0,0.0,0.0,0.0,0.0,0.0,0.0,0.0,0.0,0.0,0.0,0.0,0.0,0.0,0.0,0.0,0.0,0.0,0.0,0.0,0.0,0.0,0.0,0.0,0.0,0.0,0.0,0.0,0.0,0.0,0.0,0.0
1241,8,41,0,0.0,0.0,0.0,0.0,0.0,0.0,0.0,0.0,0.0,0.0,0.0,0.0,0.0,0.0,0.0,0.0,0.0,0.0,0.0,0.0,0.0,0.0,0.0,0.0,0.0,0.0,0.0,0.0,0.0,0.0,0.0,0.0,0.0,0.0,0.0
1242,8,43,0,0.0,0.0,0.0,0.0,0.0,0.0,0.0,0.0,0.0,0.0,0.0,0.0,0.0,0.0,0.0,0.0,0.0,0.0,0.0,0.0,0.0,0.0,0.0,0.0,0.0,0.0,0.0,0.0,0.0,0.0,0.0,0.0,0.0,0.0,0.0
1243,8,44,608,2.96,41.5,19.33,37.57,17.72,44.24,41.12,21.01,0.84,51.6,11.61,100.0,70.33,42.0,19.8,44.33,0.67,30.75,20.83,75.0,0.67,35.25,6.29,25.0,4.91,40.06,16.77,27.58,1.52,50.88,17.14,88.88,0.0,0.0,0.0
1244,8,45,916,0.76,41.52,19.95,37.81,21.19,42.03,37.34,9.13,0.44,53.75,5.67,75.0,83.27,41.68,19.79,40.68,0.33,33.0,28.68,33.33,0.11,29.0,0.0,100.0,5.17,44.04,18.76,65.95,1.54,43.64,22.66,42.85,0.0,0.0,0.0
1245,8,46,514,7.0,40.04,19.33,38.73,18.83,41.24,39.45,84.3,3.97,50.1,18.43,57.89,7.53,45.83,21.36,44.44,0.0,0.0,0.0,0.0,1.67,48.25,14.82,50.0,1.25,32.5,17.56,16.66,1.25,37.66,7.08,83.33,0.0,0.0,0.0
1246,8,47,0,0.0,0.0,0.0,0.0,0.0,0.0,0.0,0.0,0.0,0.0,0.0,0.0,0.0,0.0,0.0,0.0,0.0,0.0,0.0,0.0,0.0,0.0,0.0,0.0,0.0,0.0,0.0,0.0,0.0,0.0,0.0,0.0,0.0,0.0,0.0
1247,8,49,0,0.0,0.0,0.0,0.0,0.0,0.0,0.0,0.0,0.0,0.0,0.0,0.0,0.0,0.0,0.0,0.0,0.0,0.0,0.0,0.0,0.0,0.0,0.0,0.0,0.0,0.0,0.0,0.0,0.0,0.0,0.0,0.0,0.0,0.0,0.0
1248,8,50,499,0.4,40.87,18.51,34.85,16.06,41.68,43.9,8.24,0.4,44.0,7.07,100.0,80.08,41.15,18.87,38.44,0.4,31.0,5.65,100.0,0.2,78.0,0.0,100.0,9.65,43.0,17.08,62.5,1.0,37.79,18.49,40.0,0.0,0.0,0.0
1249,8,51,777,1.28,42.24,19.39,42.23,19.83,41.05,37.76,24.51,0.26,66.5,2.12,50.0,67.27,41.48,18.88,38.17,0.39,46.33,2.88,100.0,0.26,41.0,9.89,0.0,6.25,43.89,21.01,81.25,1.04,63.62,21.52,37.5,0.0,0.0,0.0
1250,8,53,617,0.32,40.76,19.19,42.56,20.0,40.35,40.84,23.08,0.48,46.0,20.78,0.0,68.94,40.18,18.99,39.62,0.16,68.0,0.0,100.0,0.65,40.75,9.56,50.0,4.87,38.5,18.4,53.33,1.78,41.18,21.1,27.27,0.0,0.0,0.0
1251,8,55,0,0.0,0.0,0.0,0.0,0.0,0.0,0.0,0.0,0.0,0.0,0.0,0.0,0.0,0.0,0.0,0.0,0.0,0.0,0.0,0.0,0.0,0.0,0.0,0.0,0.0,0.0,0.0,0.0,0.0,0.0,0.0,0.0,0.0,0.0,0.0
1252,8,56,0,0.0,0.0,0.0,0.0,0.0,0.0,0.0,0.0,0.0,0.0,0.0,0.0,0.0,0.0,0.0,0.0,0.0,0.0,0.0,0.0,0.0,0.0,0.0,0.0,0.0,0.0,0.0,0.0,0.0,0.0,0.0,0.0,0.0,0.0,0.0
1253,8,57,514,2.33,40.15,21.05,49.0,17.23,40.07,27.27,2.19,0.0,0.0,0.0,0.0,89.24,38.57,19.92,41.29,1.19,35.33,12.3,50.0,0.59,62.66,21.45,0.0,3.58,54.88,19.43,44.44,3.18,52.18,33.48,6.25,0.0,0.0,0.0
1254,8,58,577,0.34,43.61,19.59,32.85,21.44,45.75,42.85,1.21,0.0,0.0,0.0,0.0,91.82,43.07,19.24,46.02,0.69,59.75,27.68,50.0,0.17,88.0,0.0,0.0,4.52,51.26,22.09,53.84,1.56,46.55,18.44,22.22,0.0,0.0,0.0
1255,8,59,567,0.88,41.35,18.72,39.66,18.98,44.09,33.33,6.4,0.53,62.0,10.58,66.66,88.25,41.27,18.48,44.15,0.53,49.0,20.07,100.0,0.0,0.0,0.0,0.0,2.84,42.62,22.99,50.0,1.42,34.37,15.97,37.5,0.0,0.0,0.0
1256,8,60,0,0.0,0.0,0.0,0.0,0.0,0.0,0.0,0.0,0.0,0.0,0.0,0.0,0.0,0.0,0.0,0.0,0.0,0.0,0.0,0.0,0.0,0.0,0.0,0.0,0.0,0.0,0.0,0.0,0.0,0.0,0.0,0.0,0.0,0.0,0.0
1257,8,61,888,0.33,42.42,18.58,43.52,20.93,40.76,43.13,5.76,0.22,79.0,0.0,50.0,86.44,41.93,18.15,39.86,0.67,34.16,23.49,50.0,0.33,36.66,13.31,33.33,5.08,46.24,19.15,55.55,1.46,48.15,23.32,30.76,0.0,0.0,0.0
1258,8,62,528,1.13,41.26,17.92,38.83,17.61,43.18,42.85,8.04,0.19,73.0,0.0,100.0,82.95,41.22,17.88,41.1,0.57,29.33,6.8,100.0,0.76,56.25,7.93,50.0,5.55,39.2,15.01,65.51,1.91,42.6,26.91,30.0,0.0,0.0,0.0
1259,8,63,0,0.0,0.0,0.0,0.0,0.0,0.0,0.0,0.0,0.0,0.0,0.0,0.0,0.0,0.0,0.0,0.0,0.0,0.0,0.0,0.0,0.0,0.0,0.0,0.0,0.0,0.0,0.0,0.0,0.0,0.0,0.0,0.0,0.0,0.0,0.0
1260,8,64,811,0.86,41.8,18.91,39.0,19.66,42.9,45.83,5.97,0.12,57.0,0.0,0.0,85.32,41.6,19.02,43.29,0.87,44.57,15.69,28.57,0.0,0.0,0.0,0.0,5.34,43.97,16.47,41.86,2.36,47.31,21.82,42.1,0.0,0.0,0.0
1261,8,65,0,0.0,0.0,0.0,0.0,0.0,0.0,0.0,0.0,0.0,0.0,0.0,0.0,0.0,0.0,0.0,0.0,0.0,0.0,0.0,0.0,0.0,0.0,0.0,0.0,0.0,0.0,0.0,0.0,0.0,0.0,0.0,0.0,0.0,0.0,0.0
1262,8,66,531,0.94,40.24,18.04,66.0,0.0,43.5,100.0,0.19,0.0,0.0,0.0,0.0,93.53,40.16,18.1,44.71,0.57,30.66,7.23,0.0,0.0,0.0,0.0,0.0,2.85,35.4,16.19,33.33,2.85,47.6,16.19,20.0,0.0,0.0,0.0
1263,8,67,621,3.7,39.75,18.48,37.64,17.74,43.47,43.42,58.52,1.5,47.0,26.9,55.55,33.27,42.66,18.76,43.21,0.33,40.0,9.89,50.0,1.83,31.9,16.05,81.81,2.84,43.05,17.66,35.29,1.67,41.7,22.03,20.0,0.0,0.0,0.0
1264,8,68,848,0.23,42.63,19.3,39.34,22.64,43.27,42.18,7.56,0.0,0.0,0.0,0.0,81.44,42.84,18.85,40.34,0.94,33.5,11.74,50.0,0.23,28.0,39.59,50.0,8.86,43.97,18.21,74.66,0.94,53.25,30.42,12.5,0.0,0.0,0.0
1265,8,69,795,0.75,41.75,17.93,41.0,18.12,42.01,42.22,62.73,0.63,44.0,16.26,80.0,27.75,42.58,17.39,37.44,0.38,47.33,11.59,66.66,2.66,38.14,17.86,38.09,4.3,41.64,20.2,58.82,1.52,56.16,11.55,33.33,0.0,0.0,0.0
1266,8,70,0,0.0,0.0,0.0,0.0,0.0,0.0,0.0,0.0,0.0,0.0,0.0,0.0,0.0,0.0,0.0,0.0,0.0,0.0,0.0,0.0,0.0,0.0,0.0,0.0,0.0,0.0,0.0,0.0,0.0,0.0,0.0,0.0,0.0,0.0,0.0
1267,8,72,860,1.04,40.73,19.15,36.92,17.33,40.34,33.13,19.5,0.23,49.5,34.64,0.0,72.73,41.6,19.53,41.03,1.17,40.0,20.13,50.0,0.7,41.83,14.53,50.0,4.34,42.27,20.89,56.75,1.29,45.72,16.37,36.36,0.0,0.0,0.0
1268,8,76,0,0.0,0.0,0.0,0.0,0.0,0.0,0.0,0.0,0.0,0.0,0.0,0.0,0.0,0.0,0.0,0.0,0.0,0.0,0.0,0.0,0.0,0.0,0.0,0.0,0.0,0.0,0.0,0.0,0.0,0.0,0.0,0.0,0.0,0.0,0.0
1269,8,77,742,2.02,38.75,17.92,36.62,17.14,41.37,40.32,17.05,0.27,51.0,2.82,50.0,75.24,38.5,17.89,42.59,0.96,41.85,15.97,71.42,1.1,37.5,23.48,12.5,3.57,45.23,12.85,23.07,1.78,44.69,24.69,15.38,0.0,0.0,0.0
1270,8,78,532,0.93,37.91,20.0,35.95,20.68,40.41,45.45,12.52,0.18,46.0,0.0,100.0,82.73,38.01,19.97,39.44,0.56,33.66,12.58,100.0,1.13,32.5,17.27,16.66,1.51,41.87,19.06,37.5,1.32,52.57,19.1,28.57,0.0,0.0,0.0
1271,8,79,0,0.0,0.0,0.0,0.0,0.0,0.0,0.0,0.0,0.0,0.0,0.0,0.0,0.0,0.0,0.0,0.0,0.0,0.0,0.0,0.0,0.0,0.0,0.0,0.0,0.0,0.0,0.0,0.0,0.0,0.0,0.0,0.0,0.0,0.0,0.0
1272,8,80,941,1.16,41.78,18.18,38.22,15.52,42.4,43.18,9.46,0.21,56.0,0.0,100.0,83.76,41.72,18.42,42.49,1.07,39.0,12.2,80.0,0.43,51.75,18.11,25.0,3.22,46.2,18.05,36.66,1.82,49.23,22.13,23.52,0.0,0.0,0.0
1273,8,81,0,0.0,0.0,0.0,0.0,0.0,0.0,0.0,0.0,0.0,0.0,0.0,0.0,0.0,0.0,0.0,0.0,0.0,0.0,0.0,0.0,0.0,0.0,0.0,0.0,0.0,0.0,0.0,0.0,0.0,0.0,0.0,0.0,0.0,0.0,0.0
1274,8,82,616,1.78,41.08,20.18,37.33,18.8,42.53,41.42,23.14,1.15,53.14,23.66,71.42,68.09,41.71,20.27,41.26,1.81,43.18,19.39,81.81,0.82,39.4,26.75,40.0,3.63,43.04,21.06,54.54,1.32,46.12,24.3,12.5,0.0,0.0,0.0
1275,8,83,890,1.34,39.79,18.22,41.07,18.38,42.35,39.88,20.27,0.34,36.0,37.58,66.66,74.48,39.21,17.97,44.34,0.34,35.0,8.54,33.33,0.11,25.0,0.0,100.0,2.73,42.54,22.31,16.66,1.7,41.93,15.86,20.0,0.0,0.0,0.0
1276,8,85,0,0.0,0.0,0.0,0.0,0.0,0.0,0.0,0.0,0.0,0.0,0.0,0.0,0.0,0.0,0.0,0.0,0.0,0.0,0.0,0.0,0.0,0.0,0.0,0.0,0.0,0.0,0.0,0.0,0.0,0.0,0.0,0.0,0.0,0.0,0.0
1277,8,86,0,0.0,0.0,0.0,0.0,0.0,0.0,0.0,0.0,0.0,0.0,0.0,0.0,0.0,0.0,0.0,0.0,0.0,0.0,0.0,0.0,0.0,0.0,0.0,0.0,0.0,0.0,0.0,0.0,0.0,0.0,0.0,0.0,0.0,0.0,0.0
1278,8,87,978,1.43,41.4,18.79,44.75,25.76,43.25,50.0,0.41,0.2,83.0,5.65,0.0,87.55,40.62,18.51,41.11,0.62,45.0,18.53,100.0,0.51,31.4,32.62,20.0,8.19,42.81,17.64,60.75,2.48,56.79,15.07,41.66,0.0,0.0,0.0
1279,8,88,0,0.0,0.0,0.0,0.0,0.0,0.0,0.0,0.0,0.0,0.0,0.0,0.0,0.0,0.0,0.0,0.0,0.0,0.0,0.0,0.0,0.0,0.0,0.0,0.0,0.0,0.0,0.0,0.0,0.0,0.0,0.0,0.0,0.0,0.0,0.0
1280,8,89,416,2.16,40.55,19.26,39.04,22.33,43.99,42.85,5.15,0.73,51.0,9.53,0.0,81.57,39.05,18.4,43.37,1.22,48.2,19.92,40.0,0.24,62.0,0.0,0.0,9.82,45.0,22.26,55.0,1.22,47.4,17.12,40.0,0.0,0.0,0.0
1281,8,90,0,0.0,0.0,0.0,0.0,0.0,0.0,0.0,0.0,0.0,0.0,0.0,0.0,0.0,0.0,0.0,0.0,0.0,0.0,0.0,0.0,0.0,0.0,0.0,0.0,0.0,0.0,0.0,0.0,0.0,0.0,0.0,0.0,0.0,0.0,0.0
1282,8,91,373,2.14,38.63,17.57,44.92,25.14,42.62,35.71,3.83,0.27,60.0,0.0,100.0,90.95,38.04,17.11,43.37,0.82,38.66,11.15,100.0,1.09,28.25,22.6,25.0,2.19,41.25,15.91,12.5,0.82,52.33,7.37,33.33,0.0,0.0,0.0
1283,8,92,0,0.0,0.0,0.0,0.0,0.0,0.0,0.0,0.0,0.0,0.0,0.0,0.0,0.0,0.0,0.0,0.0,0.0,0.0,0.0,0.0,0.0,0.0,0.0,0.0,0.0,0.0,0.0,0.0,0.0,0.0,0.0,0.0,0.0,0.0,0.0
1284,8,93,0,0.0,0.0,0.0,0.0,0.0,0.0,0.0,0.0,0.0,0.0,0.0,0.0,0.0,0.0,0.0,0.0,0.0,0.0,0.0,0.0,0.0,0.0,0.0,0.0,0.0,0.0,0.0,0.0,0.0,0.0,0.0,0.0,0.0,0.0,0.0
1285,8,95,0,0.0,0.0,0.0,0.0,0.0,0.0,0.0,0.0,0.0,0.0,0.0,0.0,0.0,0.0,0.0,0.0,0.0,0.0,0.0,0.0,0.0,0.0,0.0,0.0,0.0,0.0,0.0,0.0,0.0,0.0,0.0,0.0,0.0,0.0,0.0
1286,8,96,717,0.0,43.46,19.97,30.83,17.57,43.09,50.0,0.83,0.13,77.0,0.0,0.0,94.83,43.18,19.98,41.91,0.69,48.0,7.44,80.0,0.13,73.0,0.0,0.0,2.64,48.05,19.47,84.21,0.69,61.8,13.89,20.0,0.0,0.0,0.0
1287,8,97,0,0.0,0.0,0.0,0.0,0.0,0.0,0.0,0.0,0.0,0.0,0.0,0.0,0.0,0.0,0.0,0.0,0.0,0.0,0.0,0.0,0.0,0.0,0.0,0.0,0.0,0.0,0.0,0.0,0.0,0.0,0.0,0.0,0.0,0.0,0.0
1288,8,98,582,0.0,46.02,20.29,47.0,24.2,42.26,72.72,1.89,0.0,0.0,0.0,0.0,92.61,45.91,20.36,40.07,0.17,52.0,0.0,100.0,0.0,0.0,0.0,0.0,4.98,46.82,18.83,72.41,0.34,56.0,14.14,0.0,0.0,0.0,0.0
1289,8,99,488,0.0,43.12,17.47,37.5,16.98,44.46,37.5,3.27,0.0,0.0,0.0,0.0,93.64,43.34,17.43,43.54,0.4,30.0,4.24,100.0,0.0,0.0,0.0,0.0,2.45,41.66,18.4,83.33,0.2,77.0,0.0,0.0,0.0,0.0,0.0
1290,8,100,487,0.2,43.53,19.25,37.27,20.01,45.79,58.62,5.96,0.0,0.0,0.0,0.0,85.8,44.0,19.42,41.72,0.41,39.5,13.43,50.0,0.0,0.0,0.0,0.0,6.37,44.58,17.26,87.09,1.44,39.71,15.06,42.85,0.0,0.0,0.0
1291,8,101,0,0.0,0.0,0.0,0.0,0.0,0.0,0.0,0.0,0.0,0.0,0.0,0.0,0.0,0.0,0.0,0.0,0.0,0.0,0.0,0.0,0.0,0.0,0.0,0.0,0.0,0.0,0.0,0.0,0.0,0.0,0.0,0.0,0.0,0.0,0.0
1292,8,102,484,2.47,39.84,18.18,41.75,18.0,43.18,36.36,16.31,0.0,0.0,0.0,0.0,74.78,39.49,18.14,42.49,0.42,24.5,34.64,100.0,0.42,39.5,14.84,50.0,6.35,38.63,17.35,70.0,1.69,35.37,23.47,25.0,0.0,0.0,0.0
1293,8,103,506,0.59,41.7,18.23,62.5,6.36,41.3,50.0,0.39,0.19,53.0,0.0,100.0,91.05,41.22,18.35,38.64,0.19,37.0,0.0,100.0,0.39,58.5,6.36,50.0,7.35,46.02,14.85,72.97,0.39,45.5,24.74,0.0,0.0,0.0,0.0
1294,8,105,654,1.07,40.34,20.53,47.0,36.72,41.43,75.0,0.61,0.15,0.0,0.0,0.0,89.48,39.87,20.44,41.27,1.08,46.85,20.2,71.42,0.77,53.4,17.4,20.0,6.02,38.41,16.96,43.58,1.85,49.0,22.11,16.66,0.0,0.0,0.0
1295,8,106,702,0.42,44.78,19.58,34.76,20.38,41.73,40.0,3.57,0.0,0.0,0.0,0.0,87.98,45.12,19.41,40.65,1.0,46.0,22.4,42.85,0.42,38.0,15.62,0.0,5.86,44.46,19.86,68.29,1.14,46.87,22.05,12.5,0.0,0.0,0.0
1296,8,107,788,1.01,43.4,17.36,39.41,21.56,40.98,41.66,1.53,0.12,90.0,0.0,0.0,89.87,43.24,17.27,39.51,0.76,50.33,14.32,50.0,0.0,0.0,0.0,0.0,6.28,41.1,16.7,65.3,1.41,54.09,13.97,18.18,0.0,0.0,0.0
1297,8,108,0,0.0,0.0,0.0,0.0,0.0,0.0,0.0,0.0,0.0,0.0,0.0,0.0,0.0,0.0,0.0,0.0,0.0,0.0,0.0,0.0,0.0,0.0,0.0,0.0,0.0,0.0,0.0,0.0,0.0,0.0,0.0,0.0,0.0,0.0,0.0
1298,8,109,0,0.0,0.0,0.0,0.0,0.0,0.0,0.0,0.0,0.0,0.0,0.0,0.0,0.0,0.0,0.0,0.0,0.0,0.0,0.0,0.0,0.0,0.0,0.0,0.0,0.0,0.0,0.0,0.0,0.0,0.0,0.0,0.0,0.0,0.0,0.0
1299,8,110,323,0.3,41.82,18.54,36.0,4.24,43.34,100.0,0.62,0.31,92.0,0.0,100.0,83.85,40.57,18.08,37.77,0.93,50.33,4.5,66.66,0.0,0.0,0.0,0.0,13.35,45.48,19.21,72.09,0.93,73.33,2.3,33.33,0.0,0.0,0.0
1300,8,111,0,0.0,0.0,0.0,0.0,0.0,0.0,0.0,0.0,0.0,0.0,0.0,0.0,0.0,0.0,0.0,0.0,0.0,0.0,0.0,0.0,0.0,0.0,0.0,0.0,0.0,0.0,0.0,0.0,0.0,0.0,0.0,0.0,0.0,0.0,0.0
1301,8,114,692,1.15,41.36,16.83,46.6,22.34,42.63,40.0,0.73,0.14,50.0,0.0,0.0,92.54,40.96,16.61,43.12,0.73,42.4,14.2,40.0,0.14,40.0,0.0,0.0,3.8,40.61,18.48,38.46,1.9,59.61,13.79,7.69,0.0,0.0,0.0
1302,8,115,739,0.27,42.4,18.31,38.5,15.92,39.24,41.66,3.25,0.0,0.0,0.0,0.0,92.67,42.36,18.5,38.94,0.94,49.71,10.17,71.42,0.13,33.0,0.0,0.0,1.49,50.18,11.51,45.45,1.49,39.63,21.01,18.18,0.0,0.0,0.0
1303,8,120,569,0.17,43.82,18.44,46.2,30.15,40.42,40.0,0.88,0.0,0.0,0.0,0.0,90.84,43.21,18.05,39.92,0.88,27.8,19.14,80.0,0.17,23.0,0.0,100.0,4.75,48.51,15.88,55.55,2.46,61.42,21.32,7.14,0.0,0.0,0.0
1304,8,121,0,0.0,0.0,0.0,0.0,0.0,0.0,0.0,0.0,0.0,0.0,0.0,0.0,0.0,0.0,0.0,0.0,0.0,0.0,0.0,0.0,0.0,0.0,0.0,0.0,0.0,0.0,0.0,0.0,0.0,0.0,0.0,0.0,0.0,0.0,0.0
1305,8,123,552,1.63,42.72,18.32,33.79,24.8,42.75,100.0,0.92,0.0,0.0,0.0,0.0,94.1,42.24,18.32,42.46,0.73,51.5,16.21,75.0,0.0,0.0,0.0,0.0,2.76,47.6,11.71,40.0,1.47,46.62,21.53,0.0,0.0,0.0,0.0
1306,8,124,489,0.81,42.81,18.99,46.56,22.4,42.94,40.0,5.15,0.2,88.0,0.0,100.0,85.15,42.25,18.63,39.22,0.41,45.0,15.55,100.0,0.0,0.0,0.0,0.0,8.45,45.43,19.39,80.48,0.61,43.66,15.56,33.33,0.0,0.0,0.0
1307,8,125,733,0.27,41.09,18.26,45.66,8.73,42.15,16.66,0.82,0.0,0.0,0.0,0.0,93.02,40.92,18.26,42.05,0.82,40.16,13.28,50.0,0.0,0.0,0.0,0.0,3.83,39.85,19.18,50.0,1.5,56.45,14.09,36.36,0.0,0.0,0.0
1308,8,132,0,0.0,0.0,0.0,0.0,0.0,0.0,0.0,0.0,0.0,0.0,0.0,0.0,0.0,0.0,0.0,0.0,0.0,0.0,0.0,0.0,0.0,0.0,0.0,0.0,0.0,0.0,0.0,0.0,0.0,0.0,0.0,0.0,0.0,0.0,0.0
1309,8,133,0,0.0,0.0,0.0,0.0,0.0,0.0,0.0,0.0,0.0,0.0,0.0,0.0,0.0,0.0,0.0,0.0,0.0,0.0,0.0,0.0,0.0,0.0,0.0,0.0,0.0,0.0,0.0,0.0,0.0,0.0,0.0,0.0,0.0,0.0,0.0
1310,8,135,0,0.0,0.0,0.0,0.0,0.0,0.0,0.0,0.0,0.0,0.0,0.0,0.0,0.0,0.0,0.0,0.0,0.0,0.0,0.0,0.0,0.0,0.0,0.0,0.0,0.0,0.0,0.0,0.0,0.0,0.0,0.0,0.0,0.0,0.0,0.0
1311,8,137,680,0.14,41.63,18.12,49.14,22.3,43.23,42.85,3.09,0.29,56.0,5.65,0.0,92.34,41.16,17.89,42.42,0.14,32.0,0.0,100.0,0.29,46.0,18.38,0.0,2.2,44.4,22.55,86.66,1.62,46.54,16.28,36.36,0.0,0.0,0.0
1312,8,138,819,0.12,43.03,18.19,37.96,15.61,43.83,51.51,4.03,0.36,60.66,25.57,66.66,89.36,42.77,18.31,43.63,0.85,37.85,12.22,57.14,0.36,44.66,19.65,0.0,1.71,49.21,17.98,64.28,3.3,52.37,15.18,29.62,0.0,0.0,0.0
1313,8,140,1146,0.26,45.12,19.93,45.67,18.03,42.23,43.63,4.81,0.78,61.22,14.26,33.33,88.8,44.94,19.97,41.97,0.61,40.0,12.63,57.14,0.26,44.0,14.52,33.33,2.01,42.26,22.87,69.56,2.71,46.9,20.69,25.8,0.0,0.0,0.0
1314,8,143,1160,0.25,40.1,18.46,37.31,20.82,40.34,43.75,1.38,0.08,39.0,0.0,0.0,93.25,39.98,18.19,39.11,1.21,38.21,21.39,50.0,0.17,32.5,6.36,0.0,3.28,44.73,19.09,76.31,0.6,42.0,40.5,14.28,0.0,0.0,0.0
1315,8,144,738,0.54,38.32,17.79,37.4,15.82,40.24,33.33,2.04,0.0,0.0,0.0,0.0,94.0,38.48,17.89,40.14,0.81,32.0,20.61,50.0,0.0,0.0,0.0,0.0,2.58,38.0,16.11,52.63,0.54,32.5,23.45,0.0,0.0,0.0,0.0
1316,8,145,729,0.41,40.68,17.12,38.87,15.71,40.05,50.0,1.1,0.13,34.0,0.0,100.0,93.66,40.83,17.1,39.26,1.1,53.12,9.9,50.0,0.0,0.0,0.0,0.0,2.75,33.65,18.97,60.0,1.23,40.44,18.11,11.11,0.0,0.0,0.0
1317,8,146,724,0.41,39.28,17.64,38.52,17.79,38.39,47.82,3.19,0.27,34.5,14.84,0.0,90.98,39.4,17.53,38.41,1.1,36.5,8.51,62.5,0.41,12.33,21.36,0.0,2.49,44.5,18.31,44.44,1.52,33.72,24.15,18.18,0.0,0.0,0.0
1318,8,149,693,0.28,41.84,18.28,45.9,23.95,39.1,30.0,1.44,0.28,52.5,17.67,0.0,93.05,41.74,18.1,38.41,0.28,36.5,4.94,50.0,0.28,65.5,3.53,0.0,3.47,43.66,22.74,70.83,1.15,32.62,9.72,25.0,0.0,0.0,0.0
1319,8,150,847,0.59,39.75,17.65,39.88,13.25,39.07,45.16,7.36,0.23,50.5,2.12,50.0,86.46,39.5,17.9,38.87,0.83,46.14,11.99,42.85,0.59,31.8,7.94,40.0,2.85,41.33,13.93,41.66,1.66,45.35,26.25,14.28,0.0,0.0,0.0
1320,8,153,749,0.13,40.56,18.92,41.68,18.44,40.72,36.84,2.54,0.0,0.0,0.0,0.0,91.04,40.45,18.82,39.94,0.8,33.33,24.17,83.33,0.53,50.25,24.85,50.0,3.34,39.96,18.24,56.0,1.73,44.0,23.42,38.46,0.0,0.0,0.0
1321,8,154,920,0.1,42.27,19.21,32.77,17.09,42.17,33.33,0.97,0.1,36.0,0.0,0.0,93.9,42.71,19.24,42.06,1.08,29.0,16.73,50.0,0.21,19.0,26.87,0.0,2.17,43.75,18.12,60.0,1.52,30.64,12.08,35.71,0.0,0.0,0.0
1322,8,156,860,0.34,42.99,19.49,63.75,18.58,43.02,50.0,0.46,0.11,60.0,0.0,0.0,95.56,43.17,19.41,42.61,1.28,38.72,16.97,72.72,0.0,0.0,0.0,0.0,0.93,41.12,18.09,75.0,1.63,33.92,24.09,21.42,0.0,0.0,0.0
1323,8,157,820,0.0,42.72,20.21,29.0,25.94,43.53,100.0,0.36,0.24,52.5,33.23,50.0,97.56,42.67,20.14,42.87,0.48,51.5,19.68,75.0,0.0,0.0,0.0,0.0,0.73,32.5,18.8,83.33,0.6,59.0,23.54,40.0,0.0,0.0,0.0
1324,8,158,811,0.0,40.87,20.48,36.13,22.13,41.06,46.66,1.84,0.0,0.0,0.0,0.0,94.94,41.21,20.41,40.64,1.1,30.0,12.86,44.44,0.24,14.0,19.79,50.0,1.47,38.5,21.26,66.66,0.36,36.33,38.68,0.0,0.0,0.0,0.0
1325,8,161,820,0.0,43.91,23.06,32.5,16.93,42.92,66.66,0.73,0.0,0.0,0.0,0.0,90.97,44.45,23.23,39.81,0.12,20.0,0.0,100.0,0.0,0.0,0.0,0.0,7.19,39.88,21.75,83.05,0.97,35.12,14.54,12.5,0.0,0.0,0.0
1326,8,165,798,0.0,41.36,19.81,40.23,20.49,41.72,46.15,1.62,0.0,0.0,0.0,0.0,93.85,41.33,19.82,41.25,0.25,45.0,24.04,50.0,0.25,38.5,2.12,0.0,2.38,42.89,19.24,73.68,1.62,41.92,23.36,23.07,0.0,0.0,0.0
1327,8,167,720,0.69,39.86,18.67,37.13,18.24,38.33,34.11,23.77,0.0,0.0,0.0,0.0,70.9,40.73,18.61,38.06,0.97,34.14,19.12,28.57,0.69,38.79,11.25,80.0,3.21,41.73,24.41,65.21,0.41,49.0,6.55,100.0,0.0,0.0,0.0
1328,8,168,1127,0.35,39.17,18.66,39.26,20.28,42.23,41.4,13.98,0.53,35.66,22.16,50.0,80.05,39.04,18.42,41.82,0.71,33.25,16.61,75.0,0.53,48.16,21.21,0.0,3.11,42.17,14.79,48.57,1.06,41.66,26.53,41.66,0.0,0.0,0.0
1329,8,169,0,0.0,0.0,0.0,0.0,0.0,0.0,0.0,0.0,0.0,0.0,0.0,0.0,0.0,0.0,0.0,0.0,0.0,0.0,0.0,0.0,0.0,0.0,0.0,0.0,0.0,0.0,0.0,0.0,0.0,0.0,0.0,0.0,0.0,0.0,0.0
1330,8,170,880,0.22,42.12,18.57,47.04,18.8,40.0,41.46,4.66,0.34,42.66,21.36,66.66,89.86,41.89,18.49,39.92,1.13,47.0,15.89,50.0,0.11,38.0,0.0,100.0,2.5,41.59,21.38,40.9,1.36,37.66,20.14,16.66,0.0,0.0,0.0
1331,8,171,1157,0.17,42.61,18.43,37.82,21.22,40.01,34.78,1.99,0.25,47.33,27.39,0.0,93.24,42.59,18.33,40.2,0.51,35.33,14.08,33.33,0.08,33.0,0.0,0.0,2.25,44.11,19.19,57.69,1.64,49.42,19.63,15.78,0.0,0.0,0.0
1332,8,173,585,0.51,41.56,19.52,25.75,23.97,40.85,50.0,0.68,0.0,0.0,0.0,0.0,91.75,41.54,19.44,39.88,1.03,31.16,16.67,83.33,0.17,38.0,0.0,100.0,5.32,40.8,18.1,48.38,1.03,62.16,22.24,33.33,0.0,0.0,0.0
1333,8,175,694,0.14,42.42,19.77,43.0,15.34,43.8,52.94,2.45,0.86,34.83,6.58,66.66,90.18,42.48,19.77,42.56,1.58,49.36,28.96,36.36,0.14,52.0,0.0,0.0,3.75,37.96,18.7,69.23,1.01,44.57,25.57,42.85,0.0,0.0,0.0
1334,8,177,0,0.0,0.0,0.0,0.0,0.0,0.0,0.0,0.0,0.0,0.0,0.0,0.0,0.0,0.0,0.0,0.0,0.0,0.0,0.0,0.0,0.0,0.0,0.0,0.0,0.0,0.0,0.0,0.0,0.0,0.0,0.0,0.0,0.0,0.0,0.0
1335,8,180,868,0.46,40.01,18.45,34.0,18.84,41.7,33.33,2.08,0.23,51.5,21.92,50.0,93.28,40.11,18.04,41.31,0.57,40.2,32.17,100.0,0.11,27.0,0.0,0.0,2.54,37.59,24.3,59.09,1.15,46.4,22.09,20.0,0.0,0.0,0.0
1336,8,181,788,0.0,40.6,17.75,39.54,16.61,41.49,40.9,2.79,0.12,37.0,0.0,0.0,91.87,40.71,17.7,40.74,0.76,44.5,17.45,66.66,0.25,31.5,44.54,50.0,2.79,38.81,21.02,68.18,1.39,38.63,15.67,27.27,0.0,0.0,0.0
1337,8,182,894,0.11,41.86,19.99,37.3,20.76,40.6,43.47,2.57,0.22,45.0,2.82,0.0,91.26,41.79,19.78,40.98,2.68,37.45,21.45,54.16,0.11,73.0,0.0,100.0,1.79,46.37,21.68,31.25,1.34,55.58,24.2,0.0,0.0,0.0,0.0
1338,8,184,560,0.17,41.2,19.65,40.65,18.26,41.78,43.75,5.72,0.35,58.0,2.82,0.0,88.19,41.39,19.54,41.17,1.78,34.6,22.76,50.0,0.0,0.0,0.0,0.0,2.68,41.33,24.76,66.66,1.25,34.0,22.46,14.28,0.0,0.0,0.0
1339,8,186,919,0.21,42.59,19.9,34.77,13.87,42.32,44.44,0.98,0.0,0.0,0.0,0.0,92.69,42.31,19.9,42.0,0.98,42.33,27.3,22.22,0.1,63.0,0.0,0.0,3.59,42.51,18.61,69.69,1.63,62.2,11.45,13.33,0.0,0.0,0.0
1340,8,187,815,0.0,41.94,18.13,33.37,14.63,39.87,50.0,0.98,0.0,0.0,0.0,0.0,94.72,41.88,17.92,40.41,0.61,50.6,13.35,40.0,0.24,55.0,2.82,0.0,1.84,41.93,20.13,33.33,1.59,45.53,29.72,15.38,0.0,0.0,0.0
1341,8,190,932,0.0,43.18,20.38,27.16,14.99,42.38,33.33,0.64,0.0,0.0,0.0,0.0,95.81,43.35,20.39,41.99,1.82,35.76,21.66,64.7,0.0,0.0,0.0,0.0,0.96,48.33,10.08,66.66,0.75,47.42,25.05,14.28,0.0,0.0,0.0
1342,8,192,911,0.21,40.15,18.44,44.0,19.13,43.79,64.28,1.54,0.11,38.0,0.0,100.0,93.39,40.14,18.48,41.57,1.32,37.5,20.53,83.33,0.33,38.33,34.53,66.66,2.75,39.2,13.85,80.0,0.55,48.4,24.93,80.0,0.0,0.0,0.0
1343,8,195,548,0.36,39.39,18.91,40.04,21.01,43.24,39.13,8.42,0.18,24.0,0.0,0.0,82.41,39.62,18.68,42.22,1.83,30.3,21.47,50.0,0.0,0.0,0.0,0.0,2.74,27.66,13.66,66.66,4.39,46.45,18.42,54.16,0.0,0.0,0.0
1344,8,197,729,0.13,44.7,18.28,35.26,13.88,43.75,39.13,3.15,0.0,0.0,0.0,0.0,93.13,44.93,18.21,43.65,1.92,45.42,23.36,57.14,0.0,0.0,0.0,0.0,0.68,46.4,25.42,60.0,1.09,47.5,17.27,25.0,0.0,0.0,0.0
1345,8,200,424,0.0,44.46,19.06,36.2,12.47,45.28,80.0,1.17,0.0,0.0,0.0,0.0,93.86,44.81,19.07,43.71,0.47,27.5,6.36,100.0,0.0,0.0,0.0,0.0,4.0,37.35,18.24,70.58,0.47,72.0,7.07,0.0,0.0,0.0,0.0
1346,8,203,0,0.0,0.0,0.0,0.0,0.0,0.0,0.0,0.0,0.0,0.0,0.0,0.0,0.0,0.0,0.0,0.0,0.0,0.0,0.0,0.0,0.0,0.0,0.0,0.0,0.0,0.0,0.0,0.0,0.0,0.0,0.0,0.0,0.0,0.0,0.0
1347,8,204,1109,0.27,41.31,19.48,37.46,16.08,41.2,40.0,1.35,0.27,30.66,28.04,33.33,91.13,41.23,19.54,40.57,0.9,33.5,11.49,60.0,0.09,40.0,0.0,0.0,4.15,41.5,17.33,65.21,2.07,50.73,22.59,21.73,0.0,0.0,0.0
1348,8,205,78,1.28,46.05,21.79,46.5,65.76,44.87,0.0,2.59,3.89,44.33,39.55,33.33,85.71,45.12,19.52,50.0,1.29,88.0,0.0,100.0,1.29,37.0,0.0,0.0,1.29,28.0,0.0,0.0,3.89,67.33,17.03,0.0,0.0,0.0,0.0
1349,8,206,0,0.0,0.0,0.0,0.0,0.0,0.0,0.0,0.0,0.0,0.0,0.0,0.0,0.0,0.0,0.0,0.0,0.0,0.0,0.0,0.0,0.0,0.0,0.0,0.0,0.0,0.0,0.0,0.0,0.0,0.0,0.0,0.0,0.0,0.0,0.0
1350,8,207,727,0.0,42.42,20.55,32.41,22.46,41.95,47.05,2.33,0.13,57.0,0.0,100.0,93.12,42.51,20.51,42.09,1.1,41.5,13.79,12.5,0.27,40.5,17.67,0.0,1.78,44.92,19.15,61.53,1.23,50.44,26.05,22.22,0.0,0.0,0.0
1351,8,210,902,0.11,45.09,20.7,41.44,17.37,43.9,66.66,0.99,0.22,78.0,2.82,0.0,91.34,44.91,20.91,42.77,1.88,45.41,14.89,47.05,0.22,54.5,26.16,50.0,2.66,43.54,19.33,70.83,2.66,49.75,19.08,45.83,0.0,0.0,0.0
1352,8,212,998,0.3,42.75,19.95,38.0,10.14,43.68,100.0,0.3,0.0,0.0,0.0,0.0,93.26,43.0,19.96,42.67,1.9,38.52,19.96,57.89,0.2,27.0,38.18,50.0,2.91,41.89,19.54,62.06,1.4,35.85,19.82,42.85,0.0,0.0,0.0
1353,8,213,966,0.0,42.09,19.57,35.43,18.25,42.54,43.47,2.38,0.2,61.5,12.02,0.0,92.33,42.2,19.23,41.47,0.62,41.5,36.62,83.33,0.1,57.0,0.0,100.0,3.72,39.94,23.98,61.11,0.62,56.83,21.6,50.0,0.0,0.0,0.0
1354,8,215,1173,0.17,40.39,18.63,41.47,20.3,42.71,38.14,8.28,0.25,43.66,34.29,0.0,84.62,40.23,18.43,41.77,0.59,35.0,13.0,57.14,0.17,41.5,7.77,50.0,4.69,41.23,18.05,74.54,1.36,43.31,24.44,12.5,0.0,0.0,0.0
1355,8,216,1087,0.27,42.8,18.73,42.82,18.84,41.49,44.82,2.67,0.27,66.66,17.95,33.33,92.43,42.76,18.71,40.41,1.01,47.72,16.57,63.63,0.0,0.0,0.0,0.0,2.02,42.4,20.06,63.63,1.56,41.76,17.46,58.82,0.0,0.0,0.0
1356,8,217,753,0.26,43.51,19.35,41.8,27.29,41.3,50.0,1.33,0.53,68.75,14.59,50.0,94.14,43.21,19.11,40.02,0.39,40.33,5.85,100.0,0.0,0.0,0.0,0.0,2.52,43.84,20.96,84.21,1.06,53.37,20.54,0.0,0.0,0.0,0.0
1357,8,218,648,0.15,42.47,18.45,39.0,0.0,40.58,100.0,0.15,0.0,0.0,0.0,0.0,95.05,42.18,18.44,41.78,0.3,35.5,17.67,0.0,0.3,61.5,23.33,0.0,1.85,42.33,13.6,41.66,2.31,50.4,18.83,0.0,0.0,0.0,0.0
1358,8,219,541,1.66,39.54,17.2,38.46,16.83,43.8,42.24,43.6,0.18,27.0,0.0,100.0,51.5,40.38,17.56,43.79,0.93,43.8,24.46,80.0,0.75,26.75,3.86,75.0,1.87,34.7,14.04,20.0,1.12,44.33,17.55,66.66,0.0,0.0,0.0
1359,8,222,655,2.74,40.62,17.21,38.32,17.16,43.35,41.93,24.33,0.31,28.0,1.41,100.0,67.81,41.04,17.05,43.75,1.09,40.14,10.76,71.42,0.15,24.0,0.0,100.0,5.18,45.81,11.73,42.42,1.09,55.28,26.16,28.57,0.0,0.0,0.0
1360,8,226,0,0.0,0.0,0.0,0.0,0.0,0.0,0.0,0.0,0.0,0.0,0.0,0.0,0.0,0.0,0.0,0.0,0.0,0.0,0.0,0.0,0.0,0.0,0.0,0.0,0.0,0.0,0.0,0.0,0.0,0.0,0.0,0.0,0.0,0.0,0.0
1361,8,227,940,2.44,39.68,18.23,39.92,16.72,39.14,33.08,14.5,0.21,17.5,24.74,50.0,78.84,38.92,18.18,40.24,0.65,54.83,10.79,50.0,0.21,40.0,0.0,0.0,3.27,44.4,19.35,40.0,2.29,43.66,14.89,23.8,0.0,0.0,0.0
1362,8,230,402,0.99,39.95,18.0,32.66,30.19,42.03,66.66,1.5,0.0,0.0,0.0,0.0,88.69,39.75,17.5,42.49,1.0,41.0,24.26,50.0,0.5,55.5,2.12,50.0,5.27,39.71,17.63,23.8,3.01,39.41,24.34,33.33,0.0,0.0,0.0
1363,8,231,719,1.52,41.17,18.19,44.8,16.35,43.81,53.84,3.67,0.42,64.0,15.87,66.66,88.55,40.74,17.98,44.33,1.27,36.11,20.17,0.0,0.28,58.5,9.19,50.0,4.37,38.29,19.98,41.93,1.41,56.1,19.28,30.0,0.0,0.0,0.0
1364,8,236,420,3.09,42.27,18.43,44.85,9.28,39.52,28.57,1.71,0.24,60.0,0.0,100.0,88.69,41.47,18.33,38.78,1.22,29.6,4.92,80.0,0.49,30.0,42.42,50.0,6.63,48.0,16.91,29.62,0.98,35.75,17.67,50.0,0.0,0.0,0.0
1365,8,240,548,2.18,38.82,17.94,43.5,21.74,41.05,40.0,1.86,0.37,71.5,7.77,50.0,88.24,38.19,17.41,41.22,1.67,26.11,18.11,55.55,0.37,46.5,0.7,50.0,5.78,43.25,21.51,38.7,1.67,44.0,16.32,33.33,0.0,0.0,0.0
1366,9,1,864,0.92,41.37,16.96,51.0,17.57,43.98,25.0,0.93,0.0,0.0,0.0,0.0,90.65,41.08,17.13,43.04,0.46,40.5,12.17,75.0,0.11,45.0,0.0,0.0,5.6,42.33,15.11,68.75,2.21,44.42,14.7,21.05,0.0,0.0,0.0
1367,9,2,0,0.0,0.0,0.0,0.0,0.0,0.0,0.0,0.0,0.0,0.0,0.0,0.0,0.0,0.0,0.0,0.0,0.0,0.0,0.0,0.0,0.0,0.0,0.0,0.0,0.0,0.0,0.0,0.0,0.0,0.0,0.0,0.0,0.0,0.0,0.0
1368,9,3,0,0.0,0.0,0.0,0.0,0.0,0.0,0.0,0.0,0.0,0.0,0.0,0.0,0.0,0.0,0.0,0.0,0.0,0.0,0.0,0.0,0.0,0.0,0.0,0.0,0.0,0.0,0.0,0.0,0.0,0.0,0.0,0.0,0.0,0.0,0.0
1369,9,4,471,0.0,43.73,19.09,44.66,39.0,38.64,33.33,0.63,0.0,0.0,0.0,0.0,94.05,43.65,18.9,37.69,0.21,44.0,0.0,0.0,0.0,0.0,0.0,0.0,4.67,44.5,20.21,63.63,0.42,51.0,39.59,0.0,0.0,0.0,0.0
1370,9,5,0,0.0,0.0,0.0,0.0,0.0,0.0,0.0,0.0,0.0,0.0,0.0,0.0,0.0,0.0,0.0,0.0,0.0,0.0,0.0,0.0,0.0,0.0,0.0,0.0,0.0,0.0,0.0,0.0,0.0,0.0,0.0,0.0,0.0,0.0,0.0
1371,9,6,931,0.1,42.05,20.0,44.2,36.51,41.24,80.0,0.53,0.0,0.0,0.0,0.0,88.7,41.85,19.98,36.84,0.43,56.0,13.24,0.0,0.0,0.0,0.0,0.0,9.78,42.54,19.71,81.31,0.53,48.2,13.71,20.0,0.0,0.0,0.0
1372,9,7,491,0.2,42.27,19.09,0.0,0.0,43.58,0.0,0.0,0.0,0.0,0.0,0.0,86.93,42.24,19.35,37.55,0.4,26.0,1.41,50.0,0.2,46.0,0.0,0.0,11.63,43.54,17.96,91.22,0.81,38.0,13.97,0.0,0.0,0.0,0.0
1373,9,8,0,0.0,0.0,0.0,0.0,0.0,0.0,0.0,0.0,0.0,0.0,0.0,0.0,0.0,0.0,0.0,0.0,0.0,0.0,0.0,0.0,0.0,0.0,0.0,0.0,0.0,0.0,0.0,0.0,0.0,0.0,0.0,0.0,0.0,0.0,0.0
1374,9,9,645,1.08,41.79,18.84,40.33,21.07,42.17,38.88,2.82,0.0,0.0,0.0,0.0,92.94,41.19,18.35,41.98,0.31,32.0,45.25,0.0,0.15,50.0,0.0,0.0,2.35,49.33,23.61,53.33,1.41,56.22,22.85,33.33,0.0,0.0,0.0
1375,9,10,593,0.33,40.66,18.81,49.66,12.74,40.8,33.33,0.5,0.33,33.5,12.02,50.0,90.86,40.08,18.8,39.66,0.84,47.4,14.85,40.0,0.67,54.75,19.36,50.0,5.24,43.64,20.51,61.29,1.52,52.77,15.43,22.22,0.0,0.0,0.0
1376,9,11,792,0.37,42.71,18.95,53.0,15.48,42.04,50.0,1.01,0.0,0.0,0.0,0.0,94.8,42.33,18.9,42.78,0.76,47.5,15.39,16.66,0.25,46.5,13.43,0.0,1.9,54.06,17.06,40.0,1.26,41.2,27.65,10.0,0.0,0.0,0.0
1377,9,12,0,0.0,0.0,0.0,0.0,0.0,0.0,0.0,0.0,0.0,0.0,0.0,0.0,0.0,0.0,0.0,0.0,0.0,0.0,0.0,0.0,0.0,0.0,0.0,0.0,0.0,0.0,0.0,0.0,0.0,0.0,0.0,0.0,0.0,0.0,0.0
1378,9,13,861,0.92,43.58,18.65,45.51,16.12,40.18,37.83,4.33,0.35,75.33,18.58,100.0,88.51,43.09,18.41,39.6,0.35,34.66,34.5,66.66,0.0,0.0,0.0,0.0,4.57,42.87,18.99,53.84,1.87,58.0,22.19,18.75,0.0,0.0,0.0
1379,9,14,443,0.45,42.11,17.94,40.66,12.09,40.18,100.0,0.68,0.0,0.0,0.0,0.0,91.38,42.11,18.27,40.44,1.36,32.33,18.31,50.0,0.0,0.0,0.0,0.0,4.3,41.63,13.34,31.57,2.26,48.0,13.8,10.0,0.0,0.0,0.0
1380,9,15,0,0.0,0.0,0.0,0.0,0.0,0.0,0.0,0.0,0.0,0.0,0.0,0.0,0.0,0.0,0.0,0.0,0.0,0.0,0.0,0.0,0.0,0.0,0.0,0.0,0.0,0.0,0.0,0.0,0.0,0.0,0.0,0.0,0.0,0.0,0.0
1381,9,16,0,0.0,0.0,0.0,0.0,0.0,0.0,0.0,0.0,0.0,0.0,0.0,0.0,0.0,0.0,0.0,0.0,0.0,0.0,0.0,0.0,0.0,0.0,0.0,0.0,0.0,0.0,0.0,0.0,0.0,0.0,0.0,0.0,0.0,0.0,0.0
1382,9,17,575,0.86,39.88,19.06,40.38,15.09,41.73,46.15,2.28,0.0,0.0,0.0,0.0,92.45,39.76,19.21,41.74,0.87,43.6,12.09,40.0,0.0,0.0,0.0,0.0,3.15,45.11,20.98,33.33,1.22,37.85,14.25,57.14,0.0,0.0,0.0
1383,9,18,807,0.61,42.35,17.96,39.92,14.41,40.52,36.76,8.47,0.12,65.0,0.0,100.0,84.66,42.24,18.17,40.64,0.74,52.5,19.95,50.0,0.24,28.5,9.19,0.0,3.74,45.3,15.27,50.0,1.99,42.18,22.65,12.5,0.0,0.0,0.0
1384,9,19,261,0.0,42.75,17.29,41.69,16.62,42.14,26.92,9.96,0.0,0.0,0.0,0.0,85.05,42.58,17.48,43.69,0.38,28.0,0.0,100.0,0.38,40.0,0.0,100.0,2.29,49.66,8.66,66.66,1.91,51.2,22.37,0.0,0.0,0.0,0.0
1385,9,20,0,0.0,0.0,0.0,0.0,0.0,0.0,0.0,0.0,0.0,0.0,0.0,0.0,0.0,0.0,0.0,0.0,0.0,0.0,0.0,0.0,0.0,0.0,0.0,0.0,0.0,0.0,0.0,0.0,0.0,0.0,0.0,0.0,0.0,0.0,0.0
1386,9,21,818,0.48,41.59,18.06,40.99,18.38,39.85,36.69,60.93,0.12,52.0,0.0,0.0,35.25,42.6,17.86,44.59,0.73,34.33,8.23,66.66,1.35,43.36,11.99,72.72,0.85,36.0,9.45,0.0,0.73,54.16,14.98,33.33,0.0,0.0,0.0
1387,9,22,845,1.42,41.13,17.41,39.84,17.46,43.07,39.09,39.61,0.36,46.66,25.89,66.66,54.86,41.99,17.34,44.63,0.72,40.66,16.04,66.66,0.6,37.2,8.28,80.0,3.0,46.56,20.17,56.0,0.84,33.42,19.91,42.85,0.0,0.0,0.0
1388,9,23,612,0.81,41.37,18.78,37.36,15.07,42.15,44.11,16.8,0.0,0.0,0.0,0.0,78.74,41.83,19.56,41.63,0.65,38.5,7.85,75.0,0.16,29.0,0.0,100.0,1.97,44.16,13.56,50.0,1.48,57.22,17.04,22.22,0.0,0.0,0.0
1389,9,24,773,0.25,42.12,17.84,36.05,16.6,41.39,49.27,8.94,0.0,0.0,0.0,0.0,86.38,42.73,17.84,39.78,1.03,41.62,14.75,75.0,0.38,49.0,11.26,33.33,2.2,41.17,18.49,64.7,1.03,39.5,23.57,12.5,0.0,0.0,0.0
1390,9,25,735,0.68,39.51,17.53,37.7,16.62,41.22,38.82,25.75,0.54,25.25,17.72,75.0,69.58,40.21,17.85,41.33,0.54,44.25,17.05,50.0,0.41,31.66,7.57,100.0,1.64,41.75,14.8,50.0,1.5,33.81,10.09,27.27,0.0,0.0,0.0
1391,9,26,821,0.73,43.73,18.09,43.47,16.69,42.99,38.2,21.84,0.12,47.0,0.0,100.0,71.28,43.93,18.55,43.37,2.33,40.36,18.97,52.63,0.49,49.5,15.28,50.0,3.31,44.22,16.5,51.85,0.61,41.0,31.28,60.0,0.0,0.0,0.0
1392,9,27,778,2.18,41.18,18.57,39.47,19.63,41.64,44.73,4.99,0.78,65.33,13.88,33.33,87.25,40.79,18.33,42.62,1.18,45.66,13.97,66.66,0.26,28.5,2.12,0.0,3.67,41.25,18.79,25.0,1.83,44.42,16.49,21.42,0.0,0.0,0.0
1393,9,28,694,0.14,43.48,18.41,41.15,17.27,41.49,50.0,8.65,0.0,0.0,0.0,0.0,85.28,43.2,18.44,40.43,1.01,43.71,14.1,85.71,0.0,0.0,0.0,0.0,3.89,48.18,19.16,37.03,1.15,64.5,12.51,37.5,0.0,0.0,0.0
1394,9,29,0,0.0,0.0,0.0,0.0,0.0,0.0,0.0,0.0,0.0,0.0,0.0,0.0,0.0,0.0,0.0,0.0,0.0,0.0,0.0,0.0,0.0,0.0,0.0,0.0,0.0,0.0,0.0,0.0,0.0,0.0,0.0,0.0,0.0,0.0,0.0
1395,9,30,514,2.14,39.78,15.7,40.42,16.07,42.8,37.5,42.94,0.79,41.25,16.09,25.0,51.88,38.7,14.84,47.12,0.19,70.0,0.0,0.0,0.79,36.5,6.13,75.0,1.78,51.88,13.42,33.33,1.59,30.25,16.29,50.0,0.0,0.0,0.0
1396,9,31,466,0.64,40.85,17.15,40.77,14.17,40.77,39.65,25.05,0.0,0.0,0.0,0.0,70.84,40.45,18.04,39.63,0.86,38.75,4.99,75.0,0.43,28.0,7.07,100.0,1.51,60.71,17.24,42.85,1.29,38.0,12.13,66.66,0.0,0.0,0.0
1397,9,32,758,1.84,38.53,17.59,36.97,17.96,41.68,41.61,20.02,0.26,32.0,9.89,50.0,68.68,38.07,17.21,41.09,2.55,38.47,13.25,36.84,0.4,27.0,23.64,66.66,6.18,44.67,19.07,50.0,1.88,47.14,22.31,21.42,0.0,0.0,0.0
1398,9,33,805,1.49,41.39,17.71,38.35,16.31,39.5,37.8,36.69,0.5,47.0,19.62,75.0,58.38,42.6,17.94,40.82,0.25,42.5,7.77,0.0,0.75,51.83,14.64,0.0,2.01,51.12,20.62,37.5,1.38,55.09,20.8,18.18,0.0,0.0,0.0
1399,9,34,709,1.69,43.14,18.38,36.67,13.67,40.76,35.48,4.44,0.0,0.0,0.0,0.0,89.81,43.0,18.35,41.21,1.0,39.14,22.43,57.14,0.14,70.0,0.0,0.0,3.29,49.04,17.32,30.43,1.29,40.0,12.98,22.22,0.0,0.0,0.0
1400,9,35,623,0.32,40.91,17.14,37.28,20.46,42.21,42.85,1.12,0.0,0.0,0.0,0.0,92.75,40.93,17.12,42.7,1.12,45.14,13.37,42.85,0.0,0.0,0.0,0.0,3.38,37.85,12.51,38.09,1.61,45.7,27.36,20.0,0.0,0.0,0.0
1401,9,36,616,1.13,41.59,17.63,45.2,10.56,39.28,100.0,0.82,0.0,0.0,0.0,0.0,92.61,41.53,17.43,38.65,0.98,31.66,27.01,50.0,0.32,27.0,0.0,50.0,3.28,38.4,21.5,40.0,1.97,48.0,18.35,33.33,0.0,0.0,0.0
1402,9,37,618,1.45,39.81,17.08,33.42,13.85,43.2,36.36,5.41,0.0,0.0,0.0,0.0,89.49,40.06,17.47,44.03,0.32,36.0,11.31,50.0,0.16,57.0,0.0,100.0,3.11,45.21,9.93,42.1,1.47,41.55,10.53,11.11,0.0,0.0,0.0
1403,9,38,926,0.53,42.2,18.02,42.1,10.65,43.3,50.0,1.08,0.43,54.0,10.73,75.0,93.48,41.88,18.08,43.08,1.3,37.25,17.21,41.66,0.0,0.0,0.0,0.0,3.04,50.46,19.53,53.57,0.65,52.33,10.13,0.0,0.0,0.0,0.0
1404,9,39,0,0.0,0.0,0.0,0.0,0.0,0.0,0.0,0.0,0.0,0.0,0.0,0.0,0.0,0.0,0.0,0.0,0.0,0.0,0.0,0.0,0.0,0.0,0.0,0.0,0.0,0.0,0.0,0.0,0.0,0.0,0.0,0.0,0.0,0.0,0.0
1405,9,40,705,0.7,36.89,17.07,34.55,6.2,41.56,55.55,1.28,0.28,55.5,16.26,50.0,94.28,36.76,17.34,41.21,0.71,39.0,13.09,60.0,0.0,0.0,0.0,0.0,2.14,35.53,14.01,60.0,1.28,39.0,11.84,11.11,0.0,0.0,0.0
1406,9,41,1073,0.74,38.5,17.11,45.96,13.5,41.75,35.48,2.91,0.37,65.0,21.44,25.0,91.45,38.19,16.97,41.68,1.22,31.92,10.95,76.92,0.0,0.0,0.0,0.0,2.15,34.91,20.75,43.47,1.87,45.35,19.73,20.0,0.0,0.0,0.0
1407,9,42,0,0.0,0.0,0.0,0.0,0.0,0.0,0.0,0.0,0.0,0.0,0.0,0.0,0.0,0.0,0.0,0.0,0.0,0.0,0.0,0.0,0.0,0.0,0.0,0.0,0.0,0.0,0.0,0.0,0.0,0.0,0.0,0.0,0.0,0.0,0.0
1408,9,43,978,0.61,41.08,18.31,33.13,22.2,43.76,43.47,2.36,0.41,36.5,30.57,25.0,91.46,41.24,18.09,44.09,1.02,43.5,22.54,50.0,0.1,49.0,0.0,100.0,3.08,38.96,17.64,40.0,1.54,46.26,18.51,26.66,0.0,0.0,0.0
1409,9,44,445,0.22,40.97,17.51,40.66,13.61,43.14,100.0,0.67,0.22,37.0,0.0,100.0,94.36,40.84,17.58,43.43,0.67,39.66,9.5,66.66,0.0,0.0,0.0,0.0,2.7,44.25,16.97,16.66,1.35,40.83,21.49,33.33,0.0,0.0,0.0
1410,9,45,978,0.3,42.57,18.49,41.55,22.43,41.51,55.55,0.92,0.1,54.0,0.0,0.0,94.66,42.62,18.47,41.82,1.02,32.7,14.48,60.0,0.2,53.0,1.41,50.0,1.74,38.11,19.53,29.41,1.33,45.69,19.2,15.38,0.0,0.0,0.0
1411,9,46,818,0.0,43.74,18.31,44.91,14.0,42.78,33.33,1.46,0.0,0.0,0.0,0.0,94.13,43.54,18.46,42.46,1.22,48.3,18.04,70.0,0.24,48.0,7.07,50.0,2.2,45.22,17.16,44.44,0.73,53.5,14.29,50.0,0.0,0.0,0.0
1412,9,47,945,0.1,39.09,17.16,48.77,19.31,45.6,38.88,1.9,0.1,46.0,0.0,0.0,95.12,38.91,17.01,45.21,0.52,40.2,20.3,100.0,0.21,39.0,12.72,50.0,1.9,38.61,22.35,61.11,0.21,33.5,0.7,50.0,0.0,0.0,0.0
1413,9,48,960,0.0,44.56,19.59,41.2,26.21,42.81,50.0,1.04,0.0,0.0,0.0,0.0,90.31,44.35,19.5,40.59,1.66,48.68,16.6,56.25,0.1,37.0,0.0,0.0,5.93,46.35,21.02,73.68,0.93,50.88,18.04,33.33,0.0,0.0,0.0
1414,9,50,866,0.0,43.71,18.31,41.5,12.92,42.95,50.0,0.46,0.23,64.5,31.81,100.0,93.64,43.74,18.27,41.8,1.27,32.0,14.47,72.72,0.0,0.0,0.0,0.0,3.57,47.48,19.81,61.29,0.8,36.71,13.57,28.57,0.0,0.0,0.0
1415,9,51,0,0.0,0.0,0.0,0.0,0.0,0.0,0.0,0.0,0.0,0.0,0.0,0.0,0.0,0.0,0.0,0.0,0.0,0.0,0.0,0.0,0.0,0.0,0.0,0.0,0.0,0.0,0.0,0.0,0.0,0.0,0.0,0.0,0.0,0.0,0.0
1416,9,52,0,0.0,0.0,0.0,0.0,0.0,0.0,0.0,0.0,0.0,0.0,0.0,0.0,0.0,0.0,0.0,0.0,0.0,0.0,0.0,0.0,0.0,0.0,0.0,0.0,0.0,0.0,0.0,0.0,0.0,0.0,0.0,0.0,0.0,0.0,0.0
1417,9,53,0,0.0,0.0,0.0,0.0,0.0,0.0,0.0,0.0,0.0,0.0,0.0,0.0,0.0,0.0,0.0,0.0,0.0,0.0,0.0,0.0,0.0,0.0,0.0,0.0,0.0,0.0,0.0,0.0,0.0,0.0,0.0,0.0,0.0,0.0,0.0
1418,9,54,0,0.0,0.0,0.0,0.0,0.0,0.0,0.0,0.0,0.0,0.0,0.0,0.0,0.0,0.0,0.0,0.0,0.0,0.0,0.0,0.0,0.0,0.0,0.0,0.0,0.0,0.0,0.0,0.0,0.0,0.0,0.0,0.0,0.0,0.0,0.0
1419,9,55,885,0.0,43.98,19.27,38.33,23.1,44.06,53.33,1.69,0.11,39.0,0.0,100.0,90.73,43.85,19.33,42.83,1.69,36.33,15.66,60.0,0.33,50.0,16.0,0.0,4.29,49.84,17.29,63.15,1.12,51.3,16.96,40.0,0.0,0.0,0.0
1420,9,56,0,0.0,0.0,0.0,0.0,0.0,0.0,0.0,0.0,0.0,0.0,0.0,0.0,0.0,0.0,0.0,0.0,0.0,0.0,0.0,0.0,0.0,0.0,0.0,0.0,0.0,0.0,0.0,0.0,0.0,0.0,0.0,0.0,0.0,0.0,0.0
1421,9,57,543,0.18,43.07,20.34,31.55,14.35,41.25,44.44,1.66,0.36,71.0,7.07,50.0,92.61,43.28,20.44,40.63,0.73,37.75,10.53,50.0,0.0,0.0,0.0,0.0,3.69,44.8,19.92,55.0,0.92,30.0,19.22,20.0,0.0,0.0,0.0
1422,9,58,0,0.0,0.0,0.0,0.0,0.0,0.0,0.0,0.0,0.0,0.0,0.0,0.0,0.0,0.0,0.0,0.0,0.0,0.0,0.0,0.0,0.0,0.0,0.0,0.0,0.0,0.0,0.0,0.0,0.0,0.0,0.0,0.0,0.0,0.0,0.0
1423,9,59,0,0.0,0.0,0.0,0.0,0.0,0.0,0.0,0.0,0.0,0.0,0.0,0.0,0.0,0.0,0.0,0.0,0.0,0.0,0.0,0.0,0.0,0.0,0.0,0.0,0.0,0.0,0.0,0.0,0.0,0.0,0.0,0.0,0.0,0.0,0.0
1424,9,60,1051,0.0,44.96,21.15,36.8,24.28,42.34,71.42,1.99,0.09,0.0,0.0,0.0,90.86,45.27,20.99,39.68,1.14,46.91,8.58,75.0,0.09,20.0,0.0,100.0,4.75,45.24,23.86,72.0,1.04,37.0,19.4,45.45,0.0,0.0,0.0
1425,9,61,765,0.13,43.45,18.67,39.76,17.69,40.78,47.61,2.74,0.0,0.0,0.0,0.0,93.71,43.45,18.76,40.92,1.04,50.0,14.17,50.0,0.0,0.0,0.0,0.0,1.43,47.0,17.26,27.27,1.04,47.5,14.02,12.5,0.0,0.0,0.0
1426,9,62,564,0.17,45.37,20.16,37.88,23.62,42.55,33.33,1.59,0.0,0.0,0.0,0.0,91.82,45.6,20.18,41.97,3.01,40.11,18.37,52.94,0.0,0.0,0.0,0.0,2.84,47.87,20.05,56.25,0.71,39.5,19.82,25.0,0.0,0.0,0.0
1427,9,63,0,0.0,0.0,0.0,0.0,0.0,0.0,0.0,0.0,0.0,0.0,0.0,0.0,0.0,0.0,0.0,0.0,0.0,0.0,0.0,0.0,0.0,0.0,0.0,0.0,0.0,0.0,0.0,0.0,0.0,0.0,0.0,0.0,0.0,0.0,0.0
1428,9,64,909,0.11,40.74,18.64,33.87,21.29,41.69,50.0,1.76,0.0,0.0,0.0,0.0,93.06,40.9,18.65,41.77,0.66,43.33,26.91,50.0,0.11,58.0,0.0,0.0,2.86,40.23,14.94,42.3,1.54,35.42,16.18,28.57,0.0,0.0,0.0
1429,9,65,447,0.44,42.28,18.39,47.0,0.0,42.5,100.0,0.22,0.0,0.0,0.0,0.0,94.83,42.3,18.5,42.41,0.89,35.5,27.09,50.0,0.0,0.0,0.0,0.0,2.92,41.3,9.35,53.84,1.12,44.8,27.83,0.0,0.0,0.0,0.0
1430,9,66,581,0.86,41.63,17.4,43.81,11.36,41.99,45.45,1.9,0.17,50.0,0.0,100.0,93.57,41.0,17.36,41.18,1.04,52.16,14.02,33.33,0.0,0.0,0.0,0.0,2.25,48.69,20.78,53.84,1.04,48.33,17.36,83.33,0.0,0.0,0.0
1431,9,67,0,0.0,0.0,0.0,0.0,0.0,0.0,0.0,0.0,0.0,0.0,0.0,0.0,0.0,0.0,0.0,0.0,0.0,0.0,0.0,0.0,0.0,0.0,0.0,0.0,0.0,0.0,0.0,0.0,0.0,0.0,0.0,0.0,0.0,0.0,0.0
1432,9,68,746,0.53,39.02,17.96,25.5,9.91,45.17,58.33,1.61,0.13,67.0,0.0,100.0,92.85,39.13,17.81,45.13,0.94,30.71,23.19,28.57,0.0,0.0,0.0,0.0,3.5,35.26,16.26,50.0,0.94,58.71,21.52,28.57,0.0,0.0,0.0
1433,9,69,0,0.0,0.0,0.0,0.0,0.0,0.0,0.0,0.0,0.0,0.0,0.0,0.0,0.0,0.0,0.0,0.0,0.0,0.0,0.0,0.0,0.0,0.0,0.0,0.0,0.0,0.0,0.0,0.0,0.0,0.0,0.0,0.0,0.0,0.0,0.0
1434,9,70,470,0.42,37.23,17.0,35.79,12.85,41.06,40.0,1.06,0.42,47.0,26.87,50.0,93.8,37.32,16.93,39.86,1.92,27.77,16.94,55.55,0.0,0.0,0.0,0.0,1.06,43.6,12.09,80.0,1.7,28.12,13.53,62.5,0.0,0.0,0.0
1435,9,71,457,0.65,42.98,20.4,28.4,18.28,42.23,40.0,1.1,0.0,0.0,0.0,0.0,91.4,42.9,20.4,40.0,1.32,37.66,9.68,50.0,0.44,45.0,9.89,50.0,5.06,48.6,21.55,78.26,0.66,45.66,9.07,33.33,0.0,0.0,0.0
1436,9,72,868,0.34,41.27,17.09,42.94,16.03,41.93,38.88,2.08,0.34,49.66,7.37,33.33,94.45,41.17,17.1,42.22,0.57,36.0,2.91,60.0,0.34,51.33,11.01,0.0,1.15,44.6,23.35,50.0,1.04,48.11,14.69,22.22,0.0,0.0,0.0
1437,9,73,816,0.0,43.22,18.22,47.59,17.93,42.52,13.63,2.69,0.12,28.0,0.0,100.0,92.76,43.15,18.25,42.53,0.98,42.62,13.22,75.0,0.12,30.0,0.0,0.0,2.69,42.18,20.49,59.09,0.61,46.6,16.93,40.0,0.0,0.0,0.0
1438,9,74,1028,0.48,47.01,20.16,52.52,25.6,42.7,57.89,1.85,0.09,53.0,0.0,100.0,88.17,46.7,20.11,39.24,0.58,53.5,21.04,83.33,0.0,0.0,0.0,0.0,7.42,46.82,17.99,78.94,1.85,49.26,22.45,42.1,0.0,0.0,0.0
1439,9,75,1045,0.09,44.99,20.15,48.52,13.4,43.92,42.85,2.01,0.0,0.0,0.0,0.0,90.61,44.55,20.44,42.38,1.62,47.41,14.4,70.58,0.0,0.0,0.0,0.0,4.78,50.16,17.38,62.0,0.95,54.2,17.81,50.0,0.0,0.0,0.0
1440,9,76,0,0.0,0.0,0.0,0.0,0.0,0.0,0.0,0.0,0.0,0.0,0.0,0.0,0.0,0.0,0.0,0.0,0.0,0.0,0.0,0.0,0.0,0.0,0.0,0.0,0.0,0.0,0.0,0.0,0.0,0.0,0.0,0.0,0.0,0.0,0.0
1441,9,77,0,0.0,0.0,0.0,0.0,0.0,0.0,0.0,0.0,0.0,0.0,0.0,0.0,0.0,0.0,0.0,0.0,0.0,0.0,0.0,0.0,0.0,0.0,0.0,0.0,0.0,0.0,0.0,0.0,0.0,0.0,0.0,0.0,0.0,0.0,0.0
1442,9,78,806,0.62,44.4,20.83,46.16,12.51,42.92,50.0,0.74,0.49,51.0,19.4,75.0,93.63,43.77,20.96,41.46,0.62,52.6,20.94,60.0,0.24,52.0,18.38,0.0,3.12,52.56,15.81,68.0,1.12,52.66,23.34,77.77,0.0,0.0,0.0
1443,9,79,936,0.42,44.29,20.79,47.0,12.8,41.66,66.66,1.28,0.0,0.0,0.0,0.0,88.41,44.3,21.3,37.98,0.53,22.6,23.14,60.0,0.1,37.0,0.0,0.0,9.33,44.17,15.38,72.41,0.32,58.66,29.14,33.33,0.0,0.0,0.0
1444,9,80,1160,0.25,42.64,19.57,46.62,18.39,41.37,43.75,2.76,0.25,18.0,15.62,33.33,92.13,42.65,19.52,40.71,0.86,48.6,16.9,40.0,0.25,42.33,10.69,33.33,3.19,38.7,23.53,67.56,0.51,44.83,9.9,16.66,0.0,0.0,0.0
1445,9,81,0,0.0,0.0,0.0,0.0,0.0,0.0,0.0,0.0,0.0,0.0,0.0,0.0,0.0,0.0,0.0,0.0,0.0,0.0,0.0,0.0,0.0,0.0,0.0,0.0,0.0,0.0,0.0,0.0,0.0,0.0,0.0,0.0,0.0,0.0,0.0
1446,9,82,792,0.5,42.9,19.39,39.88,17.57,40.27,27.77,2.28,0.5,57.0,13.44,0.0,90.48,43.04,19.34,39.83,0.38,38.33,9.71,33.33,0.12,44.0,0.0,0.0,4.69,40.81,21.53,70.27,1.52,42.08,25.34,16.66,0.0,0.0,0.0
1447,9,83,1068,0.0,42.32,19.79,30.85,17.15,42.22,46.42,2.62,0.28,35.33,3.51,66.66,92.69,42.45,19.65,41.41,1.02,34.9,18.3,72.72,0.09,80.0,0.0,0.0,2.15,48.3,18.64,65.21,1.12,52.83,29.06,25.0,0.0,0.0,0.0
1448,9,84,1086,0.09,43.01,19.91,41.66,19.69,42.63,61.11,1.65,0.0,0.0,0.0,0.0,92.16,42.85,19.85,41.1,1.47,42.56,16.81,37.5,0.27,58.66,34.94,33.33,3.31,45.13,22.89,80.55,1.1,49.33,17.6,33.33,0.0,0.0,0.0
1449,9,85,820,0.48,43.82,18.17,44.55,14.14,37.56,40.0,2.45,0.24,55.0,7.07,0.0,93.01,43.44,18.18,37.81,0.98,47.37,11.91,37.5,0.0,0.0,0.0,0.0,2.08,52.29,20.41,47.05,1.22,44.0,21.09,10.0,0.0,0.0,0.0
1450,9,86,479,0.41,36.2,15.83,37.13,10.0,43.42,33.33,3.14,0.0,0.0,0.0,0.0,93.92,36.08,15.8,43.75,0.41,27.0,2.82,100.0,0.0,0.0,0.0,0.0,1.67,31.37,20.79,50.0,0.83,49.0,22.31,0.0,0.0,0.0,0.0
1451,9,87,829,0.36,43.51,19.35,41.16,13.01,42.34,66.66,0.72,0.0,0.0,0.0,0.0,95.76,43.21,19.37,41.46,0.96,41.37,13.6,37.5,0.0,0.0,0.0,0.0,2.3,53.57,20.16,73.68,0.24,48.5,20.5,50.0,0.0,0.0,0.0
1452,9,88,0,0.0,0.0,0.0,0.0,0.0,0.0,0.0,0.0,0.0,0.0,0.0,0.0,0.0,0.0,0.0,0.0,0.0,0.0,0.0,0.0,0.0,0.0,0.0,0.0,0.0,0.0,0.0,0.0,0.0,0.0,0.0,0.0,0.0,0.0,0.0
1453,9,89,432,0.46,42.27,19.79,32.79,29.95,39.58,60.0,1.16,0.23,57.0,0.0,0.0,93.95,42.57,19.71,39.85,1.16,33.0,6.59,60.0,0.0,0.0,0.0,0.0,2.79,37.91,24.15,25.0,0.69,46.66,19.29,0.0,0.0,0.0,0.0
1454,9,90,485,0.41,41.68,19.09,30.46,19.36,39.58,23.07,2.69,0.0,0.0,0.0,0.0,93.58,42.14,18.67,39.38,0.82,43.5,11.03,50.0,0.2,39.0,0.0,0.0,2.27,35.81,29.15,72.72,0.41,17.5,24.74,0.0,0.0,0.0,0.0
1455,9,91,793,0.25,43.28,18.18,46.75,20.71,38.33,33.33,1.51,0.63,42.4,27.19,20.0,93.42,42.9,18.02,38.83,0.63,53.2,16.09,0.0,0.37,55.66,17.09,0.0,2.14,48.35,22.9,47.05,1.26,45.9,13.73,30.0,0.0,0.0,0.0
1456,9,92,617,0.0,44.43,19.38,34.72,20.19,43.43,45.45,1.78,0.16,36.0,0.0,100.0,89.46,45.0,19.25,42.75,2.26,37.42,20.56,64.28,0.0,0.0,0.0,0.0,4.21,41.46,22.53,50.0,2.1,42.61,15.17,30.76,0.0,0.0,0.0
1457,9,93,0,0.0,0.0,0.0,0.0,0.0,0.0,0.0,0.0,0.0,0.0,0.0,0.0,0.0,0.0,0.0,0.0,0.0,0.0,0.0,0.0,0.0,0.0,0.0,0.0,0.0,0.0,0.0,0.0,0.0,0.0,0.0,0.0,0.0,0.0,0.0
1458,9,94,693,0.0,43.14,19.24,41.91,13.17,40.69,41.66,1.73,0.14,47.0,0.0,0.0,93.65,43.05,19.47,40.21,1.44,44.5,14.61,50.0,0.0,0.0,0.0,0.0,2.45,42.23,17.11,52.94,0.57,62.0,14.62,50.0,0.0,0.0,0.0
1459,9,95,782,0.12,45.5,20.42,26.87,20.08,42.07,25.0,1.02,0.0,0.0,0.0,0.0,85.91,45.68,20.66,37.7,3.71,40.58,16.93,44.82,0.0,0.0,0.0,0.0,8.83,47.24,18.5,84.05,0.51,50.25,11.95,75.0,0.0,0.0,0.0
1460,9,96,0,0.0,0.0,0.0,0.0,0.0,0.0,0.0,0.0,0.0,0.0,0.0,0.0,0.0,0.0,0.0,0.0,0.0,0.0,0.0,0.0,0.0,0.0,0.0,0.0,0.0,0.0,0.0,0.0,0.0,0.0,0.0,0.0,0.0,0.0,0.0
1461,9,97,0,0.0,0.0,0.0,0.0,0.0,0.0,0.0,0.0,0.0,0.0,0.0,0.0,0.0,0.0,0.0,0.0,0.0,0.0,0.0,0.0,0.0,0.0,0.0,0.0,0.0,0.0,0.0,0.0,0.0,0.0,0.0,0.0,0.0,0.0,0.0
1462,9,98,0,0.0,0.0,0.0,0.0,0.0,0.0,0.0,0.0,0.0,0.0,0.0,0.0,0.0,0.0,0.0,0.0,0.0,0.0,0.0,0.0,0.0,0.0,0.0,0.0,0.0,0.0,0.0,0.0,0.0,0.0,0.0,0.0,0.0,0.0,0.0
1463,9,99,0,0.0,0.0,0.0,0.0,0.0,0.0,0.0,0.0,0.0,0.0,0.0,0.0,0.0,0.0,0.0,0.0,0.0,0.0,0.0,0.0,0.0,0.0,0.0,0.0,0.0,0.0,0.0,0.0,0.0,0.0,0.0,0.0,0.0,0.0,0.0
1464,9,100,0,0.0,0.0,0.0,0.0,0.0,0.0,0.0,0.0,0.0,0.0,0.0,0.0,0.0,0.0,0.0,0.0,0.0,0.0,0.0,0.0,0.0,0.0,0.0,0.0,0.0,0.0,0.0,0.0,0.0,0.0,0.0,0.0,0.0,0.0,0.0
1465,9,101,847,0.0,45.29,19.67,39.85,20.84,44.51,42.85,0.82,0.11,37.0,0.0,100.0,93.86,45.49,19.62,43.27,0.7,47.66,15.51,66.66,0.0,0.0,0.0,0.0,3.54,41.73,23.11,70.0,0.94,43.12,15.06,50.0,0.0,0.0,0.0
1466,9,102,879,0.34,45.84,18.91,44.69,22.76,40.72,61.53,1.48,0.22,46.0,2.82,0.0,92.57,46.0,18.81,39.95,1.14,41.0,21.64,60.0,0.22,39.5,4.94,0.0,3.08,45.44,17.94,55.55,1.25,44.0,23.86,36.36,0.0,0.0,0.0
1467,9,103,715,0.13,44.94,19.62,41.08,17.98,44.47,41.66,1.68,0.28,32.0,11.31,50.0,91.45,44.6,19.71,44.1,1.12,50.37,18.95,62.5,0.56,48.0,11.43,0.0,3.92,51.07,18.19,60.71,0.98,50.57,22.41,28.57,0.0,0.0,0.0
1468,9,104,1136,0.17,45.2,18.81,38.85,19.05,43.3,57.14,1.23,0.0,0.0,0.0,0.0,93.12,45.19,18.77,42.8,1.23,37.92,17.05,35.71,0.17,53.5,26.16,0.0,2.91,49.3,18.96,72.72,1.32,47.86,22.38,20.0,0.0,0.0,0.0
1469,9,105,0,0.0,0.0,0.0,0.0,0.0,0.0,0.0,0.0,0.0,0.0,0.0,0.0,0.0,0.0,0.0,0.0,0.0,0.0,0.0,0.0,0.0,0.0,0.0,0.0,0.0,0.0,0.0,0.0,0.0,0.0,0.0,0.0,0.0,0.0,0.0
1470,9,106,0,0.0,0.0,0.0,0.0,0.0,0.0,0.0,0.0,0.0,0.0,0.0,0.0,0.0,0.0,0.0,0.0,0.0,0.0,0.0,0.0,0.0,0.0,0.0,0.0,0.0,0.0,0.0,0.0,0.0,0.0,0.0,0.0,0.0,0.0,0.0
1471,9,107,619,0.48,40.81,18.81,41.06,17.68,42.32,46.66,2.43,0.48,42.66,22.14,33.33,93.18,40.91,18.89,42.33,1.29,32.25,19.26,37.5,0.16,44.0,0.0,0.0,1.13,46.28,16.92,71.42,1.29,39.62,16.84,12.5,0.0,0.0,0.0
1472,9,108,0,0.0,0.0,0.0,0.0,0.0,0.0,0.0,0.0,0.0,0.0,0.0,0.0,0.0,0.0,0.0,0.0,0.0,0.0,0.0,0.0,0.0,0.0,0.0,0.0,0.0,0.0,0.0,0.0,0.0,0.0,0.0,0.0,0.0,0.0,0.0
1473,9,109,0,0.0,0.0,0.0,0.0,0.0,0.0,0.0,0.0,0.0,0.0,0.0,0.0,0.0,0.0,0.0,0.0,0.0,0.0,0.0,0.0,0.0,0.0,0.0,0.0,0.0,0.0,0.0,0.0,0.0,0.0,0.0,0.0,0.0,0.0,0.0
1474,9,110,902,0.33,44.05,19.45,46.57,18.2,41.24,42.85,0.77,0.22,26.0,8.48,50.0,90.76,43.69,19.22,39.82,1.44,53.53,19.67,76.92,0.11,0.0,0.0,0.0,4.0,46.66,21.74,61.11,2.66,50.16,19.57,37.5,0.0,0.0,0.0
1475,9,112,793,0.0,44.44,20.92,39.0,20.65,45.01,77.77,1.13,0.0,0.0,0.0,0.0,93.82,44.31,20.83,43.41,0.12,22.0,0.0,100.0,0.12,28.0,0.0,0.0,3.4,52.48,20.5,81.48,1.38,41.54,26.18,36.36,0.0,0.0,0.0
1476,9,113,792,0.25,41.49,19.41,41.55,10.34,44.19,44.44,1.13,0.0,0.0,0.0,0.0,91.89,41.49,19.12,43.25,1.39,47.72,19.45,72.72,0.0,0.0,0.0,0.0,4.55,35.8,24.85,58.33,1.01,49.62,17.45,37.5,0.0,0.0,0.0
1477,9,114,0,0.0,0.0,0.0,0.0,0.0,0.0,0.0,0.0,0.0,0.0,0.0,0.0,0.0,0.0,0.0,0.0,0.0,0.0,0.0,0.0,0.0,0.0,0.0,0.0,0.0,0.0,0.0,0.0,0.0,0.0,0.0,0.0,0.0,0.0,0.0
1478,9,115,904,0.77,42.33,18.13,41.23,18.93,39.82,36.36,9.81,0.22,39.0,1.41,100.0,86.06,42.3,18.12,40.41,0.55,52.4,23.17,80.0,0.22,28.5,2.12,50.0,1.89,44.41,12.5,41.17,1.22,47.27,14.6,0.0,0.0,0.0,0.0
1479,9,116,802,1.37,39.04,17.62,36.84,17.04,43.64,42.2,19.46,0.5,58.25,10.99,25.0,75.6,39.42,17.65,43.47,1.26,31.7,13.34,60.0,0.88,29.28,13.73,85.71,1.39,44.72,25.25,45.45,0.88,45.14,23.24,42.85,0.0,0.0,0.0
1480,9,117,818,0.48,37.73,15.96,46.4,14.96,38.99,45.0,2.45,0.12,33.0,0.0,0.0,93.61,37.35,15.79,38.84,0.98,41.5,16.3,50.0,0.12,36.0,0.0,0.0,1.1,32.88,16.88,55.55,1.59,41.69,19.32,23.07,0.0,0.0,0.0
1481,9,118,1030,0.48,42.21,19.45,38.33,19.72,36.89,33.33,1.17,0.29,35.33,31.0,33.33,93.46,41.73,19.48,37.16,0.97,46.5,8.65,40.0,0.19,59.5,20.5,0.0,2.34,51.58,18.41,45.83,1.56,54.0,14.56,18.75,0.0,0.0,0.0
1482,9,119,844,0.23,41.54,18.43,42.5,18.69,42.06,40.0,2.37,0.11,0.0,0.0,100.0,92.28,41.62,18.2,41.05,0.59,42.2,11.07,80.0,0.23,53.5,0.7,0.0,3.8,36.9,22.13,59.37,0.59,52.8,22.73,40.0,0.0,0.0,0.0
1483,9,120,761,0.39,42.05,17.43,31.75,8.78,44.54,50.0,1.58,0.26,15.0,21.21,0.0,90.89,42.34,17.26,42.96,0.39,35.66,12.66,66.66,0.13,26.0,0.0,0.0,5.67,41.3,19.36,76.74,1.05,45.12,25.93,25.0,0.0,0.0,0.0
1484,9,121,587,0.0,44.61,17.67,43.52,14.79,43.1,42.1,3.23,0.51,56.66,19.39,66.66,90.11,44.56,17.77,41.2,0.68,47.0,26.16,100.0,0.34,55.0,9.89,0.0,4.08,44.33,18.74,79.16,1.02,42.33,11.41,33.33,0.0,0.0,0.0
1485,9,122,711,0.28,48.54,21.57,40.0,16.48,42.05,50.0,0.84,0.28,32.0,16.97,50.0,88.43,49.25,21.48,41.14,3.94,37.14,14.31,32.14,0.0,0.0,0.0,0.0,5.92,48.78,26.28,64.28,0.56,43.75,10.11,25.0,0.0,0.0,0.0
1486,9,123,0,0.0,0.0,0.0,0.0,0.0,0.0,0.0,0.0,0.0,0.0,0.0,0.0,0.0,0.0,0.0,0.0,0.0,0.0,0.0,0.0,0.0,0.0,0.0,0.0,0.0,0.0,0.0,0.0,0.0,0.0,0.0,0.0,0.0,0.0,0.0
1487,9,124,0,0.0,0.0,0.0,0.0,0.0,0.0,0.0,0.0,0.0,0.0,0.0,0.0,0.0,0.0,0.0,0.0,0.0,0.0,0.0,0.0,0.0,0.0,0.0,0.0,0.0,0.0,0.0,0.0,0.0,0.0,0.0,0.0,0.0,0.0,0.0
1488,9,125,0,0.0,0.0,0.0,0.0,0.0,0.0,0.0,0.0,0.0,0.0,0.0,0.0,0.0,0.0,0.0,0.0,0.0,0.0,0.0,0.0,0.0,0.0,0.0,0.0,0.0,0.0,0.0,0.0,0.0,0.0,0.0,0.0,0.0,0.0,0.0
1489,9,126,660,0.0,44.99,21.84,42.33,9.13,42.87,16.66,0.9,0.15,38.0,0.0,100.0,91.96,44.83,22.02,41.35,1.21,51.37,16.12,25.0,0.0,0.0,0.0,0.0,4.09,47.77,19.86,81.48,1.66,44.63,26.83,54.54,0.0,0.0,0.0
1490,9,127,972,0.1,44.78,21.47,50.37,11.58,42.18,25.0,0.82,0.1,0.0,0.0,0.0,92.58,44.76,21.49,40.6,1.54,40.53,17.42,73.33,0.2,43.0,1.41,0.0,4.11,49.2,23.47,75.0,0.61,29.66,18.18,33.33,0.0,0.0,0.0
1491,9,128,674,0.0,46.24,20.91,58.8,22.42,43.02,40.0,0.74,0.29,77.0,12.72,0.0,89.02,45.95,20.74,40.5,1.78,39.08,30.55,50.0,0.14,40.0,0.0,0.0,5.19,49.14,20.66,82.85,2.81,48.57,18.3,52.63,0.0,0.0,0.0
1492,9,129,915,0.1,45.91,21.61,43.47,20.78,42.95,47.36,2.07,0.21,50.0,22.62,100.0,90.59,45.57,21.79,41.18,1.2,52.63,16.3,45.45,0.0,0.0,0.0,0.0,4.04,50.59,20.63,75.67,1.85,50.88,19.73,41.17,0.0,0.0,0.0
1493,9,130,602,0.0,43.19,21.75,25.0,34.43,43.18,75.0,0.66,0.16,57.0,0.0,0.0,93.35,43.56,21.6,42.34,0.83,33.6,22.89,60.0,0.66,48.75,13.88,25.0,3.82,39.0,22.69,60.86,0.49,34.0,34.51,33.33,0.0,0.0,0.0
1494,9,131,788,0.12,47.33,21.75,40.23,13.72,43.52,46.15,1.65,0.0,0.0,0.0,0.0,92.63,47.44,21.83,42.11,0.38,29.0,5.29,66.66,0.0,0.0,0.0,0.0,4.7,51.21,22.34,70.27,0.63,30.6,18.1,40.0,0.0,0.0,0.0
1495,9,132,652,0.92,43.26,18.79,45.57,15.93,39.72,42.85,2.16,0.0,0.0,0.0,0.0,93.18,43.02,18.83,39.53,0.61,21.25,16.23,25.0,0.15,60.0,0.0,0.0,3.56,48.34,17.36,56.52,0.3,35.5,12.02,0.0,0.0,0.0,0.0
1496,9,133,677,0.44,42.56,17.98,42.25,21.76,41.5,62.5,1.18,0.29,38.0,1.41,0.0,93.17,42.16,18.01,40.44,1.18,47.5,16.91,75.0,0.0,0.0,0.0,0.0,2.96,49.55,17.23,55.0,1.18,52.87,16.62,37.5,0.0,0.0,0.0
1497,9,134,1076,1.02,41.07,17.62,38.14,16.39,38.56,37.41,13.8,0.84,31.77,26.3,33.33,80.09,41.36,17.5,37.86,0.75,42.62,22.67,50.0,0.28,36.0,10.81,66.66,2.62,46.85,17.37,60.71,1.59,44.35,21.66,29.41,0.0,0.0,0.0
1498,9,135,0,0.0,0.0,0.0,0.0,0.0,0.0,0.0,0.0,0.0,0.0,0.0,0.0,0.0,0.0,0.0,0.0,0.0,0.0,0.0,0.0,0.0,0.0,0.0,0.0,0.0,0.0,0.0,0.0,0.0,0.0,0.0,0.0,0.0,0.0,0.0
1499,9,136,883,0.33,38.75,17.13,37.82,18.71,39.18,36.84,6.47,0.34,43.66,14.15,33.33,88.97,38.64,17.24,39.59,1.13,40.2,12.64,40.0,0.45,37.75,9.94,25.0,1.25,45.63,13.2,45.45,1.36,40.75,13.23,33.33,0.0,0.0,0.0
1500,9,137,504,0.19,43.93,21.5,35.2,20.0,43.25,40.0,1.98,0.0,0.0,0.0,0.0,89.86,44.14,21.38,41.15,0.39,47.0,35.35,50.0,0.0,0.0,0.0,0.0,7.55,43.71,23.56,68.42,0.19,39.0,0.0,100.0,0.0,0.0,0.0
1501,9,138,941,0.0,45.83,20.48,44.7,21.35,45.69,50.0,1.06,0.1,0.0,0.0,100.0,91.49,45.8,20.63,43.9,0.63,45.5,13.8,33.33,0.1,45.0,0.0,100.0,5.1,46.31,17.87,75.0,1.48,50.64,21.05,50.0,0.0,0.0,0.0
1502,9,139,0,0.0,0.0,0.0,0.0,0.0,0.0,0.0,0.0,0.0,0.0,0.0,0.0,0.0,0.0,0.0,0.0,0.0,0.0,0.0,0.0,0.0,0.0,0.0,0.0,0.0,0.0,0.0,0.0,0.0,0.0,0.0,0.0,0.0,0.0,0.0
1503,9,140,559,1.78,41.36,18.79,40.26,24.71,35.77,33.33,2.73,0.72,51.5,15.63,25.0,90.71,41.25,18.64,34.53,1.09,42.66,23.55,33.33,0.0,0.0,0.0,0.0,3.09,40.64,15.08,82.35,1.63,39.0,23.29,33.33,0.0,0.0,0.0
1504,9,141,0,0.0,0.0,0.0,0.0,0.0,0.0,0.0,0.0,0.0,0.0,0.0,0.0,0.0,0.0,0.0,0.0,0.0,0.0,0.0,0.0,0.0,0.0,0.0,0.0,0.0,0.0,0.0,0.0,0.0,0.0,0.0,0.0,0.0,0.0,0.0
1505,9,142,0,0.0,0.0,0.0,0.0,0.0,0.0,0.0,0.0,0.0,0.0,0.0,0.0,0.0,0.0,0.0,0.0,0.0,0.0,0.0,0.0,0.0,0.0,0.0,0.0,0.0,0.0,0.0,0.0,0.0,0.0,0.0,0.0,0.0,0.0,0.0
1506,9,143,0,0.0,0.0,0.0,0.0,0.0,0.0,0.0,0.0,0.0,0.0,0.0,0.0,0.0,0.0,0.0,0.0,0.0,0.0,0.0,0.0,0.0,0.0,0.0,0.0,0.0,0.0,0.0,0.0,0.0,0.0,0.0,0.0,0.0,0.0,0.0
1507,9,144,0,0.0,0.0,0.0,0.0,0.0,0.0,0.0,0.0,0.0,0.0,0.0,0.0,0.0,0.0,0.0,0.0,0.0,0.0,0.0,0.0,0.0,0.0,0.0,0.0,0.0,0.0,0.0,0.0,0.0,0.0,0.0,0.0,0.0,0.0,0.0
1508,9,145,675,0.29,44.9,20.18,46.56,22.3,44.74,37.5,2.37,0.0,0.0,0.0,0.0,89.89,44.48,20.23,41.81,0.44,52.0,8.88,100.0,0.29,65.5,26.16,0.0,6.53,46.09,18.32,88.63,0.44,75.66,7.5,33.33,0.0,0.0,0.0
1509,9,146,616,0.0,41.71,19.29,45.72,15.4,40.25,34.48,4.7,0.48,32.66,28.72,100.0,91.23,41.4,19.58,39.14,0.32,37.0,1.41,100.0,0.32,45.0,4.24,50.0,1.94,45.66,18.3,83.33,0.97,48.0,10.29,33.33,0.0,0.0,0.0
1510,9,147,673,0.89,41.34,16.69,41.53,12.72,42.34,34.37,4.79,0.14,50.0,0.0,0.0,89.95,41.04,16.81,42.16,0.59,38.5,11.32,50.0,0.14,89.0,0.0,0.0,2.99,46.75,16.87,65.0,1.34,42.33,12.64,22.22,0.0,0.0,0.0
1511,9,148,1021,0.29,43.26,18.41,38.43,14.69,41.13,40.9,4.32,0.29,54.0,10.58,0.0,90.17,43.17,18.51,40.19,0.68,43.71,20.69,57.14,0.09,67.0,0.0,100.0,3.33,49.85,17.09,67.64,1.08,50.54,14.25,36.36,0.0,0.0,0.0
1512,9,149,957,0.2,40.8,20.44,41.62,18.42,40.02,36.96,22.09,0.2,11.5,16.26,50.0,71.72,40.98,20.61,39.41,0.52,47.0,16.4,80.0,0.52,32.0,19.91,20.0,3.97,37.23,24.73,65.78,0.94,26.0,24.13,44.44,0.0,0.0,0.0
1513,9,150,0,0.0,0.0,0.0,0.0,0.0,0.0,0.0,0.0,0.0,0.0,0.0,0.0,0.0,0.0,0.0,0.0,0.0,0.0,0.0,0.0,0.0,0.0,0.0,0.0,0.0,0.0,0.0,0.0,0.0,0.0,0.0,0.0,0.0,0.0,0.0
1514,9,151,0,0.0,0.0,0.0,0.0,0.0,0.0,0.0,0.0,0.0,0.0,0.0,0.0,0.0,0.0,0.0,0.0,0.0,0.0,0.0,0.0,0.0,0.0,0.0,0.0,0.0,0.0,0.0,0.0,0.0,0.0,0.0,0.0,0.0,0.0,0.0
1515,9,152,770,0.12,43.06,19.86,46.12,13.73,40.51,62.5,1.04,0.0,0.0,0.0,0.0,91.67,42.81,19.71,39.0,0.52,26.0,21.24,75.0,0.13,68.0,0.0,0.0,5.59,45.62,20.91,58.13,1.04,52.75,28.62,50.0,0.0,0.0,0.0
1516,9,153,1011,0.0,42.08,18.78,36.57,17.56,41.34,42.3,2.57,0.19,42.0,7.07,50.0,91.49,42.25,18.81,40.21,1.08,49.18,18.58,54.54,0.19,53.0,7.07,50.0,3.26,38.48,18.5,72.72,1.18,41.75,20.66,25.0,0.0,0.0,0.0
1517,9,154,0,0.0,0.0,0.0,0.0,0.0,0.0,0.0,0.0,0.0,0.0,0.0,0.0,0.0,0.0,0.0,0.0,0.0,0.0,0.0,0.0,0.0,0.0,0.0,0.0,0.0,0.0,0.0,0.0,0.0,0.0,0.0,0.0,0.0,0.0,0.0
1518,9,156,1073,0.46,42.63,20.39,43.29,19.17,41.84,38.84,11.32,0.28,39.33,17.21,66.66,81.74,42.52,20.57,41.0,1.02,45.27,22.66,63.63,0.46,39.2,15.08,40.0,3.74,44.87,19.25,67.5,1.4,34.33,24.08,26.66,0.0,0.0,0.0
1519,9,157,1049,0.28,43.32,19.55,39.98,22.26,39.56,38.46,6.21,0.28,47.66,5.5,33.33,87.28,43.37,19.46,38.77,0.57,46.16,20.69,33.33,0.38,37.5,15.94,50.0,4.01,42.0,17.74,64.28,1.24,56.76,14.52,23.07,0.0,0.0,0.0
1520,9,158,567,0.0,43.79,20.6,45.58,11.82,43.73,41.66,2.11,0.17,22.0,0.0,100.0,90.47,43.51,20.55,41.71,0.35,68.5,20.5,100.0,0.0,0.0,0.0,0.0,6.34,45.91,23.54,69.44,0.52,49.33,15.94,33.33,0.0,0.0,0.0
1521,9,159,0,0.0,0.0,0.0,0.0,0.0,0.0,0.0,0.0,0.0,0.0,0.0,0.0,0.0,0.0,0.0,0.0,0.0,0.0,0.0,0.0,0.0,0.0,0.0,0.0,0.0,0.0,0.0,0.0,0.0,0.0,0.0,0.0,0.0,0.0,0.0
1522,9,160,719,0.27,44.19,20.29,38.63,19.77,43.25,18.18,1.53,0.27,48.0,25.45,50.0,92.74,44.12,20.07,42.55,0.83,30.66,24.62,66.66,0.0,0.0,0.0,0.0,3.76,48.66,23.24,62.96,0.83,48.16,27.67,50.0,0.0,0.0,0.0
1523,9,161,710,0.0,43.85,21.53,44.42,17.94,44.5,57.14,0.98,0.28,20.0,28.28,100.0,90.98,43.87,21.43,41.95,0.42,41.0,14.73,66.66,0.14,86.0,0.0,0.0,6.33,42.64,23.55,80.0,0.84,52.0,17.92,16.66,0.0,0.0,0.0
1524,9,162,885,0.45,43.51,19.25,38.29,22.19,39.66,43.9,4.65,0.22,49.0,7.07,0.0,91.25,43.38,19.03,39.3,0.68,51.33,19.21,50.0,0.11,54.0,0.0,0.0,1.92,48.41,19.76,58.82,1.13,57.3,18.89,20.0,0.0,0.0,0.0
1525,9,163,891,0.56,36.58,15.58,34.44,16.35,42.42,44.11,7.67,0.11,38.0,0.0,100.0,88.71,36.97,15.45,42.11,0.9,24.62,10.87,37.5,0.67,28.83,21.69,66.66,1.58,36.85,18.76,50.0,0.33,43.33,15.56,0.0,0.0,0.0,0.0
1526,9,164,878,0.11,42.0,20.05,42.69,17.79,41.0,38.46,1.48,0.0,0.0,0.0,0.0,94.29,42.14,20.19,40.02,0.57,38.6,9.86,80.0,0.22,45.0,15.55,100.0,2.28,35.54,21.69,70.0,1.14,44.4,12.95,30.0,0.0,0.0,0.0
1527,9,165,753,0.13,39.03,16.99,41.05,12.79,45.15,57.89,2.52,0.26,17.0,24.04,50.0,91.75,39.2,17.05,44.92,0.53,44.0,16.71,25.0,0.13,38.0,0.0,100.0,3.59,32.37,16.09,59.25,1.19,44.33,19.84,0.0,0.0,0.0,0.0
1528,9,166,1079,0.18,40.88,18.97,39.97,20.68,40.68,39.79,9.09,0.46,48.8,28.89,20.0,85.42,40.81,18.48,40.1,1.39,37.0,23.59,46.66,0.09,54.0,0.0,0.0,2.22,41.29,20.97,58.33,1.29,52.07,25.43,57.14,0.0,0.0,0.0
1529,9,167,838,0.23,38.02,17.9,35.44,16.02,40.57,39.63,13.27,0.0,0.0,0.0,0.0,81.81,38.36,18.11,40.93,0.71,34.33,10.96,66.66,0.47,52.5,23.4,0.0,2.39,35.35,14.58,50.0,1.31,41.72,26.72,9.09,0.0,0.0,0.0
1530,9,168,1128,0.35,40.03,17.55,36.51,19.36,41.4,38.23,9.07,0.35,50.25,19.25,0.0,84.96,40.26,17.38,41.25,0.97,43.72,17.61,45.45,0.35,43.75,13.98,50.0,2.75,41.87,16.8,64.51,1.51,40.94,17.32,29.41,0.0,0.0,0.0
1531,9,169,889,0.33,39.71,17.47,39.6,16.63,40.6,44.59,8.35,0.11,33.0,0.0,0.0,86.9,39.33,17.48,40.64,1.35,44.25,21.29,8.33,0.22,53.5,9.19,0.0,1.8,45.68,19.29,56.25,1.24,48.72,11.38,27.27,0.0,0.0,0.0
1532,9,170,672,0.59,41.88,17.33,41.43,17.59,38.69,41.3,6.88,0.29,25.0,35.35,0.0,88.32,42.12,17.08,39.15,0.89,46.0,21.29,33.33,0.29,27.0,38.18,50.0,1.64,35.27,15.21,36.36,1.64,43.0,22.24,18.18,0.0,0.0,0.0
1533,9,171,0,0.0,0.0,0.0,0.0,0.0,0.0,0.0,0.0,0.0,0.0,0.0,0.0,0.0,0.0,0.0,0.0,0.0,0.0,0.0,0.0,0.0,0.0,0.0,0.0,0.0,0.0,0.0,0.0,0.0,0.0,0.0,0.0,0.0,0.0,0.0
1534,9,172,1026,0.29,41.78,16.44,32.47,18.33,43.46,64.7,1.66,0.0,0.0,0.0,0.0,92.66,41.67,16.39,42.4,0.68,39.14,6.66,100.0,0.09,63.0,0.0,0.0,3.81,46.33,16.09,53.84,1.07,47.54,19.37,27.27,0.0,0.0,0.0
1535,9,173,0,0.0,0.0,0.0,0.0,0.0,0.0,0.0,0.0,0.0,0.0,0.0,0.0,0.0,0.0,0.0,0.0,0.0,0.0,0.0,0.0,0.0,0.0,0.0,0.0,0.0,0.0,0.0,0.0,0.0,0.0,0.0,0.0,0.0,0.0,0.0
1536,9,174,1084,0.27,42.27,18.43,50.55,26.81,40.86,44.44,0.83,0.27,63.66,1.52,33.33,94.44,42.1,18.28,40.64,0.46,49.8,11.18,80.0,0.37,57.75,23.58,25.0,2.59,40.1,20.58,53.57,1.01,42.45,18.37,27.27,0.0,0.0,0.0
1537,9,175,1115,0.08,40.05,18.52,50.4,17.7,41.61,40.0,0.89,0.08,44.0,0.0,0.0,95.69,40.1,18.24,41.27,0.53,54.33,29.22,83.33,0.17,23.0,4.24,50.0,1.88,33.71,24.41,52.38,0.71,35.5,20.43,25.0,0.0,0.0,0.0
1538,9,176,0,0.0,0.0,0.0,0.0,0.0,0.0,0.0,0.0,0.0,0.0,0.0,0.0,0.0,0.0,0.0,0.0,0.0,0.0,0.0,0.0,0.0,0.0,0.0,0.0,0.0,0.0,0.0,0.0,0.0,0.0,0.0,0.0,0.0,0.0,0.0
1539,9,177,0,0.0,0.0,0.0,0.0,0.0,0.0,0.0,0.0,0.0,0.0,0.0,0.0,0.0,0.0,0.0,0.0,0.0,0.0,0.0,0.0,0.0,0.0,0.0,0.0,0.0,0.0,0.0,0.0,0.0,0.0,0.0,0.0,0.0,0.0,0.0
1540,9,178,1089,0.0,42.84,17.92,34.79,10.05,40.31,10.0,0.91,0.0,0.0,0.0,0.0,93.48,42.71,17.97,39.39,1.1,36.41,11.27,58.33,0.18,44.0,1.41,0.0,3.39,50.18,19.44,75.67,0.91,43.7,14.11,20.0,0.0,0.0,0.0
1541,9,179,0,0.0,0.0,0.0,0.0,0.0,0.0,0.0,0.0,0.0,0.0,0.0,0.0,0.0,0.0,0.0,0.0,0.0,0.0,0.0,0.0,0.0,0.0,0.0,0.0,0.0,0.0,0.0,0.0,0.0,0.0,0.0,0.0,0.0,0.0,0.0
1542,9,180,1123,0.17,43.16,19.3,52.6,21.15,40.87,53.33,1.33,0.08,50.0,0.0,0.0,95.09,42.97,19.14,40.61,0.53,51.83,22.85,50.0,0.08,20.0,0.0,100.0,2.14,40.62,19.13,50.0,0.71,51.62,30.92,12.5,0.0,0.0,0.0
1543,9,181,0,0.0,0.0,0.0,0.0,0.0,0.0,0.0,0.0,0.0,0.0,0.0,0.0,0.0,0.0,0.0,0.0,0.0,0.0,0.0,0.0,0.0,0.0,0.0,0.0,0.0,0.0,0.0,0.0,0.0,0.0,0.0,0.0,0.0,0.0,0.0
1544,9,182,0,0.0,0.0,0.0,0.0,0.0,0.0,0.0,0.0,0.0,0.0,0.0,0.0,0.0,0.0,0.0,0.0,0.0,0.0,0.0,0.0,0.0,0.0,0.0,0.0,0.0,0.0,0.0,0.0,0.0,0.0,0.0,0.0,0.0,0.0,0.0
1545,9,183,357,0.84,38.99,16.52,41.58,18.72,42.85,37.5,6.77,1.12,52.25,19.92,75.0,89.26,38.4,16.35,42.72,0.56,58.0,7.07,50.0,0.0,0.0,0.0,0.0,0.84,40.66,7.76,33.33,1.41,41.2,14.88,40.0,0.0,0.0,0.0
1546,9,184,0,0.0,0.0,0.0,0.0,0.0,0.0,0.0,0.0,0.0,0.0,0.0,0.0,0.0,0.0,0.0,0.0,0.0,0.0,0.0,0.0,0.0,0.0,0.0,0.0,0.0,0.0,0.0,0.0,0.0,0.0,0.0,0.0,0.0,0.0,0.0
1547,9,185,0,0.0,0.0,0.0,0.0,0.0,0.0,0.0,0.0,0.0,0.0,0.0,0.0,0.0,0.0,0.0,0.0,0.0,0.0,0.0,0.0,0.0,0.0,0.0,0.0,0.0,0.0,0.0,0.0,0.0,0.0,0.0,0.0,0.0,0.0,0.0
1548,9,186,961,0.31,38.7,17.33,37.38,16.94,40.06,36.98,45.72,0.31,41.66,6.11,100.0,48.74,39.88,17.9,41.32,0.31,30.33,26.31,33.33,1.25,34.33,9.32,41.66,3.02,40.93,15.75,62.06,0.62,49.16,16.35,50.0,0.0,0.0,0.0
1549,9,187,848,1.76,41.05,18.01,39.03,17.24,40.8,40.4,35.65,0.36,38.66,10.5,0.0,59.66,42.06,18.02,40.04,1.2,36.6,24.69,70.0,1.08,46.77,18.38,55.55,1.2,49.5,22.24,60.0,0.84,47.14,14.55,42.85,0.0,0.0,0.0
1550,9,188,0,0.0,0.0,0.0,0.0,0.0,0.0,0.0,0.0,0.0,0.0,0.0,0.0,0.0,0.0,0.0,0.0,0.0,0.0,0.0,0.0,0.0,0.0,0.0,0.0,0.0,0.0,0.0,0.0,0.0,0.0,0.0,0.0,0.0,0.0,0.0
1551,9,189,0,0.0,0.0,0.0,0.0,0.0,0.0,0.0,0.0,0.0,0.0,0.0,0.0,0.0,0.0,0.0,0.0,0.0,0.0,0.0,0.0,0.0,0.0,0.0,0.0,0.0,0.0,0.0,0.0,0.0,0.0,0.0,0.0,0.0,0.0,0.0
1552,9,190,905,0.11,41.64,18.65,39.38,18.55,39.0,45.23,9.29,0.11,0.0,0.0,100.0,82.41,41.81,18.64,35.3,0.55,49.2,9.85,60.0,0.44,37.5,13.89,50.0,7.19,43.06,19.22,69.23,0.0,0.0,0.0,0.0,0.0,0.0,0.0
1553,9,191,698,1.0,42.23,18.91,29.57,16.3,42.97,42.85,1.01,0.57,37.75,14.5,25.0,90.44,42.1,18.78,41.12,0.43,36.66,15.53,100.0,0.14,40.0,0.0,100.0,6.07,46.59,21.5,73.8,1.3,47.11,16.84,44.44,0.0,0.0,0.0
1554,9,192,0,0.0,0.0,0.0,0.0,0.0,0.0,0.0,0.0,0.0,0.0,0.0,0.0,0.0,0.0,0.0,0.0,0.0,0.0,0.0,0.0,0.0,0.0,0.0,0.0,0.0,0.0,0.0,0.0,0.0,0.0,0.0,0.0,0.0,0.0,0.0
1555,9,193,756,0.52,39.2,19.81,39.69,19.77,41.26,39.31,42.95,0.39,31.66,33.08,66.66,49.33,38.77,19.57,40.16,0.39,39.66,2.08,100.0,1.06,42.62,17.59,25.0,5.18,40.48,21.79,66.66,0.66,33.2,25.33,20.0,0.0,0.0,0.0
1556,9,194,0,0.0,0.0,0.0,0.0,0.0,0.0,0.0,0.0,0.0,0.0,0.0,0.0,0.0,0.0,0.0,0.0,0.0,0.0,0.0,0.0,0.0,0.0,0.0,0.0,0.0,0.0,0.0,0.0,0.0,0.0,0.0,0.0,0.0,0.0,0.0
1557,9,195,891,0.78,38.24,16.71,38.17,16.48,39.28,36.5,57.01,0.56,56.6,23.13,20.0,38.46,38.3,17.04,41.47,0.45,27.0,20.16,75.0,0.79,41.14,7.86,71.42,1.47,39.38,20.6,61.53,1.24,34.09,11.44,36.36,0.0,0.0,0.0
1558,9,196,748,0.8,42.57,19.4,42.19,17.66,41.71,43.0,26.95,0.8,44.16,27.98,50.0,65.9,42.59,20.2,40.28,0.26,30.0,5.65,100.0,0.67,35.6,20.76,40.0,4.17,45.0,15.62,48.38,1.21,46.77,26.13,33.33,0.0,0.0,0.0
1559,9,197,770,0.77,39.64,18.48,37.68,15.27,39.48,31.21,20.54,0.52,45.5,4.43,25.0,74.47,39.51,19.19,41.47,0.52,41.0,18.56,75.0,0.52,40.75,18.85,75.0,2.74,48.66,19.0,42.85,0.65,58.2,14.54,40.0,0.0,0.0,0.0
1560,9,198,846,0.7,40.73,19.62,38.35,19.58,39.83,33.85,22.85,0.11,63.0,0.0,100.0,69.76,41.38,19.86,40.44,0.71,35.83,9.19,66.66,1.07,50.22,16.58,33.33,4.04,41.26,19.64,50.0,1.42,36.0,13.63,58.33,0.0,0.0,0.0
1561,9,199,0,0.0,0.0,0.0,0.0,0.0,0.0,0.0,0.0,0.0,0.0,0.0,0.0,0.0,0.0,0.0,0.0,0.0,0.0,0.0,0.0,0.0,0.0,0.0,0.0,0.0,0.0,0.0,0.0,0.0,0.0,0.0,0.0,0.0,0.0,0.0
1562,9,200,0,0.0,0.0,0.0,0.0,0.0,0.0,0.0,0.0,0.0,0.0,0.0,0.0,0.0,0.0,0.0,0.0,0.0,0.0,0.0,0.0,0.0,0.0,0.0,0.0,0.0,0.0,0.0,0.0,0.0,0.0,0.0,0.0,0.0,0.0,0.0
1563,9,201,736,1.35,43.1,18.77,39.45,18.44,38.58,36.36,1.51,0.13,64.0,0.0,100.0,91.73,43.16,18.76,38.88,0.82,41.83,11.32,50.0,0.55,50.0,11.8,25.0,3.3,41.2,20.46,37.5,1.92,39.64,21.16,7.14,0.0,0.0,0.0
1564,9,202,0,0.0,0.0,0.0,0.0,0.0,0.0,0.0,0.0,0.0,0.0,0.0,0.0,0.0,0.0,0.0,0.0,0.0,0.0,0.0,0.0,0.0,0.0,0.0,0.0,0.0,0.0,0.0,0.0,0.0,0.0,0.0,0.0,0.0,0.0,0.0
1565,9,203,720,0.69,40.93,18.4,40.88,18.18,40.69,38.84,48.25,0.27,53.0,29.69,100.0,46.85,40.37,18.28,40.0,0.13,54.0,0.0,100.0,0.83,22.0,17.14,66.66,1.95,47.5,19.31,78.57,1.67,52.08,15.27,33.33,0.0,0.0,0.0
1566,9,204,0,0.0,0.0,0.0,0.0,0.0,0.0,0.0,0.0,0.0,0.0,0.0,0.0,0.0,0.0,0.0,0.0,0.0,0.0,0.0,0.0,0.0,0.0,0.0,0.0,0.0,0.0,0.0,0.0,0.0,0.0,0.0,0.0,0.0,0.0,0.0
1567,9,205,853,1.28,42.6,16.78,45.92,16.27,39.97,28.57,1.66,0.23,29.0,5.65,50.0,90.97,41.99,16.43,39.81,0.47,52.5,24.85,50.0,0.35,55.33,12.74,33.33,3.91,43.03,20.23,60.6,2.37,53.9,18.39,20.0,0.0,0.0,0.0
1568,9,206,1007,1.39,43.11,18.78,42.21,17.22,39.62,40.62,3.22,0.2,0.0,0.0,50.0,90.33,43.05,18.76,40.02,2.01,45.7,10.33,40.0,0.1,36.0,0.0,100.0,2.31,46.39,20.44,26.08,1.81,38.72,23.95,22.22,0.0,0.0,0.0
1569,9,207,654,0.45,38.33,17.18,29.77,14.06,40.06,33.33,1.38,0.15,40.0,0.0,100.0,91.85,38.58,17.13,40.63,1.53,36.6,11.77,50.0,0.3,25.0,7.07,0.0,3.07,30.7,21.55,30.0,1.68,46.18,15.18,36.36,0.0,0.0,0.0
1570,9,208,747,0.53,41.24,18.16,33.81,19.83,40.82,36.36,1.48,0.4,46.33,19.03,33.33,91.65,40.8,17.73,40.52,1.07,39.87,27.59,87.5,0.26,55.0,11.31,50.0,2.82,48.8,21.1,28.57,2.28,53.17,18.1,41.17,0.0,0.0,0.0
1571,9,209,642,0.93,43.71,18.22,43.6,25.26,39.56,40.0,1.57,0.0,0.0,0.0,0.0,90.88,43.33,18.19,40.31,0.62,42.0,12.75,25.0,0.94,53.83,12.36,0.0,4.24,43.11,14.89,40.74,1.72,57.18,12.04,18.18,0.0,0.0,0.0
1572,9,210,663,3.46,42.14,18.51,41.01,18.25,46.3,45.12,12.81,2.5,54.06,18.3,50.0,74.37,41.25,18.34,46.21,1.4,42.33,17.97,44.44,0.46,67.66,16.28,66.66,5.78,40.97,16.72,54.05,2.65,48.58,23.63,29.41,0.0,0.0,0.0
1573,9,211,902,0.0,43.5,18.84,44.12,13.54,42.68,45.83,2.66,0.11,24.0,0.0,100.0,94.01,43.46,18.9,42.68,0.55,40.0,27.32,80.0,0.33,51.66,18.17,0.0,1.55,48.78,10.09,42.85,0.77,36.71,33.45,14.28,0.0,0.0,0.0
1574,9,212,382,0.26,42.12,17.71,0.0,0.0,42.14,0.0,0.0,0.0,0.0,0.0,0.0,95.01,41.83,17.69,43.09,0.52,41.0,24.04,100.0,0.52,67.0,1.41,50.0,2.88,48.72,12.34,9.09,1.04,37.0,29.09,25.0,0.0,0.0,0.0
1575,9,213,587,2.04,36.98,16.71,37.15,16.64,42.75,41.2,78.08,0.86,34.6,22.77,40.0,17.04,35.36,17.16,47.95,0.17,47.0,0.0,0.0,1.91,30.0,12.82,63.63,0.86,48.6,8.35,40.0,1.04,36.33,10.03,16.66,0.0,0.0,0.0
1576,9,214,540,2.59,39.32,19.21,39.46,19.71,41.29,39.84,72.05,0.95,36.2,17.49,60.0,22.05,39.56,17.69,43.96,0.76,32.75,14.22,25.0,2.28,39.83,20.76,41.66,0.95,42.0,10.46,40.0,0.95,38.2,20.54,40.0,0.0,0.0,0.0
1577,9,215,567,1.23,35.94,17.36,36.06,17.46,38.8,38.29,90.0,1.07,33.5,8.45,83.33,4.1,32.78,17.4,39.13,0.0,0.0,0.0,0.0,1.78,46.7,21.27,40.0,1.42,34.25,9.75,37.5,1.6,26.33,17.86,22.22,0.0,0.0,0.0
1578,9,216,609,0.32,43.52,19.76,49.0,41.01,41.54,50.0,0.32,0.0,0.0,0.0,0.0,93.24,43.24,19.99,42.57,1.15,38.57,14.16,71.42,0.0,0.0,0.0,0.0,3.45,47.28,16.01,19.04,1.81,52.63,14.19,9.09,0.0,0.0,0.0
1579,9,217,668,0.29,43.63,18.37,29.66,5.42,41.76,66.66,0.9,0.0,0.0,0.0,0.0,92.94,43.75,18.29,40.54,0.6,34.0,23.2,100.0,0.0,0.0,0.0,0.0,4.5,39.29,17.88,56.66,1.05,64.28,16.58,14.28,0.0,0.0,0.0
1580,9,218,641,2.02,38.15,16.39,39.3,15.39,45.7,69.56,3.66,0.15,47.0,0.0,100.0,85.66,37.99,16.27,44.98,2.38,34.4,14.24,66.66,1.11,47.14,10.99,14.28,4.14,43.03,22.2,42.3,2.86,34.16,15.17,44.44,0.0,0.0,0.0
1581,9,219,666,1.65,43.11,17.69,49.23,18.79,42.19,69.23,1.98,0.3,67.5,20.5,50.0,87.32,42.3,17.17,41.78,2.9,40.31,16.64,57.89,0.3,68.5,0.7,50.0,5.03,42.39,15.89,27.27,2.13,50.42,24.33,35.71,0.0,0.0,0.0
1582,9,220,469,0.85,39.47,19.55,25.8,22.43,40.93,40.0,1.07,0.0,0.0,0.0,0.0,90.75,39.23,19.31,41.7,1.5,20.28,14.92,28.57,0.43,66.0,2.82,0.0,4.94,42.78,19.0,39.13,1.29,60.66,16.42,33.33,0.0,0.0,0.0
1583,9,221,0,0.0,0.0,0.0,0.0,0.0,0.0,0.0,0.0,0.0,0.0,0.0,0.0,0.0,0.0,0.0,0.0,0.0,0.0,0.0,0.0,0.0,0.0,0.0,0.0,0.0,0.0,0.0,0.0,0.0,0.0,0.0,0.0,0.0,0.0,0.0
1584,9,222,720,0.69,40.64,19.06,40.89,21.41,43.61,41.45,38.46,0.27,30.5,12.02,100.0,56.64,40.62,17.48,44.19,0.41,30.0,6.55,100.0,0.97,38.71,18.29,57.14,1.39,41.0,20.08,60.0,1.81,38.3,19.27,23.07,0.0,0.0,0.0
1585,9,223,0,0.0,0.0,0.0,0.0,0.0,0.0,0.0,0.0,0.0,0.0,0.0,0.0,0.0,0.0,0.0,0.0,0.0,0.0,0.0,0.0,0.0,0.0,0.0,0.0,0.0,0.0,0.0,0.0,0.0,0.0,0.0,0.0,0.0,0.0,0.0
1586,9,224,759,0.0,42.99,18.67,40.5,21.92,41.76,50.0,0.26,0.13,29.0,0.0,0.0,96.83,42.99,18.58,42.04,0.65,35.6,14.18,80.0,0.26,28.5,2.12,0.0,0.65,46.8,20.47,40.0,1.18,49.77,28.55,11.11,0.0,0.0,0.0
1587,9,225,563,0.35,45.61,19.27,30.0,0.0,41.74,0.0,0.17,0.17,27.0,0.0,100.0,96.61,45.56,18.95,42.25,0.35,12.0,16.97,0.0,0.0,0.0,0.0,0.0,1.42,43.62,23.03,12.5,1.24,61.71,29.17,42.85,0.0,0.0,0.0
1588,9,226,495,0.4,42.75,18.32,86.0,0.0,43.83,100.0,0.2,0.0,0.0,0.0,0.0,96.95,42.61,18.17,44.35,0.2,54.0,0.0,100.0,0.2,77.0,0.0,0.0,1.21,35.33,18.0,16.66,1.21,52.33,20.28,0.0,0.0,0.0,0.0
1589,9,227,0,0.0,0.0,0.0,0.0,0.0,0.0,0.0,0.0,0.0,0.0,0.0,0.0,0.0,0.0,0.0,0.0,0.0,0.0,0.0,0.0,0.0,0.0,0.0,0.0,0.0,0.0,0.0,0.0,0.0,0.0,0.0,0.0,0.0,0.0,0.0
1590,9,228,318,1.25,38.2,17.34,44.16,23.21,41.5,16.66,3.82,0.31,56.0,0.0,100.0,90.76,37.36,17.01,41.75,1.59,39.0,15.7,100.0,0.0,0.0,0.0,0.0,2.54,47.12,13.65,25.0,0.95,57.66,22.81,33.33,0.0,0.0,0.0
1591,9,229,631,2.21,38.0,16.55,37.61,16.25,39.61,38.93,91.57,0.48,38.66,16.65,33.33,5.02,35.93,13.22,48.38,0.0,0.0,0.0,0.0,1.45,45.33,14.15,33.33,0.32,13.5,19.09,50.0,1.13,57.85,21.73,42.85,0.0,0.0,0.0
1592,9,230,733,3.0,37.16,17.16,35.93,15.91,40.51,40.54,62.44,1.12,34.5,9.36,50.0,31.92,39.07,18.46,39.2,0.28,43.5,12.02,100.0,1.26,41.22,18.09,55.55,1.82,35.0,27.96,23.07,1.12,41.87,18.78,37.5,0.0,0.0,0.0
1593,10,4,708,0.56,42.9,20.81,46.5,3.53,41.52,50.0,0.28,0.14,20.0,0.0,0.0,90.62,42.41,20.81,41.53,0.85,57.5,24.88,33.33,0.42,51.66,4.16,66.66,5.25,48.7,21.05,51.35,2.41,41.11,20.79,23.52,0.0,40.5,401.0
1594,10,5,624,1.12,41.97,17.52,55.25,12.78,41.34,25.0,0.64,0.0,0.0,0.0,0.0,90.43,41.93,17.73,40.68,1.13,36.42,11.32,28.57,0.0,0.0,0.0,0.0,5.83,42.47,16.46,63.88,1.94,35.58,14.96,8.33,0.0,37.72,348.0
1595,10,6,281,0.35,39.45,18.34,0.0,0.0,41.99,0.0,0.0,0.0,0.0,0.0,0.0,88.92,39.81,18.31,40.56,0.35,0.0,0.0,0.0,0.71,33.0,46.66,50.0,8.21,36.65,16.34,60.86,1.78,47.6,12.13,40.0,0.0,38.37,175.0
1596,10,7,820,0.24,42.37,19.97,54.5,31.81,42.07,50.0,0.24,0.12,93.0,0.0,100.0,93.88,42.42,19.58,41.4,0.97,38.12,24.0,50.0,0.0,0.0,0.0,0.0,3.42,38.39,19.18,64.28,1.34,48.27,33.98,18.18,0.0,37.3,472.0
1597,10,9,494,0.6,43.53,20.84,42.5,28.99,45.14,50.0,0.4,0.0,0.0,0.0,0.0,92.05,43.41,20.86,43.58,0.81,46.25,32.02,25.0,0.4,62.0,28.28,0.0,5.49,43.59,17.79,77.77,0.81,48.25,19.44,25.0,0.0,67.94,270.0
1598,10,10,733,0.4,36.99,20.32,0.0,0.0,42.97,50.0,0.27,0.0,0.0,0.0,0.0,87.94,37.13,20.34,39.25,0.27,16.0,22.62,0.0,0.0,0.0,0.0,0.0,10.41,37.06,18.95,77.63,0.82,31.16,26.95,0.0,0.0,40.64,416.0
1599,10,12,643,0.93,44.08,20.15,58.0,0.0,41.05,100.0,0.15,0.0,0.0,0.0,0.0,90.1,44.39,20.22,38.15,0.15,37.0,0.0,100.0,0.47,48.0,14.73,0.0,7.06,41.82,20.72,84.44,2.04,42.53,20.99,15.38,0.0,41.27,402.0
1600,10,13,581,0.34,39.49,17.53,38.44,16.58,42.16,38.0,8.63,0.17,45.0,0.0,0.0,88.25,39.15,17.62,42.46,0.34,57.0,18.38,50.0,0.0,0.0,0.0,0.0,1.89,49.45,13.1,54.54,0.69,53.0,20.99,25.0,0.0,40.53,343.0
1601,10,17,509,0.39,38.49,19.02,35.12,22.35,39.09,39.43,28.0,0.39,0.0,0.0,100.0,68.24,39.86,17.18,39.3,0.19,25.0,0.0,0.0,0.39,37.5,2.12,0.0,1.57,45.87,16.44,50.0,1.18,37.83,15.34,0.0,0.0,35.56,270.0
1602,10,18,772,0.51,41.87,18.68,44.06,21.36,41.45,43.18,5.72,0.0,0.0,0.0,0.0,90.23,41.48,18.52,41.7,0.26,45.5,12.02,0.0,0.13,37.0,0.0,100.0,2.47,46.1,7.95,57.89,1.17,39.77,28.15,0.0,0.0,39.16,439.0
1603,10,19,530,0.37,40.23,18.8,44.54,18.65,39.81,54.54,2.08,0.0,0.0,0.0,0.0,92.99,40.21,18.6,40.32,0.37,14.5,20.5,100.0,0.0,0.0,0.0,0.0,2.08,41.36,15.84,45.45,2.46,40.84,23.6,0.0,0.0,40.84,322.0
1604,10,20,909,0.44,40.73,20.2,30.75,6.39,42.35,50.0,0.44,0.0,0.0,0.0,0.0,91.16,40.78,20.15,42.66,0.99,43.33,22.95,44.44,0.11,37.0,0.0,0.0,5.3,39.68,18.75,45.83,1.98,37.83,23.89,27.77,0.0,41.58,463.0
1605,10,21,447,1.34,40.4,18.79,0.0,0.0,43.84,0.0,0.0,0.0,0.0,0.0,0.0,92.06,39.81,18.75,45.07,0.45,26.0,0.0,100.0,0.45,60.0,2.82,50.0,4.53,46.55,20.84,35.0,2.49,43.54,18.07,0.0,0.0,36.32,260.0
1606,10,22,484,0.41,41.17,19.7,37.04,18.05,42.14,43.37,17.21,0.0,0.0,0.0,0.0,74.06,41.65,19.85,38.65,0.41,61.5,7.77,50.0,0.0,0.0,0.0,0.0,7.05,41.55,20.83,73.52,1.24,59.0,17.4,50.0,0.0,42.51,250.0
1607,10,25,816,0.12,41.14,18.57,41.72,16.21,42.15,18.18,1.34,0.12,0.0,0.0,100.0,93.86,41.14,18.33,41.83,0.61,34.2,14.95,100.0,0.24,33.0,15.55,0.0,2.69,47.77,21.36,54.54,1.1,39.55,27.79,33.33,0.0,38.87,371.0
1608,10,26,541,0.18,41.65,22.17,28.0,25.53,42.14,66.66,0.55,0.0,0.0,0.0,0.0,95.92,41.72,22.3,41.31,0.37,38.5,6.36,100.0,0.0,0.0,0.0,0.0,2.4,40.76,21.0,69.23,0.74,41.75,13.22,0.0,0.0,62.27,257.0
1609,10,28,577,0.51,40.15,18.78,42.03,19.01,41.59,37.36,15.85,0.17,72.0,0.0,0.0,75.78,39.97,18.89,42.06,1.91,31.18,14.09,72.72,0.34,34.5,3.53,0.0,5.4,39.67,18.64,35.48,0.52,35.0,18.02,33.33,0.0,59.79,295.0
1610,10,30,549,0.18,39.21,19.23,32.9,24.91,44.26,63.63,2.0,0.18,30.0,0.0,100.0,93.61,39.24,19.35,42.88,0.72,36.5,2.08,75.0,0.18,57.0,0.0,100.0,2.73,42.93,15.38,66.66,0.54,35.33,7.57,33.33,0.0,59.98,232.0
1611,10,32,667,0.0,41.71,19.33,40.11,21.45,47.07,44.44,1.34,0.14,54.0,0.0,0.0,92.8,41.71,19.51,45.71,0.44,36.66,11.37,33.33,0.0,0.0,0.0,0.0,4.79,40.65,16.41,81.25,0.44,59.33,7.57,0.0,0.0,62.35,282.0
1612,10,34,586,0.34,41.86,21.18,0.0,0.0,43.0,100.0,0.34,0.17,38.0,0.0,100.0,96.06,42.3,20.93,41.71,0.34,35.0,7.07,50.0,0.17,28.0,0.0,0.0,2.56,30.8,26.99,66.66,0.34,62.5,9.19,100.0,0.0,40.08,261.0
1613,10,35,772,0.38,39.32,21.66,36.0,5.61,45.33,60.0,0.65,0.13,76.0,0.0,100.0,93.1,39.22,21.56,43.57,0.39,47.66,14.01,100.0,0.13,47.0,0.0,100.0,4.16,43.21,23.14,75.0,1.43,31.45,26.76,27.27,0.0,40.84,383.0
1614,10,unclear,1074,2.42,39.8,14.96,44.32,18.55,46.64,53.33,7.15,0.0,0.0,0.0,0.0,86.25,39.27,14.59,46.12,0.85,36.88,14.98,44.44,0.95,46.1,12.82,40.0,1.81,38.73,13.28,57.89,2.95,38.45,13.47,32.25,,,
1615,10,38,905,0.77,41.97,19.15,36.86,15.0,39.88,38.0,5.56,0.22,59.0,7.07,50.0,87.75,41.86,19.45,38.32,0.66,33.16,18.58,83.33,0.11,30.0,0.0,0.0,4.12,47.4,17.42,67.56,1.55,54.71,16.1,42.85,0.0,36.13,380.0
1616,10,39,603,0.0,41.23,18.11,0.0,0.0,40.96,50.0,0.33,0.16,0.0,0.0,0.0,96.01,41.48,17.67,40.75,0.16,44.0,0.0,100.0,0.33,19.0,26.87,50.0,2.32,44.5,27.27,57.14,0.66,35.0,8.12,0.0,0.0,59.69,279.0
1617,10,40,935,0.1,42.41,20.09,43.75,19.8,43.2,50.0,0.42,0.1,22.0,0.0,0.0,95.5,42.45,20.07,42.6,0.64,26.66,23.25,33.33,0.0,0.0,0.0,0.0,2.35,41.13,17.43,77.27,0.96,55.88,21.64,33.33,0.0,38.6,459.0
1618,10,unclear,1271,0.47,40.84,15.27,35.41,11.14,44.92,58.33,3.79,0.0,0.0,0.0,0.0,92.56,41.08,15.5,44.15,0.47,44.66,9.17,66.66,0.07,45.0,0.0,0.0,1.42,37.5,12.87,55.55,1.66,41.66,13.8,42.85,,,
1619,10,45,616,0.97,39.27,18.29,38.43,15.3,43.83,50.0,2.62,1.31,45.12,20.42,50.0,91.47,38.96,18.34,44.26,1.14,43.0,11.34,71.42,0.0,0.0,0.0,0.0,1.63,36.0,20.11,30.0,1.8,43.9,16.71,18.18,0.0,32.82,226.0
1620,10,46,726,0.68,40.41,19.32,42.77,21.45,42.14,22.22,1.24,0.27,84.0,5.65,50.0,93.61,40.55,18.87,42.37,0.41,40.66,14.01,66.66,0.27,28.0,39.59,0.0,2.91,38.19,21.9,57.14,1.24,30.88,24.29,11.11,0.0,48.36,279.0
1621,10,47,756,0.26,41.32,19.51,38.13,11.19,41.26,33.33,1.98,0.13,95.0,0.0,0.0,94.29,41.19,19.47,41.77,0.66,43.8,30.16,60.0,0.53,53.5,13.89,0.0,0.92,45.57,17.11,42.85,1.45,41.54,26.06,36.36,0.0,52.06,262.0
1622,10,49,865,0.46,38.8,19.01,45.12,16.01,40.23,50.0,0.92,0.58,26.6,26.77,60.0,92.68,38.82,18.8,39.09,0.81,33.14,19.04,57.14,0.46,59.75,19.65,25.0,2.67,42.6,18.5,60.86,1.85,35.43,23.7,50.0,0.0,37.63,489.0
1623,10,50,644,0.0,35.38,20.06,41.37,19.46,38.19,37.5,1.24,0.15,80.0,0.0,0.0,92.54,35.07,20.08,36.91,0.31,30.0,7.07,50.0,0.77,37.79,14.04,20.0,4.03,37.53,21.27,80.76,0.93,41.33,16.02,0.0,0.0,46.95,315.0
1624,10,51,432,0.23,40.03,22.06,34.33,21.6,39.35,16.66,1.39,0.23,48.0,0.0,100.0,94.89,40.0,22.05,39.11,0.23,58.0,0.0,0.0,0.23,53.0,0.0,100.0,1.62,39.71,31.41,57.14,1.39,38.83,20.73,33.33,0.0,40.98,249.0
1625,10,52,796,0.37,41.32,20.47,36.28,17.94,42.21,28.57,0.88,0.25,51.5,19.09,0.0,93.94,41.52,20.41,41.2,0.63,60.6,20.87,60.0,0.63,30.0,28.25,20.0,3.15,37.76,20.68,80.0,0.5,26.5,21.73,25.0,0.0,39.0,439.0
1626,10,54,466,0.0,41.32,20.78,45.0,22.33,39.69,0.0,0.64,0.21,55.0,0.0,0.0,92.27,41.23,20.55,37.44,0.21,20.0,0.0,0.0,0.0,0.0,0.0,0.0,5.79,45.37,22.35,85.18,0.85,23.25,32.99,25.0,0.0,65.88,212.0
1627,10,55,668,0.0,42.0,20.46,50.83,19.3,39.82,33.33,0.89,0.44,60.33,33.65,33.33,91.31,41.97,20.38,38.52,0.74,24.2,22.73,80.0,0.29,44.5,20.5,0.0,5.38,41.19,19.35,66.66,0.89,46.5,25.82,0.0,0.0,39.1,321.0
1628,10,57,555,0.36,43.06,19.9,31.33,11.01,40.18,100.0,0.54,0.0,0.0,0.0,0.0,89.15,43.24,19.86,36.1,0.18,0.0,0.0,0.0,0.0,0.0,0.0,0.0,9.76,43.29,19.76,75.92,0.36,43.5,2.12,0.0,0.0,63.84,284.0
1629,10,59,816,0.49,42.89,18.76,45.12,14.26,40.19,50.0,0.98,0.0,0.0,0.0,0.0,92.24,42.89,18.83,37.65,0.24,23.0,4.24,50.0,0.24,39.0,15.55,0.0,5.29,41.0,18.56,79.06,0.98,54.75,20.73,62.5,0.0,46.63,394.0
1630,10,60,729,0.0,41.0,20.17,39.77,26.72,42.11,50.0,2.46,0.13,25.0,0.0,0.0,89.16,40.98,20.19,39.38,0.68,37.0,23.0,40.0,0.13,59.0,0.0,0.0,6.58,41.14,18.14,79.16,0.82,48.16,11.32,33.33,0.0,42.95,359.0
1631,10,62,774,0.64,36.28,20.16,35.27,19.96,41.08,40.16,15.86,0.26,26.0,36.76,50.0,77.89,36.26,20.14,39.89,0.13,30.0,0.0,0.0,0.52,23.25,16.39,25.0,4.16,40.71,19.15,68.75,1.17,38.66,20.46,44.44,0.0,37.12,392.0
1632,10,63,763,1.57,42.67,19.19,44.65,19.76,40.49,37.5,4.26,0.13,74.0,0.0,100.0,84.55,42.31,19.2,37.63,0.66,50.6,12.72,40.0,0.39,52.33,5.5,33.33,8.25,41.29,18.58,72.58,1.73,43.15,19.47,15.38,0.0,42.41,440.0
1633,10,64,569,0.17,40.9,19.78,33.26,14.71,40.94,43.47,4.04,0.17,36.0,0.0,100.0,90.49,41.08,19.95,40.66,0.35,41.0,5.65,50.0,0.17,47.0,0.0,0.0,3.87,41.95,19.96,50.0,0.88,53.0,25.51,0.0,0.0,42.98,260.0
1634,10,65,648,0.46,40.02,17.94,32.07,16.35,42.43,28.57,2.17,0.31,54.0,5.65,100.0,90.69,40.12,18.27,41.36,0.46,26.0,4.0,66.66,0.0,0.0,0.0,0.0,5.73,40.86,13.76,62.16,0.62,40.25,13.27,50.0,0.0,42.9,377.0
1635,10,69,356,1.12,35.33,19.31,43.6,15.32,42.41,60.0,1.42,0.56,10.0,14.14,100.0,90.05,35.41,18.79,42.27,1.7,26.83,29.39,50.0,0.56,43.0,32.52,50.0,3.4,33.16,19.98,50.0,2.27,37.75,24.4,0.0,0.0,72.88,182.0
1636,10,71,617,0.32,42.01,18.38,48.75,15.67,43.59,12.5,1.3,0.16,30.0,0.0,100.0,85.69,42.09,18.88,40.79,0.16,33.0,0.0,0.0,0.16,39.0,0.0,0.0,10.89,41.31,15.68,73.13,1.62,36.7,10.27,20.0,0.0,40.67,352.0
1637,10,72,919,0.65,42.04,18.82,57.75,14.62,41.24,25.0,0.87,0.1,0.0,0.0,0.0,90.58,41.88,18.65,39.66,0.21,32.0,5.65,50.0,0.1,55.0,0.0,0.0,6.24,40.14,17.97,71.92,1.86,50.23,24.86,23.52,0.0,39.09,524.0
1638,10,unclear,1093,1.37,42.42,16.29,45.22,17.12,45.65,50.0,1.66,0.0,0.0,0.0,0.0,94.34,42.03,16.23,45.72,0.64,43.14,21.96,14.28,0.27,50.0,3.6,33.33,1.39,37.93,7.32,60.0,1.66,53.72,18.04,50.0,,,
1639,10,75,496,0.2,40.74,18.47,50.83,24.67,47.78,50.0,1.21,0.2,39.0,0.0,0.0,91.91,40.54,18.04,47.03,0.6,36.0,2.64,100.0,0.0,0.0,0.0,0.0,4.44,45.63,21.22,63.63,1.61,38.12,28.56,37.5,0.0,39.73,303.0
1640,10,76,532,0.37,40.72,17.5,46.09,16.46,42.29,44.18,8.11,0.0,0.0,0.0,0.0,86.6,40.21,17.61,43.57,0.94,33.79,11.25,40.0,0.18,62.0,0.0,0.0,2.45,41.61,17.6,23.07,1.69,43.11,17.8,0.0,0.0,37.11,288.0
1641,10,78,356,1.4,39.2,17.36,50.36,14.67,38.48,36.36,3.13,0.0,0.0,0.0,0.0,86.03,38.16,17.26,40.72,0.28,53.0,0.0,0.0,0.56,54.5,24.74,0.0,5.98,40.8,18.97,47.61,3.98,44.14,15.22,0.0,0.0,37.87,197.0
1642,10,unclear,1280,1.17,41.55,16.11,54.12,18.47,44.53,37.5,0.63,0.0,0.0,0.0,0.0,94.94,41.39,16.02,43.38,0.15,32.5,2.12,50.0,0.15,44.5,20.5,50.0,3.24,39.65,15.5,80.48,0.86,52.54,22.52,45.45,,,
1643,10,81,849,2.47,42.12,20.68,46.87,23.37,42.75,43.75,1.93,0.36,35.33,30.74,33.33,87.68,41.6,20.82,42.69,1.44,38.5,22.67,50.0,0.12,62.0,0.0,100.0,6.64,44.14,19.15,45.45,1.81,39.4,16.07,26.66,0.0,41.0,493.0
1644,10,83,500,0.6,38.71,17.54,37.36,17.93,43.6,44.0,5.03,0.0,0.0,0.0,0.0,91.54,38.83,17.47,43.95,0.4,23.5,4.94,50.0,0.0,0.0,0.0,0.0,1.6,44.5,11.27,50.0,1.4,23.85,20.28,28.57,0.0,40.11,271.0
1645,10,84,935,0.0,40.56,21.18,38.87,19.66,40.1,37.5,2.56,0.1,92.0,0.0,100.0,90.8,40.59,21.22,39.22,0.64,30.83,7.65,33.33,0.0,0.0,0.0,0.0,4.38,43.48,20.41,68.29,1.49,33.5,23.17,14.28,0.0,39.16,531.0
1646,10,85,726,1.1,40.45,19.97,48.37,26.07,40.49,50.0,1.11,0.13,0.0,0.0,100.0,91.08,39.95,19.53,39.29,1.11,30.37,21.41,62.5,0.55,63.0,36.12,25.0,5.01,44.16,17.34,55.55,0.97,47.42,34.24,0.0,0.0,39.6,370.0
1647,10,86,672,0.0,41.24,20.74,45.85,12.32,41.96,28.57,1.04,0.0,0.0,0.0,0.0,90.32,41.0,20.52,41.18,0.59,39.5,5.44,75.0,0.14,0.0,0.0,0.0,5.65,41.68,20.89,63.15,2.23,50.73,30.55,20.0,0.0,38.06,381.0
1648,10,87,525,0.0,40.49,18.13,0.0,0.0,44.0,0.0,0.0,0.0,0.0,0.0,0.0,94.47,40.42,18.35,43.75,0.38,40.5,16.26,50.0,0.19,43.0,0.0,0.0,3.8,43.9,14.57,55.0,1.14,34.33,11.96,33.33,0.0,43.3,257.0
1649,10,88,808,0.49,41.66,20.16,44.0,0.0,45.29,100.0,0.12,0.24,42.5,19.09,100.0,88.93,41.34,20.33,41.11,0.12,44.0,0.0,0.0,0.37,55.33,2.51,66.66,9.32,43.14,18.93,86.66,0.87,47.0,23.97,0.0,0.0,36.47,440.0
1650,10,91,409,0.24,40.94,19.82,0.0,0.0,39.6,0.0,0.0,0.0,0.0,0.0,0.0,93.87,40.62,19.75,39.94,0.49,27.5,3.53,50.0,0.24,65.0,0.0,0.0,3.92,42.25,18.97,37.5,1.47,60.0,21.94,33.33,0.0,40.29,241.0
1651,10,92,760,0.26,42.88,18.97,44.75,15.94,41.84,75.0,0.52,0.13,88.0,0.0,100.0,91.55,42.86,19.14,39.76,0.26,34.5,13.43,100.0,0.26,57.5,16.26,0.0,6.59,41.36,15.31,68.0,0.65,51.2,26.63,40.0,0.0,37.5,438.0
1652,10,93,511,0.58,41.26,18.08,25.25,29.38,41.09,50.0,0.78,0.19,62.0,0.0,100.0,86.61,40.99,18.1,36.59,0.78,45.0,13.58,25.0,0.0,0.0,0.0,0.0,10.43,42.86,16.36,75.47,1.18,40.66,22.76,33.33,0.0,64.43,270.0
1653,10,95,786,1.27,43.03,20.01,54.09,20.75,43.38,45.45,1.41,0.12,75.0,0.0,100.0,86.21,42.02,20.12,41.1,1.15,39.88,15.23,66.66,0.25,57.5,0.7,50.0,8.11,48.63,17.61,66.66,2.7,48.28,20.38,38.09,0.0,42.03,405.0
1654,10,unclear,1245,0.16,41.18,15.65,35.66,17.84,47.22,83.33,0.48,0.0,0.0,0.0,0.0,95.89,41.41,15.71,46.81,0.32,26.5,5.5,75.0,0.16,43.5,17.67,0.0,2.01,36.32,13.02,56.0,1.12,39.42,13.74,42.85,,,
1655,10,unclear,1211,1.73,42.06,15.81,46.32,17.14,47.89,42.85,4.11,0.0,0.0,0.0,0.0,91.59,41.54,15.67,48.25,0.33,31.0,13.63,75.0,0.42,50.0,7.1,40.0,1.59,36.21,10.27,42.1,1.93,50.52,16.8,60.86,,,
1656,10,101,691,0.14,41.06,18.73,35.5,10.6,40.66,50.0,0.28,0.0,0.0,0.0,0.0,95.07,40.87,18.65,40.7,0.57,52.5,11.21,25.0,0.0,0.0,0.0,0.0,2.89,43.4,24.55,55.0,1.15,46.0,14.44,12.5,0.0,40.22,414.0
1657,10,unclear,1311,0.3,42.62,15.9,43.94,17.06,45.84,53.84,2.98,0.0,0.0,0.0,0.0,93.49,42.61,15.8,45.0,0.22,28.0,4.35,100.0,0.15,43.0,22.62,0.0,2.75,40.72,14.72,69.44,0.38,50.8,31.13,0.0,,,
1658,10,104,410,0.24,43.62,19.08,60.5,19.09,42.43,50.0,0.48,0.0,0.0,0.0,0.0,95.11,43.68,18.97,42.67,0.97,38.5,14.08,75.0,0.0,0.0,0.0,0.0,1.71,44.57,16.51,42.85,1.71,36.28,30.46,14.28,0.0,40.83,225.0
1659,10,105,794,0.37,42.61,18.23,51.6,24.0,41.18,60.0,0.63,0.0,0.0,0.0,0.0,90.51,42.34,18.29,37.56,1.01,53.62,18.5,87.5,0.0,0.0,0.0,0.0,6.7,44.45,17.43,90.56,1.13,38.11,15.39,0.0,0.0,37.23,497.0
1660,10,unclear,1256,0.87,42.58,15.65,49.66,20.18,44.26,55.55,0.72,0.0,0.0,0.0,0.0,95.18,42.52,15.65,43.03,0.48,35.33,9.79,50.0,0.16,34.0,1.41,50.0,2.73,41.41,12.78,73.52,0.72,46.55,13.78,55.55,,,
1661,10,109,801,1.37,41.3,18.49,50.2,28.21,39.95,20.0,0.63,0.0,0.0,0.0,0.0,91.77,41.1,18.06,39.03,0.25,47.5,28.99,100.0,0.0,0.0,0.0,0.0,6.32,42.84,21.99,60.0,1.01,33.87,21.66,12.5,0.0,40.97,432.0
1662,10,110,740,0.94,38.87,18.39,37.67,17.53,40.81,37.13,65.75,1.22,31.66,22.89,77.77,29.6,41.55,19.81,43.31,0.27,42.0,22.62,0.0,1.09,30.87,6.55,87.5,1.09,46.5,18.5,87.5,0.95,38.42,11.16,71.42,0.0,35.2,393.0
1663,10,114,659,0.45,42.95,18.75,31.18,11.67,45.97,43.75,2.43,0.0,0.0,0.0,0.0,93.29,43.38,18.8,45.91,0.3,52.5,7.77,50.0,0.15,60.0,0.0,0.0,2.28,36.6,11.46,53.33,1.52,41.1,29.29,40.0,0.0,62.23,346.0
1664,10,112,660,0.3,42.2,18.74,42.66,19.67,42.27,47.32,17.02,0.3,37.0,2.82,0.0,80.24,42.16,18.66,41.47,0.45,20.66,18.87,66.66,0.15,37.0,0.0,100.0,1.21,47.0,14.6,25.0,0.6,43.0,14.11,50.0,0.0,38.26,340.0
1665,10,unclear,1248,3.12,44.47,15.99,43.52,13.34,44.55,68.0,2.06,0.0,0.0,0.0,0.0,93.05,44.1,16.13,44.44,0.99,49.66,13.75,41.66,0.0,0.0,0.0,0.0,2.48,40.93,9.55,36.66,1.4,47.76,14.59,47.05,,,
1666,10,119,466,0.21,40.52,17.93,36.33,20.64,44.63,0.0,0.64,0.0,0.0,0.0,0.0,93.97,40.92,17.69,45.99,1.07,22.2,23.67,20.0,0.0,0.0,0.0,0.0,2.79,32.15,13.89,46.15,1.5,45.57,28.44,0.0,0.0,66.1,202.0
1667,10,121,886,0.45,41.67,18.71,35.46,18.16,41.42,34.14,4.64,0.22,49.0,36.76,0.0,89.56,41.97,18.9,41.39,0.56,42.2,28.47,40.0,0.22,46.0,1.41,0.0,4.08,40.83,13.27,61.11,0.68,34.83,9.86,16.66,0.0,41.86,478.0
1668,10,122,594,0.5,38.88,19.58,74.5,3.31,39.56,25.0,0.67,0.0,0.0,0.0,0.0,93.9,38.47,19.56,39.63,0.67,48.0,11.69,100.0,0.16,52.0,0.0,100.0,3.04,41.61,16.02,33.33,1.52,27.88,12.02,11.11,0.0,44.79,297.0
1669,10,unclear,1388,2.08,40.89,14.29,39.43,13.77,43.58,43.37,57.17,0.0,0.0,0.0,0.0,39.95,42.37,14.37,43.83,0.07,51.0,0.0,100.0,0.22,24.0,1.73,33.33,1.1,35.46,10.94,46.66,1.47,54.15,17.42,40.0,,,
1670,10,125,805,1.73,41.33,19.32,40.25,18.19,38.38,36.27,50.18,1.26,45.4,20.12,40.0,43.23,42.35,20.81,39.18,0.75,41.33,16.14,66.66,1.26,40.5,17.08,60.0,2.65,38.52,14.38,52.38,0.63,50.8,26.25,40.0,0.0,36.31,402.0
1671,10,128,532,0.18,43.72,19.73,50.5,14.88,43.04,66.66,1.12,0.0,0.0,0.0,0.0,93.97,43.28,19.8,43.48,0.75,42.75,10.56,25.0,0.0,0.0,0.0,0.0,3.2,52.35,19.86,29.41,0.94,44.2,14.63,20.0,0.0,61.89,265.0
1672,10,130,503,0.39,41.18,20.03,40.28,34.58,43.93,14.28,1.39,0.0,0.0,0.0,0.0,93.41,41.3,19.85,44.44,0.79,35.75,10.21,75.0,0.0,0.0,0.0,0.0,2.39,42.08,18.07,33.33,1.99,37.1,25.81,40.0,0.0,39.83,265.0
1673,10,132,602,1.16,42.12,18.57,40.73,15.99,39.2,41.44,25.54,1.17,48.85,26.6,14.28,68.73,41.91,19.11,38.38,0.33,34.5,20.5,100.0,0.5,64.66,17.24,66.66,2.35,50.07,18.5,28.57,1.34,42.25,22.36,37.5,0.0,37.55,313.0
1674,10,134,558,0.53,41.73,19.78,44.43,26.57,41.57,40.35,10.27,0.0,0.0,0.0,0.0,82.7,41.51,19.07,42.48,0.36,32.5,9.19,0.0,0.54,37.0,16.09,66.66,4.14,44.47,16.68,47.82,1.98,38.18,18.59,0.0,0.0,40.38,290.0
1675,10,135,616,1.29,38.96,17.55,39.15,17.87,39.12,37.7,91.61,0.98,29.66,8.06,100.0,6.25,35.18,13.71,47.36,0.16,30.0,0.0,100.0,0.65,36.25,12.76,50.0,0.32,51.0,7.07,0.0,0.0,0.0,0.0,0.0,0.0,35.02,324.0
1676,10,136,622,1.76,40.77,20.57,40.69,20.39,42.44,34.27,34.86,0.98,59.83,22.03,66.66,59.24,39.43,20.4,46.13,0.32,40.0,18.38,100.0,0.65,47.25,21.02,75.0,3.1,45.05,17.57,36.84,0.81,59.4,27.86,40.0,0.0,41.92,264.0
1677,10,unclear,1154,3.03,43.55,16.25,43.43,17.33,43.67,42.85,9.38,0.0,0.0,0.0,0.0,85.79,42.86,15.89,43.43,0.44,31.2,5.89,40.0,0.35,45.25,6.5,50.0,1.96,44.95,12.94,36.36,2.05,50.91,15.52,52.17,,,
1678,10,139,949,1.68,43.39,20.26,43.07,24.48,42.99,35.53,12.96,1.07,42.6,28.74,70.0,80.17,43.32,19.17,42.78,1.17,54.27,18.0,72.72,0.53,41.0,31.99,40.0,2.67,38.76,12.7,40.0,1.39,35.0,30.49,53.84,0.0,33.4,482.0
1679,10,unclear,1117,1.96,44.09,16.08,43.12,16.11,44.22,44.29,26.39,0.0,0.0,0.0,0.0,68.21,44.24,16.1,44.17,0.27,31.0,6.24,66.66,0.91,40.9,8.37,40.0,2.64,47.34,16.14,44.82,1.55,47.41,15.87,17.64,,,
1680,10,145,820,1.46,42.18,19.34,37.53,26.69,41.58,38.46,1.6,0.12,42.0,0.0,100.0,90.71,41.52,18.41,42.56,1.36,47.27,20.72,27.27,0.24,29.0,1.41,0.0,3.96,46.93,24.07,28.12,1.98,54.93,25.3,37.5,0.0,39.66,432.0
1681,10,149,842,1.9,39.62,19.03,40.16,23.04,38.95,46.66,3.63,0.0,0.0,0.0,0.0,89.1,39.16,18.77,38.99,0.72,42.5,15.14,66.66,0.48,36.25,9.53,0.0,2.9,40.25,15.04,45.83,3.14,46.07,20.64,26.92,0.0,36.26,428.0
1682,10,unclear,1289,0.77,44.36,16.18,47.4,14.74,44.6,80.0,0.39,0.0,0.0,0.0,0.0,96.71,44.3,16.25,44.62,0.62,38.37,13.54,50.0,0.31,54.0,16.35,25.0,1.25,44.62,18.1,31.25,0.7,48.44,10.01,44.44,,,
1683,10,unclear,1296,1.69,42.44,15.36,48.86,13.34,45.67,53.33,1.17,0.0,0.0,0.0,0.0,92.85,41.84,15.03,45.73,0.86,33.63,11.41,54.54,0.07,60.0,0.0,0.0,2.43,43.74,16.89,41.93,2.59,51.39,17.58,39.39,,,
1684,10,154,839,0.23,42.24,19.5,50.5,20.76,41.59,0.0,0.47,0.11,27.0,0.0,0.0,95.1,41.86,19.63,41.95,0.59,38.2,16.72,60.0,0.11,35.0,0.0,0.0,1.79,50.93,10.2,73.33,1.79,52.4,17.77,0.0,0.0,42.76,453.0
1685,10,155,780,0.89,40.56,19.93,44.66,21.81,42.3,40.0,1.94,0.12,46.0,0.0,100.0,91.2,40.02,19.83,41.84,0.51,43.25,10.62,100.0,0.25,46.5,4.94,50.0,4.26,41.36,19.2,42.42,1.68,54.3,25.51,38.46,0.0,37.55,435.0
1686,10,156,746,0.13,42.1,19.18,45.0,0.0,40.61,0.0,0.13,0.0,0.0,0.0,0.0,94.89,41.88,19.28,41.44,0.4,39.33,23.43,100.0,0.4,58.0,14.0,0.0,2.14,37.18,11.64,25.0,2.01,55.6,16.76,20.0,0.0,39.93,451.0
1687,10,157,795,0.25,40.51,21.63,38.0,14.7,39.37,46.15,1.63,0.25,29.0,4.24,50.0,94.07,40.61,21.74,40.21,0.25,30.5,4.94,100.0,0.0,0.0,0.0,0.0,1.63,33.38,19.35,23.07,2.14,45.17,25.51,5.88,0.0,40.18,454.0
1688,10,158,442,0.22,42.13,18.57,0.0,0.0,46.15,0.0,0.22,0.0,0.0,0.0,0.0,95.69,42.2,18.44,46.44,0.22,32.0,0.0,100.0,0.0,0.0,0.0,0.0,2.72,45.41,17.84,50.0,1.13,40.2,28.72,0.0,0.0,34.71,273.0
1689,10,160,484,0.61,40.53,18.98,35.0,0.0,41.52,100.0,0.2,0.0,0.0,0.0,0.0,92.93,40.12,18.98,41.83,0.41,37.0,4.24,100.0,0.2,74.0,0.0,0.0,3.53,47.11,15.82,35.29,2.7,41.76,18.53,15.38,0.0,40.02,265.0
1690,10,162,755,0.52,38.71,19.16,41.77,17.01,43.44,27.27,2.92,0.26,40.0,25.45,50.0,90.67,38.54,19.13,43.9,0.13,37.0,0.0,0.0,0.39,36.66,33.6,33.33,3.99,35.86,20.9,53.33,1.59,44.58,18.52,25.0,0.0,38.36,437.0
1691,10,163,814,0.73,38.93,19.47,39.58,17.91,43.36,50.0,9.9,0.0,0.0,0.0,0.0,82.17,38.42,19.63,41.41,0.49,42.75,10.43,75.0,0.12,42.0,0.0,0.0,6.18,45.02,16.93,64.0,1.11,29.88,13.85,0.0,0.0,39.11,457.0
1692,10,164,744,1.2,40.51,21.14,40.52,17.01,44.48,42.4,21.49,0.68,34.2,20.4,80.0,66.25,39.06,22.2,39.21,0.27,44.0,31.11,50.0,0.13,56.0,0.0,100.0,9.38,46.01,21.07,84.05,1.76,54.46,16.47,30.76,0.0,38.61,389.0
1693,10,165,794,0.62,42.43,19.98,42.18,20.77,42.56,38.88,6.84,0.12,26.0,0.0,0.0,88.84,42.26,19.69,43.5,0.76,38.66,13.35,66.66,0.38,49.66,46.82,0.0,1.14,46.55,15.9,22.22,1.9,39.53,23.38,20.0,0.0,41.27,428.0
1694,10,166,316,0.0,37.7,18.38,28.0,5.19,40.5,66.66,0.94,0.0,0.0,0.0,0.0,93.98,37.95,18.42,41.07,0.94,33.0,13.0,66.66,0.31,50.0,0.0,0.0,2.21,48.28,11.77,28.57,1.26,11.0,12.7,0.0,0.0,40.71,164.0
1695,10,167,588,0.17,44.22,19.73,39.23,16.97,41.15,47.05,2.89,0.17,30.0,0.0,0.0,92.84,44.64,19.58,42.2,0.17,30.0,0.0,100.0,0.0,0.0,0.0,0.0,1.53,35.22,20.49,22.22,2.38,42.0,28.1,7.14,0.0,39.25,316.0
1696,10,168,554,0.18,42.71,22.43,47.0,26.66,40.79,66.66,0.54,0.0,0.0,0.0,0.0,97.1,42.44,22.31,41.15,0.36,25.0,2.82,100.0,0.0,0.0,0.0,0.0,0.9,59.4,12.66,0.0,1.08,64.33,23.16,16.66,0.0,40.43,296.0
1697,10,169,530,1.32,39.1,17.73,0.0,0.0,42.45,0.0,0.0,0.0,0.0,0.0,0.0,90.82,39.14,17.83,39.78,0.38,41.5,2.12,50.0,0.0,0.0,0.0,0.0,7.07,37.7,15.53,81.08,1.72,42.44,18.6,22.22,0.0,41.04,276.0
1698,10,170,582,1.2,42.73,19.31,51.71,6.29,43.47,42.85,1.21,0.0,0.0,0.0,0.0,88.69,41.61,19.3,44.31,1.04,42.66,9.09,0.0,0.17,26.0,0.0,0.0,6.6,50.07,16.91,42.1,2.26,56.23,19.28,38.46,0.0,42.82,271.0
1699,10,unclear,1269,0.15,43.81,15.95,47.07,15.29,45.54,38.46,1.02,0.0,0.0,0.0,0.0,96.21,43.86,15.91,45.36,0.31,40.25,14.45,75.0,0.55,58.0,11.83,28.57,1.34,31.82,12.06,64.7,0.55,41.57,19.85,42.85,,,
1700,10,173,612,0.16,36.54,21.06,37.33,28.7,44.6,22.22,1.47,0.0,0.0,0.0,0.0,94.43,36.41,20.76,45.06,0.81,25.2,19.2,60.0,0.0,0.0,0.0,0.0,1.8,48.72,19.27,45.45,1.47,39.66,29.72,33.33,0.0,42.31,297.0
1701,10,175,867,0.23,34.44,22.02,38.83,15.04,43.82,33.33,1.38,0.0,0.0,0.0,0.0,91.9,34.17,22.08,43.14,0.46,59.0,16.79,75.0,0.34,38.0,19.28,33.33,3.69,31.28,18.91,65.62,2.19,42.52,27.08,31.57,0.0,44.6,348.0
1702,10,178,479,0.41,39.55,20.19,35.66,9.71,41.33,66.66,0.62,0.0,0.0,0.0,0.0,92.03,39.9,20.32,42.14,0.2,60.0,0.0,0.0,0.2,32.0,0.0,0.0,4.82,36.52,19.94,34.78,2.09,33.6,20.0,20.0,0.0,49.68,206.0
1703,10,179,728,0.0,40.92,22.29,40.33,29.48,46.29,50.0,1.64,0.0,0.0,0.0,0.0,96.29,41.06,22.08,46.07,0.27,27.0,2.82,100.0,0.0,0.0,0.0,0.0,1.37,38.5,32.22,50.0,0.41,27.33,2.3,33.33,0.0,47.85,244.0
1704,10,180,297,0.0,38.76,21.67,0.0,0.0,42.76,0.0,0.0,0.0,0.0,0.0,0.0,94.61,38.84,21.63,42.34,0.33,26.0,0.0,0.0,0.33,80.0,0.0,0.0,4.04,37.58,22.27,66.66,0.67,21.0,1.41,0.0,0.0,47.8,158.0
1705,10,181,546,0.18,36.4,20.07,0.0,0.0,44.13,0.0,0.18,0.0,0.0,0.0,0.0,93.02,36.78,20.13,42.8,0.73,29.75,5.56,75.0,0.18,38.0,0.0,100.0,4.58,32.96,20.99,76.0,1.28,31.0,15.94,14.28,0.0,41.03,274.0
1706,10,184,932,0.53,40.74,20.09,46.05,21.78,44.31,34.21,4.09,0.1,87.0,0.0,100.0,90.5,40.38,19.93,45.53,0.43,31.5,15.28,75.0,0.53,50.8,23.61,40.0,1.83,38.52,15.98,23.52,2.48,43.86,21.04,21.73,0.0,38.76,528.0
1707,10,186,689,4.35,41.92,20.1,40.59,22.97,43.68,44.26,9.25,1.21,38.12,17.57,37.5,77.08,41.09,19.74,43.3,2.12,46.5,19.08,78.57,1.66,50.09,14.39,27.27,5.46,49.83,19.72,47.22,3.18,34.42,18.36,38.09,0.0,59.32,261.0
1708,10,188,713,0.28,41.71,19.31,59.1,14.68,41.79,10.0,1.4,0.14,0.0,0.0,100.0,93.24,41.46,18.77,43.13,0.0,0.0,0.0,0.0,0.0,0.0,0.0,0.0,1.96,39.78,30.9,28.57,3.23,42.21,22.39,21.73,0.0,38.58,424.0
1709,10,189,745,0.4,44.98,22.01,47.83,24.74,43.22,38.46,8.76,0.0,0.0,0.0,0.0,86.79,44.57,21.63,44.09,0.53,37.25,27.19,50.0,0.0,0.0,0.0,0.0,2.29,50.17,18.05,47.05,1.61,44.16,31.31,16.66,0.0,37.5,420.0
1710,10,unclear,1157,0.69,44.63,15.89,49.27,18.41,46.67,59.09,1.91,0.0,0.0,0.0,0.0,95.12,44.48,15.74,46.56,0.08,23.0,0.0,0.0,0.17,73.5,6.36,50.0,1.47,36.76,8.5,58.82,1.21,51.78,22.03,28.57,,,
1711,10,192,497,1.2,38.12,18.14,34.65,17.63,41.04,41.57,38.69,0.61,30.0,12.12,33.33,56.82,39.72,18.05,40.5,0.4,57.0,14.14,50.0,0.81,42.0,12.51,75.0,1.42,47.28,17.81,57.14,1.22,40.0,17.64,16.66,0.0,37.56,253.0
1712,10,193,579,0.34,43.84,19.53,26.0,0.0,41.79,0.0,0.17,0.0,0.0,0.0,0.0,96.01,43.4,19.42,41.69,0.17,43.0,0.0,100.0,0.0,0.0,0.0,0.0,2.25,51.07,19.44,46.15,1.38,61.5,21.68,37.5,0.0,61.6,343.0
1713,10,unclear,1306,0.61,43.03,16.27,42.6,17.32,43.41,44.0,1.92,0.0,0.0,0.0,0.0,94.68,42.94,16.31,43.61,0.38,30.6,5.22,40.0,0.23,35.33,14.22,0.0,2.15,43.07,12.18,46.42,0.61,60.12,12.77,25.0,,,
1714,10,199,403,0.74,41.29,17.58,50.0,0.0,44.16,0.0,0.25,0.0,0.0,0.0,0.0,93.75,40.82,17.75,45.86,0.5,48.0,14.14,50.0,0.0,0.0,0.0,0.0,3.75,44.06,13.69,13.33,1.75,45.42,11.97,0.0,0.0,39.67,225.0
1715,10,200,658,0.0,37.98,19.69,36.69,23.94,43.92,36.11,5.47,0.0,0.0,0.0,0.0,90.72,38.02,19.31,44.05,0.3,22.5,3.53,50.0,0.3,16.5,23.33,50.0,1.97,45.92,20.19,46.15,1.21,37.25,25.73,62.5,0.0,40.66,315.0
1716,10,201,765,4.05,41.74,19.48,39.34,18.39,44.18,41.55,29.83,1.49,52.36,24.66,72.72,62.39,41.41,19.22,44.75,0.13,50.0,0.0,0.0,1.22,37.66,16.75,33.33,1.77,45.76,14.82,53.84,3.13,41.43,22.97,43.47,0.0,40.74,323.0
1717,10,202,740,0.94,42.62,19.95,40.77,18.63,39.32,36.92,17.73,0.27,44.0,14.14,50.0,77.35,43.24,20.37,39.85,0.68,39.79,26.96,60.0,0.4,32.0,3.0,33.33,2.04,39.6,18.81,53.33,1.5,43.09,14.31,27.27,0.0,44.06,360.0
1718,10,204,536,0.0,38.98,20.31,35.44,24.58,42.16,55.55,3.35,0.0,0.0,0.0,0.0,93.65,39.2,20.13,41.83,0.37,56.5,2.12,50.0,0.0,0.0,0.0,0.0,1.49,32.0,28.57,50.0,1.11,34.16,8.32,16.66,0.0,68.09,274.0
1719,10,205,576,0.0,39.76,18.99,51.5,24.76,44.27,56.25,2.77,0.0,0.0,0.0,0.0,92.36,39.71,18.64,43.6,0.52,32.33,14.57,33.33,0.17,50.0,0.0,100.0,2.77,41.87,16.45,62.5,1.38,16.87,18.53,25.0,0.0,43.13,314.0
1720,10,207,576,1.56,41.27,18.39,57.25,31.19,41.31,75.0,0.7,0.0,0.0,0.0,0.0,92.41,40.59,18.39,40.64,0.7,43.5,7.85,75.0,0.52,57.66,10.21,33.33,4.05,41.43,16.85,39.13,1.58,47.11,9.67,22.22,0.0,43.13,296.0
1721,10,unclear,1177,1.44,42.31,15.31,38.96,14.35,45.62,56.0,2.15,0.0,0.0,0.0,0.0,92.93,42.23,15.45,44.43,0.86,42.5,17.84,80.0,0.25,52.33,7.76,0.0,2.32,38.62,10.74,44.44,1.46,53.82,11.99,82.35,,,
1722,10,210,531,0.37,39.95,17.99,41.11,12.83,41.43,33.33,1.7,0.0,0.0,0.0,0.0,93.0,39.91,18.07,42.07,0.75,51.5,4.12,25.0,0.37,54.0,2.82,0.0,2.64,44.14,13.71,57.14,1.51,22.5,23.13,0.0,0.0,37.3,289.0
1723,10,211,783,0.63,42.22,19.96,45.52,16.83,40.35,47.61,2.69,0.25,33.0,18.38,50.0,91.38,42.01,19.96,41.06,0.64,39.2,23.26,40.0,0.25,54.5,12.02,50.0,1.41,43.72,13.32,27.27,3.21,40.88,25.16,20.0,0.0,41.39,470.0
1724,10,212,499,0.2,39.14,18.43,37.5,18.57,41.68,50.0,1.2,0.0,0.0,0.0,0.0,92.97,38.6,18.14,42.76,0.8,48.5,13.52,75.0,0.4,47.0,12.72,0.0,2.4,47.16,23.97,16.66,2.2,47.36,24.17,9.09,0.0,39.29,274.0
1725,10,213,758,0.52,41.62,20.3,23.5,2.12,43.13,50.0,0.26,0.0,0.0,0.0,0.0,94.82,41.74,20.26,44.47,0.26,44.5,7.77,100.0,0.26,48.0,11.31,0.0,3.58,42.62,22.4,11.11,0.79,18.83,15.98,0.0,0.0,37.71,441.0
1726,10,unclear,1141,1.48,42.47,16.36,48.72,22.74,46.97,63.63,0.97,0.0,0.0,0.0,0.0,92.88,42.22,16.14,46.26,0.44,31.4,9.28,80.0,0.35,64.0,23.02,50.0,3.64,35.75,9.69,46.34,1.69,62.89,19.53,63.15,,,
1727,10,216,506,0.19,41.42,20.7,36.58,13.78,41.3,23.52,3.36,0.0,0.0,0.0,0.0,89.9,41.28,20.91,41.85,0.19,38.0,0.0,100.0,0.0,0.0,0.0,0.0,4.35,44.18,18.63,45.45,2.17,46.36,24.24,36.36,0.0,35.86,281.0
1728,10,217,570,0.87,39.79,19.47,52.42,30.47,41.4,42.85,1.23,0.17,77.0,0.0,0.0,87.43,39.45,18.97,42.1,0.7,38.75,9.6,50.0,0.17,58.0,0.0,0.0,7.43,43.16,20.1,40.47,2.83,30.0,21.97,25.0,0.0,40.5,292.0
1729,10,219,652,1.38,40.15,19.52,42.65,17.91,42.79,45.45,6.84,0.46,49.33,20.03,66.66,83.2,39.75,19.84,41.49,1.08,28.85,14.62,85.71,0.62,50.0,7.07,25.0,6.68,38.93,15.1,51.16,1.08,46.71,26.06,28.57,0.0,39.29,380.0
1730,10,unclear,1117,1.88,43.23,15.84,36.66,12.58,46.19,48.14,2.46,0.0,0.0,0.0,0.0,90.23,43.19,15.94,46.3,0.72,41.87,17.03,50.0,0.36,59.25,12.71,25.0,4.47,41.14,10.91,44.89,1.73,47.21,13.8,31.57,,,
1731,10,222,660,0.0,43.68,18.93,42.33,16.32,42.87,33.33,2.27,0.3,19.5,27.57,100.0,86.36,43.79,19.0,43.15,0.9,29.66,24.05,66.66,0.15,54.0,0.0,0.0,6.36,49.78,17.81,57.14,3.63,36.33,14.78,8.33,0.0,39.0,376.0
1732,10,224,768,0.0,42.3,19.73,28.5,7.77,42.44,100.0,0.26,0.0,0.0,0.0,0.0,92.83,42.46,19.59,41.65,0.65,30.2,19.05,40.0,0.39,37.66,34.93,0.0,4.16,40.03,24.3,75.0,1.69,47.0,11.18,7.69,0.0,39.52,423.0
1733,10,225,943,0.0,40.7,19.23,43.0,10.55,44.96,28.57,0.74,0.0,0.0,0.0,0.0,95.22,40.62,19.35,45.99,0.21,41.0,15.55,100.0,0.0,0.0,0.0,0.0,2.86,39.88,18.29,18.51,0.95,49.33,16.19,22.22,0.0,41.64,471.0
1734,10,226,940,0.42,42.19,18.34,47.85,7.69,42.02,42.85,0.74,0.21,32.0,45.25,100.0,94.65,41.97,18.31,41.42,0.53,37.0,24.78,80.0,0.0,0.0,0.0,0.0,2.67,45.6,19.77,56.0,1.17,48.36,14.46,18.18,0.0,39.19,524.0
1735,10,227,810,0.61,42.28,19.0,33.57,15.8,40.98,35.71,1.73,0.0,0.0,0.0,0.0,93.41,42.21,18.83,40.42,0.24,35.5,16.26,50.0,0.12,54.0,0.0,0.0,3.1,45.32,18.45,56.0,1.36,47.09,28.9,27.27,0.0,39.46,442.0
1736,10,228,790,0.5,42.62,20.21,40.77,28.59,40.0,66.66,1.14,0.0,0.0,0.0,0.0,91.34,42.94,20.04,40.38,0.38,30.66,9.29,33.33,0.0,0.0,0.0,0.0,5.08,38.1,20.58,32.5,2.03,44.18,22.4,18.75,0.0,41.08,400.0
1737,10,231,714,1.12,39.53,21.0,37.75,19.91,42.57,39.28,3.96,0.14,77.0,0.0,100.0,88.38,39.1,20.93,43.1,0.7,46.0,6.67,20.0,0.14,47.0,0.0,0.0,4.67,41.18,23.74,45.45,1.98,42.92,22.38,21.42,0.0,40.2,364.0
1738,10,1,0,0.0,0.0,0.0,0.0,0.0,0.0,0.0,0.0,0.0,0.0,0.0,0.0,0.0,0.0,0.0,0.0,0.0,0.0,0.0,0.0,0.0,0.0,0.0,0.0,0.0,0.0,0.0,0.0,0.0,0.0,0.0,0.0,0.0,0.0,0.0
1739,10,2,818,0.48,43.65,20.59,37.33,17.0,42.05,33.33,0.36,0.0,0.0,0.0,0.0,95.57,43.43,20.48,41.51,0.49,45.25,8.22,50.0,0.0,0.0,0.0,0.0,2.57,50.95,26.07,61.9,0.98,44.37,23.49,25.0,0.0,0.0,510.0
1740,10,3,0,0.0,0.0,0.0,0.0,0.0,0.0,0.0,0.0,0.0,0.0,0.0,0.0,0.0,0.0,0.0,0.0,0.0,0.0,0.0,0.0,0.0,0.0,0.0,0.0,0.0,0.0,0.0,0.0,0.0,0.0,0.0,0.0,0.0,0.0,0.0
1741,10,8,514,0.0,40.46,17.4,47.06,21.63,41.82,43.75,3.11,0.0,0.0,0.0,0.0,92.41,40.09,17.31,41.05,0.38,32.5,7.77,50.0,0.0,0.0,0.0,0.0,3.3,45.64,15.91,58.82,0.77,39.75,15.62,50.0,0.0,0.0,312.0
1742,10,11,0,0.0,0.0,0.0,0.0,0.0,0.0,0.0,0.0,0.0,0.0,0.0,0.0,0.0,0.0,0.0,0.0,0.0,0.0,0.0,0.0,0.0,0.0,0.0,0.0,0.0,0.0,0.0,0.0,0.0,0.0,0.0,0.0,0.0,0.0,0.0
1743,10,14,575,1.39,44.35,19.27,51.0,34.73,42.08,25.0,0.7,0.0,0.0,0.0,0.0,92.76,43.79,19.27,41.44,1.05,39.16,7.96,66.66,0.7,64.25,6.89,25.0,3.35,46.63,11.54,57.89,1.41,45.87,21.47,37.5,0.0,0.0,302.0
1744,10,15,507,0.19,40.38,17.57,22.0,2.82,41.42,50.0,0.39,0.0,0.0,0.0,0.0,92.29,40.12,17.8,41.75,0.59,39.33,8.32,66.66,0.59,54.66,1.52,0.0,4.15,43.61,12.06,57.14,1.97,44.7,20.42,0.0,0.0,0.0,280.0
1745,10,16,495,0.2,47.97,21.94,24.66,27.3,40.8,33.33,0.6,0.0,0.0,0.0,0.0,91.7,48.41,21.78,41.28,0.6,57.33,29.56,66.66,0.8,46.75,13.86,0.0,4.25,41.23,21.7,57.14,2.02,48.7,27.72,0.0,0.0,0.0,286.0
1746,10,23,0,0.0,0.0,0.0,0.0,0.0,0.0,0.0,0.0,0.0,0.0,0.0,0.0,0.0,0.0,0.0,0.0,0.0,0.0,0.0,0.0,0.0,0.0,0.0,0.0,0.0,0.0,0.0,0.0,0.0,0.0,0.0,0.0,0.0,0.0,0.0
1747,10,27,0,0.0,0.0,0.0,0.0,0.0,0.0,0.0,0.0,0.0,0.0,0.0,0.0,0.0,0.0,0.0,0.0,0.0,0.0,0.0,0.0,0.0,0.0,0.0,0.0,0.0,0.0,0.0,0.0,0.0,0.0,0.0,0.0,0.0,0.0,0.0
1748,10,29,0,0.0,0.0,0.0,0.0,0.0,0.0,0.0,0.0,0.0,0.0,0.0,0.0,0.0,0.0,0.0,0.0,0.0,0.0,0.0,0.0,0.0,0.0,0.0,0.0,0.0,0.0,0.0,0.0,0.0,0.0,0.0,0.0,0.0,0.0,0.0
1749,10,31,0,0.0,0.0,0.0,0.0,0.0,0.0,0.0,0.0,0.0,0.0,0.0,0.0,0.0,0.0,0.0,0.0,0.0,0.0,0.0,0.0,0.0,0.0,0.0,0.0,0.0,0.0,0.0,0.0,0.0,0.0,0.0,0.0,0.0,0.0,0.0
1750,10,33,0,0.0,0.0,0.0,0.0,0.0,0.0,0.0,0.0,0.0,0.0,0.0,0.0,0.0,0.0,0.0,0.0,0.0,0.0,0.0,0.0,0.0,0.0,0.0,0.0,0.0,0.0,0.0,0.0,0.0,0.0,0.0,0.0,0.0,0.0,0.0
1751,10,44,0,0.0,0.0,0.0,0.0,0.0,0.0,0.0,0.0,0.0,0.0,0.0,0.0,0.0,0.0,0.0,0.0,0.0,0.0,0.0,0.0,0.0,0.0,0.0,0.0,0.0,0.0,0.0,0.0,0.0,0.0,0.0,0.0,0.0,0.0,0.0
1752,10,48,0,0.0,0.0,0.0,0.0,0.0,0.0,0.0,0.0,0.0,0.0,0.0,0.0,0.0,0.0,0.0,0.0,0.0,0.0,0.0,0.0,0.0,0.0,0.0,0.0,0.0,0.0,0.0,0.0,0.0,0.0,0.0,0.0,0.0,0.0,0.0
1753,10,53,0,0.0,0.0,0.0,0.0,0.0,0.0,0.0,0.0,0.0,0.0,0.0,0.0,0.0,0.0,0.0,0.0,0.0,0.0,0.0,0.0,0.0,0.0,0.0,0.0,0.0,0.0,0.0,0.0,0.0,0.0,0.0,0.0,0.0,0.0,0.0
1754,10,56,0,0.0,0.0,0.0,0.0,0.0,0.0,0.0,0.0,0.0,0.0,0.0,0.0,0.0,0.0,0.0,0.0,0.0,0.0,0.0,0.0,0.0,0.0,0.0,0.0,0.0,0.0,0.0,0.0,0.0,0.0,0.0,0.0,0.0,0.0,0.0
1755,10,58,0,0.0,0.0,0.0,0.0,0.0,0.0,0.0,0.0,0.0,0.0,0.0,0.0,0.0,0.0,0.0,0.0,0.0,0.0,0.0,0.0,0.0,0.0,0.0,0.0,0.0,0.0,0.0,0.0,0.0,0.0,0.0,0.0,0.0,0.0,0.0
1756,10,66,0,0.0,0.0,0.0,0.0,0.0,0.0,0.0,0.0,0.0,0.0,0.0,0.0,0.0,0.0,0.0,0.0,0.0,0.0,0.0,0.0,0.0,0.0,0.0,0.0,0.0,0.0,0.0,0.0,0.0,0.0,0.0,0.0,0.0,0.0,0.0
1757,10,67,322,0.0,39.15,18.23,41.6,13.61,40.99,40.0,1.55,0.0,0.0,0.0,0.0,95.03,39.15,17.98,40.52,0.31,57.0,0.0,100.0,0.0,0.0,0.0,0.0,1.86,32.5,26.21,50.0,1.24,42.0,32.69,50.0,0.0,0.0,183.0
1758,10,68,517,0.38,36.11,19.81,32.41,18.69,39.26,31.37,9.9,0.58,28.66,25.32,66.66,83.68,36.02,19.8,39.44,0.58,56.66,8.32,33.33,0.0,0.0,0.0,0.0,3.68,43.31,17.17,68.42,1.55,33.25,23.02,12.5,0.0,0.0,271.0
1759,10,70,0,0.0,0.0,0.0,0.0,0.0,0.0,0.0,0.0,0.0,0.0,0.0,0.0,0.0,0.0,0.0,0.0,0.0,0.0,0.0,0.0,0.0,0.0,0.0,0.0,0.0,0.0,0.0,0.0,0.0,0.0,0.0,0.0,0.0,0.0,0.0
1760,10,77,0,0.0,0.0,0.0,0.0,0.0,0.0,0.0,0.0,0.0,0.0,0.0,0.0,0.0,0.0,0.0,0.0,0.0,0.0,0.0,0.0,0.0,0.0,0.0,0.0,0.0,0.0,0.0,0.0,0.0,0.0,0.0,0.0,0.0,0.0,0.0
1761,10,89,0,0.0,0.0,0.0,0.0,0.0,0.0,0.0,0.0,0.0,0.0,0.0,0.0,0.0,0.0,0.0,0.0,0.0,0.0,0.0,0.0,0.0,0.0,0.0,0.0,0.0,0.0,0.0,0.0,0.0,0.0,0.0,0.0,0.0,0.0,0.0
1762,10,90,0,0.0,0.0,0.0,0.0,0.0,0.0,0.0,0.0,0.0,0.0,0.0,0.0,0.0,0.0,0.0,0.0,0.0,0.0,0.0,0.0,0.0,0.0,0.0,0.0,0.0,0.0,0.0,0.0,0.0,0.0,0.0,0.0,0.0,0.0,0.0
1763,10,94,0,0.0,0.0,0.0,0.0,0.0,0.0,0.0,0.0,0.0,0.0,0.0,0.0,0.0,0.0,0.0,0.0,0.0,0.0,0.0,0.0,0.0,0.0,0.0,0.0,0.0,0.0,0.0,0.0,0.0,0.0,0.0,0.0,0.0,0.0,0.0
1764,10,98,0,0.0,0.0,0.0,0.0,0.0,0.0,0.0,0.0,0.0,0.0,0.0,0.0,0.0,0.0,0.0,0.0,0.0,0.0,0.0,0.0,0.0,0.0,0.0,0.0,0.0,0.0,0.0,0.0,0.0,0.0,0.0,0.0,0.0,0.0,0.0
1765,10,106,0,0.0,0.0,0.0,0.0,0.0,0.0,0.0,0.0,0.0,0.0,0.0,0.0,0.0,0.0,0.0,0.0,0.0,0.0,0.0,0.0,0.0,0.0,0.0,0.0,0.0,0.0,0.0,0.0,0.0,0.0,0.0,0.0,0.0,0.0,0.0
1766,10,111,0,0.0,0.0,0.0,0.0,0.0,0.0,0.0,0.0,0.0,0.0,0.0,0.0,0.0,0.0,0.0,0.0,0.0,0.0,0.0,0.0,0.0,0.0,0.0,0.0,0.0,0.0,0.0,0.0,0.0,0.0,0.0,0.0,0.0,0.0,0.0
1767,10,113,0,0.0,0.0,0.0,0.0,0.0,0.0,0.0,0.0,0.0,0.0,0.0,0.0,0.0,0.0,0.0,0.0,0.0,0.0,0.0,0.0,0.0,0.0,0.0,0.0,0.0,0.0,0.0,0.0,0.0,0.0,0.0,0.0,0.0,0.0,0.0
1768,10,115,0,0.0,0.0,0.0,0.0,0.0,0.0,0.0,0.0,0.0,0.0,0.0,0.0,0.0,0.0,0.0,0.0,0.0,0.0,0.0,0.0,0.0,0.0,0.0,0.0,0.0,0.0,0.0,0.0,0.0,0.0,0.0,0.0,0.0,0.0,0.0
1769,10,118,0,0.0,0.0,0.0,0.0,0.0,0.0,0.0,0.0,0.0,0.0,0.0,0.0,0.0,0.0,0.0,0.0,0.0,0.0,0.0,0.0,0.0,0.0,0.0,0.0,0.0,0.0,0.0,0.0,0.0,0.0,0.0,0.0,0.0,0.0,0.0
1770,10,120,0,0.0,0.0,0.0,0.0,0.0,0.0,0.0,0.0,0.0,0.0,0.0,0.0,0.0,0.0,0.0,0.0,0.0,0.0,0.0,0.0,0.0,0.0,0.0,0.0,0.0,0.0,0.0,0.0,0.0,0.0,0.0,0.0,0.0,0.0,0.0
1771,10,126,0,0.0,0.0,0.0,0.0,0.0,0.0,0.0,0.0,0.0,0.0,0.0,0.0,0.0,0.0,0.0,0.0,0.0,0.0,0.0,0.0,0.0,0.0,0.0,0.0,0.0,0.0,0.0,0.0,0.0,0.0,0.0,0.0,0.0,0.0,0.0
1772,10,127,0,0.0,0.0,0.0,0.0,0.0,0.0,0.0,0.0,0.0,0.0,0.0,0.0,0.0,0.0,0.0,0.0,0.0,0.0,0.0,0.0,0.0,0.0,0.0,0.0,0.0,0.0,0.0,0.0,0.0,0.0,0.0,0.0,0.0,0.0,0.0
1773,10,129,0,0.0,0.0,0.0,0.0,0.0,0.0,0.0,0.0,0.0,0.0,0.0,0.0,0.0,0.0,0.0,0.0,0.0,0.0,0.0,0.0,0.0,0.0,0.0,0.0,0.0,0.0,0.0,0.0,0.0,0.0,0.0,0.0,0.0,0.0,0.0
1774,10,131,0,0.0,0.0,0.0,0.0,0.0,0.0,0.0,0.0,0.0,0.0,0.0,0.0,0.0,0.0,0.0,0.0,0.0,0.0,0.0,0.0,0.0,0.0,0.0,0.0,0.0,0.0,0.0,0.0,0.0,0.0,0.0,0.0,0.0,0.0,0.0
1775,10,133,0,0.0,0.0,0.0,0.0,0.0,0.0,0.0,0.0,0.0,0.0,0.0,0.0,0.0,0.0,0.0,0.0,0.0,0.0,0.0,0.0,0.0,0.0,0.0,0.0,0.0,0.0,0.0,0.0,0.0,0.0,0.0,0.0,0.0,0.0,0.0
1776,10,140,0,0.0,0.0,0.0,0.0,0.0,0.0,0.0,0.0,0.0,0.0,0.0,0.0,0.0,0.0,0.0,0.0,0.0,0.0,0.0,0.0,0.0,0.0,0.0,0.0,0.0,0.0,0.0,0.0,0.0,0.0,0.0,0.0,0.0,0.0,0.0
1777,10,141,0,0.0,0.0,0.0,0.0,0.0,0.0,0.0,0.0,0.0,0.0,0.0,0.0,0.0,0.0,0.0,0.0,0.0,0.0,0.0,0.0,0.0,0.0,0.0,0.0,0.0,0.0,0.0,0.0,0.0,0.0,0.0,0.0,0.0,0.0,0.0
1778,10,146,0,0.0,0.0,0.0,0.0,0.0,0.0,0.0,0.0,0.0,0.0,0.0,0.0,0.0,0.0,0.0,0.0,0.0,0.0,0.0,0.0,0.0,0.0,0.0,0.0,0.0,0.0,0.0,0.0,0.0,0.0,0.0,0.0,0.0,0.0,0.0
1779,10,147,0,0.0,0.0,0.0,0.0,0.0,0.0,0.0,0.0,0.0,0.0,0.0,0.0,0.0,0.0,0.0,0.0,0.0,0.0,0.0,0.0,0.0,0.0,0.0,0.0,0.0,0.0,0.0,0.0,0.0,0.0,0.0,0.0,0.0,0.0,0.0
1780,10,159,0,0.0,0.0,0.0,0.0,0.0,0.0,0.0,0.0,0.0,0.0,0.0,0.0,0.0,0.0,0.0,0.0,0.0,0.0,0.0,0.0,0.0,0.0,0.0,0.0,0.0,0.0,0.0,0.0,0.0,0.0,0.0,0.0,0.0,0.0,0.0
1781,10,161,0,0.0,0.0,0.0,0.0,0.0,0.0,0.0,0.0,0.0,0.0,0.0,0.0,0.0,0.0,0.0,0.0,0.0,0.0,0.0,0.0,0.0,0.0,0.0,0.0,0.0,0.0,0.0,0.0,0.0,0.0,0.0,0.0,0.0,0.0,0.0
1782,10,174,0,0.0,0.0,0.0,0.0,0.0,0.0,0.0,0.0,0.0,0.0,0.0,0.0,0.0,0.0,0.0,0.0,0.0,0.0,0.0,0.0,0.0,0.0,0.0,0.0,0.0,0.0,0.0,0.0,0.0,0.0,0.0,0.0,0.0,0.0,0.0
1783,10,177,0,0.0,0.0,0.0,0.0,0.0,0.0,0.0,0.0,0.0,0.0,0.0,0.0,0.0,0.0,0.0,0.0,0.0,0.0,0.0,0.0,0.0,0.0,0.0,0.0,0.0,0.0,0.0,0.0,0.0,0.0,0.0,0.0,0.0,0.0,0.0
1784,10,182,0,0.0,0.0,0.0,0.0,0.0,0.0,0.0,0.0,0.0,0.0,0.0,0.0,0.0,0.0,0.0,0.0,0.0,0.0,0.0,0.0,0.0,0.0,0.0,0.0,0.0,0.0,0.0,0.0,0.0,0.0,0.0,0.0,0.0,0.0,0.0
1785,10,183,0,0.0,0.0,0.0,0.0,0.0,0.0,0.0,0.0,0.0,0.0,0.0,0.0,0.0,0.0,0.0,0.0,0.0,0.0,0.0,0.0,0.0,0.0,0.0,0.0,0.0,0.0,0.0,0.0,0.0,0.0,0.0,0.0,0.0,0.0,0.0
1786,10,185,0,0.0,0.0,0.0,0.0,0.0,0.0,0.0,0.0,0.0,0.0,0.0,0.0,0.0,0.0,0.0,0.0,0.0,0.0,0.0,0.0,0.0,0.0,0.0,0.0,0.0,0.0,0.0,0.0,0.0,0.0,0.0,0.0,0.0,0.0,0.0
1787,10,187,0,0.0,0.0,0.0,0.0,0.0,0.0,0.0,0.0,0.0,0.0,0.0,0.0,0.0,0.0,0.0,0.0,0.0,0.0,0.0,0.0,0.0,0.0,0.0,0.0,0.0,0.0,0.0,0.0,0.0,0.0,0.0,0.0,0.0,0.0,0.0
1788,10,194,0,0.0,0.0,0.0,0.0,0.0,0.0,0.0,0.0,0.0,0.0,0.0,0.0,0.0,0.0,0.0,0.0,0.0,0.0,0.0,0.0,0.0,0.0,0.0,0.0,0.0,0.0,0.0,0.0,0.0,0.0,0.0,0.0,0.0,0.0,0.0
1789,10,197,0,0.0,0.0,0.0,0.0,0.0,0.0,0.0,0.0,0.0,0.0,0.0,0.0,0.0,0.0,0.0,0.0,0.0,0.0,0.0,0.0,0.0,0.0,0.0,0.0,0.0,0.0,0.0,0.0,0.0,0.0,0.0,0.0,0.0,0.0,0.0
1790,10,198,0,0.0,0.0,0.0,0.0,0.0,0.0,0.0,0.0,0.0,0.0,0.0,0.0,0.0,0.0,0.0,0.0,0.0,0.0,0.0,0.0,0.0,0.0,0.0,0.0,0.0,0.0,0.0,0.0,0.0,0.0,0.0,0.0,0.0,0.0,0.0
1791,10,203,0,0.0,0.0,0.0,0.0,0.0,0.0,0.0,0.0,0.0,0.0,0.0,0.0,0.0,0.0,0.0,0.0,0.0,0.0,0.0,0.0,0.0,0.0,0.0,0.0,0.0,0.0,0.0,0.0,0.0,0.0,0.0,0.0,0.0,0.0,0.0
1792,10,206,0,0.0,0.0,0.0,0.0,0.0,0.0,0.0,0.0,0.0,0.0,0.0,0.0,0.0,0.0,0.0,0.0,0.0,0.0,0.0,0.0,0.0,0.0,0.0,0.0,0.0,0.0,0.0,0.0,0.0,0.0,0.0,0.0,0.0,0.0,0.0
1793,10,218,0,0.0,0.0,0.0,0.0,0.0,0.0,0.0,0.0,0.0,0.0,0.0,0.0,0.0,0.0,0.0,0.0,0.0,0.0,0.0,0.0,0.0,0.0,0.0,0.0,0.0,0.0,0.0,0.0,0.0,0.0,0.0,0.0,0.0,0.0,0.0
1794,10,223,0,0.0,0.0,0.0,0.0,0.0,0.0,0.0,0.0,0.0,0.0,0.0,0.0,0.0,0.0,0.0,0.0,0.0,0.0,0.0,0.0,0.0,0.0,0.0,0.0,0.0,0.0,0.0,0.0,0.0,0.0,0.0,0.0,0.0,0.0,0.0
1795,10,229,0,0.0,0.0,0.0,0.0,0.0,0.0,0.0,0.0,0.0,0.0,0.0,0.0,0.0,0.0,0.0,0.0,0.0,0.0,0.0,0.0,0.0,0.0,0.0,0.0,0.0,0.0,0.0,0.0,0.0,0.0,0.0,0.0,0.0,0.0,0.0
1796,10,230,0,0.0,0.0,0.0,0.0,0.0,0.0,0.0,0.0,0.0,0.0,0.0,0.0,0.0,0.0,0.0,0.0,0.0,0.0,0.0,0.0,0.0,0.0,0.0,0.0,0.0,0.0,0.0,0.0,0.0,0.0,0.0,0.0,0.0,0.0,0.0
1797,11,1,381,1.83,41.07,19.07,48.2,16.78,42.78,60.0,1.33,0.0,0.0,0.0,0.0,88.77,40.53,19.46,40.36,0.8,33.66,7.5,66.66,0.53,52.0,21.21,0.0,5.61,40.85,13.15,76.19,2.94,48.81,18.2,27.27,0.0,35.31,220.0
1798,11,3,579,1.2,42.27,19.14,40.52,18.12,44.04,40.0,9.61,0.52,64.0,26.9,66.66,81.29,41.11,18.74,42.58,0.34,68.5,30.4,50.0,0.34,63.5,2.12,0.0,6.11,44.6,17.93,62.85,1.74,64.3,19.11,50.0,0.0,63.69,292.0
1799,11,unclear,1201,1.08,43.32,15.99,39.25,15.32,45.96,44.0,8.41,0.0,0.0,0.0,0.0,88.13,43.79,16.11,45.46,0.16,25.5,0.7,100.0,0.33,46.25,16.25,25.0,2.18,37.69,8.36,69.23,0.75,37.77,11.72,44.44,,,
1800,11,6,849,0.0,42.52,18.92,37.0,22.11,42.16,33.33,0.35,0.0,0.0,0.0,0.0,88.81,42.06,19.02,38.46,0.11,0.0,0.0,100.0,0.35,48.0,15.62,33.33,9.65,45.45,16.52,79.26,0.7,67.0,15.51,0.0,0.0,35.53,532.0
1801,11,16,871,1.6,41.64,18.13,42.67,19.27,41.56,41.17,3.96,0.23,46.5,65.76,50.0,87.51,41.25,18.15,41.73,1.51,44.46,9.12,53.84,0.46,54.25,3.5,25.0,4.78,41.34,17.74,46.34,1.51,47.69,14.82,15.38,0.0,36.83,463.0
1802,11,17,709,2.25,40.01,18.41,39.72,20.61,42.31,54.54,1.58,0.28,0.0,0.0,100.0,90.47,39.61,17.99,40.82,0.72,42.8,33.25,40.0,0.28,43.5,27.57,0.0,5.19,40.97,16.44,55.55,1.44,42.8,24.7,40.0,0.0,36.46,361.0
1803,11,18,855,0.0,42.79,18.67,30.0,4.24,42.92,50.0,0.23,0.11,25.0,0.0,0.0,94.26,42.61,18.66,42.3,0.0,0.0,0.0,0.0,0.0,0.0,0.0,0.0,3.62,42.77,16.7,80.64,1.75,55.46,20.61,0.0,0.0,32.08,490.0
1804,11,22,528,0.18,41.87,19.95,37.33,33.3,40.9,66.66,0.56,0.0,0.0,0.0,0.0,93.73,42.05,19.68,40.89,0.75,24.0,17.49,75.0,0.0,0.0,0.0,0.0,2.84,33.4,18.5,46.66,2.08,51.36,26.08,9.09,0.0,59.84,328.0
1805,11,24,547,0.54,41.97,18.87,15.33,13.61,43.14,0.0,0.55,0.18,32.0,0.0,100.0,88.78,42.02,18.6,39.75,0.18,22.0,0.0,100.0,0.0,0.0,0.0,0.0,8.82,42.35,19.25,79.16,1.47,45.5,23.74,12.5,0.0,61.37,327.0
1806,11,28,639,1.25,39.99,17.52,40.22,22.11,42.87,44.44,1.42,0.0,0.0,0.0,0.0,91.44,39.74,17.55,42.8,1.1,37.85,22.87,42.85,0.0,0.0,0.0,0.0,4.75,41.83,14.5,43.33,1.26,45.75,20.31,50.0,0.0,38.96,323.0
1807,11,29,914,0.32,41.54,18.65,44.41,16.53,42.45,52.94,1.86,0.0,0.0,0.0,0.0,91.21,41.4,18.73,41.39,0.21,38.0,19.79,0.0,0.32,36.66,15.88,0.0,5.48,41.9,19.08,64.0,0.87,46.25,17.53,25.0,0.0,31.74,570.0
1808,11,34,575,0.34,41.63,19.13,39.36,17.04,45.56,45.45,1.91,0.0,0.0,0.0,0.0,93.89,41.78,19.09,45.72,0.34,53.0,4.24,0.0,0.0,0.0,0.0,0.0,1.91,35.54,12.58,63.63,1.91,42.72,26.37,18.18,0.0,38.5,341.0
1809,11,35,597,1.34,41.0,19.09,46.11,29.08,42.37,44.44,1.52,0.33,78.0,28.28,0.0,91.85,40.24,18.65,43.62,0.67,56.5,18.48,50.0,0.0,0.0,0.0,0.0,3.56,47.33,18.83,42.85,2.03,44.83,19.18,8.33,0.0,37.81,341.0
1810,11,37,828,0.24,43.77,18.17,41.34,18.65,41.66,34.78,2.78,0.24,30.0,4.24,50.0,90.43,43.9,18.22,40.82,0.48,25.25,24.1,75.0,0.0,0.0,0.0,0.0,5.08,44.71,13.24,61.9,0.96,51.62,25.36,12.5,0.0,35.16,508.0
1811,11,unclear,1204,2.82,44.98,16.1,44.83,14.41,44.85,56.25,4.1,0.0,0.0,0.0,0.0,91.7,44.77,16.29,44.64,0.25,35.0,7.81,66.66,0.85,55.1,7.9,40.0,2.05,41.2,11.34,50.0,1.02,48.75,14.21,33.33,,,
1812,11,40,578,0.51,41.07,18.6,36.75,16.96,44.11,50.0,1.39,0.0,0.0,0.0,0.0,92.17,41.21,18.83,44.33,0.86,33.0,10.41,60.0,0.52,50.0,16.37,33.33,3.65,37.71,16.11,52.38,1.39,49.37,17.28,0.0,0.0,36.41,299.0
1813,11,41,410,1.21,39.25,17.88,34.0,0.0,40.24,100.0,0.24,0.0,0.0,0.0,0.0,91.85,39.02,17.9,39.51,0.74,27.33,24.68,66.66,0.24,53.0,0.0,0.0,5.18,42.85,17.61,66.66,1.72,42.0,11.98,0.0,0.0,34.08,248.0
1814,11,42,487,1.43,42.01,18.25,56.75,15.84,42.5,25.0,0.83,0.83,36.25,25.4,50.0,92.7,41.36,18.22,42.02,1.25,43.66,15.3,83.33,0.0,0.0,0.0,0.0,3.12,43.13,12.72,40.0,1.25,46.33,10.26,16.66,0.0,41.67,272.0
1815,11,unclear,1213,1.15,43.43,15.49,42.64,16.18,45.34,46.49,9.5,0.08,46.0,0.0,100.0,84.65,43.31,15.54,45.22,0.33,30.0,10.73,50.0,0.41,45.6,8.35,40.0,2.83,41.76,10.93,55.88,2.16,49.57,14.64,34.61,,,
1816,11,45,501,1.19,38.74,18.39,45.5,14.72,44.71,33.33,1.21,0.6,81.0,11.53,100.0,90.5,38.56,18.1,44.41,1.21,36.83,10.24,66.66,0.0,0.0,0.0,0.0,5.05,30.92,19.11,52.0,1.41,51.14,22.16,14.28,0.0,68.49,248.0
1817,11,47,537,1.67,43.07,20.02,61.0,14.39,40.59,66.66,1.13,0.0,0.0,0.0,0.0,90.15,41.92,20.02,40.96,0.37,49.0,4.24,50.0,0.18,89.0,0.0,100.0,7.0,46.18,16.86,37.83,1.13,62.5,20.9,0.0,0.0,37.63,289.0
1818,11,49,945,0.63,45.18,20.26,38.4,24.31,42.11,80.0,0.53,0.42,69.75,16.54,75.0,92.86,44.99,20.02,41.28,1.06,41.1,16.62,60.0,0.21,72.5,27.57,50.0,3.62,50.11,19.66,47.05,1.27,37.75,23.41,33.33,0.0,35.88,511.0
1819,11,51,498,1.2,41.98,20.48,56.6,9.76,43.17,80.0,1.01,0.0,0.0,0.0,0.0,95.32,41.41,20.34,42.43,0.81,41.25,34.18,50.0,0.0,0.0,0.0,0.0,1.82,42.88,22.23,44.44,1.01,48.8,14.35,40.0,0.0,60.22,293.0
1820,11,52,799,0.25,41.68,17.97,46.33,18.44,41.67,40.0,1.88,0.12,67.0,0.0,100.0,89.71,41.5,17.92,38.74,0.25,32.0,7.07,50.0,0.0,0.0,0.0,0.0,7.65,41.09,17.98,75.4,0.37,53.33,20.23,33.33,0.0,33.36,444.0
1821,11,54,882,0.11,40.22,19.01,43.31,16.38,42.97,31.25,1.81,0.22,56.0,8.48,100.0,93.3,39.98,18.98,42.33,0.22,33.0,15.55,50.0,0.0,0.0,0.0,0.0,3.06,47.77,18.75,66.66,1.36,37.16,21.31,33.33,0.0,45.85,512.0
1822,11,57,807,0.49,43.8,19.14,20.0,0.0,42.37,100.0,0.12,0.12,0.0,0.0,100.0,94.02,43.78,19.08,42.11,0.37,30.66,3.05,66.66,0.0,0.0,0.0,0.0,4.23,46.41,17.92,55.88,1.12,50.66,26.78,0.0,0.0,52.5,483.0
1823,11,unclear,1358,0.88,43.22,17.42,49.0,12.93,46.53,36.36,0.81,0.0,0.0,0.0,0.0,94.87,43.02,17.39,45.73,0.0,0.0,0.0,0.0,0.07,47.0,0.0,0.0,3.49,40.44,12.18,72.34,0.74,67.0,23.29,40.0,,,
1824,11,62,928,0.21,41.14,17.81,39.66,14.8,43.53,46.66,4.85,0.0,0.0,0.0,0.0,85.42,41.06,18.03,40.45,0.43,46.25,23.51,50.0,0.21,43.0,1.41,0.0,7.23,40.53,16.6,86.56,1.83,52.94,14.93,17.64,0.0,45.15,569.0
1825,11,63,711,0.0,42.63,19.22,41.68,28.27,46.41,47.36,2.67,0.14,55.0,0.0,0.0,80.87,42.41,18.92,38.6,0.0,0.0,0.0,0.0,0.0,0.0,0.0,0.0,15.61,44.26,19.07,88.28,0.7,33.0,18.58,20.0,0.0,33.98,414.0
1826,11,64,564,2.12,42.4,18.35,36.16,17.23,43.97,45.83,4.34,0.54,47.66,10.69,33.33,87.31,42.62,18.33,43.98,1.26,36.85,20.26,57.14,0.0,0.0,0.0,0.0,5.43,40.66,19.19,40.0,1.08,42.83,27.31,16.66,0.0,61.36,304.0
1827,11,66,496,2.01,45.98,18.05,41.76,19.87,43.34,43.58,8.02,0.2,47.0,0.0,100.0,79.83,45.73,18.21,41.49,1.23,37.0,8.76,50.0,0.0,0.0,0.0,0.0,8.43,50.56,14.69,60.97,2.26,46.09,14.25,18.18,0.0,61.84,271.0
1828,11,69,489,0.61,41.91,20.77,63.0,12.28,46.01,66.66,0.61,0.0,0.0,0.0,0.0,93.2,41.18,20.74,45.69,0.2,20.0,0.0,100.0,0.2,48.0,0.0,0.0,5.14,49.0,17.66,48.0,0.61,39.0,18.52,0.0,0.0,35.48,304.0
1829,11,70,696,0.57,41.92,18.78,44.5,16.34,45.68,75.0,0.57,0.14,50.0,0.0,0.0,91.04,41.79,18.69,43.8,1.15,29.37,19.89,62.5,0.14,76.0,0.0,100.0,6.35,42.75,18.68,65.9,0.57,39.5,11.26,25.0,0.0,36.49,359.0
1830,11,72,807,0.61,42.81,18.71,43.83,16.84,45.72,47.69,8.1,0.0,0.0,0.0,0.0,86.03,42.37,18.84,45.5,0.24,43.0,24.04,100.0,0.12,48.0,0.0,100.0,3.24,43.65,16.01,57.69,2.24,50.33,22.59,22.22,0.0,34.22,440.0
1831,11,74,559,0.35,43.2,19.43,53.66,13.65,43.47,33.33,0.53,0.0,0.0,0.0,0.0,92.99,42.78,19.14,44.2,0.17,58.0,0.0,100.0,0.0,0.0,0.0,0.0,3.41,44.15,21.15,47.36,2.87,50.62,26.56,6.25,0.0,37.33,296.0
1832,11,75,658,0.45,43.53,18.87,45.0,22.22,42.7,44.44,1.37,0.0,0.0,0.0,0.0,92.06,43.36,18.85,42.78,0.61,39.25,8.3,75.0,0.61,42.75,38.0,50.0,3.81,42.84,17.58,44.0,1.52,53.9,15.99,10.0,0.0,39.13,379.0
1833,11,76,698,1.28,41.57,18.97,45.0,18.38,44.98,50.0,0.87,0.29,57.0,15.55,0.0,88.96,41.39,18.77,45.67,1.88,45.69,21.75,69.23,0.14,66.0,0.0,0.0,6.53,41.02,20.63,33.33,1.3,35.33,16.59,22.22,0.0,33.83,385.0
1834,11,77,594,1.34,43.47,19.23,74.2,8.49,45.62,80.0,0.85,0.17,39.0,0.0,100.0,90.61,42.78,19.11,45.0,1.53,43.44,13.62,66.66,0.17,35.0,0.0,0.0,5.29,45.32,18.77,48.38,1.36,53.37,28.49,37.5,0.0,38.44,296.0
1835,11,78,537,1.11,39.69,17.84,48.83,13.13,43.76,33.33,1.12,0.0,0.0,0.0,0.0,90.58,39.41,17.94,43.65,0.0,0.0,0.0,0.0,0.18,60.0,0.0,100.0,6.21,40.66,16.79,51.51,1.88,45.7,14.75,0.0,0.0,37.48,247.0
1836,11,79,637,0.15,42.44,18.72,52.5,14.55,43.01,50.0,0.94,0.15,87.0,0.0,100.0,87.42,42.27,18.83,37.05,0.78,38.4,11.19,80.0,0.0,0.0,0.0,0.0,10.37,42.81,18.02,90.9,0.31,38.0,22.62,0.0,0.0,33.01,363.0
1837,11,81,652,2.76,40.84,17.65,40.05,18.14,40.95,40.86,14.66,1.73,48.9,20.34,63.63,75.23,39.41,17.25,41.09,0.94,53.5,8.64,33.33,1.1,52.42,10.45,42.85,4.88,42.61,18.61,35.48,1.41,59.66,17.04,22.22,0.0,30.41,384.0
1838,11,83,799,2.5,43.26,18.18,41.09,17.22,46.18,54.54,2.82,0.0,0.0,0.0,0.0,86.64,42.37,18.03,44.14,1.41,43.9,13.77,100.0,0.64,53.2,23.48,80.0,6.54,46.76,16.06,52.94,1.92,55.93,19.15,40.0,0.0,44.93,437.0
1839,11,84,687,0.43,41.43,16.86,42.41,17.23,43.52,29.41,4.97,0.29,69.5,9.19,50.0,87.71,41.26,16.78,44.5,0.73,30.2,13.64,20.0,0.29,30.0,42.42,50.0,4.23,41.34,14.95,55.17,1.75,48.08,10.99,8.33,0.0,36.32,364.0
1840,11,87,753,0.26,42.14,17.78,42.33,6.42,43.55,0.0,0.39,0.13,38.0,0.0,100.0,94.0,42.04,17.92,43.05,0.39,32.66,6.8,66.66,0.0,0.0,0.0,0.0,3.06,37.39,12.42,82.6,1.99,55.53,17.55,6.66,0.0,34.46,434.0
1841,11,89,452,2.65,37.76,17.78,26.42,14.57,45.13,57.14,1.59,0.68,37.33,17.89,0.0,88.18,37.52,17.87,46.13,0.45,55.0,14.14,100.0,0.22,73.0,0.0,0.0,6.36,38.39,16.87,39.28,2.5,48.0,13.34,27.27,0.0,36.42,203.0
1842,11,91,328,0.6,44.43,19.9,23.0,0.0,42.37,0.0,0.3,0.0,0.0,0.0,0.0,94.17,44.57,19.83,43.32,0.0,0.0,0.0,0.0,0.0,0.0,0.0,0.0,2.45,43.37,15.43,62.5,3.06,46.1,23.24,0.0,0.0,32.51,202.0
1843,11,92,919,1.74,42.42,18.92,47.0,8.54,41.24,66.66,0.33,0.22,58.0,1.41,50.0,93.02,41.77,18.91,40.95,0.33,45.66,5.85,66.66,0.77,57.85,11.26,14.28,3.54,44.15,19.59,56.25,1.77,45.62,19.13,18.75,0.0,35.73,546.0
1844,11,unclear,1307,3.82,43.87,17.1,52.61,16.71,44.98,69.23,1.03,0.0,0.0,0.0,0.0,92.84,43.3,17.1,44.47,0.47,35.16,8.86,66.66,0.39,51.2,22.62,20.0,3.5,41.18,13.63,43.18,1.75,57.27,18.76,31.81,,,
1845,11,96,926,1.4,44.29,20.81,57.14,19.04,44.6,42.85,0.76,0.43,66.0,28.31,75.0,91.34,43.27,20.59,43.76,1.31,43.33,15.35,58.33,0.21,47.0,4.24,0.0,3.94,48.69,17.3,44.44,1.97,64.22,27.03,61.11,0.0,34.78,543.0
1846,11,97,558,1.07,38.96,17.97,39.66,36.9,40.5,33.33,0.54,0.0,0.0,0.0,0.0,92.93,38.78,17.76,39.57,0.36,37.0,0.0,50.0,0.18,25.0,0.0,0.0,3.98,35.18,16.85,68.18,1.99,46.54,23.36,27.27,0.0,33.65,312.0
1847,11,101,649,0.46,41.57,17.23,38.89,18.03,44.53,45.45,8.51,0.61,59.5,16.44,75.0,81.88,40.89,17.01,42.53,0.46,58.33,21.07,100.0,1.08,53.42,11.57,0.0,6.34,44.17,12.46,68.29,1.08,59.57,28.71,42.85,0.0,37.29,328.0
1848,11,102,771,1.29,40.18,18.08,40.9,23.09,45.39,63.63,1.44,2.1,51.0,12.95,25.0,90.01,39.76,18.3,46.27,1.18,37.11,6.97,44.44,0.65,48.4,10.73,20.0,2.23,40.35,13.91,41.17,2.36,38.16,13.22,33.33,0.0,30.35,376.0
1849,11,103,535,1.3,42.53,18.04,37.82,16.72,43.36,46.34,7.76,0.56,48.0,25.53,66.66,80.3,42.77,18.13,40.33,1.32,41.71,14.86,42.85,0.37,14.5,20.5,50.0,8.33,43.43,17.92,68.18,1.32,48.14,19.29,42.85,0.0,62.24,287.0
1850,11,105,688,0.29,39.78,17.36,50.0,18.53,43.45,75.0,1.74,0.14,53.0,0.0,100.0,89.21,39.66,17.25,41.33,1.45,38.29,22.3,60.0,0.72,50.2,22.91,0.0,5.68,36.53,15.82,69.23,1.02,42.42,16.83,28.57,0.0,33.71,379.0
1851,11,107,628,0.0,42.15,19.15,42.4,24.3,40.28,33.33,2.38,0.0,0.0,0.0,0.0,88.53,42.0,19.1,38.48,0.47,36.66,9.07,66.66,0.0,0.0,0.0,0.0,7.32,43.89,18.69,67.39,1.27,44.62,21.19,12.5,0.0,38.12,347.0
1852,11,108,518,0.57,38.66,17.92,57.0,0.0,45.75,100.0,0.19,0.19,65.0,0.0,0.0,92.42,38.28,17.77,45.16,0.97,59.4,25.8,80.0,0.0,0.0,0.0,0.0,4.85,36.84,18.68,56.0,1.35,45.71,12.07,0.0,0.0,34.01,271.0
1853,11,109,371,2.69,43.1,19.54,37.0,10.11,47.7,50.0,1.66,0.0,0.0,0.0,0.0,88.36,42.26,19.64,45.45,0.83,35.66,12.05,100.0,0.0,0.0,0.0,0.0,7.75,48.53,15.51,57.14,1.38,58.8,18.13,60.0,0.0,38.57,202.0
1854,11,110,973,1.13,39.58,18.18,49.37,19.19,43.57,37.5,0.83,0.0,0.0,0.0,0.0,95.84,39.32,18.09,43.38,0.72,40.42,13.42,57.14,0.2,54.0,0.0,100.0,1.45,39.64,16.99,64.28,0.93,47.66,26.05,11.11,0.0,33.67,575.0
1855,11,112,572,0.0,43.73,20.42,36.66,7.02,44.58,66.66,0.52,1.74,11.4,19.93,10.0,91.25,44.61,19.78,45.97,0.52,33.0,7.81,100.0,0.17,26.0,0.0,0.0,3.14,41.33,21.74,50.0,2.62,42.13,27.37,0.0,0.0,61.11,305.0
1856,11,115,587,0.0,41.01,19.72,34.0,5.65,41.9,0.0,0.34,0.0,0.0,0.0,0.0,87.05,40.72,19.53,35.42,0.17,27.0,0.0,100.0,0.0,0.0,0.0,0.0,11.24,41.75,20.75,96.96,1.19,59.71,19.73,0.0,0.0,41.41,371.0
1857,11,117,478,0.0,43.36,19.7,46.37,12.31,44.56,50.0,1.67,0.0,0.0,0.0,0.0,81.17,43.56,20.07,36.59,0.0,0.0,0.0,0.0,0.0,0.0,0.0,0.0,16.73,42.13,18.74,83.75,0.41,42.5,13.43,0.0,0.0,65.61,278.0
1858,11,118,648,0.3,43.55,19.23,53.88,15.72,43.98,44.44,1.39,0.15,48.0,0.0,0.0,82.81,43.29,19.28,37.0,0.61,23.5,18.77,75.0,0.0,0.0,0.0,0.0,14.86,44.17,18.25,82.29,0.15,88.0,0.0,0.0,0.0,36.71,348.0
1859,11,119,674,0.14,43.19,19.66,27.45,18.48,44.21,45.0,2.97,0.29,34.0,8.48,0.0,82.46,43.9,19.43,38.37,0.29,29.0,8.48,50.0,0.0,0.0,0.0,0.0,12.92,43.37,20.13,82.75,1.04,36.71,24.05,28.57,0.0,35.44,356.0
1860,11,120,631,0.79,40.34,18.08,47.83,6.64,41.36,33.33,0.95,0.0,0.0,0.0,0.0,93.61,39.78,17.95,41.97,0.31,42.0,19.79,50.0,0.47,58.66,12.09,0.0,2.87,44.88,14.33,44.44,1.75,56.81,25.09,0.0,0.0,35.93,348.0
1861,11,121,950,0.52,40.46,17.49,43.17,15.6,46.0,35.71,2.96,0.1,37.0,0.0,100.0,89.31,40.89,17.53,44.78,0.74,33.85,10.55,57.14,0.1,45.0,0.0,100.0,5.18,35.81,15.68,73.46,1.58,32.86,23.6,26.66,0.0,29.88,453.0
1862,11,122,507,0.39,45.5,20.45,48.83,30.38,41.61,58.33,2.37,0.39,60.0,9.89,0.0,90.49,44.9,20.15,40.7,0.0,0.0,0.0,0.0,0.19,44.0,0.0,0.0,5.34,51.48,19.86,59.25,1.18,56.33,13.15,33.33,0.0,32.93,243.0
1863,11,123,724,0.0,42.84,18.84,39.25,3.86,42.26,25.0,0.55,0.13,36.0,0.0,0.0,94.61,42.54,18.84,41.6,0.55,30.75,21.26,75.0,0.27,70.0,4.24,50.0,3.45,48.92,17.14,64.0,0.41,67.0,13.22,0.0,0.0,40.75,352.0
1864,11,124,541,0.18,43.86,17.22,46.4,13.16,42.69,60.0,0.92,0.18,42.0,0.0,0.0,94.81,43.8,17.1,43.94,0.37,38.5,16.26,50.0,0.0,0.0,0.0,0.0,1.85,46.9,12.91,20.0,1.85,42.9,29.91,0.0,0.0,35.82,277.0
1865,11,125,948,0.42,43.13,18.56,42.55,16.59,41.45,48.88,4.76,0.0,0.0,0.0,0.0,89.72,42.98,18.4,40.25,0.42,24.75,31.25,25.0,0.1,38.0,0.0,0.0,4.02,44.26,18.28,55.26,0.95,59.66,26.08,66.66,0.0,31.99,454.0
1866,11,126,910,0.1,41.19,19.49,35.34,14.26,43.4,34.61,2.86,0.11,33.0,0.0,0.0,92.18,41.23,19.64,42.48,1.1,36.29,10.58,100.0,0.0,0.0,0.0,0.0,3.52,44.31,20.08,59.37,0.22,75.5,10.6,0.0,0.0,28.17,383.0
1867,11,127,939,0.31,42.67,18.3,46.37,17.43,43.13,56.25,1.7,0.21,34.5,6.36,50.0,92.2,42.13,18.25,41.94,0.53,42.2,12.96,40.0,0.21,65.0,32.52,0.0,3.52,45.87,18.37,84.84,1.6,60.13,15.49,6.66,0.0,31.2,490.0
1868,11,128,749,0.26,41.41,17.35,40.0,17.24,43.79,40.29,8.96,0.4,64.33,23.75,33.33,86.74,41.26,17.19,43.98,0.66,28.6,19.86,0.0,0.13,46.0,0.0,0.0,2.94,47.27,18.81,63.63,0.13,62.0,0.0,0.0,0.0,32.52,365.0
1869,11,132,927,2.15,40.22,17.06,39.82,17.07,45.41,48.57,7.71,0.77,34.71,15.44,57.14,85.44,40.14,17.06,44.51,0.55,59.8,11.43,60.0,0.22,43.0,4.24,50.0,3.96,41.77,15.41,58.33,1.32,34.83,16.49,25.0,0.0,48.47,346.0
1870,11,135,794,0.37,43.18,18.36,46.42,16.3,40.17,50.0,1.76,0.0,0.0,0.0,0.0,92.79,43.12,18.5,39.64,0.88,42.71,18.44,42.85,0.0,0.0,0.0,0.0,3.53,43.85,14.13,53.57,1.01,39.0,27.18,12.5,0.0,33.27,378.0
1871,11,136,899,0.44,41.72,18.92,38.58,17.85,43.15,55.17,6.48,0.33,45.66,26.63,0.0,89.6,41.82,18.89,41.89,0.67,35.33,14.05,83.33,0.22,63.5,4.94,50.0,1.67,34.46,17.2,66.66,1.0,61.11,22.98,11.11,0.0,34.23,432.0
1872,11,137,617,0.0,42.17,18.33,37.55,13.23,42.62,55.55,1.45,0.0,0.0,0.0,0.0,95.94,42.1,18.08,42.56,0.32,45.0,4.24,50.0,0.0,0.0,0.0,0.0,0.97,34.83,21.01,66.66,1.29,57.25,33.52,12.5,0.0,44.06,301.0
1873,11,138,628,0.15,42.63,18.63,47.2,23.44,43.47,20.0,0.79,0.0,0.0,0.0,0.0,94.41,42.55,18.65,42.22,0.0,0.0,0.0,0.0,0.0,0.0,0.0,0.0,4.3,43.74,17.53,81.48,0.47,44.66,28.04,0.0,0.0,32.97,343.0
1874,11,139,702,0.28,41.18,17.97,36.93,20.64,44.3,50.0,6.28,0.42,47.0,25.11,33.33,88.28,41.57,17.9,42.55,0.71,39.0,22.81,80.0,0.28,27.5,0.7,100.0,3.42,40.25,13.08,70.83,0.57,31.5,17.0,25.0,0.0,35.47,326.0
1875,11,140,741,0.26,40.65,18.62,45.47,22.63,44.8,26.08,3.11,0.4,36.0,34.17,100.0,83.62,40.5,18.22,41.1,1.08,35.62,13.0,75.0,0.81,29.83,25.14,33.33,9.47,41.11,18.66,78.57,1.48,48.81,22.59,36.36,0.0,30.81,358.0
1876,11,141,748,0.4,42.23,17.97,41.2,18.17,40.1,40.0,1.34,0.0,0.0,0.0,0.0,90.87,42.11,17.85,40.47,0.67,32.0,19.78,80.0,0.13,62.0,0.0,0.0,5.1,41.28,18.11,34.21,1.87,58.42,13.59,28.57,0.0,50.13,405.0
1877,11,143,634,1.1,42.26,17.71,47.0,16.78,44.79,57.14,1.11,0.0,0.0,0.0,0.0,89.79,42.01,17.89,44.58,0.79,41.2,18.49,20.0,0.47,52.66,11.37,33.33,6.69,40.66,17.09,40.47,1.11,51.71,9.1,71.42,0.0,55.47,329.0
1878,11,144,685,2.77,40.58,16.73,42.12,17.75,43.79,43.1,8.7,0.3,46.5,0.7,100.0,80.63,39.78,16.74,43.57,0.9,36.33,11.99,100.0,0.45,42.33,15.14,33.33,7.8,42.82,16.75,42.3,1.2,44.37,16.68,25.0,0.0,35.37,363.0
1879,11,145,368,0.54,40.76,16.19,42.37,17.23,43.47,41.66,6.55,0.0,0.0,0.0,0.0,84.42,40.28,16.07,42.71,0.81,40.33,18.92,66.66,0.81,62.33,18.61,0.0,6.28,41.65,15.05,60.86,1.09,44.25,20.53,0.0,0.0,35.43,183.0
1880,11,146,707,0.99,41.01,17.35,44.19,22.48,41.72,38.09,3.0,0.42,39.66,17.5,33.33,88.42,40.29,17.23,42.48,1.14,42.12,10.16,50.0,0.14,59.0,0.0,100.0,5.71,46.67,16.32,37.5,1.14,48.37,19.8,25.0,0.0,35.55,388.0
1881,11,147,486,2.88,41.12,18.49,43.45,21.53,43.62,35.0,4.23,0.42,49.5,38.89,100.0,87.5,39.97,18.19,42.37,1.27,45.66,26.74,66.66,0.21,46.0,0.0,100.0,4.87,45.65,13.01,60.86,1.48,52.85,23.5,14.28,0.0,39.32,266.0
1882,11,148,604,1.15,43.06,18.88,47.2,9.44,42.38,100.0,0.83,0.0,0.0,0.0,0.0,91.95,42.83,19.08,42.98,0.83,38.79,14.82,60.0,0.33,34.5,16.26,0.0,3.85,42.08,11.34,21.73,2.17,46.53,24.35,15.38,0.0,30.41,350.0
1883,11,unclear,1184,1.01,44.82,16.42,58.81,20.67,45.86,45.45,0.93,0.0,0.0,0.0,0.0,94.79,44.75,16.32,45.54,0.42,34.0,10.72,60.0,0.17,39.0,1.41,50.0,2.47,37.44,11.73,51.72,1.19,59.57,18.48,64.28,,,
1884,11,151,683,1.46,43.49,17.67,43.66,22.05,44.07,33.33,0.44,0.14,96.0,0.0,100.0,88.85,43.13,17.66,43.31,1.18,46.75,14.95,50.0,0.0,0.0,0.0,0.0,7.13,43.31,15.38,52.08,2.22,44.46,18.92,33.33,0.0,53.47,376.0
1885,11,153,750,1.06,40.15,18.13,39.21,14.05,44.0,42.85,3.77,0.26,59.5,9.19,50.0,88.81,39.81,18.13,44.0,1.75,41.92,15.37,76.92,0.0,0.0,0.0,0.0,4.17,39.41,16.57,41.93,1.21,43.88,24.75,0.0,0.0,50.56,427.0
1886,11,157,569,0.87,41.69,18.29,37.84,17.17,45.51,43.07,11.52,0.35,44.0,5.65,50.0,81.2,41.87,18.51,47.16,0.17,34.0,0.0,100.0,0.88,44.0,17.02,80.0,3.9,47.18,14.94,31.81,1.95,43.9,21.33,9.09,0.0,31.61,329.0
1887,11,158,408,0.24,41.03,18.17,40.66,15.42,45.58,50.0,1.47,0.0,0.0,0.0,0.0,93.85,40.63,18.25,46.59,0.0,0.0,0.0,0.0,0.24,62.0,0.0,100.0,1.96,43.12,11.87,50.0,2.45,50.6,19.2,0.0,0.0,35.44,236.0
1888,11,160,300,0.0,40.61,19.37,41.5,3.53,43.66,100.0,0.66,0.0,0.0,0.0,0.0,84.66,40.42,19.38,39.76,0.0,0.0,0.0,0.0,0.0,0.0,0.0,0.0,12.33,41.43,19.8,75.67,2.33,43.28,22.46,0.0,0.0,77.62,174.0
1889,11,unclear,1381,1.15,41.34,17.05,48.06,18.74,47.35,100.0,1.09,0.0,0.0,0.0,0.0,94.65,41.2,17.13,45.2,0.21,35.33,4.61,100.0,0.0,0.0,0.0,0.0,3.58,39.1,14.64,75.51,0.43,46.5,15.73,66.66,,,
1890,11,164,683,0.58,41.37,19.53,14.66,25.4,41.58,33.33,0.44,0.29,39.5,55.86,50.0,96.46,41.28,19.4,42.13,0.44,40.66,15.04,66.66,0.0,0.0,0.0,0.0,0.73,41.0,8.94,40.0,1.62,53.9,14.1,0.0,0.0,32.1,358.0
1891,11,165,700,0.42,40.01,19.34,23.0,10.28,41.28,12.5,1.14,0.14,27.0,0.0,0.0,93.68,40.16,19.18,41.34,0.57,28.75,21.5,100.0,0.0,0.0,0.0,0.0,3.01,43.28,22.7,47.61,1.43,43.6,25.02,20.0,0.0,35.72,370.0
1892,11,166,689,0.43,40.22,18.79,60.8,20.78,42.67,60.0,0.72,0.0,0.0,0.0,0.0,95.18,40.11,18.59,43.18,0.43,25.66,22.27,66.66,0.14,44.0,0.0,0.0,2.33,31.06,12.2,18.75,1.16,54.87,18.16,25.0,0.0,35.3,351.0
1893,11,169,688,0.72,41.35,19.0,44.5,17.39,45.34,50.0,0.87,0.0,0.0,0.0,0.0,91.94,41.13,18.72,45.22,0.43,35.66,32.62,0.0,0.0,0.0,0.0,0.0,6.14,39.71,19.36,54.76,0.58,63.75,22.6,0.0,0.0,37.22,407.0
1894,11,170,667,0.14,42.11,18.41,43.5,19.12,43.47,66.66,0.9,0.15,27.0,0.0,100.0,86.78,41.79,18.78,38.4,0.9,34.66,11.2,50.0,0.0,0.0,0.0,0.0,9.45,44.63,15.5,88.88,1.8,47.25,17.06,25.0,0.0,35.98,360.0
1895,11,unclear,1109,0.9,43.0,15.63,45.45,22.45,48.78,35.0,3.63,0.0,0.0,0.0,0.0,92.44,43.08,15.3,48.91,0.18,35.0,0.0,100.0,0.36,47.0,16.32,0.0,2.63,37.24,14.85,68.96,0.72,37.0,14.89,37.5,,,
1896,11,173,1032,0.67,42.43,18.04,46.11,17.12,40.89,44.44,0.87,0.19,65.0,0.0,50.0,88.39,41.82,18.13,37.3,0.48,46.0,15.6,80.0,0.48,60.0,19.41,60.0,7.7,44.51,16.51,82.27,1.85,46.15,17.24,21.05,0.0,29.46,534.0
1897,11,unclear,1069,1.3,40.96,15.13,47.4,15.15,46.67,55.55,2.55,0.0,0.0,0.0,0.0,94.5,40.55,14.96,45.93,0.66,35.42,12.63,42.85,0.0,0.0,0.0,0.0,1.89,45.85,16.67,60.0,0.37,35.75,10.56,50.0,,,
1898,11,unclear,1370,0.72,41.54,15.06,39.89,16.11,44.3,48.93,3.45,0.0,0.0,0.0,0.0,92.42,41.42,15.08,43.27,0.44,38.33,15.83,50.0,0.14,53.0,14.14,50.0,1.83,41.96,13.18,92.0,1.69,48.56,12.13,34.78,,,
1899,11,178,823,0.48,42.69,18.26,41.16,18.71,42.16,38.7,11.35,0.24,44.0,8.48,0.0,84.49,42.84,18.21,41.76,0.12,40.0,0.0,100.0,0.12,56.0,0.0,100.0,2.93,44.58,17.5,70.83,0.73,44.5,30.21,16.66,0.0,47.94,427.0
1900,11,181,716,0.27,38.84,17.99,34.11,15.23,43.71,47.05,2.38,0.14,39.0,0.0,0.0,91.45,38.8,18.0,42.72,0.98,44.0,15.86,57.14,0.0,0.0,0.0,0.0,4.06,39.93,20.92,72.41,0.98,44.57,18.03,14.28,0.0,49.85,359.0
1901,11,unclear,1202,0.16,41.07,15.13,42.75,17.22,45.84,50.0,1.0,0.0,0.0,0.0,0.0,94.75,41.18,15.18,44.23,0.0,0.0,0.0,0.0,0.08,50.0,0.0,0.0,3.66,38.88,13.94,90.9,0.5,30.83,10.14,16.66,,,
1902,11,185,767,0.13,43.87,18.69,50.87,14.35,43.67,50.0,1.04,0.26,53.5,7.77,50.0,93.6,43.48,18.29,43.79,0.52,43.25,15.84,100.0,0.52,33.75,23.81,0.0,2.21,40.64,26.16,52.94,1.82,62.0,19.63,14.28,0.0,30.52,391.0
1903,11,187,1043,0.76,40.16,19.24,38.92,17.99,43.52,38.46,1.25,0.0,0.0,0.0,0.0,92.65,40.22,19.26,43.48,0.48,31.2,9.39,80.0,0.38,46.0,12.4,25.0,3.57,38.48,20.06,62.16,1.64,39.11,24.48,17.64,0.0,30.04,506.0
1904,11,188,567,0.52,42.11,17.68,45.3,17.28,43.38,30.76,2.3,0.0,0.0,0.0,0.0,89.36,41.9,17.66,41.66,0.53,35.33,7.23,100.0,0.17,78.0,0.0,0.0,4.96,41.42,16.3,75.0,2.65,45.93,21.35,46.66,0.0,34.9,312.0
1905,11,189,892,0.44,41.07,18.06,38.15,19.0,41.81,42.1,2.13,0.0,0.0,0.0,0.0,89.86,40.68,18.27,42.98,1.01,45.11,18.25,77.77,0.56,46.6,7.6,0.0,3.82,43.58,13.02,38.23,2.47,51.31,17.23,9.09,0.0,39.15,417.0
1906,11,191,557,0.35,42.64,18.61,36.31,16.92,42.36,37.93,5.22,0.36,22.5,31.81,100.0,91.71,42.89,18.45,42.82,0.36,50.0,11.31,50.0,0.18,38.0,0.0,100.0,1.08,40.83,18.14,33.33,1.08,51.5,31.77,0.0,0.0,35.15,304.0
1907,11,193,979,0.1,42.22,20.2,44.37,28.89,43.0,25.0,0.81,0.0,0.0,0.0,0.0,89.36,42.54,20.42,41.07,0.51,30.4,17.52,20.0,0.0,0.0,0.0,0.0,7.56,38.45,16.41,75.67,1.73,44.47,20.43,17.64,0.0,32.76,596.0
1908,11,194,720,0.41,38.45,18.6,38.5,13.91,43.19,25.0,0.55,0.13,38.0,0.0,0.0,93.3,38.89,18.82,43.79,0.69,31.0,21.95,60.0,0.0,0.0,0.0,0.0,3.62,29.26,13.95,42.3,1.67,38.08,13.91,16.66,0.0,33.2,322.0
1909,11,195,792,0.25,41.81,18.04,46.85,17.43,42.04,42.85,0.88,0.0,0.0,0.0,0.0,93.03,41.83,17.86,40.95,0.75,21.66,12.01,66.66,0.12,84.0,0.0,0.0,3.79,40.0,16.59,80.0,1.39,52.45,22.24,9.09,0.0,33.22,461.0
1910,11,196,695,1.29,40.3,18.29,45.33,24.13,41.87,100.0,0.43,0.29,27.0,9.89,0.0,91.98,40.27,18.2,41.36,0.72,34.0,4.63,60.0,0.14,68.0,0.0,100.0,3.64,38.52,17.34,72.0,2.76,44.0,25.27,10.52,0.0,34.68,369.0
1911,11,197,276,0.0,42.23,18.57,0.0,0.0,42.02,0.0,0.0,0.0,0.0,0.0,0.0,79.71,42.2,19.34,30.0,0.0,0.0,0.0,0.0,0.0,0.0,0.0,0.0,19.92,42.47,15.43,89.09,0.36,36.0,0.0,100.0,0.0,37.12,156.0
1912,11,198,579,0.51,42.22,19.94,49.0,15.93,42.83,25.0,0.69,0.0,0.0,0.0,0.0,84.02,41.99,19.81,37.19,0.52,50.66,15.82,100.0,0.0,0.0,0.0,0.0,14.23,42.35,20.47,76.82,0.52,58.66,16.92,0.0,0.0,37.06,294.0
1913,11,199,495,0.2,43.78,19.75,66.0,0.0,40.2,100.0,0.2,0.0,0.0,0.0,0.0,88.25,43.27,19.92,35.09,0.0,0.0,0.0,0.0,0.0,0.0,0.0,0.0,10.72,46.28,17.88,83.01,0.8,55.25,22.42,0.0,0.0,39.03,265.0
1914,11,200,310,0.32,41.39,18.72,35.0,33.6,42.58,33.33,0.97,0.0,0.0,0.0,0.0,78.64,41.99,18.73,31.27,0.32,28.0,0.0,100.0,0.0,0.0,0.0,0.0,19.41,38.46,17.94,88.33,0.64,64.5,2.12,0.0,0.0,34.32,188.0
1915,11,201,414,0.48,40.97,17.32,38.5,19.09,40.82,50.0,0.48,0.0,0.0,0.0,0.0,85.43,40.97,17.21,37.21,0.0,0.0,0.0,0.0,0.24,54.0,0.0,0.0,11.16,41.43,17.1,69.56,2.66,41.09,21.16,45.45,0.0,33.76,254.0
1916,11,202,649,1.69,41.67,18.33,52.2,20.1,42.06,100.0,0.78,0.47,65.33,18.14,66.66,89.34,41.09,18.26,39.12,0.62,34.75,16.91,75.0,0.15,54.0,0.0,0.0,7.05,42.82,15.95,75.55,1.56,43.7,16.42,10.0,0.0,36.55,338.0
1917,11,203,659,0.91,43.01,17.94,47.5,16.26,43.39,0.0,0.3,0.0,0.0,0.0,0.0,89.89,42.82,17.91,43.1,0.76,47.6,16.99,40.0,0.76,59.6,18.18,40.0,6.89,41.64,15.68,57.77,1.37,43.88,20.19,11.11,0.0,36.01,366.0
1918,11,204,599,0.0,41.18,17.58,28.0,3.46,42.4,66.66,0.5,0.16,40.0,0.0,100.0,93.82,41.24,17.67,42.7,0.0,0.0,0.0,0.0,0.0,0.0,0.0,0.0,3.67,36.22,13.51,40.9,1.83,51.45,18.93,18.18,0.0,34.53,347.0
1919,11,205,795,0.62,41.28,18.71,35.0,36.59,44.9,66.66,0.37,0.25,21.5,2.12,50.0,88.73,41.14,18.78,42.22,0.75,31.66,21.96,33.33,0.5,50.75,11.58,50.0,7.84,41.38,16.85,74.19,1.51,46.08,13.22,25.0,0.0,36.55,489.0
1920,11,206,644,0.46,43.15,20.08,59.25,23.05,45.65,50.0,0.62,0.0,0.0,0.0,0.0,88.76,43.24,20.37,43.58,1.56,31.0,10.18,40.0,0.46,67.33,17.92,33.33,7.8,41.14,16.49,70.0,0.78,47.0,22.15,20.0,0.0,31.92,347.0
1921,11,unclear,1177,1.61,43.92,17.08,40.0,17.28,46.72,69.23,1.12,0.0,0.0,0.0,0.0,94.73,43.88,17.0,45.67,0.25,47.33,27.97,100.0,0.0,0.0,0.0,0.0,3.45,40.62,14.14,75.0,0.43,43.8,24.8,40.0,,,
1922,11,unclear,1233,2.35,45.85,16.78,50.82,15.97,45.98,48.57,2.9,0.0,0.0,0.0,0.0,92.1,45.59,16.82,45.26,0.41,26.2,6.01,60.0,0.08,51.0,0.0,0.0,2.65,41.09,12.02,43.75,1.82,56.36,17.99,68.18,,,
1923,11,211,616,0.97,42.28,17.99,72.0,11.4,42.53,60.0,0.81,0.32,54.0,11.31,100.0,93.44,41.79,17.83,42.28,0.0,0.0,0.0,0.0,0.0,0.0,0.0,0.0,4.26,41.53,17.61,50.0,1.14,46.85,13.38,0.0,0.0,32.0,380.0
1924,11,212,546,0.54,41.78,18.26,55.14,22.89,41.02,71.42,1.28,0.18,76.0,0.0,0.0,90.97,41.07,18.14,39.47,0.36,39.5,3.53,50.0,0.0,0.0,0.0,0.0,5.89,45.5,17.8,62.5,1.28,51.71,18.06,0.0,0.0,30.62,340.0
1925,11,213,966,0.72,42.69,17.81,45.0,18.54,43.06,33.33,0.62,0.0,0.0,0.0,0.0,90.19,42.59,17.74,43.23,0.93,41.55,9.0,22.22,0.1,0.0,0.0,0.0,6.67,43.4,17.55,53.12,1.45,40.64,21.43,7.14,0.0,35.12,576.0
1926,11,215,933,0.32,39.89,17.48,47.18,27.35,41.37,54.54,1.18,0.21,48.5,6.36,100.0,89.03,39.76,17.46,41.78,1.18,35.9,11.57,63.63,0.0,0.0,0.0,0.0,5.16,40.35,15.61,27.08,3.22,40.5,19.46,36.66,0.0,35.69,476.0
1927,11,2,0,0.0,0.0,0.0,0.0,0.0,0.0,0.0,0.0,0.0,0.0,0.0,0.0,0.0,0.0,0.0,0.0,0.0,0.0,0.0,0.0,0.0,0.0,0.0,0.0,0.0,0.0,0.0,0.0,0.0,0.0,0.0,0.0,0.0,0.0,0.0
1928,11,7,0,0.0,0.0,0.0,0.0,0.0,0.0,0.0,0.0,0.0,0.0,0.0,0.0,0.0,0.0,0.0,0.0,0.0,0.0,0.0,0.0,0.0,0.0,0.0,0.0,0.0,0.0,0.0,0.0,0.0,0.0,0.0,0.0,0.0,0.0,0.0
1929,11,8,770,0.9,42.59,19.09,38.58,9.92,43.63,50.0,1.57,0.0,0.0,0.0,0.0,90.03,42.22,19.2,43.66,0.26,48.5,7.77,100.0,0.39,44.66,20.2,0.0,4.84,40.37,12.67,56.75,2.88,54.09,24.8,22.72,0.0,0.0,437.0
1930,11,9,799,1.0,41.42,20.61,44.93,20.3,41.42,60.0,1.89,0.12,38.0,0.0,0.0,90.39,41.19,20.4,41.95,0.63,30.8,23.04,40.0,1.01,37.62,26.79,37.5,3.28,37.19,23.68,42.3,2.65,53.47,17.8,9.52,0.0,0.0,437.0
1931,11,10,0,0.0,0.0,0.0,0.0,0.0,0.0,0.0,0.0,0.0,0.0,0.0,0.0,0.0,0.0,0.0,0.0,0.0,0.0,0.0,0.0,0.0,0.0,0.0,0.0,0.0,0.0,0.0,0.0,0.0,0.0,0.0,0.0,0.0,0.0,0.0
1932,11,11,949,0.1,42.44,20.08,17.0,24.04,43.94,50.0,0.21,0.1,53.0,0.0,0.0,89.55,42.59,20.25,40.04,0.42,28.5,23.9,75.0,0.42,51.25,17.01,25.0,8.54,41.16,18.56,83.95,0.73,48.14,13.18,42.85,0.0,0.0,527.0
1933,11,12,468,0.42,39.56,18.76,40.0,28.28,43.8,50.0,0.42,0.0,0.0,0.0,0.0,92.91,39.23,18.64,44.57,1.28,41.0,25.29,33.33,0.42,63.0,8.48,50.0,3.43,37.87,18.79,43.75,1.5,53.14,12.42,0.0,0.0,0.0,253.0
1934,11,13,509,0.58,41.37,19.25,46.2,19.18,44.59,40.0,0.98,0.19,53.0,0.0,0.0,93.67,40.91,19.1,45.14,0.0,0.0,0.0,0.0,0.19,66.0,0.0,0.0,2.56,47.53,16.99,61.53,2.37,50.75,23.99,16.66,0.0,0.0,276.0
1935,11,14,533,0.18,41.04,18.62,35.72,17.88,45.02,36.36,2.06,0.37,50.0,18.38,50.0,90.22,41.15,18.31,45.62,0.37,31.0,2.82,50.0,0.56,35.0,4.35,33.33,3.38,37.55,17.2,55.55,3.0,49.12,27.59,18.75,0.0,0.0,312.0
1936,11,15,0,0.0,0.0,0.0,0.0,0.0,0.0,0.0,0.0,0.0,0.0,0.0,0.0,0.0,0.0,0.0,0.0,0.0,0.0,0.0,0.0,0.0,0.0,0.0,0.0,0.0,0.0,0.0,0.0,0.0,0.0,0.0,0.0,0.0,0.0,0.0
1937,11,19,344,0.29,42.14,19.61,0.0,0.0,42.44,0.0,0.0,0.29,40.0,0.0,0.0,84.54,41.83,20.07,38.27,0.58,51.5,9.19,0.0,0.0,0.0,0.0,0.0,13.11,42.37,16.52,75.55,1.45,52.8,25.36,20.0,0.0,0.0,189.0
1938,11,20,782,0.0,40.34,18.59,35.76,15.37,41.56,30.23,5.49,0.0,0.0,0.0,0.0,88.1,40.43,18.66,42.96,0.38,34.66,10.4,66.66,0.0,0.0,0.0,0.0,2.42,37.26,20.42,57.89,3.58,47.85,19.22,10.71,0.0,0.0,424.0
1939,11,21,0,0.0,0.0,0.0,0.0,0.0,0.0,0.0,0.0,0.0,0.0,0.0,0.0,0.0,0.0,0.0,0.0,0.0,0.0,0.0,0.0,0.0,0.0,0.0,0.0,0.0,0.0,0.0,0.0,0.0,0.0,0.0,0.0,0.0,0.0,0.0
1940,11,23,0,0.0,0.0,0.0,0.0,0.0,0.0,0.0,0.0,0.0,0.0,0.0,0.0,0.0,0.0,0.0,0.0,0.0,0.0,0.0,0.0,0.0,0.0,0.0,0.0,0.0,0.0,0.0,0.0,0.0,0.0,0.0,0.0,0.0,0.0,0.0
1941,11,26,0,0.0,0.0,0.0,0.0,0.0,0.0,0.0,0.0,0.0,0.0,0.0,0.0,0.0,0.0,0.0,0.0,0.0,0.0,0.0,0.0,0.0,0.0,0.0,0.0,0.0,0.0,0.0,0.0,0.0,0.0,0.0,0.0,0.0,0.0,0.0
1942,11,27,0,0.0,0.0,0.0,0.0,0.0,0.0,0.0,0.0,0.0,0.0,0.0,0.0,0.0,0.0,0.0,0.0,0.0,0.0,0.0,0.0,0.0,0.0,0.0,0.0,0.0,0.0,0.0,0.0,0.0,0.0,0.0,0.0,0.0,0.0,0.0
1943,11,30,731,0.27,42.93,18.78,51.0,10.14,42.81,66.66,0.41,0.0,0.0,0.0,0.0,94.92,42.71,18.9,42.48,0.13,0.0,0.0,0.0,0.0,0.0,0.0,0.0,2.74,41.7,15.03,75.0,1.78,54.76,9.95,0.0,0.0,0.0,420.0
1944,11,31,0,0.0,0.0,0.0,0.0,0.0,0.0,0.0,0.0,0.0,0.0,0.0,0.0,0.0,0.0,0.0,0.0,0.0,0.0,0.0,0.0,0.0,0.0,0.0,0.0,0.0,0.0,0.0,0.0,0.0,0.0,0.0,0.0,0.0,0.0,0.0
1945,11,32,641,0.0,41.6,18.23,25.0,7.07,41.49,50.0,0.31,0.0,0.0,0.0,0.0,90.17,42.02,18.26,39.1,0.46,39.66,6.42,33.33,0.15,64.0,0.0,0.0,7.48,34.39,17.01,79.16,1.4,54.88,12.66,0.0,0.0,0.0,385.0
1946,11,33,0,0.0,0.0,0.0,0.0,0.0,0.0,0.0,0.0,0.0,0.0,0.0,0.0,0.0,0.0,0.0,0.0,0.0,0.0,0.0,0.0,0.0,0.0,0.0,0.0,0.0,0.0,0.0,0.0,0.0,0.0,0.0,0.0,0.0,0.0,0.0
1947,11,36,0,0.0,0.0,0.0,0.0,0.0,0.0,0.0,0.0,0.0,0.0,0.0,0.0,0.0,0.0,0.0,0.0,0.0,0.0,0.0,0.0,0.0,0.0,0.0,0.0,0.0,0.0,0.0,0.0,0.0,0.0,0.0,0.0,0.0,0.0,0.0
1948,11,48,837,0.59,41.62,18.27,57.66,23.75,43.48,66.66,0.36,0.0,0.0,0.0,0.0,86.65,41.49,18.27,40.49,0.6,49.0,18.05,80.0,0.36,61.0,12.12,33.33,10.81,40.63,17.18,66.66,1.2,40.6,27.01,20.0,0.0,0.0,498.0
1949,11,50,528,0.37,41.73,20.8,51.5,2.12,43.93,50.0,0.38,0.0,0.0,0.0,0.0,95.43,41.36,20.87,43.22,0.38,43.5,23.33,100.0,0.0,0.0,0.0,0.0,2.85,43.6,14.22,66.66,0.95,51.4,22.78,20.0,0.0,0.0,317.0
1950,11,53,665,0.15,38.4,19.44,45.15,26.93,44.21,75.0,3.01,0.15,23.0,0.0,0.0,87.34,38.49,19.35,39.48,0.15,33.0,0.0,100.0,0.15,40.0,0.0,100.0,8.43,36.19,16.8,80.35,0.75,27.2,25.46,40.0,0.0,0.0,364.0
1951,11,55,866,0.11,40.94,19.01,39.7,20.5,44.57,58.82,1.96,0.23,32.5,9.19,50.0,91.67,40.76,18.88,44.51,0.69,25.0,20.84,66.66,0.11,69.0,0.0,0.0,3.93,44.79,20.1,44.11,1.38,51.58,17.71,25.0,0.0,0.0,468.0
1952,11,56,885,0.45,41.52,18.39,40.37,19.26,41.35,46.51,4.88,0.0,0.0,0.0,0.0,89.67,41.38,18.41,40.0,0.45,48.5,13.1,75.0,0.22,46.5,24.74,50.0,3.4,41.86,18.97,76.66,1.36,48.41,17.18,8.33,0.0,0.0,462.0
1953,11,58,379,0.26,42.16,17.68,13.0,18.38,43.79,50.0,0.52,0.26,80.0,0.0,100.0,89.68,41.47,17.46,43.06,0.26,60.0,0.0,0.0,0.52,48.5,26.16,0.0,6.61,47.76,16.99,64.0,2.11,50.25,16.0,12.5,0.0,0.0,238.0
1954,11,59,570,0.0,42.18,19.44,31.66,13.27,40.7,33.33,0.52,0.0,0.0,0.0,0.0,92.1,42.17,19.22,40.19,0.35,26.5,37.47,0.0,0.0,0.0,0.0,0.0,5.96,40.85,20.47,58.82,1.05,61.0,24.81,0.0,0.0,0.0,330.0
1955,11,65,0,0.0,0.0,0.0,0.0,0.0,0.0,0.0,0.0,0.0,0.0,0.0,0.0,0.0,0.0,0.0,0.0,0.0,0.0,0.0,0.0,0.0,0.0,0.0,0.0,0.0,0.0,0.0,0.0,0.0,0.0,0.0,0.0,0.0,0.0,0.0
1956,11,67,0,0.0,0.0,0.0,0.0,0.0,0.0,0.0,0.0,0.0,0.0,0.0,0.0,0.0,0.0,0.0,0.0,0.0,0.0,0.0,0.0,0.0,0.0,0.0,0.0,0.0,0.0,0.0,0.0,0.0,0.0,0.0,0.0,0.0,0.0,0.0
1957,11,68,642,1.24,42.13,18.58,46.75,25.39,44.54,12.5,1.26,0.0,0.0,0.0,0.0,92.11,41.45,18.24,44.52,1.41,41.88,13.39,44.44,0.0,0.0,0.0,0.0,3.31,47.9,14.89,66.66,1.89,44.25,28.89,8.33,0.0,0.0,360.0
1958,11,71,0,0.0,0.0,0.0,0.0,0.0,0.0,0.0,0.0,0.0,0.0,0.0,0.0,0.0,0.0,0.0,0.0,0.0,0.0,0.0,0.0,0.0,0.0,0.0,0.0,0.0,0.0,0.0,0.0,0.0,0.0,0.0,0.0,0.0,0.0,0.0
1959,11,73,0,0.0,0.0,0.0,0.0,0.0,0.0,0.0,0.0,0.0,0.0,0.0,0.0,0.0,0.0,0.0,0.0,0.0,0.0,0.0,0.0,0.0,0.0,0.0,0.0,0.0,0.0,0.0,0.0,0.0,0.0,0.0,0.0,0.0,0.0,0.0
1960,11,80,0,0.0,0.0,0.0,0.0,0.0,0.0,0.0,0.0,0.0,0.0,0.0,0.0,0.0,0.0,0.0,0.0,0.0,0.0,0.0,0.0,0.0,0.0,0.0,0.0,0.0,0.0,0.0,0.0,0.0,0.0,0.0,0.0,0.0,0.0,0.0
1961,11,82,845,3.55,42.25,18.83,46.74,21.18,45.91,45.45,6.74,0.98,48.5,23.72,62.5,82.33,41.22,18.83,43.96,0.85,39.57,11.5,71.42,0.36,51.66,4.72,33.33,6.74,40.27,15.57,65.45,1.96,54.31,22.67,50.0,0.0,0.0,460.0
1962,11,85,0,0.0,0.0,0.0,0.0,0.0,0.0,0.0,0.0,0.0,0.0,0.0,0.0,0.0,0.0,0.0,0.0,0.0,0.0,0.0,0.0,0.0,0.0,0.0,0.0,0.0,0.0,0.0,0.0,0.0,0.0,0.0,0.0,0.0,0.0,0.0
1963,11,86,780,1.15,40.87,17.44,37.5,14.84,44.1,36.93,14.39,0.64,27.6,27.03,80.0,76.65,41.01,17.56,42.47,0.9,33.71,23.24,71.42,0.77,54.33,10.38,16.66,5.18,43.17,16.48,75.0,1.42,45.54,20.91,45.45,0.0,0.0,451.0
1964,11,90,0,0.0,0.0,0.0,0.0,0.0,0.0,0.0,0.0,0.0,0.0,0.0,0.0,0.0,0.0,0.0,0.0,0.0,0.0,0.0,0.0,0.0,0.0,0.0,0.0,0.0,0.0,0.0,0.0,0.0,0.0,0.0,0.0,0.0,0.0,0.0
1965,11,95,0,0.0,0.0,0.0,0.0,0.0,0.0,0.0,0.0,0.0,0.0,0.0,0.0,0.0,0.0,0.0,0.0,0.0,0.0,0.0,0.0,0.0,0.0,0.0,0.0,0.0,0.0,0.0,0.0,0.0,0.0,0.0,0.0,0.0,0.0,0.0
1966,11,99,841,0.11,45.11,20.04,32.0,0.0,43.63,100.0,0.11,0.0,0.0,0.0,0.0,85.83,45.02,19.91,37.86,0.23,47.0,12.72,100.0,0.23,52.5,21.92,0.0,13.21,45.57,21.38,81.08,0.35,40.33,11.01,0.0,0.0,0.0,515.0
1967,11,100,0,0.0,0.0,0.0,0.0,0.0,0.0,0.0,0.0,0.0,0.0,0.0,0.0,0.0,0.0,0.0,0.0,0.0,0.0,0.0,0.0,0.0,0.0,0.0,0.0,0.0,0.0,0.0,0.0,0.0,0.0,0.0,0.0,0.0,0.0,0.0
1968,11,104,0,0.0,0.0,0.0,0.0,0.0,0.0,0.0,0.0,0.0,0.0,0.0,0.0,0.0,0.0,0.0,0.0,0.0,0.0,0.0,0.0,0.0,0.0,0.0,0.0,0.0,0.0,0.0,0.0,0.0,0.0,0.0,0.0,0.0,0.0,0.0
1969,11,106,0,0.0,0.0,0.0,0.0,0.0,0.0,0.0,0.0,0.0,0.0,0.0,0.0,0.0,0.0,0.0,0.0,0.0,0.0,0.0,0.0,0.0,0.0,0.0,0.0,0.0,0.0,0.0,0.0,0.0,0.0,0.0,0.0,0.0,0.0,0.0
1970,11,111,0,0.0,0.0,0.0,0.0,0.0,0.0,0.0,0.0,0.0,0.0,0.0,0.0,0.0,0.0,0.0,0.0,0.0,0.0,0.0,0.0,0.0,0.0,0.0,0.0,0.0,0.0,0.0,0.0,0.0,0.0,0.0,0.0,0.0,0.0,0.0
1971,11,113,0,0.0,0.0,0.0,0.0,0.0,0.0,0.0,0.0,0.0,0.0,0.0,0.0,0.0,0.0,0.0,0.0,0.0,0.0,0.0,0.0,0.0,0.0,0.0,0.0,0.0,0.0,0.0,0.0,0.0,0.0,0.0,0.0,0.0,0.0,0.0
1972,11,114,0,0.0,0.0,0.0,0.0,0.0,0.0,0.0,0.0,0.0,0.0,0.0,0.0,0.0,0.0,0.0,0.0,0.0,0.0,0.0,0.0,0.0,0.0,0.0,0.0,0.0,0.0,0.0,0.0,0.0,0.0,0.0,0.0,0.0,0.0,0.0
1973,11,116,0,0.0,0.0,0.0,0.0,0.0,0.0,0.0,0.0,0.0,0.0,0.0,0.0,0.0,0.0,0.0,0.0,0.0,0.0,0.0,0.0,0.0,0.0,0.0,0.0,0.0,0.0,0.0,0.0,0.0,0.0,0.0,0.0,0.0,0.0,0.0
1974,11,129,968,0.3,42.9,19.18,39.48,21.87,45.76,45.16,3.21,0.1,48.0,0.0,0.0,92.64,42.95,19.06,45.63,0.72,33.0,18.11,42.85,0.0,0.0,0.0,0.0,2.79,42.62,17.78,55.55,0.51,60.4,22.68,20.0,0.0,0.0,491.0
1975,11,130,0,0.0,0.0,0.0,0.0,0.0,0.0,0.0,0.0,0.0,0.0,0.0,0.0,0.0,0.0,0.0,0.0,0.0,0.0,0.0,0.0,0.0,0.0,0.0,0.0,0.0,0.0,0.0,0.0,0.0,0.0,0.0,0.0,0.0,0.0,0.0
1976,11,131,0,0.0,0.0,0.0,0.0,0.0,0.0,0.0,0.0,0.0,0.0,0.0,0.0,0.0,0.0,0.0,0.0,0.0,0.0,0.0,0.0,0.0,0.0,0.0,0.0,0.0,0.0,0.0,0.0,0.0,0.0,0.0,0.0,0.0,0.0,0.0
1977,11,133,951,1.36,41.12,18.7,39.29,19.97,46.68,51.35,3.94,0.31,22.66,22.03,100.0,88.27,41.25,18.51,45.16,0.95,32.55,14.56,44.44,0.1,0.0,0.0,100.0,4.58,39.83,20.09,60.46,1.81,44.41,16.67,47.05,0.0,0.0,423.0
1978,11,134,0,0.0,0.0,0.0,0.0,0.0,0.0,0.0,0.0,0.0,0.0,0.0,0.0,0.0,0.0,0.0,0.0,0.0,0.0,0.0,0.0,0.0,0.0,0.0,0.0,0.0,0.0,0.0,0.0,0.0,0.0,0.0,0.0,0.0,0.0,0.0
1979,11,142,774,1.16,39.23,17.29,34.6,15.91,44.31,30.43,3.0,0.39,57.0,28.51,33.33,89.01,38.85,16.99,44.34,0.78,42.0,20.42,33.33,0.26,57.0,1.41,50.0,4.7,44.13,15.09,55.55,1.83,44.85,25.98,42.85,0.0,0.0,381.0
1980,11,154,0,0.0,0.0,0.0,0.0,0.0,0.0,0.0,0.0,0.0,0.0,0.0,0.0,0.0,0.0,0.0,0.0,0.0,0.0,0.0,0.0,0.0,0.0,0.0,0.0,0.0,0.0,0.0,0.0,0.0,0.0,0.0,0.0,0.0,0.0,0.0
1981,11,155,0,0.0,0.0,0.0,0.0,0.0,0.0,0.0,0.0,0.0,0.0,0.0,0.0,0.0,0.0,0.0,0.0,0.0,0.0,0.0,0.0,0.0,0.0,0.0,0.0,0.0,0.0,0.0,0.0,0.0,0.0,0.0,0.0,0.0,0.0,0.0
1982,11,156,0,0.0,0.0,0.0,0.0,0.0,0.0,0.0,0.0,0.0,0.0,0.0,0.0,0.0,0.0,0.0,0.0,0.0,0.0,0.0,0.0,0.0,0.0,0.0,0.0,0.0,0.0,0.0,0.0,0.0,0.0,0.0,0.0,0.0,0.0,0.0
1983,11,159,0,0.0,0.0,0.0,0.0,0.0,0.0,0.0,0.0,0.0,0.0,0.0,0.0,0.0,0.0,0.0,0.0,0.0,0.0,0.0,0.0,0.0,0.0,0.0,0.0,0.0,0.0,0.0,0.0,0.0,0.0,0.0,0.0,0.0,0.0,0.0
1984,11,163,0,0.0,0.0,0.0,0.0,0.0,0.0,0.0,0.0,0.0,0.0,0.0,0.0,0.0,0.0,0.0,0.0,0.0,0.0,0.0,0.0,0.0,0.0,0.0,0.0,0.0,0.0,0.0,0.0,0.0,0.0,0.0,0.0,0.0,0.0,0.0
1985,11,167,0,0.0,0.0,0.0,0.0,0.0,0.0,0.0,0.0,0.0,0.0,0.0,0.0,0.0,0.0,0.0,0.0,0.0,0.0,0.0,0.0,0.0,0.0,0.0,0.0,0.0,0.0,0.0,0.0,0.0,0.0,0.0,0.0,0.0,0.0,0.0
1986,11,168,0,0.0,0.0,0.0,0.0,0.0,0.0,0.0,0.0,0.0,0.0,0.0,0.0,0.0,0.0,0.0,0.0,0.0,0.0,0.0,0.0,0.0,0.0,0.0,0.0,0.0,0.0,0.0,0.0,0.0,0.0,0.0,0.0,0.0,0.0,0.0
1987,11,179,786,1.39,40.51,17.77,34.84,17.03,43.12,41.3,5.93,0.9,34.57,17.43,71.42,84.64,41.17,17.88,42.68,1.03,35.62,11.84,62.5,0.9,42.71,11.84,28.57,5.03,41.38,18.62,58.97,1.54,37.25,15.89,25.0,0.0,0.0,369.0
1988,11,180,695,1.0,41.21,18.24,41.66,16.38,44.89,50.0,2.61,0.58,39.75,10.01,0.0,90.11,41.29,17.98,45.0,0.43,47.66,12.5,100.0,0.0,0.0,0.0,0.0,3.92,34.0,21.36,62.96,2.32,50.31,18.34,12.5,0.0,0.0,361.0
1989,11,182,0,0.0,0.0,0.0,0.0,0.0,0.0,0.0,0.0,0.0,0.0,0.0,0.0,0.0,0.0,0.0,0.0,0.0,0.0,0.0,0.0,0.0,0.0,0.0,0.0,0.0,0.0,0.0,0.0,0.0,0.0,0.0,0.0,0.0,0.0,0.0
1990,11,186,0,0.0,0.0,0.0,0.0,0.0,0.0,0.0,0.0,0.0,0.0,0.0,0.0,0.0,0.0,0.0,0.0,0.0,0.0,0.0,0.0,0.0,0.0,0.0,0.0,0.0,0.0,0.0,0.0,0.0,0.0,0.0,0.0,0.0,0.0,0.0
1991,11,190,732,0.4,39.94,18.23,30.05,22.87,43.3,15.0,2.74,0.0,0.0,0.0,0.0,91.35,40.26,18.1,44.44,0.13,30.0,0.0,0.0,0.27,43.0,7.07,0.0,4.52,38.48,16.69,48.48,0.96,40.57,16.97,14.28,0.0,0.0,382.0
1992,11,214,0,0.0,0.0,0.0,0.0,0.0,0.0,0.0,0.0,0.0,0.0,0.0,0.0,0.0,0.0,0.0,0.0,0.0,0.0,0.0,0.0,0.0,0.0,0.0,0.0,0.0,0.0,0.0,0.0,0.0,0.0,0.0,0.0,0.0,0.0,0.0
1993,11,216,0,0.0,0.0,0.0,0.0,0.0,0.0,0.0,0.0,0.0,0.0,0.0,0.0,0.0,0.0,0.0,0.0,0.0,0.0,0.0,0.0,0.0,0.0,0.0,0.0,0.0,0.0,0.0,0.0,0.0,0.0,0.0,0.0,0.0,0.0,0.0
1994,12,1,380,0.0,40.48,17.38,33.5,9.19,42.1,0.0,0.52,2.1,58.75,8.03,12.5,81.57,40.52,17.11,37.41,0.78,39.66,11.37,66.66,0.0,0.0,0.0,0.0,14.47,36.96,17.58,74.54,0.52,66.5,41.71,0.0,0.0,37.8,233.0
1995,12,3,560,0.35,41.23,18.55,61.42,24.43,42.5,57.14,1.25,2.32,44.3,20.75,46.15,85.84,40.35,18.11,39.66,0.35,26.5,37.47,50.0,0.0,0.0,0.0,0.0,8.96,43.42,18.47,70.0,1.25,61.0,11.31,14.28,0.0,61.59,262.0
1996,12,unclear,1185,1.09,43.88,15.75,41.77,16.83,45.31,44.26,5.2,0.0,0.0,0.0,0.0,89.33,43.72,15.63,43.64,0.08,33.0,0.0,100.0,0.51,55.66,16.99,16.66,4.09,43.27,13.27,77.08,0.76,54.55,20.73,66.66,,,
1997,12,6,357,0.0,40.91,18.31,46.66,10.26,43.13,33.33,0.84,0.84,69.66,7.63,0.0,87.39,41.0,18.47,39.42,0.0,0.0,0.0,0.0,0.28,47.0,0.0,0.0,8.96,36.09,15.17,87.5,1.68,43.16,22.16,33.33,0.0,38.97,194.0
1998,12,7,745,0.13,42.84,18.61,41.36,19.07,42.95,41.66,8.06,1.74,54.46,22.28,69.23,77.41,42.71,18.43,36.45,0.13,39.0,0.0,100.0,0.0,0.0,0.0,0.0,11.96,42.82,19.0,80.89,0.67,46.0,17.5,40.0,0.0,34.7,469.0
1999,12,8,743,0.0,43.34,19.09,45.6,13.9,41.72,40.0,0.67,1.21,46.55,22.74,33.33,92.73,43.01,19.12,42.38,0.53,41.0,25.85,0.0,0.4,51.33,12.85,33.33,2.96,50.0,17.94,40.9,1.48,45.9,18.74,27.27,0.0,36.98,394.0
2000,12,9,325,0.0,40.92,19.39,0.0,0.0,42.46,0.0,0.0,0.61,58.5,2.12,100.0,84.3,41.22,19.97,34.67,0.0,0.0,0.0,0.0,0.61,31.0,12.72,0.0,13.53,38.59,15.76,93.18,0.92,42.66,22.03,0.0,0.0,36.14,209.0
2001,12,10,921,0.0,42.59,18.72,31.6,11.84,42.99,80.0,0.54,0.54,34.79,5.35,0.0,86.21,42.67,18.91,36.77,0.43,33.0,6.21,100.0,0.1,26.0,0.0,0.0,11.29,43.83,18.05,91.34,0.86,37.75,19.65,12.5,0.0,33.74,559.0
2002,12,11,751,0.26,39.54,17.69,49.69,21.75,42.21,46.15,1.73,3.47,50.69,18.13,30.76,84.64,38.2,17.53,40.85,0.66,54.2,11.86,40.0,0.66,56.4,6.65,0.0,7.74,41.43,14.23,67.24,1.06,50.12,17.43,25.0,0.0,34.23,447.0
2003,12,12,382,0.0,40.64,18.36,20.0,0.0,47.12,100.0,0.26,1.04,44.0,10.86,25.0,89.52,40.75,18.44,46.19,0.78,27.0,27.0,33.33,0.0,0.0,0.0,0.0,6.28,35.79,12.8,70.83,2.09,56.5,21.56,25.0,0.0,41.32,214.0
2004,12,13,737,0.27,43.8,18.34,39.61,14.84,41.92,54.83,4.21,2.44,56.16,21.54,44.44,83.94,43.81,18.26,38.57,0.4,53.0,20.8,66.66,0.13,74.0,0.0,100.0,7.48,39.23,17.98,76.36,1.36,56.3,13.46,10.0,0.0,49.52,415.0
2005,12,16,793,0.75,39.13,20.0,40.2,20.59,41.74,31.03,11.05,3.55,38.64,22.97,50.0,73.44,38.97,19.77,40.83,2.16,41.05,20.29,58.82,0.12,37.0,0.0,100.0,8.64,36.55,18.43,55.88,1.01,55.0,27.71,25.0,0.0,44.35,405.0
2006,12,17,821,0.0,41.12,19.68,47.38,17.79,43.72,30.76,1.58,3.04,49.48,17.77,44.0,88.91,40.66,19.95,43.83,0.6,41.4,25.44,80.0,0.24,44.0,0.0,50.0,4.14,39.23,16.02,50.0,1.46,49.58,12.05,16.66,0.0,37.37,472.0
2007,12,19,707,0.0,43.26,18.46,48.23,23.01,42.57,29.41,2.4,2.82,53.95,21.51,25.0,81.04,42.75,18.09,36.12,0.28,36.5,3.53,100.0,0.0,0.0,0.0,0.0,12.58,43.08,19.17,89.88,0.84,47.33,12.51,33.33,0.0,36.01,405.0
2008,12,21,867,0.11,40.95,17.86,39.15,16.12,44.98,36.84,2.19,1.15,45.2,12.73,50.0,90.53,40.85,18.08,44.26,0.69,41.83,9.96,50.0,0.69,48.16,25.58,0.0,3.57,36.54,12.38,74.19,1.15,56.0,15.65,40.0,0.0,35.29,475.0
2009,12,22,526,0.0,43.78,19.74,38.0,0.0,42.58,0.0,0.19,1.52,52.5,15.8,37.5,88.97,43.71,19.58,39.95,0.95,43.2,16.6,80.0,0.57,62.0,28.79,0.0,7.41,43.33,21.12,74.35,0.38,11.5,16.26,50.0,0.0,37.45,313.0
2010,12,23,716,0.83,42.73,18.76,43.69,21.7,43.15,33.33,5.07,3.8,64.11,16.2,44.44,77.46,41.15,18.1,40.72,1.4,47.3,12.4,90.0,0.0,0.0,0.0,0.0,11.12,44.3,18.04,60.75,1.12,47.87,18.77,25.0,0.0,37.24,394.0
2011,12,24,723,0.0,42.06,18.13,46.33,22.02,43.56,44.44,1.24,4.28,55.58,15.26,38.7,85.89,41.71,17.79,42.02,0.69,31.8,21.98,40.0,0.0,0.0,0.0,0.0,7.19,40.76,17.77,67.3,0.69,18.39,25.98,20.0,0.0,52.71,362.0
2012,12,26,704,0.0,41.63,18.33,39.94,15.49,43.18,51.78,7.95,1.98,45.35,21.3,35.71,81.96,41.63,18.82,40.38,0.85,41.83,10.74,50.0,0.28,51.0,7.07,0.0,5.96,40.85,16.12,71.42,0.99,49.71,11.29,57.14,0.0,54.49,391.0
2013,12,27,798,0.12,41.22,17.11,40.1,15.8,42.98,32.14,3.51,1.75,34.64,23.73,42.85,83.31,41.26,16.8,40.81,0.25,48.5,16.26,100.0,0.25,51.0,4.24,0.0,8.9,39.42,17.89,71.83,2.0,52.56,20.34,18.75,0.0,34.32,481.0
2014,12,28,528,0.18,42.19,17.88,44.0,16.25,42.04,50.0,1.51,6.07,62.09,21.03,56.25,84.06,40.76,16.93,39.72,0.18,48.0,0.0,0.0,0.0,0.0,0.0,0.0,6.83,40.61,14.78,63.88,1.32,44.57,27.69,14.28,0.0,34.57,296.0
2015,12,29,787,0.63,42.71,19.2,44.07,18.25,42.05,42.85,1.79,2.81,55.36,22.78,50.0,83.5,41.98,19.19,38.43,1.02,52.0,22.49,75.0,0.38,52.33,11.93,33.33,9.2,43.15,16.56,69.44,1.27,41.2,23.29,40.0,0.0,51.02,446.0
2016,12,32,444,0.22,42.65,19.89,0.0,0.0,41.21,0.0,0.0,5.64,55.16,23.14,40.0,88.93,41.85,19.37,39.34,1.35,48.16,18.13,100.0,0.0,0.0,0.0,0.0,3.38,34.66,19.96,73.33,0.67,64.66,13.65,33.33,0.0,34.6,234.0
2017,12,33,710,0.14,40.34,18.76,38.84,13.63,42.53,57.89,2.67,1.12,55.87,8.96,75.0,83.63,39.86,18.83,36.59,0.14,28.0,0.0,100.0,0.14,67.0,0.0,0.0,10.86,39.42,17.93,83.11,1.41,62.4,17.12,30.0,0.0,38.04,348.0
2018,12,36,284,0.0,41.86,19.0,22.0,0.0,42.95,0.0,0.35,0.35,55.0,0.0,0.0,82.04,43.14,19.22,35.19,0.0,0.0,0.0,0.0,0.0,0.0,0.0,0.0,16.9,35.89,17.11,83.33,0.35,37.0,0.0,0.0,0.0,37.44,182.0
2019,12,37,643,0.15,42.96,18.89,52.28,11.49,43.23,85.71,1.09,1.71,51.54,26.92,45.45,87.85,42.7,18.93,40.78,0.62,43.75,14.63,25.0,0.15,35.0,0.0,0.0,7.78,44.28,17.13,70.0,0.77,23.2,2.77,20.0,0.0,35.37,397.0
2020,12,38,518,0.0,42.38,18.42,34.0,8.48,42.85,0.0,0.38,0.96,38.0,22.88,60.0,85.32,41.8,18.44,36.87,0.0,0.0,0.0,0.0,0.0,0.0,0.0,0.0,12.54,46.95,17.84,84.61,0.77,42.0,20.99,25.0,0.0,38.25,283.0
2021,12,39,725,0.13,43.38,17.36,49.07,17.92,45.65,55.55,3.72,3.59,59.03,14.77,46.15,79.55,41.91,17.02,42.01,0.96,53.57,16.72,28.57,0.0,0.0,0.0,0.0,11.6,46.05,17.6,70.23,0.55,36.0,7.61,0.0,0.0,31.86,427.0
2022,12,40,618,0.16,40.3,18.94,38.57,25.07,44.82,57.14,1.13,3.56,55.13,15.2,54.54,83.3,39.34,18.56,43.57,0.81,18.0,18.65,60.0,0.16,0.0,0.0,0.0,10.21,44.68,18.66,50.79,0.81,49.2,22.14,40.0,0.0,38.87,339.0
2023,12,unclear,1128,1.68,43.41,15.2,53.75,13.15,46.09,50.0,1.08,0.0,0.0,0.0,0.0,92.42,43.29,15.25,43.41,0.45,29.8,2.28,80.0,0.18,72.0,2.82,50.0,5.22,39.41,11.28,86.2,0.63,58.71,10.93,57.14,,,
2024,12,43,849,0.11,42.34,17.48,35.85,21.38,42.52,100.0,0.82,2.47,56.66,13.09,66.66,85.84,42.37,17.26,37.91,0.0,0.0,0.0,0.0,0.11,58.0,0.0,0.0,10.25,38.72,18.63,72.41,0.47,44.25,12.03,0.0,0.0,34.49,510.0
2025,12,44,663,0.0,44.49,17.8,44.35,14.53,44.04,41.17,2.56,0.15,50.0,0.0,100.0,82.8,44.23,18.25,37.34,0.0,0.0,0.0,0.0,0.0,0.0,0.0,0.0,14.32,45.96,15.8,83.15,0.15,44.0,0.0,0.0,0.0,56.58,365.0
2026,12,46,538,0.0,44.39,18.35,39.0,1.41,47.02,0.0,0.37,0.37,77.0,2.82,100.0,80.11,44.47,18.39,36.42,0.18,25.0,0.0,100.0,0.0,0.0,0.0,0.0,18.95,43.69,18.02,91.17,0.0,0.0,0.0,0.0,0.0,36.7,321.0
2027,12,47,945,0.1,42.45,17.35,41.92,17.28,43.49,52.94,5.4,4.97,54.36,16.17,40.42,79.97,41.5,17.2,40.0,0.52,38.2,22.01,40.0,0.0,0.0,0.0,0.0,8.15,43.11,15.7,74.02,0.95,56.11,20.73,33.33,0.0,34.05,537.0
2028,12,48,723,0.0,43.05,19.24,41.11,7.92,42.18,77.77,1.24,1.38,56.1,26.29,50.0,86.86,42.89,19.26,38.21,0.41,51.66,23.69,33.33,0.13,66.0,0.0,0.0,9.4,41.36,18.71,76.47,0.55,56.75,7.45,0.0,0.0,40.24,407.0
2029,12,49,791,0.37,41.85,18.78,39.56,19.1,42.22,43.75,2.03,4.18,55.48,13.47,39.39,82.36,40.69,18.37,40.21,1.01,37.25,29.39,62.5,0.12,63.0,0.0,100.0,8.62,44.39,20.61,60.29,1.64,51.61,15.51,30.76,0.0,35.95,434.0
2030,12,50,577,0.0,40.7,18.39,21.33,1.15,42.8,66.66,0.51,3.11,56.05,15.94,27.77,85.78,40.62,18.38,40.6,0.0,0.0,0.0,0.0,0.17,20.0,0.0,0.0,8.66,39.0,17.24,78.0,1.73,33.5,17.15,0.0,0.0,35.31,310.0
2031,12,51,948,0.21,41.18,18.47,40.29,19.88,42.51,51.85,2.85,2.43,50.34,22.5,30.43,88.16,40.52,18.29,43.04,0.95,42.33,18.31,66.66,0.1,60.0,0.0,0.0,4.12,45.43,18.43,35.89,1.37,51.0,11.65,23.07,0.0,34.8,500.0
2032,12,52,909,0.11,40.76,19.1,50.0,14.38,42.79,66.66,0.66,3.3,53.7,20.44,23.33,87.11,39.6,18.89,44.12,1.32,55.16,14.52,50.0,0.11,20.0,0.0,0.0,6.16,44.35,17.42,39.28,1.32,48.41,22.33,8.33,0.0,34.83,502.0
2033,12,54,734,0.13,41.03,19.31,51.66,10.05,43.32,50.0,0.81,1.63,44.58,21.55,33.33,81.58,40.14,19.69,37.29,0.4,41.0,11.53,66.66,0.95,62.71,13.48,42.85,13.77,43.43,16.6,80.19,0.81,45.16,19.71,33.33,0.0,37.37,353.0
2034,12,55,766,0.0,40.4,19.13,56.87,14.91,42.03,37.5,1.04,2.48,49.73,20.99,52.63,83.94,39.72,19.31,37.01,0.65,46.0,15.45,60.0,0.13,30.0,0.0,0.0,10.44,41.05,17.14,85.0,1.3,46.4,15.29,0.0,0.0,36.0,370.0
2035,12,56,919,0.21,41.66,19.25,56.5,0.7,41.67,50.0,0.21,6.76,62.3,18.23,40.32,86.8,39.74,18.11,41.08,0.54,38.79,23.14,20.0,0.1,85.0,0.0,0.0,4.36,44.4,21.01,62.5,1.19,46.18,26.6,18.18,0.0,37.82,483.0
2036,12,57,581,0.17,39.98,18.32,53.5,12.02,44.23,50.0,0.34,1.55,49.22,20.98,44.44,88.27,39.79,18.48,42.38,0.51,42.66,17.03,33.33,0.0,0.0,0.0,0.0,8.44,40.04,17.01,63.26,0.86,34.2,13.6,40.0,0.0,35.8,285.0
2037,12,59,639,0.15,41.28,17.88,37.86,11.18,42.09,50.0,5.64,0.94,60.16,21.2,16.66,86.67,41.48,18.4,41.59,0.47,45.33,20.0,66.66,0.0,0.0,0.0,0.0,4.54,37.62,11.01,48.27,1.72,41.63,18.13,27.27,0.0,54.38,352.0
2038,12,62,623,0.16,43.04,19.41,39.0,15.07,41.89,16.66,0.96,0.64,64.75,20.15,50.0,83.44,42.95,19.63,34.87,0.48,42.66,6.5,33.33,0.16,36.0,0.0,0.0,14.14,42.62,18.5,85.22,0.16,67.0,0.0,0.0,0.0,37.7,402.0
2039,12,64,431,0.23,40.26,18.5,42.18,13.8,44.77,50.0,3.72,0.69,41.66,14.15,33.33,85.58,39.62,19.09,40.76,0.93,37.75,9.5,100.0,0.69,34.0,12.28,33.33,7.67,45.24,15.14,84.84,0.69,58.0,6.0,0.0,0.0,36.71,243.0
2040,12,65,703,0.14,45.52,19.88,35.75,23.19,42.1,37.5,1.13,2.13,59.26,23.94,53.33,88.17,45.32,19.84,40.06,0.99,49.85,19.78,57.14,0.0,0.0,0.0,0.0,6.12,46.55,16.78,60.46,1.42,40.0,20.1,60.0,0.0,35.2,395.0
2041,12,66,572,0.0,41.94,18.62,46.8,24.4,42.48,60.0,0.87,0.52,37.0,8.66,33.33,94.23,41.84,18.68,41.74,1.04,36.83,9.15,66.66,0.0,0.0,0.0,0.0,3.14,46.38,19.83,55.55,0.17,37.0,0.0,0.0,0.0,36.72,332.0
2042,12,unclear,1158,2.5,44.08,15.33,42.94,13.69,46.28,49.54,9.83,0.0,0.0,0.0,0.0,85.47,44.1,15.41,43.83,0.7,41.0,15.91,87.5,0.17,33.5,4.94,50.0,2.92,42.3,15.78,87.87,0.88,53.2,18.34,60.0,,,
2043,12,70,487,0.0,40.54,17.55,33.6,14.51,41.06,40.0,1.02,0.82,51.25,6.39,25.0,94.66,40.47,17.74,40.56,0.41,54.5,2.12,100.0,0.0,0.0,0.0,0.0,2.66,39.53,14.96,61.53,0.41,44.0,12.72,0.0,0.0,41.95,169.0
2044,12,71,843,0.0,43.98,20.3,31.3,17.67,44.48,50.0,1.18,0.47,38.5,32.34,50.0,85.29,44.43,20.61,39.49,0.23,41.5,9.19,50.0,0.23,49.0,5.65,50.0,11.74,42.03,17.91,80.8,0.83,45.42,19.32,28.57,0.0,43.68,496.0
2045,12,75,1038,0.09,42.99,19.0,41.57,8.01,40.94,57.14,0.67,2.79,53.17,17.15,44.82,92.28,42.84,18.97,40.12,0.28,37.33,17.24,0.0,0.0,0.0,0.0,0.0,2.5,40.69,19.1,65.38,1.44,40.33,24.33,40.0,0.0,37.16,614.0
2046,12,81,576,0.0,44.33,18.22,45.75,28.7,40.79,75.0,0.69,0.34,72.5,4.94,100.0,93.92,44.17,18.2,39.74,1.38,49.62,16.48,62.5,0.0,0.0,0.0,0.0,2.95,40.11,15.64,52.94,0.69,58.25,16.64,25.0,0.0,40.86,304.0
2047,12,82,439,0.0,44.02,19.69,43.66,20.13,43.28,44.44,2.05,0.45,40.0,0.0,50.0,88.83,43.75,19.98,41.28,0.91,34.25,10.01,50.0,0.22,47.0,0.0,100.0,7.06,48.12,17.88,61.29,0.45,56.0,11.31,100.0,0.0,33.48,247.0
2048,12,76,931,0.0,42.68,19.2,48.14,31.17,41.13,42.85,0.75,0.75,46.71,21.51,71.42,93.01,42.33,19.01,40.41,0.21,44.0,0.0,50.0,0.21,58.5,20.5,0.0,3.97,44.91,18.58,56.75,1.07,54.7,26.19,30.0,0.0,38.09,485.0
2049,12,78,729,0.0,44.54,18.68,47.0,14.14,43.34,100.0,0.27,0.54,37.25,7.27,25.0,95.33,44.66,18.62,43.3,1.64,32.41,21.03,41.66,0.0,0.0,0.0,0.0,1.23,41.88,14.22,66.66,0.96,60.14,21.45,14.28,0.0,39.19,437.0
2050,12,79,867,0.0,44.28,18.5,55.1,20.76,43.13,60.0,1.15,2.99,56.3,17.68,61.53,91.23,43.83,18.27,41.97,0.8,42.0,13.98,57.14,0.11,25.0,0.0,100.0,3.57,42.51,21.36,45.16,0.11,67.0,0.0,100.0,0.0,40.12,472.0
2051,12,80,799,0.0,44.68,19.6,48.66,18.52,41.05,50.0,0.75,3.75,61.86,17.47,43.33,90.98,43.79,19.22,40.3,0.75,42.16,16.78,50.0,0.37,23.33,21.38,0.0,2.75,53.72,20.45,72.72,0.62,42.4,30.87,0.0,0.0,39.0,432.0
2052,12,83,900,0.0,42.93,19.33,37.5,24.74,40.88,100.0,0.22,0.33,59.33,11.59,66.66,96.11,42.7,19.25,40.0,0.33,32.66,15.53,66.66,0.0,0.0,0.0,0.0,2.55,48.43,21.07,69.56,0.44,58.75,24.4,0.0,0.0,35.98,524.0
2053,12,84,901,0.0,45.85,19.35,47.33,16.73,42.17,66.66,1.66,2.21,53.5,21.05,35.0,89.9,45.62,19.1,40.61,0.88,43.62,14.97,62.5,0.0,0.0,0.0,0.0,5.21,46.89,23.93,61.7,0.11,27.0,0.0,0.0,0.0,33.94,534.0
2054,12,90,671,0.14,42.63,17.81,42.66,12.44,41.87,41.66,1.79,4.32,51.79,15.86,55.17,87.01,42.13,17.53,41.5,0.74,38.2,4.02,60.0,0.44,34.33,33.08,0.0,4.77,39.25,20.41,40.62,0.89,71.16,17.63,16.66,0.0,37.17,382.0
2055,12,92,583,0.0,46.39,19.97,31.0,7.81,44.76,33.33,0.51,0.34,31.0,2.82,100.0,87.82,46.72,19.86,41.99,1.02,38.16,24.92,33.33,0.34,59.5,10.6,50.0,8.57,44.46,20.76,76.0,1.37,50.12,23.13,25.0,0.0,31.0,350.0
2056,12,93,742,0.13,42.64,19.85,40.5,21.23,42.18,50.0,1.07,0.8,48.66,22.1,33.33,90.28,42.63,19.76,40.35,1.07,42.62,13.35,37.5,0.0,0.0,0.0,0.0,5.53,45.56,21.43,73.17,1.21,26.88,18.97,44.44,0.0,34.27,376.0
2057,12,94,1024,0.09,45.82,19.74,39.62,19.84,45.21,25.0,0.78,0.78,37.25,28.99,62.5,90.22,45.56,19.49,42.68,0.78,43.25,18.26,50.0,0.29,28.66,32.51,0.0,6.45,51.53,20.33,81.81,0.68,52.71,26.48,42.85,0.0,31.68,526.0
2058,12,95,1036,1.64,40.61,18.0,38.75,17.75,46.13,45.94,3.63,3.72,41.07,18.79,47.36,83.02,40.45,17.86,42.55,1.27,45.23,20.16,61.53,0.39,36.75,31.54,50.0,6.18,43.73,18.57,82.53,1.76,38.72,16.42,61.11,0.0,36.63,517.0
2059,12,99,626,0.15,40.1,16.96,39.5,3.41,40.73,50.0,0.64,0.95,44.5,10.83,33.33,88.64,40.15,17.17,38.8,0.47,27.33,7.5,66.66,0.32,37.0,15.55,0.0,7.67,39.08,17.1,70.83,1.28,46.25,12.72,0.0,0.0,32.32,332.0
2060,12,100,791,0.25,41.54,17.42,41.55,12.4,42.09,22.22,1.14,2.4,48.89,19.73,42.1,83.14,41.31,17.33,40.09,0.88,43.0,13.55,57.14,0.25,42.5,31.81,0.0,10.89,42.17,17.26,61.62,1.26,33.5,24.3,20.0,0.0,34.46,443.0
2061,12,101,576,0.17,42.44,19.25,35.0,13.58,45.31,50.0,0.69,1.04,59.0,21.29,50.0,84.86,42.4,19.4,38.52,0.52,36.66,2.3,66.66,0.17,46.0,0.0,0.0,12.52,41.52,18.49,90.27,0.17,47.0,0.0,0.0,0.0,34.98,358.0
2062,12,102,912,0.0,43.04,19.76,40.93,18.29,41.66,37.5,1.75,0.21,30.0,2.82,0.0,85.63,42.83,19.84,35.59,0.1,58.0,0.0,0.0,0.0,0.0,0.0,0.0,11.84,44.29,19.54,87.96,0.43,61.0,16.57,25.0,0.0,36.04,545.0
2063,12,103,703,0.0,41.78,19.28,37.21,18.34,42.24,42.85,1.99,0.42,29.66,27.06,33.33,89.9,41.85,19.43,40.82,0.14,40.0,0.0,0.0,0.14,23.0,0.0,100.0,5.54,39.53,14.2,79.48,1.84,54.0,22.46,0.0,0.0,33.04,412.0
2064,12,104,730,0.0,42.4,19.61,47.87,25.62,40.95,25.0,1.09,0.95,48.57,17.51,100.0,89.58,42.26,19.27,39.75,1.36,40.0,22.73,60.0,0.41,38.33,36.63,0.0,5.47,39.22,20.64,60.0,1.09,63.12,20.5,0.0,0.0,34.99,433.0
2065,12,105,888,0.0,41.82,18.21,30.5,28.51,41.89,50.0,0.9,1.01,52.33,27.4,88.88,89.86,41.66,17.97,38.47,0.67,57.16,23.35,83.33,0.0,0.0,0.0,0.0,6.53,42.39,16.45,79.31,1.01,42.11,21.06,22.22,0.0,37.81,504.0
2066,12,106,670,0.59,44.11,17.92,45.22,17.79,42.53,38.7,4.65,2.55,57.0,13.56,41.17,86.78,43.47,17.41,41.86,0.6,52.5,40.21,50.0,0.0,0.0,0.0,0.0,4.5,43.1,19.28,56.66,0.9,48.16,30.34,33.33,0.0,35.07,383.0
2067,12,107,673,0.29,42.69,18.38,50.37,17.59,45.61,62.5,1.19,1.93,48.23,21.53,38.46,87.03,42.44,18.51,43.15,0.74,30.0,18.98,60.0,0.44,41.0,5.29,0.0,7.45,40.64,13.86,78.0,1.19,59.5,21.2,12.5,0.0,36.92,364.0
2068,12,97,972,0.0,41.66,19.28,41.22,19.65,42.79,40.74,2.77,1.33,48.07,10.97,61.53,86.0,41.64,19.44,40.07,1.13,32.63,17.16,72.72,0.3,32.0,15.58,0.0,6.89,42.7,19.92,76.11,1.54,41.66,13.98,20.0,0.0,33.05,486.0
2069,12,98,921,0.21,41.44,19.14,36.25,18.93,40.6,37.5,2.61,1.95,46.22,20.8,55.55,86.83,41.55,19.17,37.71,0.43,43.0,7.74,25.0,0.0,0.0,0.0,0.0,7.18,41.43,19.53,77.27,0.97,36.55,15.89,22.22,0.0,28.49,473.0
2070,12,unclear,1266,0.78,42.53,15.55,38.02,13.38,45.57,52.63,3.02,0.0,0.0,0.0,0.0,91.71,42.54,15.66,44.18,0.31,39.75,5.73,75.0,0.23,54.33,10.4,0.0,3.58,44.84,15.02,73.33,1.11,44.85,13.24,50.0,,,
2071,12,110,830,0.0,44.09,17.86,36.5,13.43,40.6,100.0,0.24,1.56,46.38,21.53,53.84,87.83,44.16,18.01,36.62,0.12,44.0,0.0,100.0,0.0,0.0,0.0,0.0,9.03,42.76,16.21,76.0,1.2,47.4,17.47,30.0,0.0,35.85,487.0
2072,12,111,627,0.0,42.45,17.49,39.33,15.06,43.85,22.22,1.43,0.47,53.0,7.0,0.0,89.31,42.35,17.8,42.32,0.47,47.66,23.45,33.33,0.0,0.0,0.0,0.0,7.33,42.36,14.5,73.91,0.95,49.16,15.05,16.66,0.0,37.67,347.0
2073,12,112,678,0.88,40.22,17.99,48.11,6.77,45.13,66.66,1.33,3.12,52.52,18.37,52.38,84.22,39.69,17.52,41.69,0.44,32.33,12.5,66.66,0.0,0.0,0.0,0.0,10.26,38.94,20.36,68.11,0.59,44.5,24.07,50.0,0.0,34.42,408.0
2074,12,113,830,0.24,42.27,18.22,43.88,15.16,43.49,33.33,1.08,2.41,54.0,16.71,40.0,85.62,41.54,18.1,41.6,0.48,38.75,16.5,50.0,1.08,53.77,28.92,22.22,7.97,42.74,16.22,71.21,1.32,51.72,21.59,18.18,0.0,35.85,475.0
2075,12,114,676,0.14,42.17,18.95,39.28,9.84,42.75,42.85,1.03,2.07,51.92,23.2,42.85,90.66,41.94,19.01,41.5,0.74,38.0,2.34,60.0,0.0,0.0,0.0,0.0,4.29,42.48,16.94,68.96,1.18,47.37,24.41,37.5,0.0,37.63,372.0
2076,12,115,637,0.15,40.72,18.29,43.93,22.21,44.11,50.0,2.51,3.3,47.52,22.04,33.33,86.79,39.77,17.51,44.2,0.94,52.0,19.66,50.0,0.0,0.0,0.0,0.0,4.87,44.03,20.29,58.06,1.57,54.1,28.27,0.0,0.0,37.67,347.0
2077,12,116,435,0.45,40.82,18.2,39.66,28.21,41.37,100.0,0.69,0.92,55.25,4.57,75.0,90.06,41.02,18.32,40.25,0.46,27.5,10.6,100.0,0.0,0.0,0.0,0.0,6.23,36.7,15.36,51.85,1.61,37.0,22.34,0.0,0.0,38.99,231.0
2078,12,117,861,0.34,42.14,17.99,38.6,12.96,43.67,44.0,5.82,3.26,49.96,17.99,50.0,82.63,41.73,18.04,42.03,0.81,53.71,24.09,85.71,0.81,37.42,18.1,28.57,4.77,43.73,16.38,58.53,1.86,55.81,17.77,50.0,0.0,36.17,458.0
2079,12,118,446,0.0,41.27,17.66,0.0,0.0,46.41,0.0,0.0,9.19,53.48,19.79,48.78,84.97,39.84,16.87,44.59,0.44,26.0,1.41,0.0,0.22,65.0,0.0,0.0,4.93,43.5,18.92,81.81,0.22,40.0,0.0,0.0,0.0,39.97,251.0
2080,12,unclear,1266,2.29,44.46,16.29,49.32,17.38,45.41,52.0,2.02,0.0,0.0,0.0,0.0,93.37,43.88,16.18,44.58,0.88,46.63,17.0,45.45,0.32,61.75,17.13,25.0,2.5,43.64,13.01,54.83,0.88,49.45,15.07,63.63,,,
2081,12,121,756,0.39,41.7,18.39,41.5,15.62,43.78,45.0,2.65,3.32,46.08,23.9,52.0,87.64,41.33,18.21,42.57,0.66,43.2,9.44,80.0,0.53,51.5,25.47,25.0,4.11,46.32,16.24,64.51,1.06,33.37,28.48,0.0,0.0,33.97,412.0
2082,12,122,683,0.14,41.2,18.41,49.96,18.68,40.55,40.0,3.66,1.17,61.5,11.52,75.0,78.59,41.41,18.29,31.34,0.0,0.0,0.0,0.0,0.0,0.0,0.0,0.0,15.98,36.42,17.48,83.48,0.58,44.0,23.33,50.0,0.0,41.01,354.0
2083,12,124,601,0.49,41.37,17.99,47.06,21.38,41.93,40.0,2.5,1.83,48.9,24.7,18.18,88.46,41.34,17.54,42.34,0.33,22.0,2.82,50.0,0.83,39.2,16.22,20.0,5.01,35.13,17.79,46.66,1.0,53.83,17.99,50.0,0.0,36.33,283.0
2084,12,125,793,0.37,44.23,20.02,42.25,17.05,41.74,50.0,0.5,1.89,53.2,16.16,60.0,86.07,44.55,20.08,36.76,0.25,24.5,34.64,100.0,0.25,30.0,42.42,50.0,10.25,39.25,18.57,79.01,0.75,56.0,16.78,33.33,0.0,33.19,503.0
2085,12,126,873,0.11,43.32,19.86,12.83,23.06,41.46,66.66,0.68,1.14,53.2,25.24,30.0,91.51,43.09,19.43,40.72,0.34,37.33,10.59,100.0,0.34,49.0,25.35,0.0,4.7,48.17,20.38,60.97,1.26,53.81,23.68,9.09,0.0,36.87,504.0
2086,12,127,721,0.13,40.77,20.16,57.25,8.61,40.22,50.0,0.55,1.66,57.16,18.18,33.33,90.97,39.92,20.37,39.38,0.27,36.5,13.43,0.0,0.41,54.0,15.39,33.33,4.86,45.68,16.23,62.85,1.25,49.22,11.69,22.22,0.0,36.25,421.0
2087,12,128,826,0.48,40.82,20.2,23.57,30.37,42.0,57.14,0.85,2.79,54.82,24.09,78.26,90.02,40.16,19.45,40.4,0.6,46.2,21.56,0.0,0.24,64.0,1.41,0.0,4.37,41.5,22.68,63.88,1.09,44.33,23.55,22.22,0.0,33.7,465.0
2088,12,129,880,0.0,41.15,18.27,37.69,14.06,42.15,38.77,5.56,0.45,48.0,22.87,25.0,87.84,40.86,18.52,40.87,1.02,45.55,19.98,66.66,0.0,0.0,0.0,0.0,4.09,46.02,14.93,77.77,1.02,58.66,15.35,11.11,0.0,35.9,506.0
2089,12,130,706,0.0,43.4,19.02,61.0,24.75,42.35,66.66,0.42,0.84,51.5,13.57,50.0,88.52,42.82,18.58,40.79,0.42,32.33,8.38,33.33,0.0,0.0,0.0,0.0,7.22,44.27,20.98,74.5,2.54,57.22,23.98,0.0,0.0,35.46,406.0
2090,12,131,962,1.55,43.51,18.92,41.56,18.25,41.68,37.12,13.93,6.01,56.61,20.84,57.89,71.27,41.95,18.42,40.88,0.52,50.4,21.68,80.0,0.42,42.5,22.15,0.0,6.65,45.01,17.36,49.2,1.16,53.36,14.26,54.54,0.0,33.7,525.0
2091,12,133,819,0.36,41.28,18.2,40.88,21.53,42.61,22.22,1.1,3.79,56.35,19.6,48.38,85.78,40.13,17.8,40.28,0.73,55.83,20.88,83.33,0.0,0.0,0.0,0.0,7.72,42.38,16.81,63.49,0.85,52.42,10.24,28.57,0.0,38.32,431.0
2092,12,134,502,2.19,38.41,18.76,41.37,22.9,41.63,62.5,1.62,8.14,51.42,19.73,47.5,80.85,36.45,17.89,41.3,1.83,36.0,11.01,55.55,0.4,37.0,0.0,0.0,4.68,40.65,15.4,47.82,2.44,42.33,26.7,25.0,0.0,31.23,263.0
2093,12,135,948,0.1,43.26,18.09,39.6,26.08,41.98,40.0,0.52,1.26,42.16,24.26,50.0,84.79,43.23,18.12,36.11,0.52,44.4,10.69,40.0,0.21,77.0,0.0,50.0,11.93,42.68,16.77,83.18,0.73,50.0,20.83,42.85,0.0,37.99,555.0
2094,12,136,415,0.0,39.34,17.44,0.0,0.0,46.26,0.0,0.0,0.72,29.0,25.35,33.33,85.78,39.24,17.61,39.88,0.48,32.5,6.36,50.0,0.24,50.0,0.0,100.0,12.53,40.0,15.66,90.38,0.24,77.0,0.0,0.0,0.0,32.84,224.0
2095,12,138,820,0.73,43.36,18.72,38.0,15.73,43.9,41.66,4.42,2.94,54.12,15.13,50.0,83.53,42.78,18.83,42.79,1.22,42.3,23.56,80.0,0.12,40.0,0.0,0.0,4.79,45.35,16.93,53.84,2.94,52.66,16.56,37.5,0.0,45.8,434.0
2096,12,141,649,0.46,39.51,17.85,42.07,19.4,42.06,35.71,2.16,1.39,47.66,23.41,66.66,86.22,39.26,17.5,42.54,1.39,35.88,17.3,44.44,0.0,0.0,0.0,0.0,7.12,38.13,19.61,41.3,1.7,49.27,21.7,9.09,0.0,37.47,325.0
2097,12,142,737,0.0,44.19,17.74,40.66,9.81,42.46,66.66,0.4,1.76,52.53,15.05,38.46,91.85,44.05,18.06,43.57,0.27,43.5,7.77,50.0,0.27,62.5,7.77,0.0,4.74,41.71,12.56,28.57,0.67,54.2,12.0,0.0,0.0,49.17,385.0
2098,12,144,701,0.0,42.85,19.19,43.0,16.98,41.22,44.44,1.28,1.14,45.12,16.59,12.5,91.01,42.67,19.38,41.69,0.42,44.66,14.43,66.66,0.14,28.0,0.0,0.0,4.56,40.62,15.03,46.87,1.42,60.9,18.39,10.0,0.0,52.41,351.0
2099,12,145,703,0.14,42.35,18.88,66.5,16.26,42.95,0.0,0.28,1.7,42.16,20.43,41.66,90.17,42.31,18.96,43.12,0.56,47.0,16.79,75.0,0.42,54.66,15.69,0.0,6.26,39.45,17.4,45.45,0.56,60.0,9.55,0.0,0.0,41.65,346.0
2100,12,147,904,0.11,43.88,18.55,35.0,10.79,42.25,38.46,1.43,1.43,57.69,19.49,53.84,85.04,43.48,18.1,38.8,0.22,30.0,0.0,50.0,0.0,0.0,0.0,0.0,10.07,44.67,20.02,76.92,1.77,55.43,27.0,6.25,0.0,37.43,466.0
2101,12,148,757,0.0,45.62,19.66,0.0,0.0,42.0,0.0,0.13,0.0,0.0,0.0,0.0,79.78,46.24,20.08,29.96,0.0,0.0,0.0,0.0,0.0,0.0,0.0,0.0,20.07,43.46,17.47,90.13,0.0,0.0,0.0,0.0,0.0,39.68,394.0
2102,12,unclear,969,1.13,46.64,16.66,43.58,17.15,43.13,43.58,4.07,0.0,0.0,0.0,0.0,93.63,46.95,16.63,43.03,0.31,47.0,18.24,66.66,0.41,44.5,22.12,25.0,1.35,39.3,17.68,53.84,0.2,41.0,15.55,0.0,,,
2103,12,152,864,0.92,41.79,18.06,31.4,19.9,40.97,66.66,1.75,3.97,49.5,20.21,35.29,83.52,41.41,17.55,40.27,1.4,44.83,20.73,75.0,0.7,57.83,16.72,50.0,7.35,41.28,17.9,34.92,1.28,48.81,21.89,54.54,0.0,31.69,473.0
2104,12,153,651,0.46,43.0,18.59,43.37,22.26,39.78,37.5,2.46,2.77,56.72,17.71,50.0,87.65,41.94,18.18,39.96,0.77,55.8,12.51,20.0,0.3,45.5,4.94,0.0,4.16,48.62,19.57,37.03,1.85,47.33,22.89,33.33,0.0,39.38,292.0
2105,12,154,854,0.46,43.37,19.07,45.9,22.17,43.44,80.0,1.17,4.58,53.92,20.13,46.15,87.88,42.61,19.03,42.3,1.05,36.66,14.62,77.77,0.35,38.0,23.06,33.33,4.11,47.45,15.34,42.85,0.82,47.28,12.56,28.57,0.0,34.05,467.0
2106,12,unclear,1093,1.28,43.34,15.54,44.69,9.75,46.47,69.23,1.2,0.0,0.0,0.0,0.0,94.34,43.14,15.63,45.48,0.0,0.0,0.0,0.0,0.09,49.0,0.0,0.0,3.61,44.48,12.97,71.79,0.74,39.5,23.69,12.5,,,
2107,12,unclear,1114,3.14,44.4,16.51,48.9,15.4,44.16,45.16,2.87,0.0,0.0,0.0,0.0,90.45,43.7,16.54,42.11,0.55,38.5,22.82,66.66,0.46,53.0,13.49,20.0,3.98,41.69,12.82,76.74,1.66,57.33,14.39,66.66,,,
2108,12,unclear,1296,0.23,45.72,17.81,42.9,18.17,44.67,65.0,1.54,0.0,0.0,0.0,0.0,95.28,45.84,17.84,43.18,0.23,30.0,4.58,100.0,0.07,84.0,0.0,100.0,2.39,41.9,15.28,80.64,0.46,54.66,19.25,66.66,,,
2109,12,164,787,0.12,41.64,18.04,43.75,18.2,43.71,0.0,0.5,0.5,47.5,16.66,25.0,90.71,41.77,18.28,42.49,0.63,37.79,9.28,40.0,0.0,0.0,0.0,0.0,5.85,37.36,15.21,82.6,1.78,47.5,17.39,0.0,0.0,34.58,490.0
2110,12,165,560,0.17,41.36,19.51,22.2,21.91,43.39,40.0,0.89,1.96,47.63,25.48,45.45,89.98,41.32,19.26,44.53,0.89,52.4,26.33,80.0,0.0,0.0,0.0,0.0,3.04,29.47,16.61,41.17,3.22,50.5,14.25,5.55,0.0,63.25,271.0
2111,12,167,654,0.61,42.09,18.31,34.1,14.16,44.03,10.0,1.53,1.84,53.16,11.51,66.66,82.92,41.34,17.85,38.77,0.76,47.4,28.19,60.0,0.0,0.0,0.0,0.0,12.46,44.59,19.8,77.77,0.46,74.0,15.58,0.0,0.0,37.95,326.0
2112,12,168,873,0.0,41.55,19.4,20.0,28.28,42.61,0.0,0.22,1.6,42.85,15.25,42.85,89.34,41.72,19.29,41.28,1.14,35.4,18.95,40.0,0.11,50.0,0.0,0.0,6.18,38.61,20.02,70.37,1.37,50.08,26.01,16.66,0.0,36.46,449.0
2113,12,169,865,0.34,43.77,19.63,43.88,23.47,40.8,66.66,1.04,1.39,56.41,15.4,83.33,92.22,43.25,19.47,39.24,0.23,25.0,7.07,100.0,0.11,75.0,0.0,100.0,3.48,49.8,16.23,70.0,1.5,52.53,28.0,7.69,0.0,37.04,514.0
2114,12,170,648,0.15,42.79,20.21,41.95,21.48,44.29,37.5,3.7,0.92,59.66,14.12,33.33,89.79,42.82,20.39,45.09,1.23,38.37,12.63,50.0,0.15,59.0,0.0,0.0,3.24,35.19,14.28,38.09,0.92,57.83,17.64,33.33,0.0,37.57,336.0
2115,12,173,696,0.0,44.27,19.46,60.33,12.66,44.1,0.0,0.43,0.14,20.0,0.0,0.0,79.74,44.24,19.04,33.69,0.0,0.0,0.0,0.0,0.0,0.0,0.0,0.0,19.39,43.95,21.18,88.88,0.28,60.5,7.77,0.0,0.0,55.66,408.0
2116,12,174,845,0.0,44.8,21.57,55.5,12.02,46.03,0.0,0.23,0.0,0.0,0.0,0.0,79.4,44.6,21.69,34.27,0.0,0.0,0.0,0.0,0.0,0.0,0.0,0.0,20.35,45.45,21.24,92.44,0.0,0.0,0.0,0.0,0.0,35.54,543.0
2117,12,175,694,0.0,43.78,19.7,32.75,15.9,41.64,50.0,0.57,0.14,25.0,0.0,0.0,80.25,43.44,19.58,31.77,0.0,0.0,0.0,0.0,0.0,0.0,0.0,0.0,18.87,45.83,20.24,83.96,0.14,29.0,0.0,0.0,0.0,43.11,318.0
2118,12,unclear,1082,0.18,44.22,17.67,40.25,14.08,45.65,75.0,0.37,0.0,0.0,0.0,0.0,96.48,44.33,17.75,44.62,0.09,32.0,0.0,100.0,0.09,49.0,0.0,0.0,2.31,42.84,15.41,92.0,0.64,40.42,17.85,28.57,,,
2119,12,178,943,0.0,40.39,18.74,47.0,22.78,42.62,28.57,0.74,0.95,41.22,24.68,55.55,88.75,40.38,18.71,40.38,1.06,39.1,16.54,80.0,0.0,0.0,0.0,0.0,7.63,39.26,17.87,68.05,0.84,46.5,24.82,0.0,0.0,36.02,490.0
2120,12,179,870,0.0,42.99,20.1,30.75,14.4,42.52,75.0,0.45,0.91,35.5,12.7,25.0,94.36,42.84,20.07,42.5,0.22,56.0,31.11,100.0,0.11,53.0,0.0,0.0,2.52,40.59,19.13,54.54,1.37,63.91,17.67,16.66,0.0,48.27,467.0
2121,12,181,818,0.0,39.51,19.93,59.27,18.23,44.13,72.72,1.34,0.36,56.66,8.5,33.33,89.97,39.01,19.89,43.34,0.73,28.33,16.71,83.33,0.48,56.5,7.41,0.0,5.25,38.95,19.38,60.46,1.83,47.86,18.12,13.33,0.0,54.32,367.0
2122,12,unclear,1272,0.7,42.76,16.68,42.64,16.21,45.31,57.14,1.1,0.0,0.0,0.0,0.0,93.66,42.87,16.7,44.83,0.87,33.81,13.53,63.63,0.07,33.0,0.0,0.0,2.85,36.77,13.74,52.77,1.42,50.94,16.95,44.44,,,
2123,12,184,745,0.13,42.25,19.46,49.88,19.34,40.26,22.22,1.2,0.67,55.2,20.48,60.0,89.24,41.42,19.33,39.0,0.0,0.0,0.0,0.0,0.0,0.0,0.0,0.0,6.58,45.1,16.19,73.46,2.28,59.17,24.49,0.0,0.0,34.76,405.0
2124,12,185,368,0.0,39.73,18.36,31.08,17.01,42.39,8.33,3.26,1.63,46.16,10.32,33.33,88.58,39.56,18.41,43.55,0.54,41.0,19.79,50.0,0.0,0.0,0.0,0.0,4.07,40.33,17.08,66.66,1.9,55.28,20.9,0.0,0.0,38.66,170.0
2125,12,2,549,0.0,41.17,17.46,44.9,20.3,38.97,36.36,2.0,2.18,54.33,10.91,50.0,90.16,40.4,17.37,38.18,0.36,35.0,12.72,100.0,0.0,0.0,0.0,0.0,4.0,47.72,17.94,54.54,1.27,48.71,16.63,14.28,0.0,0.0,299.0
2126,12,14,790,0.12,42.78,18.26,35.92,17.92,44.93,50.0,3.54,0.88,56.85,11.29,28.57,84.79,42.76,18.4,41.55,0.63,39.79,12.85,80.0,0.0,0.0,0.0,0.0,9.5,43.58,17.22,74.66,0.63,52.6,18.9,20.0,0.0,0.0,420.0
2127,12,15,749,0.26,41.85,19.07,35.42,15.9,41.92,40.0,4.68,2.4,53.38,20.05,33.33,84.06,42.26,19.06,40.12,1.07,35.62,19.33,75.0,0.0,0.0,0.0,0.0,6.42,37.08,19.92,68.75,1.33,44.9,13.59,20.0,0.0,0.0,414.0
2128,12,18,662,0.0,41.18,18.98,40.2,12.83,45.01,40.0,0.75,0.45,52.66,6.65,0.0,80.51,41.46,19.41,36.58,0.15,33.0,0.0,100.0,0.0,0.0,0.0,0.0,17.37,39.46,17.61,86.08,0.75,47.2,10.63,20.0,0.0,0.0,378.0
2129,12,20,633,0.0,41.84,21.53,43.33,4.16,43.44,0.0,0.47,0.15,20.0,0.0,100.0,82.78,42.16,21.9,34.35,0.15,42.0,0.0,100.0,0.0,0.0,0.0,0.0,16.42,40.44,20.04,89.42,0.0,0.0,0.0,0.0,0.0,0.0,369.0
2130,12,25,686,0.29,42.64,17.42,39.15,15.3,44.75,41.22,19.15,4.82,55.51,20.32,36.36,66.37,42.38,17.28,44.49,0.58,37.25,19.6,100.0,1.02,40.85,12.45,57.14,6.57,44.22,18.45,55.55,1.46,50.6,18.81,40.0,0.0,0.0,337.0
2131,12,30,730,0.0,42.99,19.01,36.6,7.5,41.78,60.0,0.68,1.23,46.0,27.67,66.66,79.72,42.89,18.87,31.44,0.0,0.0,0.0,0.0,0.0,0.0,0.0,0.0,17.94,43.61,19.54,84.73,0.41,36.66,11.06,66.66,0.0,0.0,470.0
2132,12,31,0,0.0,0.0,0.0,0.0,0.0,0.0,0.0,0.0,0.0,0.0,0.0,0.0,0.0,0.0,0.0,0.0,0.0,0.0,0.0,0.0,0.0,0.0,0.0,0.0,0.0,0.0,0.0,0.0,0.0,0.0,0.0,0.0,0.0,0.0,0.0
2133,12,34,0,0.0,0.0,0.0,0.0,0.0,0.0,0.0,0.0,0.0,0.0,0.0,0.0,0.0,0.0,0.0,0.0,0.0,0.0,0.0,0.0,0.0,0.0,0.0,0.0,0.0,0.0,0.0,0.0,0.0,0.0,0.0,0.0,0.0,0.0,0.0
2134,12,35,0,0.0,0.0,0.0,0.0,0.0,0.0,0.0,0.0,0.0,0.0,0.0,0.0,0.0,0.0,0.0,0.0,0.0,0.0,0.0,0.0,0.0,0.0,0.0,0.0,0.0,0.0,0.0,0.0,0.0,0.0,0.0,0.0,0.0,0.0,0.0
2135,12,45,436,0.22,42.41,17.89,40.71,21.66,45.64,42.85,1.6,1.6,61.71,9.7,42.85,80.45,42.78,18.51,37.42,0.0,0.0,0.0,0.0,0.0,0.0,0.0,0.0,15.86,38.79,13.63,89.85,0.45,37.5,0.7,0.0,0.0,0.0,207.0
2136,12,58,0,0.0,0.0,0.0,0.0,0.0,0.0,0.0,0.0,0.0,0.0,0.0,0.0,0.0,0.0,0.0,0.0,0.0,0.0,0.0,0.0,0.0,0.0,0.0,0.0,0.0,0.0,0.0,0.0,0.0,0.0,0.0,0.0,0.0,0.0,0.0
2137,12,60,719,0.0,39.63,19.16,47.77,11.82,43.81,44.44,1.25,4.31,56.41,20.8,54.83,89.56,38.66,18.96,42.39,0.83,42.16,20.01,66.66,0.13,48.0,0.0,0.0,3.19,37.91,14.12,73.91,0.69,50.0,17.19,0.0,0.0,0.0,355.0
2138,12,61,0,0.0,0.0,0.0,0.0,0.0,0.0,0.0,0.0,0.0,0.0,0.0,0.0,0.0,0.0,0.0,0.0,0.0,0.0,0.0,0.0,0.0,0.0,0.0,0.0,0.0,0.0,0.0,0.0,0.0,0.0,0.0,0.0,0.0,0.0,0.0
2139,12,63,0,0.0,0.0,0.0,0.0,0.0,0.0,0.0,0.0,0.0,0.0,0.0,0.0,0.0,0.0,0.0,0.0,0.0,0.0,0.0,0.0,0.0,0.0,0.0,0.0,0.0,0.0,0.0,0.0,0.0,0.0,0.0,0.0,0.0,0.0,0.0
2140,12,67,0,0.0,0.0,0.0,0.0,0.0,0.0,0.0,0.0,0.0,0.0,0.0,0.0,0.0,0.0,0.0,0.0,0.0,0.0,0.0,0.0,0.0,0.0,0.0,0.0,0.0,0.0,0.0,0.0,0.0,0.0,0.0,0.0,0.0,0.0,0.0
2141,12,72,624,0.16,40.75,19.68,36.0,13.3,44.23,57.14,1.12,0.8,33.2,10.8,60.0,91.81,40.68,19.93,42.3,0.64,31.0,22.24,50.0,0.16,48.0,0.0,0.0,4.81,43.73,16.75,80.0,0.64,51.75,23.55,25.0,0.0,0.0,302.0
2142,12,73,745,0.0,41.22,19.47,45.8,17.85,44.96,60.0,1.34,0.93,53.14,20.86,57.14,92.08,40.9,19.26,42.56,0.26,23.0,0.0,100.0,0.0,0.0,0.0,0.0,4.29,42.34,21.87,90.62,1.07,52.87,25.84,25.0,0.0,0.0,350.0
2143,12,74,936,0.1,43.03,19.95,34.83,17.24,41.45,41.66,1.28,0.64,44.66,19.43,50.0,92.62,43.05,19.97,40.41,1.71,35.56,15.94,50.0,0.0,0.0,0.0,0.0,3.1,45.41,20.09,62.06,0.64,65.0,20.37,50.0,0.0,0.0,359.0
2144,12,85,774,0.0,40.67,18.48,34.21,21.61,42.37,34.78,2.97,1.03,55.0,14.64,0.0,88.5,40.71,18.52,40.43,0.64,49.6,13.42,80.0,0.12,63.0,0.0,0.0,6.2,40.2,16.51,79.16,0.51,31.0,8.86,25.0,0.0,0.0,285.0
2145,12,86,609,0.0,43.75,19.89,43.94,16.29,42.85,47.05,2.79,0.98,43.0,16.37,50.0,88.83,43.66,19.91,40.29,1.14,46.85,16.87,42.85,0.0,0.0,0.0,0.0,5.74,47.48,20.7,80.0,0.49,9.0,15.58,33.33,0.0,0.0,254.0
2146,12,87,1187,0.0,41.7,19.44,41.9,13.88,42.62,45.45,0.92,0.67,60.37,18.93,50.0,90.73,41.81,19.29,41.03,1.09,35.53,14.8,38.46,0.5,34.5,30.09,33.33,4.8,41.63,22.12,77.19,1.26,31.46,15.93,26.66,0.0,0.0,443.0
2147,12,88,559,0.0,41.37,18.98,36.28,13.04,43.29,85.71,1.25,0.53,67.33,19.65,100.0,94.09,41.31,18.97,41.44,1.78,40.1,23.48,60.0,0.0,0.0,0.0,0.0,1.78,43.6,11.19,80.0,0.53,34.0,29.46,33.33,0.0,0.0,219.0
2148,12,89,0,0.0,0.0,0.0,0.0,0.0,0.0,0.0,0.0,0.0,0.0,0.0,0.0,0.0,0.0,0.0,0.0,0.0,0.0,0.0,0.0,0.0,0.0,0.0,0.0,0.0,0.0,0.0,0.0,0.0,0.0,0.0,0.0,0.0,0.0,0.0
2149,12,91,0,0.0,0.0,0.0,0.0,0.0,0.0,0.0,0.0,0.0,0.0,0.0,0.0,0.0,0.0,0.0,0.0,0.0,0.0,0.0,0.0,0.0,0.0,0.0,0.0,0.0,0.0,0.0,0.0,0.0,0.0,0.0,0.0,0.0,0.0,0.0
2150,12,96,644,0.0,40.45,18.43,43.58,18.1,42.7,45.16,4.81,3.26,42.8,23.47,38.09,85.71,39.89,18.14,42.57,0.46,32.0,10.44,66.66,0.31,60.0,9.89,0.0,3.72,41.83,20.03,62.5,1.7,50.9,19.88,9.09,0.0,0.0,301.0
2151,12,123,0,0.0,0.0,0.0,0.0,0.0,0.0,0.0,0.0,0.0,0.0,0.0,0.0,0.0,0.0,0.0,0.0,0.0,0.0,0.0,0.0,0.0,0.0,0.0,0.0,0.0,0.0,0.0,0.0,0.0,0.0,0.0,0.0,0.0,0.0,0.0
2152,12,139,0,0.0,0.0,0.0,0.0,0.0,0.0,0.0,0.0,0.0,0.0,0.0,0.0,0.0,0.0,0.0,0.0,0.0,0.0,0.0,0.0,0.0,0.0,0.0,0.0,0.0,0.0,0.0,0.0,0.0,0.0,0.0,0.0,0.0,0.0,0.0
2153,12,140,0,0.0,0.0,0.0,0.0,0.0,0.0,0.0,0.0,0.0,0.0,0.0,0.0,0.0,0.0,0.0,0.0,0.0,0.0,0.0,0.0,0.0,0.0,0.0,0.0,0.0,0.0,0.0,0.0,0.0,0.0,0.0,0.0,0.0,0.0,0.0
2154,12,143,727,0.41,44.02,19.32,51.66,25.75,42.36,33.33,0.82,3.03,55.27,19.15,50.0,88.95,43.56,19.05,42.08,0.69,35.4,10.94,80.0,0.27,34.5,16.26,0.0,5.11,39.81,19.39,43.24,1.1,68.25,14.87,12.5,0.0,0.0,383.0
2155,12,146,0,0.0,0.0,0.0,0.0,0.0,0.0,0.0,0.0,0.0,0.0,0.0,0.0,0.0,0.0,0.0,0.0,0.0,0.0,0.0,0.0,0.0,0.0,0.0,0.0,0.0,0.0,0.0,0.0,0.0,0.0,0.0,0.0,0.0,0.0,0.0
2156,12,149,0,0.0,0.0,0.0,0.0,0.0,0.0,0.0,0.0,0.0,0.0,0.0,0.0,0.0,0.0,0.0,0.0,0.0,0.0,0.0,0.0,0.0,0.0,0.0,0.0,0.0,0.0,0.0,0.0,0.0,0.0,0.0,0.0,0.0,0.0,0.0
2157,12,159,0,0.0,0.0,0.0,0.0,0.0,0.0,0.0,0.0,0.0,0.0,0.0,0.0,0.0,0.0,0.0,0.0,0.0,0.0,0.0,0.0,0.0,0.0,0.0,0.0,0.0,0.0,0.0,0.0,0.0,0.0,0.0,0.0,0.0,0.0,0.0
2158,12,160,0,0.0,0.0,0.0,0.0,0.0,0.0,0.0,0.0,0.0,0.0,0.0,0.0,0.0,0.0,0.0,0.0,0.0,0.0,0.0,0.0,0.0,0.0,0.0,0.0,0.0,0.0,0.0,0.0,0.0,0.0,0.0,0.0,0.0,0.0,0.0
2159,12,161,0,0.0,0.0,0.0,0.0,0.0,0.0,0.0,0.0,0.0,0.0,0.0,0.0,0.0,0.0,0.0,0.0,0.0,0.0,0.0,0.0,0.0,0.0,0.0,0.0,0.0,0.0,0.0,0.0,0.0,0.0,0.0,0.0,0.0,0.0,0.0
2160,12,166,0,0.0,0.0,0.0,0.0,0.0,0.0,0.0,0.0,0.0,0.0,0.0,0.0,0.0,0.0,0.0,0.0,0.0,0.0,0.0,0.0,0.0,0.0,0.0,0.0,0.0,0.0,0.0,0.0,0.0,0.0,0.0,0.0,0.0,0.0,0.0
2161,12,171,0,0.0,0.0,0.0,0.0,0.0,0.0,0.0,0.0,0.0,0.0,0.0,0.0,0.0,0.0,0.0,0.0,0.0,0.0,0.0,0.0,0.0,0.0,0.0,0.0,0.0,0.0,0.0,0.0,0.0,0.0,0.0,0.0,0.0,0.0,0.0
2162,12,172,0,0.0,0.0,0.0,0.0,0.0,0.0,0.0,0.0,0.0,0.0,0.0,0.0,0.0,0.0,0.0,0.0,0.0,0.0,0.0,0.0,0.0,0.0,0.0,0.0,0.0,0.0,0.0,0.0,0.0,0.0,0.0,0.0,0.0,0.0,0.0
2163,12,180,901,0.11,41.51,19.61,53.91,14.76,45.61,41.66,1.33,1.44,50.53,28.83,53.84,89.44,41.01,19.55,44.96,0.44,30.0,4.89,75.0,0.11,28.0,0.0,0.0,6.11,44.7,17.63,58.18,1.11,45.0,22.88,10.0,0.0,0.0,502.0
2164,13,13,1192,0.41,40.38,18.23,35.54,22.69,42.95,40.9,1.85,2.61,49.74,20.72,54.83,87.11,40.04,18.17,42.94,1.26,31.46,10.41,46.66,0.33,48.75,22.02,25.0,4.46,40.52,15.31,52.83,2.35,46.5,16.23,14.28,0.0,29.88,537.0
2165,13,29,843,0.11,42.61,18.18,41.07,20.02,44.12,42.85,1.66,1.54,49.92,29.67,53.84,92.39,42.61,17.89,44.47,0.35,30.33,6.42,100.0,0.23,42.5,3.53,0.0,2.85,42.79,18.9,29.16,0.95,38.62,23.8,25.0,0.0,21.28,440.0
2166,13,33,983,0.0,41.54,18.1,35.7,18.45,40.79,60.0,1.01,0.4,35.5,18.48,25.0,91.96,41.48,18.18,40.59,0.5,33.0,6.59,100.0,0.3,50.66,19.34,66.66,3.45,38.52,12.21,55.88,2.33,52.52,20.22,4.34,0.0,39.8,555.0
2167,13,36,965,0.0,42.73,18.0,40.47,24.96,40.31,47.36,1.96,1.13,39.45,17.67,54.54,92.12,42.68,17.97,39.14,1.45,40.42,12.19,64.28,0.0,0.0,0.0,0.0,2.79,46.29,14.9,55.55,0.51,54.2,25.28,40.0,0.0,26.44,432.0
2168,13,41,1215,0.0,39.71,17.8,40.76,17.96,42.55,41.17,1.39,0.57,40.42,27.43,0.0,90.2,39.56,17.75,40.6,1.15,42.07,14.11,71.42,0.0,0.0,0.0,0.0,5.26,38.96,18.05,78.12,1.39,48.76,18.32,29.41,0.0,19.96,584.0
2169,13,49,42,0.0,43.9,19.75,64.0,0.0,42.85,100.0,2.38,7.14,54.33,12.74,33.33,78.57,42.93,21.24,42.42,2.38,27.0,0.0,100.0,0.0,0.0,0.0,0.0,7.14,40.33,6.42,33.33,2.38,52.0,0.0,0.0,0.0,51.72,17.0
2170,13,105,948,0.0,41.01,18.17,39.64,14.25,44.09,35.71,1.47,0.73,47.0,11.63,71.42,93.56,40.91,18.2,43.74,1.26,32.66,25.63,66.66,0.0,0.0,0.0,0.0,1.68,46.25,15.36,68.75,1.26,47.66,16.97,8.33,0.0,31.15,402.0
2171,13,120,995,0.2,42.11,19.94,43.64,11.92,45.52,64.28,1.4,1.1,41.18,21.83,45.45,93.35,41.93,20.09,45.09,0.7,39.57,15.15,57.14,0.0,0.0,0.0,0.0,2.21,43.27,17.43,68.18,1.2,51.75,22.34,16.66,0.0,41.98,458.0
2172,13,141,599,0.5,41.05,19.22,37.68,8.9,41.06,31.25,2.68,0.83,59.0,21.67,40.0,88.08,40.74,19.47,41.71,1.17,46.0,9.0,85.71,0.33,56.5,17.67,50.0,5.03,41.63,16.34,40.0,1.84,51.36,22.11,0.0,0.0,55.56,277.0
2173,13,147,954,0.2,38.32,17.67,41.83,11.8,44.54,33.33,0.63,1.47,40.85,14.92,57.14,92.54,38.43,17.57,44.49,0.84,31.37,16.21,50.0,0.42,47.25,31.88,0.0,2.52,35.66,20.22,58.33,1.57,36.06,19.67,26.66,0.0,31.36,467.0
2174,13,161,571,0.0,42.46,18.72,40.23,19.9,42.38,61.53,2.27,2.97,51.7,21.17,29.41,90.71,42.21,18.59,43.24,0.17,30.0,0.0,100.0,0.17,0.0,0.0,0.0,2.1,38.08,12.52,16.66,1.57,54.33,17.22,22.22,0.0,28.44,326.0
2175,13,192,623,0.0,40.16,17.7,41.5,22.47,43.65,75.0,0.64,2.08,51.15,18.09,38.46,91.65,39.71,17.35,44.3,0.64,28.5,19.36,75.0,0.0,0.0,0.0,0.0,3.37,39.14,22.14,38.09,1.6,58.0,12.71,0.0,0.0,33.36,345.0
2176,13,30,0,0.0,0.0,0.0,0.0,0.0,0.0,0.0,0.0,0.0,0.0,0.0,0.0,0.0,0.0,0.0,0.0,0.0,0.0,0.0,0.0,0.0,0.0,0.0,0.0,0.0,0.0,0.0,0.0,0.0,0.0,0.0,0.0,0.0,0.0,0.0
2177,13,35,1216,0.0,39.96,18.76,49.09,23.54,43.17,38.09,1.72,0.41,46.0,13.32,0.0,90.29,39.75,18.46,42.34,0.98,30.5,13.91,66.66,0.08,69.0,0.0,0.0,4.76,40.08,21.38,70.68,1.72,43.8,21.66,14.28,0.0,0.0,603.0
2178,13,38,0,0.0,0.0,0.0,0.0,0.0,0.0,0.0,0.0,0.0,0.0,0.0,0.0,0.0,0.0,0.0,0.0,0.0,0.0,0.0,0.0,0.0,0.0,0.0,0.0,0.0,0.0,0.0,0.0,0.0,0.0,0.0,0.0,0.0,0.0,0.0
2179,13,50,0,0.0,0.0,0.0,0.0,0.0,0.0,0.0,0.0,0.0,0.0,0.0,0.0,0.0,0.0,0.0,0.0,0.0,0.0,0.0,0.0,0.0,0.0,0.0,0.0,0.0,0.0,0.0,0.0,0.0,0.0,0.0,0.0,0.0,0.0,0.0
2180,13,84,0,0.0,0.0,0.0,0.0,0.0,0.0,0.0,0.0,0.0,0.0,0.0,0.0,0.0,0.0,0.0,0.0,0.0,0.0,0.0,0.0,0.0,0.0,0.0,0.0,0.0,0.0,0.0,0.0,0.0,0.0,0.0,0.0,0.0,0.0,0.0
2181,13,98,0,0.0,0.0,0.0,0.0,0.0,0.0,0.0,0.0,0.0,0.0,0.0,0.0,0.0,0.0,0.0,0.0,0.0,0.0,0.0,0.0,0.0,0.0,0.0,0.0,0.0,0.0,0.0,0.0,0.0,0.0,0.0,0.0,0.0,0.0,0.0
2182,13,114,0,0.0,0.0,0.0,0.0,0.0,0.0,0.0,0.0,0.0,0.0,0.0,0.0,0.0,0.0,0.0,0.0,0.0,0.0,0.0,0.0,0.0,0.0,0.0,0.0,0.0,0.0,0.0,0.0,0.0,0.0,0.0,0.0,0.0,0.0,0.0
2183,13,145,0,0.0,0.0,0.0,0.0,0.0,0.0,0.0,0.0,0.0,0.0,0.0,0.0,0.0,0.0,0.0,0.0,0.0,0.0,0.0,0.0,0.0,0.0,0.0,0.0,0.0,0.0,0.0,0.0,0.0,0.0,0.0,0.0,0.0,0.0,0.0
2184,13,171,0,0.0,0.0,0.0,0.0,0.0,0.0,0.0,0.0,0.0,0.0,0.0,0.0,0.0,0.0,0.0,0.0,0.0,0.0,0.0,0.0,0.0,0.0,0.0,0.0,0.0,0.0,0.0,0.0,0.0,0.0,0.0,0.0,0.0,0.0,0.0
2185,13,190,0,0.0,0.0,0.0,0.0,0.0,0.0,0.0,0.0,0.0,0.0,0.0,0.0,0.0,0.0,0.0,0.0,0.0,0.0,0.0,0.0,0.0,0.0,0.0,0.0,0.0,0.0,0.0,0.0,0.0,0.0,0.0,0.0,0.0,0.0,0.0
2186,14,3,981,1.32,43.74,17.87,43.5,30.78,42.5,50.0,0.61,3.51,53.61,20.19,35.29,85.33,43.01,17.42,40.79,0.41,31.5,27.59,75.0,0.92,56.22,14.92,22.22,7.95,43.37,18.51,64.93,1.23,51.83,11.58,25.0,0.0,27.17,471.0
2187,14,68,670,4.32,42.28,19.49,57.61,18.32,43.58,42.85,3.27,7.17,45.15,25.55,43.47,77.84,39.76,18.05,44.88,0.78,51.2,19.17,80.0,0.31,57.0,0.0,100.0,6.55,46.4,21.33,26.19,4.05,45.84,21.91,42.3,0.0,56.96,328.0
2188,14,116,883,0.56,42.85,18.11,50.46,20.36,42.92,33.33,1.7,5.69,52.6,22.49,22.0,83.48,41.75,17.43,45.42,1.93,38.64,11.9,58.82,0.22,56.5,33.23,0.0,4.44,40.82,16.71,43.58,2.5,53.27,21.15,4.54,0.0,34.0,451.0
2189,14,119,567,0.0,43.55,18.65,41.44,7.09,43.2,11.11,1.58,0.0,0.0,0.0,0.0,76.71,43.57,19.11,31.26,0.17,77.0,0.0,0.0,0.0,0.0,0.0,0.0,21.34,43.37,17.54,89.25,0.17,42.0,0.0,0.0,0.0,35.64,285.0
2190,14,134,1027,0.38,41.91,18.09,43.34,17.17,45.37,40.81,4.78,1.36,50.78,21.22,50.0,85.53,41.65,18.25,42.85,0.68,36.42,10.93,85.71,0.29,31.66,1.52,0.0,6.35,41.98,17.46,83.07,0.97,47.5,12.08,30.0,0.0,24.65,544.0
2191,14,unclear,1084,0.83,43.79,16.36,47.27,14.84,47.69,36.36,1.02,0.0,0.0,0.0,0.0,95.34,43.88,16.54,47.31,0.27,54.33,13.65,66.66,0.18,49.0,12.72,50.0,2.41,36.69,12.51,73.07,0.74,45.5,6.74,25.0,,,
2192,14,186,871,0.22,42.08,18.47,39.33,16.32,41.21,66.66,1.03,1.03,46.11,18.29,33.33,87.57,42.24,18.51,38.63,0.57,41.8,25.75,40.0,0.23,46.0,1.41,50.0,7.71,39.85,18.97,71.64,1.84,43.18,17.12,25.0,0.0,29.81,394.0
2193,14,197,737,0.0,42.32,20.25,60.87,19.26,41.92,62.5,1.08,1.76,49.92,16.22,23.07,85.21,41.81,20.21,37.1,0.13,44.0,0.0,100.0,0.27,53.0,38.18,50.0,10.58,41.93,20.66,84.61,0.94,53.85,11.99,0.0,0.0,27.6,427.0
2194,14,64,0,0.0,0.0,0.0,0.0,0.0,0.0,0.0,0.0,0.0,0.0,0.0,0.0,0.0,0.0,0.0,0.0,0.0,0.0,0.0,0.0,0.0,0.0,0.0,0.0,0.0,0.0,0.0,0.0,0.0,0.0,0.0,0.0,0.0,0.0,0.0
2195,14,113,0,0.0,0.0,0.0,0.0,0.0,0.0,0.0,0.0,0.0,0.0,0.0,0.0,0.0,0.0,0.0,0.0,0.0,0.0,0.0,0.0,0.0,0.0,0.0,0.0,0.0,0.0,0.0,0.0,0.0,0.0,0.0,0.0,0.0,0.0,0.0
2196,14,128,0,0.0,0.0,0.0,0.0,0.0,0.0,0.0,0.0,0.0,0.0,0.0,0.0,0.0,0.0,0.0,0.0,0.0,0.0,0.0,0.0,0.0,0.0,0.0,0.0,0.0,0.0,0.0,0.0,0.0,0.0,0.0,0.0,0.0,0.0,0.0
2197,14,172,1012,1.08,40.69,18.91,37.93,17.66,42.09,39.68,6.29,4.09,54.0,23.98,46.34,82.41,39.82,18.4,41.81,0.89,44.33,15.89,66.66,0.59,34.0,22.13,16.66,4.19,38.14,16.24,57.14,1.49,58.66,15.77,13.33,0.0,0.0,551.0
2198,15,35,581,2.75,41.29,16.99,44.27,15.32,43.2,36.36,3.89,6.37,49.3,18.14,61.11,79.11,39.72,16.55,42.72,0.7,47.0,2.16,75.0,0.0,0.0,0.0,0.0,8.14,40.86,18.64,43.47,1.76,50.8,14.64,20.0,0.0,38.12,322.0
2199,15,36,621,0.32,42.27,19.18,44.8,27.94,42.67,60.0,0.8,2.1,55.15,12.05,53.84,78.02,41.53,19.26,35.4,0.64,38.0,11.46,25.0,0.0,0.0,0.0,0.0,17.77,43.63,19.23,72.72,0.64,51.75,13.96,50.0,0.0,37.39,327.0
2200,15,42,580,0.17,43.99,17.52,52.55,11.8,43.27,66.66,1.55,0.86,58.8,17.55,20.0,79.62,44.35,17.89,33.83,0.34,34.0,11.31,0.0,0.17,28.0,0.0,0.0,16.75,41.46,15.98,89.69,0.69,35.5,9.32,25.0,0.0,38.75,335.0
2201,15,47,370,0.0,41.26,18.53,51.75,16.34,45.4,92.5,10.81,0.54,63.0,4.24,100.0,78.64,39.4,18.35,34.36,0.27,46.0,0.0,0.0,0.27,47.0,0.0,0.0,9.18,42.23,18.37,82.35,0.27,74.0,0.0,100.0,0.0,33.81,195.0
2202,15,52,976,0.51,40.32,17.79,45.23,18.98,41.18,47.05,1.75,2.16,52.42,23.05,38.09,89.08,40.04,17.61,40.92,1.13,32.09,14.14,36.36,0.2,24.0,5.65,0.0,4.01,38.23,14.1,58.97,1.64,46.43,21.2,12.5,0.0,35.83,562.0
2203,15,54,685,0.0,43.54,17.72,42.5,5.32,41.6,0.0,0.58,1.31,63.33,21.46,33.33,94.45,43.04,17.67,41.57,0.43,56.66,19.42,0.0,0.0,0.0,0.0,0.0,2.04,49.21,11.72,78.57,1.16,47.5,16.35,25.0,0.0,42.72,374.0
2204,15,119,822,1.82,42.1,18.55,52.53,14.67,44.76,33.33,1.85,4.33,51.17,19.17,60.0,84.51,41.43,18.32,42.52,1.11,42.11,8.66,100.0,0.74,36.5,10.44,33.33,5.94,36.75,16.3,66.66,1.48,45.0,24.06,16.66,0.0,34.65,410.0
2205,15,171,931,0.96,40.03,18.69,40.8,20.35,43.6,57.14,2.27,11.27,54.53,14.4,41.34,79.93,37.59,18.24,44.5,0.75,45.14,18.27,71.42,0.43,44.75,23.59,25.0,4.01,39.72,19.6,35.13,1.3,48.08,16.02,8.33,0.0,37.43,457.0
2206,15,192,407,0.0,43.63,19.68,64.0,0.0,41.27,100.0,0.24,0.49,56.0,5.65,50.0,77.39,44.11,19.82,27.93,0.49,29.0,5.65,0.0,0.0,0.0,0.0,0.0,21.37,41.72,19.38,89.65,0.0,0.0,0.0,0.0,0.0,36.1,236.0
2207,15,195,781,0.12,41.4,19.06,56.66,17.45,43.14,33.33,0.76,1.28,42.1,27.09,60.0,87.69,41.18,19.28,39.61,0.38,40.0,8.88,66.66,0.0,0.0,0.0,0.0,8.84,41.63,15.88,78.26,1.02,45.5,18.41,12.5,0.0,36.4,422.0
2208,15,101,0,0.0,0.0,0.0,0.0,0.0,0.0,0.0,0.0,0.0,0.0,0.0,0.0,0.0,0.0,0.0,0.0,0.0,0.0,0.0,0.0,0.0,0.0,0.0,0.0,0.0,0.0,0.0,0.0,0.0,0.0,0.0,0.0,0.0,0.0,0.0
2209,15,172,0,0.0,0.0,0.0,0.0,0.0,0.0,0.0,0.0,0.0,0.0,0.0,0.0,0.0,0.0,0.0,0.0,0.0,0.0,0.0,0.0,0.0,0.0,0.0,0.0,0.0,0.0,0.0,0.0,0.0,0.0,0.0,0.0,0.0,0.0,0.0
2210,16,27,737,0.4,44.5,18.17,53.06,17.73,41.92,40.0,2.04,2.04,58.4,12.67,33.33,91.68,43.97,18.06,42.64,0.54,27.75,5.05,75.0,0.27,58.0,5.65,50.0,2.17,42.06,16.79,25.0,1.22,48.33,25.61,22.22,0.0,28.99,420.0
2211,16,47,837,2.03,40.1,17.83,43.4,21.1,43.36,44.0,3.04,4.51,53.97,15.13,48.64,84.39,38.88,17.57,43.64,1.46,35.16,19.53,50.0,0.12,62.0,0.0,100.0,4.14,36.26,14.14,38.23,2.31,46.36,13.16,26.31,0.0,26.96,472.0
2212,16,91,714,2.24,41.43,20.51,44.29,17.89,40.75,41.17,2.43,13.32,53.39,21.24,40.86,69.19,38.49,19.43,40.78,1.0,48.28,18.59,57.14,0.14,88.0,0.0,100.0,11.6,40.25,19.23,33.33,2.29,46.37,30.98,43.75,0.0,52.84,333.0
2213,16,103,632,4.27,43.84,18.44,48.28,14.16,42.24,36.0,4.13,10.9,52.63,19.02,43.93,68.76,40.92,18.11,42.78,2.8,40.52,10.68,52.94,1.65,58.1,23.61,20.0,9.25,42.39,17.61,33.92,2.47,57.93,15.22,46.66,0.0,37.11,318.0
2214,16,135,915,0.65,43.24,19.03,35.35,18.2,41.2,28.57,1.54,1.43,44.07,24.66,15.38,88.77,43.53,19.14,42.99,1.1,29.7,16.77,60.0,0.33,31.0,29.61,33.33,3.85,40.05,15.64,34.28,2.97,48.74,15.7,18.51,0.0,38.71,495.0
2215,16,143,825,4.0,42.98,18.04,40.37,20.73,44.36,40.74,3.4,9.97,59.46,17.24,48.1,73.48,39.77,16.7,45.01,1.76,45.5,18.24,64.28,0.12,48.0,0.0,100.0,8.71,41.49,15.91,30.43,2.52,57.85,14.57,45.0,0.0,47.21,443.0
2216,16,173,657,0.15,43.62,18.63,42.57,25.04,45.2,14.28,1.06,0.45,56.66,21.57,66.66,90.24,43.78,18.73,43.75,0.0,0.0,0.0,0.0,0.3,71.0,21.21,0.0,6.7,39.13,13.67,72.72,1.21,46.25,24.45,25.0,0.0,34.69,388.0
2217,16,175,882,0.34,41.93,19.17,35.25,20.77,42.74,25.0,0.45,1.36,44.66,15.61,33.33,92.37,41.41,19.08,43.59,0.56,33.79,8.01,80.0,0.11,37.0,0.0,0.0,2.5,39.31,17.75,22.72,2.61,64.65,14.29,39.13,0.0,37.88,462.0
2218,16,180,819,2.68,40.47,18.31,46.0,17.82,44.81,47.36,2.38,4.64,52.27,18.73,35.13,79.92,38.51,17.36,45.05,2.38,32.15,19.79,68.42,1.63,51.23,12.93,23.07,7.15,43.26,18.56,38.59,1.88,51.93,20.46,60.0,0.0,50.98,412.0
2219,16,188,728,0.82,41.38,18.37,53.09,27.28,42.03,54.54,1.52,3.04,51.45,18.95,45.45,85.45,41.23,17.74,43.27,1.93,29.42,19.96,57.14,0.0,0.0,0.0,0.0,6.92,39.86,19.29,24.0,1.1,39.37,19.12,12.5,0.0,34.23,362.0
2220,16,16,962,3.53,44.3,18.72,40.96,19.49,43.24,50.0,3.23,8.72,57.34,18.96,43.2,76.29,41.84,17.94,42.65,1.29,35.83,14.76,58.33,0.64,42.5,12.89,33.33,7.86,47.75,16.13,41.09,1.93,57.83,15.15,44.44,0.0,0.0,505.0
2221,16,29,1000,0.8,41.94,17.47,35.27,14.08,42.1,54.54,1.1,2.41,42.16,21.64,37.5,89.01,41.99,17.51,42.8,0.4,30.5,5.25,75.0,0.2,64.0,5.65,50.0,4.03,39.27,15.25,37.5,2.82,46.03,17.8,25.0,0.0,0.0,550.0
2222,16,62,0,0.0,0.0,0.0,0.0,0.0,0.0,0.0,0.0,0.0,0.0,0.0,0.0,0.0,0.0,0.0,0.0,0.0,0.0,0.0,0.0,0.0,0.0,0.0,0.0,0.0,0.0,0.0,0.0,0.0,0.0,0.0,0.0,0.0,0.0,0.0
2223,16,97,0,0.0,0.0,0.0,0.0,0.0,0.0,0.0,0.0,0.0,0.0,0.0,0.0,0.0,0.0,0.0,0.0,0.0,0.0,0.0,0.0,0.0,0.0,0.0,0.0,0.0,0.0,0.0,0.0,0.0,0.0,0.0,0.0,0.0,0.0,0.0
2224,16,106,600,2.33,41.7,18.6,39.0,13.95,44.33,75.0,0.68,5.29,57.7,22.66,41.93,81.74,39.87,18.18,43.21,1.19,40.0,10.67,100.0,0.34,40.0,8.48,50.0,9.55,44.25,12.32,39.28,1.19,46.28,15.07,42.85,0.0,0.0,285.0
2225,16,164,0,0.0,0.0,0.0,0.0,0.0,0.0,0.0,0.0,0.0,0.0,0.0,0.0,0.0,0.0,0.0,0.0,0.0,0.0,0.0,0.0,0.0,0.0,0.0,0.0,0.0,0.0,0.0,0.0,0.0,0.0,0.0,0.0,0.0,0.0,0.0
2226,17,40,1115,1.43,39.31,19.03,45.0,20.74,40.26,44.44,1.63,5.64,48.91,19.09,37.09,83.07,38.14,18.95,39.86,0.81,41.0,21.88,66.66,0.54,39.0,11.38,16.66,6.55,40.84,15.95,47.22,1.72,37.05,19.75,21.05,0.0,43.71,529.0
2227,17,52,1138,2.28,43.14,19.37,50.45,23.58,40.86,50.0,2.15,11.51,57.68,15.08,49.21,75.44,40.44,18.65,40.52,1.61,41.94,23.72,72.22,0.8,30.77,15.05,22.22,5.84,42.24,18.79,30.76,2.6,49.24,22.14,20.68,0.0,27.65,600.0
2228,17,140,456,0.0,44.73,19.84,50.66,23.79,42.54,33.33,1.31,0.43,32.0,0.0,0.0,95.83,44.45,19.62,42.79,0.43,39.5,0.7,100.0,0.0,0.0,0.0,0.0,1.09,61.4,21.88,40.0,0.87,55.25,37.23,25.0,0.0,41.98,269.0
2229,17,162,661,0.15,40.28,18.06,39.2,11.94,41.3,46.66,2.27,1.81,52.33,11.39,33.33,90.15,39.93,18.25,41.84,0.9,35.66,20.83,50.0,0.45,39.33,23.09,33.33,2.87,43.21,14.93,31.57,1.51,46.5,22.01,30.0,0.0,64.78,300.0
2230,17,194,846,2.71,41.42,17.58,44.8,24.0,42.08,40.0,1.21,6.19,55.25,18.9,49.01,82.74,39.49,16.5,43.17,1.09,42.22,7.66,77.77,0.12,53.0,0.0,0.0,4.61,43.52,17.26,26.31,4.0,50.18,22.12,30.3,0.0,46.59,513.0
2231,17,55,1034,1.54,40.25,18.39,55.78,16.1,41.48,69.56,2.25,8.93,51.86,19.25,40.65,76.22,37.83,17.33,42.01,1.66,43.88,16.44,82.35,0.78,51.5,8.66,25.0,7.36,40.28,18.46,25.33,2.75,43.03,23.7,28.57,0.0,0.0,517.0
2232,17,61,1067,1.4,38.69,18.58,42.05,25.19,43.86,45.0,1.9,8.17,51.44,21.21,41.86,80.98,37.24,17.48,44.6,1.52,36.06,13.05,75.0,0.66,26.28,17.64,42.85,4.75,40.61,20.51,28.0,1.99,40.8,22.44,38.09,0.0,0.0,511.0
2233,17,85,1126,0.44,39.23,18.85,39.9,19.54,42.09,70.0,1.78,4.46,54.44,21.79,44.0,84.21,38.17,18.19,41.73,1.33,30.46,15.04,73.33,0.08,20.0,0.0,0.0,5.61,41.52,18.0,46.03,2.49,44.64,22.73,3.57,0.0,0.0,466.0
2234,17,107,1269,0.15,40.4,18.69,30.61,21.25,42.31,46.15,1.02,2.6,46.21,20.78,36.36,89.5,40.25,18.55,41.88,0.78,31.8,18.55,50.0,0.23,33.0,5.19,33.33,3.86,43.48,19.7,63.26,1.97,43.44,17.68,24.0,0.0,0.0,506.0
2235,18,1,1100,2.72,42.66,18.19,52.86,13.81,41.27,47.82,2.14,2.52,60.37,18.56,62.96,86.72,40.98,17.82,39.76,0.93,41.8,13.4,70.0,0.28,42.33,13.57,66.66,5.23,45.69,18.08,57.14,2.14,57.26,17.04,21.73,0.0,25.11,589.0
2236,18,2,527,0.56,41.54,18.81,55.0,0.0,44.97,0.0,0.19,0.95,56.8,8.25,20.0,80.72,40.7,18.77,37.82,0.19,25.0,0.0,0.0,0.0,0.0,0.0,0.0,17.17,43.65,19.22,81.11,0.76,56.0,16.26,0.0,0.0,24.92,298.0
2237,18,8,787,0.12,42.91,18.17,53.77,24.64,41.67,66.66,1.14,0.89,74.57,14.4,57.14,90.2,41.97,17.75,39.63,0.12,39.0,0.0,100.0,0.76,60.33,5.46,33.33,4.83,46.6,18.18,73.68,2.03,49.81,20.36,31.25,0.0,25.75,414.0
2238,18,9,423,1.41,43.16,19.85,62.0,21.83,41.13,66.66,1.43,1.91,47.0,13.81,25.0,92.08,42.38,19.87,39.84,0.47,46.5,2.12,100.0,0.0,0.0,0.0,0.0,2.87,41.75,10.65,75.0,1.19,42.6,14.79,0.0,0.0,26.04,240.0
2239,18,18,1144,2.18,41.71,18.49,53.65,21.36,43.96,42.3,2.32,3.48,53.28,17.4,33.33,85.34,40.15,17.91,45.23,1.69,34.31,14.25,52.63,0.62,42.85,17.07,28.57,3.12,45.4,19.07,42.85,3.39,49.71,18.23,23.68,0.0,41.66,607.0
2240,18,21,1109,2.7,42.97,20.21,54.51,19.58,40.66,48.48,3.05,4.44,58.81,16.25,52.08,83.22,40.81,19.72,40.31,0.83,38.44,7.28,88.88,1.01,53.81,10.98,45.45,4.81,45.4,19.83,25.0,2.59,51.35,23.64,25.0,0.0,35.25,577.0
2241,18,24,974,1.23,41.43,17.78,45.47,22.62,40.45,31.57,1.97,3.74,51.22,15.98,30.55,86.48,40.81,17.68,41.34,1.14,37.9,12.94,54.54,0.31,28.0,28.51,33.33,3.95,41.78,16.35,42.1,2.39,39.82,16.26,17.39,0.0,40.5,481.0
2242,18,27,1154,3.03,39.23,19.4,45.71,19.45,42.02,38.09,1.87,5.27,53.23,22.66,42.37,84.71,37.45,18.61,42.29,0.53,30.83,29.38,66.66,0.98,44.81,5.19,27.27,5.0,40.8,17.85,46.42,1.6,46.83,24.41,38.88,0.0,24.77,607.0
2243,18,29,971,2.36,41.31,18.57,41.13,15.23,41.09,34.78,4.85,5.37,55.17,17.51,41.17,82.48,39.95,18.14,42.19,0.84,39.62,12.03,37.5,0.63,58.16,15.91,33.33,4.43,40.8,19.88,38.09,1.37,39.76,19.54,38.46,0.0,42.06,521.0
2244,18,32,1124,4.09,42.82,18.88,58.13,20.33,43.06,30.23,3.98,4.35,55.36,15.85,48.93,82.65,40.3,18.08,42.98,1.11,42.0,17.72,75.0,0.74,45.0,9.05,37.5,4.91,41.71,18.56,41.5,2.22,50.29,14.22,50.0,0.0,30.53,607.0
2245,18,33,830,2.28,42.54,18.86,48.82,20.61,42.77,42.85,3.45,4.43,60.58,16.55,36.11,84.09,41.06,18.31,42.22,0.98,37.62,7.02,87.5,0.12,42.0,0.0,0.0,5.3,39.16,18.06,53.48,1.6,58.38,14.33,23.07,0.0,23.57,473.0
2246,18,37,1034,0.0,43.57,19.11,53.33,19.7,42.06,73.33,1.45,0.77,67.25,19.03,50.0,92.35,43.02,18.94,41.67,0.87,40.55,12.07,33.33,0.0,0.0,0.0,0.0,3.28,44.82,19.6,55.88,1.25,56.53,19.74,0.0,0.0,27.74,518.0
2247,18,38,833,0.12,42.26,19.02,49.71,18.85,42.61,42.85,0.84,0.96,52.12,26.58,62.5,91.82,41.84,19.04,41.09,1.08,44.22,14.73,55.55,0.0,0.0,0.0,0.0,4.56,43.44,15.68,71.05,0.72,61.33,23.41,0.0,0.0,28.62,395.0
2248,18,48,881,1.81,42.44,18.75,52.18,15.86,44.15,43.75,1.84,2.77,52.29,23.17,41.66,87.97,41.48,18.45,44.28,1.15,37.6,15.93,80.0,0.46,56.75,25.59,25.0,3.69,43.78,16.1,37.5,2.08,54.88,21.2,33.33,0.0,29.57,473.0
2249,18,53,985,2.53,41.72,18.91,57.82,13.91,42.63,47.05,1.77,2.81,53.03,19.88,29.62,88.22,40.05,18.38,43.44,0.83,45.37,18.18,75.0,0.2,58.0,0.0,0.0,3.33,47.03,19.23,34.37,2.81,53.7,19.99,25.92,0.0,39.53,511.0
2250,18,56,961,1.87,41.67,18.79,42.16,26.49,40.47,33.33,0.63,1.69,59.06,20.33,62.5,84.51,41.06,18.73,37.26,0.21,49.5,10.6,100.0,0.95,43.11,20.13,22.22,10.07,40.87,16.93,66.31,1.9,47.22,17.31,33.33,0.0,37.47,569.0
2251,18,57,1135,1.4,42.17,18.31,53.0,20.2,41.67,29.16,2.14,3.48,50.2,26.07,38.46,84.0,40.9,17.61,41.91,0.71,33.0,16.29,62.5,0.44,45.4,22.13,20.0,7.05,44.41,18.42,50.63,2.14,50.58,16.52,16.66,0.0,29.1,611.0
2252,18,58,1122,0.98,44.98,19.58,54.75,22.28,39.39,33.33,1.08,2.43,52.7,18.47,29.62,83.16,43.96,19.28,36.36,0.63,52.28,16.04,42.85,0.0,0.0,0.0,0.0,11.61,47.87,20.57,64.34,1.08,48.75,19.49,25.0,0.0,30.48,565.0
2253,18,60,969,0.3,42.22,18.12,41.26,17.91,42.2,60.0,1.55,1.96,61.15,18.65,52.63,89.33,41.39,17.76,41.25,1.03,31.8,12.3,60.0,0.2,61.0,18.38,50.0,4.76,49.76,18.88,47.82,1.13,45.27,18.47,36.36,0.0,33.44,556.0
2254,18,63,985,3.14,43.16,17.95,48.8,15.96,40.4,57.14,3.66,3.24,55.16,19.6,38.7,80.71,41.36,17.76,38.96,1.25,37.75,15.08,41.66,0.62,50.33,23.66,16.66,7.12,46.08,15.77,50.0,3.35,51.15,14.99,46.87,0.0,41.57,550.0
2255,18,64,1199,1.41,43.39,18.26,51.4,17.94,40.7,34.37,2.7,3.38,53.02,21.21,57.5,86.2,42.53,18.12,39.74,1.69,43.15,11.39,60.0,0.59,46.14,27.13,14.28,3.04,37.5,14.56,47.22,2.36,52.71,18.55,32.14,0.0,27.77,651.0
2256,18,65,958,4.59,40.6,17.98,48.02,18.86,42.37,38.23,3.71,7.98,54.54,19.52,43.83,78.88,38.0,16.99,43.41,1.85,41.7,19.13,58.82,0.21,44.5,27.57,0.0,5.25,40.66,14.13,31.25,2.07,40.42,22.86,36.84,0.0,44.39,500.0
2257,18,67,931,0.96,38.41,17.94,38.47,19.68,43.71,36.84,2.06,4.12,53.6,14.93,36.84,86.44,37.17,17.62,44.29,0.75,25.42,13.8,100.0,0.32,39.33,9.29,33.33,3.68,41.79,15.67,44.11,2.6,47.41,18.58,25.0,0.0,44.64,436.0
2258,18,68,729,1.09,40.51,17.71,51.5,30.64,40.87,50.0,0.55,3.88,56.07,18.14,28.57,87.93,39.58,17.38,42.74,0.97,36.0,23.26,71.42,0.0,0.0,0.0,0.0,4.16,38.6,15.24,26.66,2.49,49.0,16.0,11.11,0.0,27.02,409.0
2259,18,69,981,2.34,42.4,18.51,45.7,20.12,40.36,20.0,1.04,3.23,55.48,19.09,58.06,89.03,41.52,18.19,40.09,0.52,42.6,5.12,60.0,0.1,64.0,0.0,0.0,4.07,45.2,19.26,38.46,1.98,42.84,15.68,31.57,0.0,41.32,564.0
2260,18,72,947,1.37,42.99,18.39,46.85,17.57,39.7,57.14,1.49,2.99,56.71,17.17,53.57,87.58,42.12,18.16,38.99,1.39,37.84,16.0,84.61,0.74,42.28,23.37,28.57,4.17,43.64,16.13,35.89,1.6,52.26,19.28,20.0,0.0,36.27,548.0
2261,18,73,1132,0.97,42.0,18.63,41.7,22.54,42.66,35.0,1.78,1.42,42.18,22.53,43.75,89.11,41.71,18.22,43.74,1.33,39.33,20.31,66.66,0.8,42.77,15.29,44.44,3.38,41.71,21.04,26.31,2.14,45.12,21.44,16.66,0.0,29.99,646.0
2262,18,75,1051,0.38,43.3,20.22,41.9,28.66,43.0,50.0,0.95,0.47,62.4,13.5,20.0,85.0,43.95,20.33,42.13,1.05,50.45,25.52,54.54,0.38,45.75,11.44,25.0,11.17,35.81,16.13,51.28,0.95,47.6,24.29,20.0,0.0,28.79,595.0
2263,18,79,1011,0.89,42.36,17.69,50.1,20.78,38.27,60.0,0.99,1.69,46.7,15.94,35.29,92.31,41.95,17.45,37.62,0.99,41.2,9.69,70.0,0.49,47.8,19.95,20.0,1.89,37.63,24.29,52.63,1.59,54.93,15.29,25.0,0.0,42.26,539.0
2264,18,unclear,1088,4.41,44.07,16.65,44.83,16.28,46.23,52.05,7.01,0.0,0.0,0.0,0.0,86.63,43.15,16.44,45.39,0.48,42.2,7.49,80.0,0.76,49.37,11.85,25.0,2.3,43.04,18.44,50.0,2.78,51.86,19.06,44.82,,,
2265,18,82,895,1.56,42.74,18.69,50.37,19.45,45.25,62.5,1.81,2.95,50.5,24.56,46.15,88.08,41.95,18.25,45.74,0.68,40.83,23.48,66.66,0.45,47.0,16.71,25.0,4.88,42.65,19.93,32.55,1.13,61.3,10.46,30.0,0.0,26.15,474.0
2266,18,84,539,0.0,45.08,20.24,40.5,19.09,40.63,50.0,0.37,0.18,0.0,0.0,0.0,77.55,45.62,20.3,28.22,0.0,0.0,0.0,0.0,0.0,0.0,0.0,0.0,21.89,43.61,19.77,84.74,0.0,0.0,0.0,0.0,0.0,26.06,300.0
2267,18,87,912,1.42,40.75,19.05,46.84,21.43,41.99,38.46,1.44,1.55,61.14,19.33,42.85,87.76,39.97,18.4,42.07,1.22,33.54,16.59,72.72,0.33,49.0,5.56,33.33,5.22,41.7,20.92,44.68,2.44,41.13,23.16,22.72,0.0,44.52,464.0
2268,18,90,934,1.92,41.91,18.4,54.35,20.78,42.5,58.82,1.85,2.29,53.09,17.04,71.42,89.51,40.94,18.11,41.7,0.76,43.42,19.6,85.71,0.32,44.33,19.65,66.66,3.38,44.77,19.41,41.93,1.85,44.7,16.46,23.52,0.0,42.66,565.0
2269,18,91,670,1.49,42.14,18.66,39.14,24.98,43.58,42.85,1.06,1.96,43.3,14.2,53.84,88.48,41.64,18.24,44.69,1.21,37.5,12.55,75.0,0.0,0.0,0.0,0.0,4.84,42.28,20.33,28.12,2.42,49.31,24.82,12.5,0.0,25.05,403.0
2270,18,93,691,2.02,44.22,18.7,58.6,19.45,41.82,60.0,1.47,2.36,62.68,14.53,37.5,86.7,42.68,17.98,41.73,1.03,32.42,21.18,71.42,0.73,60.0,16.17,20.0,4.72,51.15,18.67,40.62,2.95,54.55,14.05,30.0,0.0,54.02,375.0
2271,18,94,932,2.36,42.35,18.78,52.95,17.91,42.59,42.85,2.3,2.85,59.23,19.51,53.84,86.37,40.49,18.09,43.38,0.76,35.57,5.02,71.42,0.54,48.0,19.53,20.0,4.94,47.2,21.27,24.44,2.19,57.65,16.55,20.0,0.0,24.53,555.0
2272,18,96,1136,1.14,43.52,18.78,55.05,22.47,41.9,42.1,1.69,2.67,57.16,20.81,46.66,86.73,42.05,18.33,42.4,1.78,42.9,10.25,60.0,0.53,57.5,20.1,50.0,4.09,50.69,18.42,30.43,2.49,47.75,18.59,21.42,0.0,25.26,621.0
2273,18,97,1050,1.52,42.76,18.14,50.25,19.07,41.14,25.0,0.77,3.38,57.0,19.82,60.0,84.33,41.43,17.57,38.76,0.87,41.55,10.96,77.77,0.38,39.0,28.46,50.0,7.93,45.5,17.74,54.87,2.32,49.37,22.47,41.66,0.0,25.21,575.0
2274,18,98,1117,2.23,42.25,19.07,50.86,21.12,41.18,60.0,1.37,4.21,55.58,22.97,39.13,85.34,40.54,18.27,40.12,0.54,43.66,19.41,33.33,0.82,47.44,18.62,33.33,5.76,45.25,17.96,65.07,1.92,54.57,20.75,23.8,0.0,25.03,665.0
2275,18,99,1013,3.15,42.58,19.26,53.45,21.59,40.07,50.0,2.24,2.75,52.74,23.8,33.33,85.62,40.95,18.44,39.64,1.01,36.5,17.62,50.0,0.71,53.71,14.8,28.57,5.5,44.83,17.75,59.25,2.14,49.61,24.18,14.28,0.0,24.0,574.0
2276,18,102,869,0.57,43.43,19.35,35.9,14.83,40.39,20.0,2.31,0.81,57.71,16.49,42.85,86.45,42.92,19.56,37.34,0.57,36.6,15.02,40.0,0.34,45.66,11.37,0.0,8.91,48.74,18.3,76.62,0.57,55.0,16.53,40.0,0.0,31.19,445.0
2277,18,104,791,1.13,42.85,17.76,45.6,14.17,41.21,60.0,1.27,0.89,42.0,19.84,71.42,91.81,42.76,17.77,39.83,0.89,33.42,5.91,85.71,0.12,40.0,0.0,0.0,2.68,41.28,21.02,52.38,2.3,49.5,19.28,33.33,0.0,39.38,462.0
2278,18,105,499,0.2,43.12,17.72,50.85,22.18,40.68,42.85,1.4,1.6,44.37,19.08,50.0,92.77,42.94,17.4,40.47,0.6,30.0,7.21,66.66,0.2,53.0,0.0,0.0,2.0,41.6,23.37,40.0,1.4,51.42,27.78,28.57,0.0,38.54,280.0
2279,18,106,1180,0.42,42.5,18.98,50.06,18.33,41.35,50.0,1.36,1.19,59.21,23.88,35.71,91.82,42.24,18.82,42.16,0.85,42.4,9.96,50.0,0.17,31.5,4.94,50.0,2.89,36.73,18.79,26.47,1.7,50.2,22.8,20.0,0.0,32.37,631.0
2280,18,107,1117,0.08,44.82,19.11,41.26,23.36,41.45,33.33,1.34,0.62,51.0,19.3,28.57,93.63,44.75,19.08,41.24,1.16,39.46,16.86,84.61,0.08,38.0,0.0,0.0,2.32,45.61,18.31,42.3,0.8,59.55,18.97,33.33,0.0,34.9,616.0
2281,18,108,475,0.21,43.09,18.52,47.7,20.85,44.42,60.0,2.1,0.63,38.66,39.52,33.33,92.61,43.0,18.28,43.5,1.68,43.5,20.72,75.0,0.0,0.0,0.0,0.0,1.89,40.77,14.4,44.44,1.05,49.0,31.48,40.0,0.0,40.17,258.0
2282,18,109,901,0.44,45.12,19.11,36.2,27.31,41.28,70.0,1.11,0.55,43.0,25.45,40.0,93.86,45.37,19.02,40.73,0.78,36.0,20.54,57.14,0.0,0.0,0.0,0.0,2.22,39.54,13.15,45.0,1.44,50.53,22.89,30.76,0.0,33.75,534.0
2283,18,111,912,0.32,41.73,17.16,40.79,13.7,42.21,60.0,0.55,0.77,34.0,18.14,57.14,94.16,41.8,17.24,41.58,0.88,40.5,7.96,87.5,0.22,75.5,2.12,0.0,2.53,36.6,13.34,47.82,0.88,53.87,17.36,25.0,0.0,34.34,487.0
2284,18,112,963,1.03,42.81,17.98,41.91,17.45,43.09,41.66,1.25,1.67,40.81,19.42,50.0,90.66,42.79,17.78,43.51,1.46,35.71,18.72,64.28,0.52,41.6,16.44,20.0,3.04,41.89,18.69,31.03,1.36,62.15,15.95,15.38,0.0,34.13,499.0
2285,18,114,1301,0.69,40.07,17.27,42.15,15.14,41.89,52.63,1.47,1.39,50.61,16.54,61.11,92.56,39.73,17.23,41.13,0.61,31.25,18.49,62.5,0.54,41.0,17.28,42.85,2.32,38.66,15.97,46.66,1.08,55.35,18.58,28.57,0.0,25.05,670.0
2286,18,115,729,0.96,44.19,18.81,36.33,26.21,41.83,50.0,0.83,1.1,63.12,14.62,50.0,90.99,43.16,18.32,41.85,0.41,47.33,3.78,100.0,0.13,28.0,0.0,0.0,5.12,53.86,19.74,40.54,1.38,60.8,27.95,20.0,0.0,37.04,409.0
2287,18,117,832,3.48,41.58,17.73,51.47,19.57,38.94,42.85,2.61,4.35,51.8,21.66,37.14,81.81,39.85,17.33,38.35,1.49,38.75,10.29,91.66,1.12,49.11,12.17,22.22,5.35,40.34,15.13,39.53,3.23,53.15,15.02,30.76,0.0,30.25,475.0
2288,18,120,846,2.12,41.68,19.04,45.92,12.6,42.9,35.71,1.69,2.89,52.41,18.52,45.83,83.69,41.13,18.81,40.25,1.2,27.2,17.22,80.0,0.24,44.5,13.43,100.0,8.33,41.2,19.49,66.66,1.93,54.0,14.8,37.5,0.0,49.94,461.0
2289,18,123,816,0.0,41.64,19.83,0.0,0.0,42.52,0.0,0.0,0.24,35.0,1.41,50.0,80.26,41.73,20.08,32.06,0.24,34.0,12.72,100.0,0.12,64.0,0.0,100.0,18.99,41.59,18.74,85.8,0.12,0.0,0.0,0.0,0.0,43.41,464.0
2290,18,124,943,0.1,42.8,20.38,43.0,0.0,42.52,0.0,0.1,0.21,30.0,14.14,50.0,77.07,43.35,20.8,30.3,0.21,26.0,1.41,50.0,0.0,0.0,0.0,0.0,21.44,40.77,18.63,88.11,0.95,45.88,21.19,11.11,0.0,35.23,505.0
2291,18,125,705,2.26,44.42,19.1,52.63,13.08,43.12,54.54,3.19,2.75,61.0,21.67,26.31,89.11,43.04,18.51,43.48,1.3,42.22,21.45,77.77,0.14,20.0,0.0,0.0,3.04,44.47,23.05,23.8,0.43,57.66,13.61,33.33,0.0,44.09,397.0
2292,18,134,741,0.67,41.69,18.76,44.72,15.88,40.35,54.54,1.49,2.17,44.5,22.33,50.0,88.45,41.14,18.35,40.86,1.22,35.0,26.81,77.77,0.54,36.5,11.38,25.0,3.26,45.2,19.46,33.33,2.85,51.76,19.31,14.28,0.0,38.45,402.0
2293,18,135,725,2.06,43.17,19.76,60.28,17.13,42.34,57.14,1.97,2.11,67.53,24.07,40.0,87.88,41.38,18.99,42.46,1.26,41.11,9.66,77.77,0.42,42.33,15.3,0.0,3.52,50.8,19.46,12.0,2.81,48.45,17.34,35.0,0.0,39.38,373.0
2294,18,136,860,0.93,45.25,19.97,65.3,15.6,44.06,84.61,1.52,1.87,64.0,13.35,62.5,91.43,43.75,19.65,44.28,0.58,53.2,6.26,80.0,0.0,0.0,0.0,0.0,2.69,51.0,16.61,13.04,1.87,62.18,20.65,18.75,0.0,44.11,480.0
2295,18,140,881,2.04,41.47,17.38,48.64,17.85,39.95,21.42,1.62,5.67,54.53,12.91,42.85,87.36,39.9,17.29,39.65,1.15,42.7,12.55,70.0,0.57,42.4,14.94,20.0,2.08,44.88,19.17,44.44,1.5,58.84,14.62,53.84,0.0,41.14,458.0
2296,18,141,898,2.89,41.42,17.62,51.76,15.34,42.65,38.46,1.49,8.14,54.02,14.78,42.25,80.5,39.03,16.99,44.3,1.6,38.21,16.78,57.14,0.22,37.0,4.24,0.0,4.81,42.95,15.19,28.57,3.21,48.53,19.61,25.0,0.0,30.92,527.0
2297,18,142,191,1.57,38.64,17.46,56.0,0.0,42.93,100.0,0.53,3.19,52.66,16.52,66.66,85.63,38.1,17.63,40.37,2.65,33.4,10.8,80.0,0.0,0.0,0.0,0.0,5.31,39.2,13.38,50.0,2.65,35.79,14.6,40.0,0.0,36.96,110.0
2298,18,143,751,2.92,41.64,17.68,47.28,15.54,43.67,38.09,2.88,8.77,52.65,19.19,43.75,74.34,38.88,16.88,45.38,1.09,33.75,14.82,87.5,0.68,32.0,7.87,40.0,8.36,44.88,15.51,32.78,3.84,48.03,18.01,28.57,0.0,42.62,380.0
2299,18,144,759,5.13,40.89,17.9,37.38,17.17,41.5,38.88,2.5,9.3,50.71,19.97,44.77,76.52,38.28,16.85,42.83,1.25,46.22,17.64,66.66,0.27,41.0,19.79,0.0,7.08,43.41,17.64,33.33,3.05,48.27,17.78,9.09,0.0,38.64,411.0
2300,18,145,743,6.19,42.3,17.52,43.08,16.74,43.87,32.0,3.58,9.18,52.07,18.62,32.81,75.17,39.87,16.41,46.37,1.86,39.76,18.58,61.53,0.71,37.0,8.24,0.0,6.16,45.3,12.87,30.23,3.29,44.26,24.98,47.82,0.0,38.03,395.0
2301,18,147,842,4.39,41.83,18.72,45.82,18.71,41.09,47.05,2.11,7.82,55.07,20.87,46.03,75.4,39.14,17.48,41.51,2.11,39.05,15.35,76.47,0.74,36.33,9.97,50.0,7.82,42.53,17.24,33.33,3.97,57.43,16.85,28.12,0.0,39.9,454.0
2302,18,148,761,4.07,40.9,17.87,43.23,26.62,41.26,47.05,2.32,7.94,51.41,19.75,37.93,80.54,38.82,16.66,42.68,0.95,40.57,22.77,42.85,0.54,30.75,7.22,75.0,4.52,41.69,18.77,27.27,3.15,47.65,16.63,13.04,0.0,41.37,438.0
2303,18,149,642,2.64,42.74,18.4,53.08,16.76,43.45,58.33,1.91,3.68,52.0,15.76,34.78,87.84,41.89,18.38,45.17,0.47,34.66,9.29,66.66,0.47,53.66,25.54,0.0,3.68,41.34,11.47,30.43,1.91,49.5,26.96,25.0,0.0,38.97,378.0
2304,18,150,810,4.07,40.4,18.67,49.96,19.34,40.49,65.38,3.34,6.17,52.52,20.22,37.5,76.19,37.69,17.61,41.55,1.41,38.72,18.66,54.54,2.57,39.35,25.97,35.0,7.33,43.94,13.64,29.82,2.96,47.73,24.82,26.08,0.0,37.11,452.0
2305,18,151,911,2.19,42.41,17.62,43.3,18.71,42.48,46.15,1.45,4.82,48.06,17.27,41.86,84.17,41.39,17.65,42.53,1.23,39.0,5.93,72.72,1.12,41.2,8.23,30.0,4.26,43.36,14.92,42.1,2.91,52.26,17.76,26.92,0.0,36.99,562.0
2306,18,152,914,3.93,42.27,19.45,40.07,17.89,41.35,35.71,1.59,9.33,53.5,20.31,43.9,77.1,39.72,18.31,42.98,1.25,38.27,21.85,90.9,0.56,34.79,8.1,80.0,5.35,45.21,19.63,23.4,4.78,51.04,24.16,26.19,0.0,38.03,544.0
2307,18,154,604,2.31,41.54,18.71,37.9,10.1,43.21,45.45,1.86,11.18,56.54,16.65,45.45,75.25,38.53,18.26,45.72,0.84,40.2,13.04,60.0,1.69,44.0,15.5,20.0,6.44,45.26,17.32,26.31,2.2,38.84,10.98,30.76,0.0,45.48,352.0
2308,18,155,708,4.8,41.46,19.26,39.4,23.64,41.52,50.0,2.96,9.49,56.06,20.2,34.37,73.59,38.83,18.04,42.74,1.48,29.1,11.91,80.0,0.44,37.0,11.13,33.33,8.6,42.75,19.14,34.48,3.41,49.43,17.58,26.08,0.0,38.32,428.0
2309,18,156,748,2.8,42.15,18.29,37.08,20.08,41.71,66.66,1.65,3.57,49.03,18.7,42.3,84.45,41.67,17.87,41.85,2.2,34.68,20.12,62.5,0.55,24.5,16.82,25.0,4.4,40.03,18.93,21.87,3.16,54.52,17.28,39.13,0.0,36.87,435.0
2310,18,157,818,0.73,44.11,20.2,41.16,26.45,40.09,66.66,0.73,2.33,60.05,22.66,47.36,91.13,43.46,20.01,39.86,1.1,30.0,10.79,88.88,0.36,49.0,3.6,0.0,2.33,48.89,19.47,47.36,1.97,58.12,16.03,0.0,0.0,52.1,438.0
2311,18,159,817,0.73,40.4,18.43,30.0,20.59,42.1,25.0,0.49,1.6,43.23,12.75,38.46,90.5,40.1,18.66,43.32,1.1,33.33,11.09,55.55,0.36,53.33,6.02,66.66,2.46,41.1,13.37,35.0,3.45,48.03,19.68,14.28,0.0,50.27,485.0
2312,18,160,826,1.69,40.89,18.82,34.16,22.81,41.88,33.33,0.73,2.7,47.04,15.94,27.27,90.51,40.47,18.7,42.85,0.61,29.6,21.52,80.0,0.61,33.4,28.69,20.0,2.33,36.63,17.23,31.57,2.46,54.95,19.66,40.0,0.0,46.88,452.0
2313,18,163,850,2.47,39.75,18.55,37.85,21.74,45.41,50.0,1.68,4.82,53.65,19.35,55.0,86.12,38.19,17.95,45.09,1.2,43.5,9.83,90.0,1.2,51.5,12.46,20.0,4.1,40.5,19.78,35.29,0.84,43.57,8.46,57.14,0.0,45.01,447.0
2314,18,164,944,1.16,42.99,18.64,45.5,26.71,42.16,75.0,1.28,4.28,56.17,17.64,30.0,85.74,41.86,18.19,43.75,1.71,38.93,14.59,50.0,0.1,46.0,0.0,0.0,4.07,41.23,19.08,36.84,2.78,55.11,19.01,11.53,0.0,39.64,508.0
2315,18,165,903,2.76,41.0,19.06,39.69,16.33,41.74,42.3,2.96,6.15,56.59,16.36,31.48,83.14,39.35,18.4,43.83,1.59,39.42,21.56,57.14,0.22,36.0,1.41,50.0,3.41,43.66,21.18,23.33,2.5,50.13,20.87,22.72,0.0,35.36,482.0
2316,18,169,733,1.9,42.36,20.12,58.38,25.84,43.11,46.15,1.8,2.36,48.88,22.31,41.17,86.36,40.95,19.94,44.44,1.11,34.62,12.16,75.0,0.69,55.6,7.82,20.0,4.86,45.37,18.12,28.57,2.78,52.65,18.01,30.0,0.0,48.34,425.0
2317,18,170,842,0.95,42.75,18.98,40.0,23.89,40.38,0.0,0.71,4.07,43.32,23.32,41.17,85.49,42.21,19.08,41.65,1.43,36.75,8.7,83.33,0.71,50.33,15.89,0.0,5.03,45.95,15.7,35.71,2.51,54.57,14.22,14.28,0.0,39.11,475.0
2318,18,171,646,2.63,40.93,18.92,49.95,22.48,43.96,40.0,3.17,5.88,56.18,20.37,43.24,80.6,38.96,17.85,45.56,1.43,40.11,17.77,55.55,0.63,26.75,19.98,25.0,6.51,39.73,14.23,24.39,1.74,55.72,20.72,36.36,0.0,35.52,364.0
2319,18,172,701,2.13,40.55,18.43,46.36,19.86,43.5,27.27,1.6,3.2,60.0,17.93,50.0,86.58,39.39,17.57,42.59,1.31,31.66,23.89,88.88,0.29,55.0,9.89,100.0,5.53,39.81,18.95,39.47,1.45,56.8,23.0,60.0,0.0,38.12,387.0
2320,18,173,903,3.76,41.16,19.61,31.88,14.97,40.53,50.0,2.07,6.44,48.28,22.05,41.07,81.35,39.55,18.97,40.59,1.03,33.0,8.41,44.44,0.92,57.12,16.8,37.5,5.63,41.04,17.15,30.61,2.53,54.0,22.68,36.36,0.0,36.49,531.0
2321,18,174,961,3.85,40.29,20.19,41.13,13.36,41.62,60.0,1.62,5.3,50.24,23.49,44.89,82.03,39.62,19.4,41.42,1.83,34.47,7.7,52.94,0.54,39.6,12.62,40.0,7.35,36.82,23.88,38.23,1.29,35.41,28.57,25.0,0.0,36.98,555.0
2322,18,175,773,3.75,41.59,18.1,47.0,13.05,43.72,64.28,1.88,6.58,53.81,16.94,55.1,77.95,40.36,17.51,44.82,1.74,36.92,9.75,53.84,0.8,45.83,9.04,50.0,6.85,39.23,16.61,27.45,4.03,40.7,23.63,13.33,0.0,36.69,433.0
2323,18,176,945,5.5,40.65,18.61,39.13,15.15,42.22,34.48,3.24,11.31,51.87,19.99,46.53,72.34,37.55,17.11,43.03,1.45,31.61,8.34,84.61,1.45,45.3,18.17,23.07,6.27,41.67,16.91,33.92,3.91,45.85,20.46,25.71,0.0,37.41,548.0
2324,18,177,720,4.3,40.48,18.48,48.72,21.97,41.11,61.11,2.61,8.99,53.46,18.76,41.93,75.61,37.99,17.49,41.65,1.3,38.22,19.36,66.66,1.88,35.53,9.53,38.46,5.66,38.02,17.69,30.76,3.91,49.33,18.22,33.33,0.0,38.93,406.0
2325,18,178,799,2.25,44.19,18.48,41.33,18.91,40.55,54.16,3.07,5.12,54.15,20.19,50.0,82.45,42.77,17.92,40.06,1.4,35.09,12.83,72.72,1.02,49.62,15.55,25.0,4.6,48.91,18.93,27.77,2.3,53.77,19.49,44.44,0.0,49.2,430.0
2326,18,181,856,5.6,44.35,20.43,49.59,19.67,39.71,36.36,2.72,8.16,59.06,22.44,42.42,74.38,41.16,18.76,39.93,2.1,36.47,15.85,52.94,0.49,38.75,8.05,0.0,9.15,45.18,19.76,27.02,2.97,48.45,16.82,54.16,0.0,43.16,330.0
2327,18,3,1105,1.35,43.28,18.39,49.65,21.42,43.43,39.13,2.11,2.38,51.42,23.29,42.3,87.79,42.3,18.21,44.61,1.19,43.07,9.85,53.84,0.18,40.0,8.48,0.0,3.76,44.17,12.45,48.78,2.56,55.07,19.9,7.14,0.0,0.0,617.0
2328,18,4,1042,3.74,43.23,18.77,51.27,19.31,41.26,38.63,4.38,4.08,58.97,14.54,41.46,83.34,40.81,18.15,43.3,1.09,44.81,15.22,54.54,0.49,70.4,7.56,0.0,4.48,42.53,16.08,24.44,2.09,53.76,24.46,14.28,0.0,0.0,601.0
2329,18,5,1141,1.31,44.12,18.65,52.28,22.42,43.47,40.47,3.73,3.01,48.91,19.18,38.23,83.57,42.9,18.1,44.95,1.68,36.84,14.27,36.84,0.17,52.0,4.24,50.0,4.52,47.96,18.38,31.37,3.28,55.21,20.99,27.02,0.0,0.0,574.0
2330,18,6,995,1.3,42.05,19.04,50.38,15.39,44.02,46.15,1.32,2.74,54.48,20.12,40.74,87.88,41.42,18.66,44.95,1.42,35.71,16.15,64.28,0.0,0.0,0.0,0.0,4.68,41.89,19.63,34.78,1.93,51.31,21.5,21.05,0.0,0.0,566.0
2331,18,7,763,0.52,43.05,18.87,47.45,17.67,44.42,40.9,2.89,1.58,54.0,18.9,33.33,86.56,42.26,19.02,44.74,0.52,30.25,3.68,75.0,0.0,0.0,0.0,0.0,6.98,45.86,16.36,39.62,1.44,54.54,15.05,54.54,0.0,0.0,391.0
2332,18,10,1086,1.84,42.51,19.63,43.58,20.25,42.9,58.82,1.59,3.09,62.78,16.45,39.39,87.14,41.09,18.94,43.7,0.65,39.85,18.66,71.42,1.21,46.84,21.82,23.07,3.65,43.94,22.47,30.76,2.62,53.35,22.29,28.57,0.0,0.0,568.0
2333,18,11,0,0.0,0.0,0.0,0.0,0.0,0.0,0.0,0.0,0.0,0.0,0.0,0.0,0.0,0.0,0.0,0.0,0.0,0.0,0.0,0.0,0.0,0.0,0.0,0.0,0.0,0.0,0.0,0.0,0.0,0.0,0.0,0.0,0.0,0.0,0.0
2334,18,12,1137,2.9,44.06,19.74,49.77,21.14,40.19,36.2,5.25,3.35,64.27,18.68,51.35,83.15,42.26,19.16,40.63,0.99,41.27,10.34,81.81,0.36,43.5,10.4,25.0,5.07,43.07,18.67,33.92,1.81,53.6,17.31,25.0,0.0,0.0,658.0
2335,18,13,0,0.0,0.0,0.0,0.0,0.0,0.0,0.0,0.0,0.0,0.0,0.0,0.0,0.0,0.0,0.0,0.0,0.0,0.0,0.0,0.0,0.0,0.0,0.0,0.0,0.0,0.0,0.0,0.0,0.0,0.0,0.0,0.0,0.0,0.0,0.0
2336,18,14,1128,1.95,42.62,19.58,53.0,20.67,45.21,35.71,1.26,2.35,52.96,24.32,53.84,87.88,41.45,19.31,46.39,0.9,39.2,25.14,60.0,0.63,46.57,7.89,14.28,5.42,48.45,18.11,30.0,1.53,56.35,16.37,29.41,0.0,0.0,622.0
2337,18,15,1128,2.83,43.26,20.12,53.85,16.73,42.02,45.0,1.82,3.64,57.6,21.91,37.5,84.85,41.31,19.25,43.22,1.55,39.82,23.53,58.82,0.45,54.6,16.65,40.0,4.83,52.88,20.38,22.64,2.82,47.87,24.7,32.25,0.0,0.0,646.0
2338,18,16,1170,4.44,42.65,20.31,49.12,21.17,44.35,48.48,2.95,4.11,51.1,17.12,34.78,83.54,40.48,19.37,44.64,1.16,44.46,12.74,61.53,0.8,48.22,19.65,44.44,4.91,49.07,23.57,49.09,2.5,50.0,27.68,39.28,0.0,0.0,665.0
2339,18,17,325,2.46,39.7,18.6,48.57,21.38,41.84,85.71,2.2,2.83,41.66,24.26,44.44,91.79,39.09,17.91,40.2,0.94,42.66,4.04,100.0,0.0,0.0,0.0,0.0,1.26,54.25,17.15,50.0,0.94,31.0,26.96,0.0,0.0,0.0,144.0
2340,18,19,1204,3.9,41.08,19.49,43.15,21.51,40.78,45.0,3.45,4.06,54.21,21.33,46.8,83.31,39.3,18.67,41.49,1.12,37.76,14.79,53.84,0.6,49.85,20.21,14.28,4.58,42.98,19.81,24.52,2.85,44.81,18.14,24.24,0.0,0.0,620.0
2341,18,20,1167,2.39,41.68,18.1,48.82,15.04,40.44,46.42,2.45,4.3,50.04,21.09,38.77,84.02,40.27,17.64,41.17,1.4,37.87,8.3,56.25,0.17,58.5,12.02,50.0,5.79,43.33,19.02,27.27,1.84,48.85,19.65,19.04,0.0,0.0,643.0
2342,18,23,996,0.9,40.29,17.04,42.08,16.51,44.57,33.33,2.43,2.43,48.95,20.11,66.66,90.17,39.75,16.74,44.6,0.91,37.88,17.35,55.55,0.0,0.0,0.0,0.0,2.53,42.84,18.62,32.0,1.51,49.2,20.4,40.0,0.0,0.0,521.0
2343,18,25,920,1.19,42.29,19.48,47.18,25.14,42.5,31.25,1.76,1.76,57.12,14.75,43.75,90.42,41.38,19.18,43.91,0.55,49.0,7.03,60.0,0.33,26.66,25.16,33.33,3.08,42.78,16.88,35.71,2.09,53.94,21.87,5.26,0.0,0.0,455.0
2344,18,26,876,1.59,43.13,20.66,45.06,24.32,45.2,56.25,1.85,1.5,44.76,26.16,46.15,88.86,42.72,20.4,45.95,0.81,47.28,14.64,71.42,0.46,37.25,16.76,25.0,4.29,40.83,19.89,32.43,2.2,53.0,21.7,26.31,0.0,0.0,442.0
2345,18,28,0,0.0,0.0,0.0,0.0,0.0,0.0,0.0,0.0,0.0,0.0,0.0,0.0,0.0,0.0,0.0,0.0,0.0,0.0,0.0,0.0,0.0,0.0,0.0,0.0,0.0,0.0,0.0,0.0,0.0,0.0,0.0,0.0,0.0,0.0,0.0
2346,18,30,884,1.8,41.82,19.08,40.86,23.85,42.53,39.13,2.64,4.03,55.77,18.14,42.85,85.25,40.61,18.36,40.94,0.34,55.0,18.68,66.66,0.0,0.0,0.0,0.0,6.22,42.18,20.84,64.81,1.49,54.38,23.64,23.07,0.0,0.0,468.0
2347,18,31,0,0.0,0.0,0.0,0.0,0.0,0.0,0.0,0.0,0.0,0.0,0.0,0.0,0.0,0.0,0.0,0.0,0.0,0.0,0.0,0.0,0.0,0.0,0.0,0.0,0.0,0.0,0.0,0.0,0.0,0.0,0.0,0.0,0.0,0.0,0.0
2348,18,34,980,0.61,43.58,18.73,52.87,18.99,43.06,50.0,0.82,1.84,51.27,18.12,38.88,92.5,42.95,18.47,43.61,0.41,31.5,11.44,50.0,0.1,23.0,0.0,0.0,1.95,47.21,17.4,42.1,2.36,59.3,21.93,17.39,0.0,0.0,558.0
2349,18,35,1072,1.02,43.52,19.71,39.61,18.0,42.63,43.63,5.18,1.88,54.2,19.05,35.0,85.95,43.12,19.69,44.4,1.22,51.07,19.78,30.76,0.18,48.5,0.7,50.0,3.11,39.09,18.01,27.27,2.45,57.0,18.74,11.53,0.0,0.0,582.0
2350,18,36,1068,0.93,41.57,19.42,40.35,25.71,41.01,42.85,1.32,1.98,51.8,19.35,42.85,89.79,41.02,19.09,40.52,1.13,44.91,21.94,50.0,0.37,26.0,30.12,50.0,3.49,44.1,15.75,45.94,1.89,47.75,25.65,40.0,0.0,0.0,601.0
2351,18,39,1039,1.53,43.06,18.76,54.45,20.76,41.77,66.66,2.34,3.51,59.69,16.73,47.22,86.31,41.26,18.22,43.26,0.48,46.0,9.3,100.0,0.58,44.83,24.65,33.33,4.3,48.5,17.29,9.09,2.44,51.36,17.27,12.0,0.0,0.0,582.0
2352,18,40,1085,2.11,41.85,18.87,49.72,19.31,43.77,58.62,2.73,3.38,52.8,27.03,44.44,84.36,39.52,17.72,44.08,1.41,48.33,13.03,73.33,0.28,52.0,13.22,33.33,4.61,51.97,17.64,32.65,3.2,56.41,20.5,32.35,0.0,0.0,612.0
2353,18,41,1045,2.1,41.02,18.76,57.23,18.47,42.39,47.05,1.66,3.51,59.25,17.47,44.44,86.6,39.4,18.23,43.11,1.75,35.16,21.17,44.44,0.39,43.25,20.02,50.0,4.39,43.46,15.84,33.33,1.66,50.76,19.06,23.52,0.0,0.0,550.0
2354,18,42,740,1.48,40.67,19.22,44.84,25.27,41.21,46.15,1.78,3.15,55.95,13.81,43.47,86.28,38.84,18.69,40.38,1.92,43.85,14.95,78.57,0.13,32.0,0.0,0.0,3.56,46.73,19.65,30.76,3.15,56.69,19.3,39.13,0.0,0.0,408.0
2355,18,43,1169,0.68,41.35,19.42,55.42,18.02,41.14,52.38,1.8,1.63,60.0,15.5,36.84,90.35,40.14,18.87,41.65,1.11,43.0,22.71,69.23,0.17,32.5,45.96,0.0,2.32,45.11,22.56,33.33,2.58,54.73,21.49,23.33,0.0,0.0,649.0
2356,18,44,0,0.0,0.0,0.0,0.0,0.0,0.0,0.0,0.0,0.0,0.0,0.0,0.0,0.0,0.0,0.0,0.0,0.0,0.0,0.0,0.0,0.0,0.0,0.0,0.0,0.0,0.0,0.0,0.0,0.0,0.0,0.0,0.0,0.0,0.0,0.0
2357,18,47,853,2.22,43.03,18.98,52.03,18.32,42.67,55.17,3.47,3.11,57.84,19.77,42.3,85.01,41.17,18.36,42.17,0.95,53.0,13.42,87.5,0.35,63.0,26.51,66.66,4.91,41.78,17.8,34.14,2.15,55.83,21.04,44.44,0.0,0.0,480.0
2358,18,49,1163,1.28,42.07,17.47,44.62,17.71,41.7,48.64,3.22,2.0,57.34,15.69,69.56,89.72,41.17,17.21,41.74,0.52,51.16,28.96,66.66,0.34,29.0,7.25,50.0,2.78,45.25,15.36,15.62,1.39,49.81,16.71,18.75,0.0,0.0,652.0
2359,18,50,1200,1.5,41.11,19.3,49.93,18.53,44.41,66.66,1.26,1.69,56.3,22.96,40.0,91.62,40.17,18.87,44.41,0.84,53.6,18.8,90.0,0.25,40.66,7.5,33.33,2.53,42.43,20.32,46.66,1.77,47.19,25.59,19.04,0.0,0.0,613.0
2360,18,51,1186,0.84,40.55,18.97,40.57,19.28,42.32,33.33,1.78,2.04,48.16,20.05,50.0,89.71,39.99,18.72,42.46,1.44,40.76,12.38,64.7,0.08,0.0,0.0,0.0,3.31,48.53,18.01,33.33,1.61,43.73,27.54,21.05,0.0,0.0,656.0
2361,18,52,385,1.55,41.15,17.76,45.0,15.09,38.7,50.0,2.11,0.79,52.66,6.02,33.33,92.61,40.4,17.66,38.17,0.79,33.33,10.26,66.66,0.26,62.0,0.0,0.0,1.84,47.14,20.64,28.57,1.58,54.0,27.69,66.66,0.0,0.0,237.0
2362,18,54,0,0.0,0.0,0.0,0.0,0.0,0.0,0.0,0.0,0.0,0.0,0.0,0.0,0.0,0.0,0.0,0.0,0.0,0.0,0.0,0.0,0.0,0.0,0.0,0.0,0.0,0.0,0.0,0.0,0.0,0.0,0.0,0.0,0.0,0.0,0.0
2363,18,55,1022,2.83,40.24,18.91,52.63,22.35,42.66,63.63,1.1,3.72,47.37,23.77,43.24,86.4,38.63,18.04,43.82,0.9,38.77,8.78,66.66,0.4,61.0,2.58,50.0,4.33,40.16,19.85,25.58,3.12,55.16,20.41,32.25,0.0,0.0,556.0
2364,18,59,0,0.0,0.0,0.0,0.0,0.0,0.0,0.0,0.0,0.0,0.0,0.0,0.0,0.0,0.0,0.0,0.0,0.0,0.0,0.0,0.0,0.0,0.0,0.0,0.0,0.0,0.0,0.0,0.0,0.0,0.0,0.0,0.0,0.0,0.0,0.0
2365,18,61,1079,1.11,42.0,18.57,41.56,19.28,43.18,50.0,1.49,1.78,49.84,17.47,36.84,84.25,41.38,18.49,42.26,1.87,42.3,15.05,45.0,0.65,41.42,29.95,28.57,8.05,44.36,16.62,52.32,1.87,47.25,23.69,55.0,0.0,0.0,599.0
2366,18,62,1040,2.88,41.96,17.78,55.13,20.41,40.19,26.08,2.27,3.26,54.51,21.16,39.39,81.18,39.91,16.53,40.6,1.48,38.66,25.27,60.0,0.99,55.6,15.74,40.0,7.72,44.87,18.43,42.3,3.06,50.54,18.18,25.8,0.0,0.0,572.0
2367,18,66,927,2.26,41.72,18.27,43.05,20.78,44.55,43.33,6.62,4.52,52.65,16.97,36.58,79.69,40.33,17.57,44.32,0.99,40.33,10.95,88.88,0.44,56.75,15.94,25.0,5.73,44.15,19.94,51.92,1.98,43.16,21.05,38.88,0.0,0.0,484.0
2368,18,70,0,0.0,0.0,0.0,0.0,0.0,0.0,0.0,0.0,0.0,0.0,0.0,0.0,0.0,0.0,0.0,0.0,0.0,0.0,0.0,0.0,0.0,0.0,0.0,0.0,0.0,0.0,0.0,0.0,0.0,0.0,0.0,0.0,0.0,0.0,0.0
2369,18,71,0,0.0,0.0,0.0,0.0,0.0,0.0,0.0,0.0,0.0,0.0,0.0,0.0,0.0,0.0,0.0,0.0,0.0,0.0,0.0,0.0,0.0,0.0,0.0,0.0,0.0,0.0,0.0,0.0,0.0,0.0,0.0,0.0,0.0,0.0,0.0
2370,18,74,1076,1.2,40.17,18.35,45.25,14.06,43.58,60.0,1.88,1.78,39.31,22.03,47.36,89.18,40.21,18.36,42.4,1.41,34.86,14.79,86.66,0.18,30.0,2.82,0.0,3.95,37.88,18.52,45.23,1.59,43.64,13.22,35.29,0.0,0.0,536.0
2371,18,76,0,0.0,0.0,0.0,0.0,0.0,0.0,0.0,0.0,0.0,0.0,0.0,0.0,0.0,0.0,0.0,0.0,0.0,0.0,0.0,0.0,0.0,0.0,0.0,0.0,0.0,0.0,0.0,0.0,0.0,0.0,0.0,0.0,0.0,0.0,0.0
2372,18,77,1049,2.0,40.44,18.3,38.26,16.57,41.94,52.63,1.84,3.3,42.79,26.06,50.0,85.79,40.03,17.99,42.17,1.55,38.68,12.03,37.5,0.09,57.0,0.0,100.0,4.76,39.85,17.53,24.48,2.62,48.22,16.14,40.74,0.0,0.0,607.0
2373,18,78,1039,1.73,41.51,18.81,46.47,23.46,41.19,34.78,2.25,2.93,54.03,22.57,66.66,85.21,40.61,18.15,39.42,0.97,36.5,17.94,80.0,0.39,47.75,21.1,75.0,4.89,41.78,19.5,52.0,3.33,46.38,19.48,41.17,0.0,0.0,557.0
2374,18,83,0,0.0,0.0,0.0,0.0,0.0,0.0,0.0,0.0,0.0,0.0,0.0,0.0,0.0,0.0,0.0,0.0,0.0,0.0,0.0,0.0,0.0,0.0,0.0,0.0,0.0,0.0,0.0,0.0,0.0,0.0,0.0,0.0,0.0,0.0,0.0
2375,18,85,0,0.0,0.0,0.0,0.0,0.0,0.0,0.0,0.0,0.0,0.0,0.0,0.0,0.0,0.0,0.0,0.0,0.0,0.0,0.0,0.0,0.0,0.0,0.0,0.0,0.0,0.0,0.0,0.0,0.0,0.0,0.0,0.0,0.0,0.0,0.0
2376,18,86,865,1.38,41.83,18.74,43.35,15.01,41.96,35.29,1.99,2.81,50.0,18.12,50.0,82.76,40.76,18.31,40.22,0.82,32.85,12.07,57.14,0.35,52.66,4.04,66.66,8.32,44.92,21.87,60.56,2.93,47.36,18.33,28.0,0.0,0.0,469.0
2377,18,88,931,1.61,44.56,19.18,45.11,23.26,42.1,47.22,3.93,2.29,58.71,23.1,33.33,86.57,43.61,18.87,42.62,0.87,45.5,15.57,75.0,0.76,56.71,17.25,28.57,3.93,43.63,16.27,27.77,1.63,52.26,17.7,40.0,0.0,0.0,539.0
2378,18,92,0,0.0,0.0,0.0,0.0,0.0,0.0,0.0,0.0,0.0,0.0,0.0,0.0,0.0,0.0,0.0,0.0,0.0,0.0,0.0,0.0,0.0,0.0,0.0,0.0,0.0,0.0,0.0,0.0,0.0,0.0,0.0,0.0,0.0,0.0,0.0
2379,18,95,0,0.0,0.0,0.0,0.0,0.0,0.0,0.0,0.0,0.0,0.0,0.0,0.0,0.0,0.0,0.0,0.0,0.0,0.0,0.0,0.0,0.0,0.0,0.0,0.0,0.0,0.0,0.0,0.0,0.0,0.0,0.0,0.0,0.0,0.0,0.0
2380,18,100,0,0.0,0.0,0.0,0.0,0.0,0.0,0.0,0.0,0.0,0.0,0.0,0.0,0.0,0.0,0.0,0.0,0.0,0.0,0.0,0.0,0.0,0.0,0.0,0.0,0.0,0.0,0.0,0.0,0.0,0.0,0.0,0.0,0.0,0.0,0.0
2381,18,101,0,0.0,0.0,0.0,0.0,0.0,0.0,0.0,0.0,0.0,0.0,0.0,0.0,0.0,0.0,0.0,0.0,0.0,0.0,0.0,0.0,0.0,0.0,0.0,0.0,0.0,0.0,0.0,0.0,0.0,0.0,0.0,0.0,0.0,0.0,0.0
2382,18,103,0,0.0,0.0,0.0,0.0,0.0,0.0,0.0,0.0,0.0,0.0,0.0,0.0,0.0,0.0,0.0,0.0,0.0,0.0,0.0,0.0,0.0,0.0,0.0,0.0,0.0,0.0,0.0,0.0,0.0,0.0,0.0,0.0,0.0,0.0,0.0
2383,18,110,0,0.0,0.0,0.0,0.0,0.0,0.0,0.0,0.0,0.0,0.0,0.0,0.0,0.0,0.0,0.0,0.0,0.0,0.0,0.0,0.0,0.0,0.0,0.0,0.0,0.0,0.0,0.0,0.0,0.0,0.0,0.0,0.0,0.0,0.0,0.0
2384,18,113,1098,0.63,41.09,17.64,33.37,17.72,43.71,37.5,0.73,1.55,43.17,15.82,35.29,90.65,40.88,17.84,44.28,1.46,34.43,11.77,68.75,0.36,43.75,8.99,25.0,3.39,44.43,14.0,43.24,1.83,48.6,19.43,10.0,0.0,0.0,476.0
2385,18,118,0,0.0,0.0,0.0,0.0,0.0,0.0,0.0,0.0,0.0,0.0,0.0,0.0,0.0,0.0,0.0,0.0,0.0,0.0,0.0,0.0,0.0,0.0,0.0,0.0,0.0,0.0,0.0,0.0,0.0,0.0,0.0,0.0,0.0,0.0,0.0
2386,18,119,0,0.0,0.0,0.0,0.0,0.0,0.0,0.0,0.0,0.0,0.0,0.0,0.0,0.0,0.0,0.0,0.0,0.0,0.0,0.0,0.0,0.0,0.0,0.0,0.0,0.0,0.0,0.0,0.0,0.0,0.0,0.0,0.0,0.0,0.0,0.0
2387,18,121,849,1.53,42.94,19.46,37.02,16.75,41.81,40.9,5.26,2.87,50.2,20.21,41.66,81.22,42.91,19.52,39.61,0.47,41.75,12.57,50.0,0.83,44.42,15.83,28.57,8.01,41.37,19.04,61.19,1.31,53.09,24.02,27.27,0.0,0.0,449.0
2388,18,122,885,0.79,42.66,19.92,51.86,25.14,39.77,26.66,1.7,2.73,51.7,24.74,45.83,86.78,41.91,19.55,38.45,0.56,31.8,24.0,100.0,0.11,36.0,0.0,0.0,6.03,44.45,18.47,60.37,2.05,48.5,23.25,27.77,0.0,0.0,482.0
2389,18,126,686,1.74,40.57,18.26,44.28,20.49,41.98,28.57,2.07,1.63,61.81,15.88,72.72,88.72,39.44,17.83,42.14,0.44,35.0,7.81,100.0,0.59,53.5,24.39,25.0,4.59,44.9,17.38,45.16,1.92,50.15,20.86,15.38,0.0,0.0,384.0
2390,18,127,0,0.0,0.0,0.0,0.0,0.0,0.0,0.0,0.0,0.0,0.0,0.0,0.0,0.0,0.0,0.0,0.0,0.0,0.0,0.0,0.0,0.0,0.0,0.0,0.0,0.0,0.0,0.0,0.0,0.0,0.0,0.0,0.0,0.0,0.0,0.0
2391,18,129,0,0.0,0.0,0.0,0.0,0.0,0.0,0.0,0.0,0.0,0.0,0.0,0.0,0.0,0.0,0.0,0.0,0.0,0.0,0.0,0.0,0.0,0.0,0.0,0.0,0.0,0.0,0.0,0.0,0.0,0.0,0.0,0.0,0.0,0.0,0.0
2392,18,130,923,2.16,38.29,18.79,55.86,19.44,43.98,73.33,1.66,2.99,53.85,20.57,59.25,86.6,36.78,18.18,42.96,1.21,28.54,11.91,90.9,1.21,53.0,17.09,45.45,4.87,40.9,16.64,45.45,1.43,43.0,18.33,15.38,0.0,0.0,446.0
2393,18,131,933,1.6,39.78,17.82,49.46,21.86,44.8,60.0,1.63,2.94,49.4,21.22,40.74,87.9,38.61,16.96,44.73,1.3,30.58,10.57,91.66,0.98,48.22,15.93,44.44,3.15,40.58,19.35,34.48,2.06,54.1,24.34,36.84,0.0,0.0,477.0
2394,18,132,0,0.0,0.0,0.0,0.0,0.0,0.0,0.0,0.0,0.0,0.0,0.0,0.0,0.0,0.0,0.0,0.0,0.0,0.0,0.0,0.0,0.0,0.0,0.0,0.0,0.0,0.0,0.0,0.0,0.0,0.0,0.0,0.0,0.0,0.0,0.0
2395,18,133,0,0.0,0.0,0.0,0.0,0.0,0.0,0.0,0.0,0.0,0.0,0.0,0.0,0.0,0.0,0.0,0.0,0.0,0.0,0.0,0.0,0.0,0.0,0.0,0.0,0.0,0.0,0.0,0.0,0.0,0.0,0.0,0.0,0.0,0.0,0.0
2396,18,137,907,1.54,41.47,20.78,52.37,18.32,44.21,56.25,1.79,3.47,47.03,23.52,58.06,88.68,40.36,20.35,43.43,0.78,33.57,19.08,100.0,0.22,26.5,37.47,0.0,2.01,43.5,18.28,33.33,3.02,55.29,21.29,44.44,0.0,0.0,516.0
2397,18,138,0,0.0,0.0,0.0,0.0,0.0,0.0,0.0,0.0,0.0,0.0,0.0,0.0,0.0,0.0,0.0,0.0,0.0,0.0,0.0,0.0,0.0,0.0,0.0,0.0,0.0,0.0,0.0,0.0,0.0,0.0,0.0,0.0,0.0,0.0,0.0
2398,18,139,0,0.0,0.0,0.0,0.0,0.0,0.0,0.0,0.0,0.0,0.0,0.0,0.0,0.0,0.0,0.0,0.0,0.0,0.0,0.0,0.0,0.0,0.0,0.0,0.0,0.0,0.0,0.0,0.0,0.0,0.0,0.0,0.0,0.0,0.0,0.0
2399,18,146,0,0.0,0.0,0.0,0.0,0.0,0.0,0.0,0.0,0.0,0.0,0.0,0.0,0.0,0.0,0.0,0.0,0.0,0.0,0.0,0.0,0.0,0.0,0.0,0.0,0.0,0.0,0.0,0.0,0.0,0.0,0.0,0.0,0.0,0.0,0.0
2400,18,153,917,5.67,39.72,17.21,40.07,20.87,41.65,42.85,3.23,8.9,51.24,20.47,42.85,77.1,37.18,16.29,43.17,1.5,37.92,9.97,30.76,0.34,36.33,0.57,0.0,6.35,41.81,12.77,30.9,2.54,42.77,14.11,27.27,0.0,0.0,514.0
2401,18,158,784,1.02,41.93,19.27,35.2,22.41,39.15,20.0,1.28,2.96,54.56,22.01,30.43,88.91,41.6,19.08,39.85,0.77,35.0,11.74,66.66,0.12,0.0,0.0,0.0,3.86,40.96,15.99,53.33,2.06,44.68,17.52,6.25,0.0,0.0,430.0
2402,18,161,823,2.06,41.86,19.59,44.92,23.15,40.94,61.53,1.61,3.72,49.8,17.47,33.33,86.35,40.17,18.96,40.94,0.62,29.2,8.67,60.0,0.12,38.0,0.0,0.0,4.21,47.61,16.13,47.05,3.34,57.44,23.3,29.62,0.0,0.0,452.0
2403,18,162,0,0.0,0.0,0.0,0.0,0.0,0.0,0.0,0.0,0.0,0.0,0.0,0.0,0.0,0.0,0.0,0.0,0.0,0.0,0.0,0.0,0.0,0.0,0.0,0.0,0.0,0.0,0.0,0.0,0.0,0.0,0.0,0.0,0.0,0.0,0.0
2404,18,166,0,0.0,0.0,0.0,0.0,0.0,0.0,0.0,0.0,0.0,0.0,0.0,0.0,0.0,0.0,0.0,0.0,0.0,0.0,0.0,0.0,0.0,0.0,0.0,0.0,0.0,0.0,0.0,0.0,0.0,0.0,0.0,0.0,0.0,0.0,0.0
2405,18,167,732,0.13,44.11,18.84,59.77,18.04,41.93,33.33,1.23,2.73,53.25,21.1,50.0,83.03,42.98,18.95,36.57,0.54,46.75,14.05,100.0,0.68,51.4,31.9,60.0,11.08,47.44,15.73,77.77,0.68,50.6,4.92,20.0,0.0,0.0,410.0
2406,18,168,756,3.7,42.89,19.63,51.93,19.2,42.85,43.75,2.19,8.51,56.45,21.74,37.09,79.53,40.42,18.76,44.9,0.96,46.14,3.67,42.85,1.51,40.72,11.12,36.36,3.84,39.6,20.83,32.14,3.43,50.88,16.77,32.0,0.0,0.0,416.0
2407,18,179,851,4.23,43.87,19.63,53.17,21.78,41.01,47.82,2.82,7.73,56.68,18.41,36.5,77.05,41.41,18.97,42.83,1.34,39.63,21.25,54.54,0.85,46.0,4.93,14.28,6.5,42.0,16.96,22.64,3.68,48.3,17.51,30.0,0.0,0.0,467.0
2408,18,180,799,4.0,43.1,19.34,49.29,22.09,42.67,45.83,3.12,6.12,55.21,20.08,38.29,76.66,40.52,18.17,43.7,0.78,25.16,21.2,50.0,0.78,51.66,16.63,33.33,8.73,44.8,18.69,34.32,3.78,50.68,17.8,37.93,0.0,0.0,429.0
2409,18,182,816,5.02,42.45,20.17,42.0,22.98,40.44,56.25,2.06,7.22,55.07,18.15,57.14,77.03,39.68,19.42,38.69,1.03,38.87,9.17,50.0,1.29,56.8,19.55,30.0,7.48,41.62,18.92,39.65,3.87,50.03,19.55,30.0,0.0,0.0,154.0
2410,18,183,756,6.61,40.15,18.91,54.33,17.01,40.47,46.66,2.12,7.93,51.0,20.87,35.71,75.07,36.88,16.97,42.26,2.26,35.56,11.28,56.25,1.84,42.23,17.74,30.76,5.09,39.86,17.19,22.22,5.66,43.12,23.21,40.0,0.0,0.0,145.0
2411,18,184,0,0.0,0.0,0.0,0.0,0.0,0.0,0.0,0.0,0.0,0.0,0.0,0.0,0.0,0.0,0.0,0.0,0.0,0.0,0.0,0.0,0.0,0.0,0.0,0.0,0.0,0.0,0.0,0.0,0.0,0.0,0.0,0.0,0.0,0.0,0.0
2412,19,1,927,1.61,41.32,17.81,45.64,19.67,41.2,60.0,2.74,0.43,37.25,36.19,75.0,90.78,40.59,17.39,40.94,0.87,47.0,20.45,62.5,0.32,63.0,15.52,66.66,2.85,46.65,14.73,42.3,1.97,50.94,15.33,16.66,0.0,40.91,526.0
2413,19,2,956,0.52,41.93,20.08,55.78,25.8,42.78,84.21,3.99,0.1,0.0,0.0,0.0,89.06,41.07,19.39,40.96,0.21,27.0,1.41,0.0,0.1,0.0,0.0,0.0,4.62,45.95,19.74,52.27,1.78,47.35,24.11,17.64,0.0,35.09,525.0
2414,19,3,1008,0.89,40.58,17.19,52.06,17.97,41.56,62.5,3.2,0.1,45.0,0.0,100.0,88.78,39.58,16.63,41.93,0.7,36.42,14.42,71.42,0.1,54.0,0.0,100.0,4.3,40.79,20.49,27.9,2.8,55.42,17.6,28.57,0.0,28.56,545.0
2415,19,6,604,0.49,43.1,18.91,50.16,10.62,45.36,66.66,0.99,0.33,81.0,2.82,50.0,88.35,43.0,18.85,45.0,1.16,30.57,7.39,71.42,0.33,50.5,7.77,0.0,6.15,38.51,20.82,51.35,2.66,50.56,15.05,31.25,0.0,55.19,339.0
2416,19,10,1010,0.39,41.15,19.48,39.0,16.39,44.45,50.0,0.39,0.09,35.0,0.0,0.0,85.88,41.35,19.83,39.23,0.09,26.0,0.0,100.0,0.09,30.0,0.0,0.0,12.32,40.53,17.63,80.64,1.09,33.9,15.18,45.45,0.0,24.9,598.0
2417,19,20,852,1.05,42.59,19.09,50.0,17.2,43.66,100.0,0.59,0.23,76.5,13.43,50.0,87.18,42.3,18.9,41.08,0.23,35.0,16.97,50.0,0.11,23.0,0.0,100.0,9.25,44.75,21.03,71.79,2.37,39.45,19.25,15.0,0.0,43.23,497.0
2418,19,27,682,1.9,42.7,17.15,44.76,17.7,41.49,47.76,10.01,0.59,55.0,23.45,25.0,82.21,42.02,16.91,41.27,0.74,44.6,11.78,100.0,0.59,52.5,9.43,0.0,3.13,44.33,16.09,33.33,2.69,50.33,21.12,22.22,0.0,57.13,394.0
2419,19,45,1053,0.85,40.48,18.94,54.9,29.1,41.88,50.0,0.95,0.09,72.0,0.0,100.0,93.19,40.2,18.67,41.0,1.05,41.27,13.92,72.72,0.28,57.0,18.52,66.66,2.96,42.9,19.53,58.06,1.43,37.33,25.85,20.0,0.0,38.52,588.0
2420,19,46,1062,1.6,40.98,17.39,37.63,18.62,41.43,40.9,2.1,0.0,0.0,0.0,0.0,92.34,40.99,17.32,41.24,0.66,35.42,17.42,57.14,0.19,37.5,14.84,50.0,3.34,39.31,13.84,42.85,1.33,37.64,20.65,21.42,0.0,40.23,616.0
2421,19,47,1131,0.79,44.23,19.58,43.17,25.71,41.46,52.94,1.51,0.26,60.66,30.08,33.33,91.71,44.0,19.35,39.65,0.17,48.0,25.45,50.0,0.08,49.0,0.0,0.0,4.99,47.16,19.4,71.42,1.24,50.85,22.39,42.85,0.0,20.74,687.0
2422,19,48,1087,0.36,43.74,19.74,41.5,15.84,43.05,50.0,0.73,0.09,56.0,0.0,0.0,90.3,43.41,19.6,41.51,0.27,41.66,17.89,33.33,0.18,70.0,36.76,50.0,7.38,45.05,20.8,65.0,1.01,56.72,23.4,27.27,0.0,26.8,609.0
2423,19,50,911,1.64,44.09,18.65,52.28,24.69,41.49,42.85,0.78,0.33,57.33,12.22,33.33,93.41,43.54,18.7,41.81,0.66,40.5,12.97,66.66,0.44,51.75,23.66,25.0,3.12,45.64,15.54,32.14,1.22,56.45,16.0,54.54,0.0,40.3,545.0
2424,19,53,906,0.44,42.38,18.16,35.42,17.14,43.04,14.28,0.77,0.11,25.0,0.0,0.0,93.01,41.82,17.93,42.43,0.22,76.0,15.55,50.0,0.66,58.16,12.95,0.0,4.32,48.82,20.3,69.23,0.88,58.37,15.71,25.0,0.0,37.3,488.0
2425,19,54,929,1.72,42.56,18.43,56.2,20.86,44.34,60.0,0.54,0.32,43.0,13.45,66.66,92.77,42.08,18.16,43.8,0.76,38.0,10.69,57.14,0.0,0.0,0.0,0.0,4.16,41.18,21.99,52.63,1.42,57.23,16.39,23.07,0.0,36.15,535.0
2426,19,57,970,0.41,43.2,19.17,49.5,18.26,41.95,50.0,0.82,0.1,53.0,0.0,0.0,80.64,42.49,18.92,32.73,0.2,46.5,26.16,0.0,0.0,0.0,0.0,0.0,17.49,46.05,19.4,84.61,0.72,47.57,31.04,28.57,0.0,30.51,537.0
2427,19,61,785,1.27,41.75,18.17,35.44,19.74,46.49,77.77,1.16,0.0,0.0,0.0,0.0,89.67,41.45,18.01,45.75,0.38,31.33,5.13,33.33,0.12,48.0,0.0,0.0,6.19,39.52,18.11,56.25,2.45,59.0,19.18,47.36,0.0,31.26,430.0
2428,19,63,526,0.38,42.09,19.98,0.0,0.0,42.2,0.0,0.0,0.19,26.0,0.0,100.0,86.06,42.18,20.28,35.92,0.19,37.0,0.0,100.0,0.0,0.0,0.0,0.0,12.59,41.68,17.61,83.33,0.95,33.2,20.71,40.0,0.0,27.84,301.0
2429,19,65,734,1.36,42.61,17.92,39.95,17.39,43.18,52.17,3.17,0.0,0.0,0.0,0.0,85.35,42.44,17.01,42.07,0.27,50.0,8.48,50.0,0.13,58.0,0.0,0.0,9.94,42.38,21.76,51.38,1.1,50.75,26.71,50.0,0.0,55.62,410.0
2430,19,67,1094,0.63,40.64,18.53,41.44,18.76,43.32,46.93,4.5,0.09,44.0,0.0,100.0,89.78,40.51,18.35,43.03,0.91,40.4,20.82,30.0,0.55,44.16,15.98,0.0,2.94,40.25,22.57,56.25,1.19,43.92,25.43,46.15,0.0,24.86,566.0
2431,19,unclear,1107,0.63,43.84,15.59,43.23,15.46,48.32,64.1,3.54,0.0,0.0,0.0,0.0,93.63,43.92,15.51,46.89,0.18,35.0,9.89,100.0,0.09,27.0,0.0,0.0,1.27,36.78,18.27,85.71,1.27,47.28,21.02,57.14,,,
2432,19,unclear,1313,0.53,42.35,15.66,38.06,12.82,46.3,34.09,3.36,0.0,0.0,0.0,0.0,92.64,42.45,15.83,46.11,0.84,38.9,12.96,54.54,0.15,49.5,4.94,0.0,1.68,45.36,14.83,90.9,1.3,42.29,14.34,35.29,,,
2433,19,73,1310,0.38,42.63,17.93,37.23,18.92,43.43,35.29,1.3,0.3,46.0,14.21,50.0,91.26,42.79,17.84,43.07,1.07,22.07,16.27,71.42,0.07,76.0,0.0,0.0,4.67,41.37,14.92,52.45,1.3,49.41,19.44,11.76,0.0,24.71,744.0
2434,19,74,840,0.47,39.51,17.96,40.33,13.14,43.21,77.77,1.07,0.47,55.0,22.24,50.0,91.62,39.64,17.98,42.55,1.19,27.2,12.64,70.0,0.35,43.33,2.88,33.33,3.82,38.21,19.33,46.87,1.43,41.16,16.94,25.0,0.0,47.13,433.0
2435,19,77,696,0.43,42.67,18.93,45.14,27.9,42.52,28.57,1.01,0.28,30.0,9.89,50.0,91.77,42.76,18.82,41.35,0.14,27.0,0.0,100.0,0.28,13.5,19.09,0.0,5.62,41.89,18.37,71.79,0.86,47.33,23.99,16.66,0.0,56.28,353.0
2436,19,78,1279,0.0,44.1,18.51,42.0,12.23,45.34,50.0,0.93,0.0,0.0,0.0,0.0,89.99,43.97,18.33,42.74,0.54,40.57,14.4,57.14,0.07,46.0,0.0,0.0,7.11,44.94,19.3,82.41,1.32,50.82,29.79,17.64,0.0,27.74,660.0
2437,19,unclear,1244,0.64,47.18,17.13,53.18,19.85,48.95,53.12,2.58,0.0,0.0,0.0,0.0,92.71,47.05,16.95,48.25,0.8,37.5,14.81,60.0,0.32,74.0,12.02,0.0,1.69,40.57,16.64,66.66,1.86,46.47,18.07,60.86,,,
2438,19,87,508,0.19,41.56,18.91,38.0,13.11,46.65,66.66,0.59,0.0,0.0,0.0,0.0,95.26,41.58,18.94,47.61,0.39,44.5,13.43,100.0,0.0,0.0,0.0,0.0,2.16,34.45,12.95,9.09,1.57,53.5,24.04,25.0,0.0,25.83,295.0
2439,19,88,1178,1.27,41.48,17.82,38.79,16.86,42.95,56.0,2.14,0.34,50.0,18.51,50.0,90.97,41.26,17.78,42.53,0.25,29.33,6.5,66.66,0.34,38.25,21.32,0.0,3.78,41.7,16.16,59.09,2.14,44.92,18.92,20.0,0.0,38.25,549.0
2440,19,89,1226,0.73,44.86,20.37,47.16,22.99,43.39,16.66,0.98,0.08,28.0,0.0,100.0,91.78,44.68,20.29,44.31,0.57,30.42,21.12,57.14,0.57,34.14,15.86,14.28,3.53,49.04,19.92,48.83,2.46,49.63,23.85,16.66,0.0,33.15,700.0
2441,19,92,1020,0.68,42.14,18.88,37.93,19.03,42.74,43.75,1.57,0.0,0.0,0.0,0.0,90.81,41.84,18.86,43.8,1.38,44.57,8.49,50.0,0.0,0.0,0.0,0.0,4.04,40.68,18.13,26.82,2.17,56.86,21.14,22.72,0.0,33.89,624.0
2442,19,93,1055,0.56,44.36,18.61,33.71,29.42,43.03,28.57,0.66,0.0,0.0,0.0,0.0,91.99,44.22,18.67,44.35,1.33,42.57,14.86,42.85,0.19,63.0,22.62,100.0,4.76,44.88,15.91,26.0,1.04,56.0,19.51,9.09,0.0,28.37,567.0
2443,19,94,967,0.82,43.52,18.54,44.22,19.01,40.64,33.33,0.93,0.1,25.0,0.0,100.0,91.44,43.52,18.38,40.59,1.87,38.27,17.87,61.11,0.31,46.0,3.6,0.0,3.23,42.19,17.18,35.48,2.08,47.05,28.14,35.0,0.0,26.96,555.0
2444,19,98,955,0.94,41.1,17.2,39.07,18.42,43.24,53.84,1.37,0.1,60.0,0.0,100.0,90.69,40.81,17.11,42.89,1.37,41.69,18.09,61.53,0.21,25.0,35.35,50.0,4.22,40.1,13.47,52.5,2.0,54.57,17.35,10.52,0.0,47.32,475.0
2445,19,100,553,1.26,43.01,19.9,42.77,14.88,44.48,55.55,1.64,0.36,32.0,16.97,0.0,85.16,43.07,19.98,43.01,1.28,36.85,10.69,85.71,0.36,50.0,42.42,100.0,8.42,42.21,18.3,58.69,2.74,55.33,21.54,26.66,0.0,54.52,275.0
2446,19,103,683,0.0,43.79,19.59,40.77,25.7,43.33,44.44,1.31,0.0,0.0,0.0,0.0,94.72,43.96,19.36,43.89,1.02,36.85,20.91,71.42,0.0,0.0,0.0,0.0,1.9,41.84,22.9,15.38,1.02,43.14,29.18,14.28,0.0,56.93,331.0
2447,19,105,1054,0.09,44.55,18.03,42.83,29.84,41.17,66.66,0.56,0.0,0.0,0.0,0.0,95.15,44.56,18.04,41.21,1.13,38.75,12.52,50.0,0.0,0.0,0.0,0.0,2.46,42.92,16.05,42.3,0.66,58.42,16.85,0.0,0.0,29.49,515.0
2448,19,106,1069,0.37,43.55,18.32,38.57,24.18,43.59,47.36,1.78,0.0,0.0,0.0,0.0,93.05,43.32,18.12,43.49,1.22,43.92,25.03,61.53,0.18,61.5,17.67,0.0,2.34,49.4,18.32,56.0,1.4,49.6,11.86,20.0,0.0,41.83,479.0
2449,19,107,997,0.4,43.21,18.26,54.25,20.74,43.02,62.5,0.8,0.3,41.33,17.55,0.0,92.44,42.93,18.36,41.93,0.7,40.14,14.9,42.85,0.0,0.0,0.0,0.0,4.93,46.83,15.33,67.34,0.8,41.5,21.34,25.0,0.0,42.03,498.0
2450,19,unclear,1201,1.91,43.39,14.67,40.68,14.9,45.96,57.89,1.61,0.0,0.0,0.0,0.0,92.02,43.06,14.72,45.57,1.1,38.76,10.77,53.84,1.27,50.6,12.22,20.0,1.1,40.84,8.83,38.46,2.88,51.14,14.27,52.94,,,
2451,19,112,820,0.24,41.05,17.98,28.0,4.0,40.85,100.0,0.73,0.24,48.0,7.07,0.0,93.52,41.16,18.23,40.13,0.48,26.75,1.7,25.0,0.0,0.0,0.0,0.0,3.42,39.5,13.9,71.42,1.58,48.15,13.8,0.0,0.0,50.33,381.0
2452,19,113,1220,0.16,45.19,20.08,51.18,25.59,40.9,50.0,1.8,0.16,38.5,6.36,0.0,93.02,44.92,19.92,40.33,0.49,34.33,12.5,16.66,0.08,48.0,0.0,0.0,3.28,50.47,19.88,60.0,1.14,48.71,22.41,35.71,0.0,36.95,595.0
2453,19,116,1103,0.18,41.04,18.39,42.0,12.32,41.79,30.43,2.08,0.09,23.0,0.0,100.0,88.73,40.99,18.58,39.09,0.45,35.6,7.09,100.0,0.18,81.0,24.04,0.0,7.81,40.7,16.91,74.41,0.63,45.71,10.41,14.28,0.0,45.12,468.0
2454,19,122,882,0.11,43.61,20.35,25.0,0.0,42.4,100.0,0.11,0.22,38.0,25.45,0.0,82.97,43.89,20.41,33.92,0.0,0.0,0.0,0.0,0.11,60.0,0.0,0.0,16.23,41.81,20.15,87.41,0.34,57.0,10.14,0.0,0.0,33.58,450.0
2455,19,123,822,0.48,44.61,20.18,35.0,0.0,40.02,0.0,0.12,0.12,28.0,0.0,0.0,81.78,44.44,20.53,30.94,0.36,37.66,17.61,33.33,0.0,0.0,0.0,0.0,17.23,44.96,18.58,83.68,0.36,63.66,19.65,33.33,0.0,42.75,404.0
2456,19,124,871,0.34,47.2,18.15,54.66,26.4,39.83,33.33,0.34,0.0,0.0,0.0,0.0,86.98,47.31,18.04,35.62,0.34,44.66,5.5,66.66,0.11,23.0,0.0,0.0,10.13,46.62,19.63,80.68,2.07,44.0,16.58,11.11,0.0,35.71,464.0
2457,19,127,613,0.65,40.03,19.08,50.4,16.13,40.61,60.0,0.82,0.0,0.0,0.0,0.0,95.23,39.66,18.72,41.03,0.82,46.2,29.34,40.0,0.0,0.0,0.0,0.0,1.31,53.0,20.88,25.0,1.8,40.18,25.11,18.18,0.0,56.46,370.0
2458,19,134,1074,3.16,43.42,19.61,52.0,28.35,43.76,52.94,1.63,0.38,23.5,27.14,50.0,88.17,42.58,18.98,42.96,0.57,40.33,14.43,50.0,1.25,52.92,18.05,46.15,6.82,45.07,19.79,53.52,1.15,50.58,24.99,50.0,0.0,23.61,617.0
2459,19,135,846,1.3,39.24,18.13,29.5,17.75,40.54,30.0,1.19,1.31,47.54,23.54,27.27,87.06,38.47,17.41,42.22,1.79,38.79,23.4,60.0,1.07,42.66,23.39,33.33,2.99,38.72,16.37,24.0,4.55,52.94,20.07,21.05,0.0,26.3,419.0
2460,19,136,937,2.98,39.78,17.98,51.86,21.69,39.48,46.66,1.65,0.11,55.0,0.0,0.0,89.54,38.2,17.19,39.06,1.21,39.45,23.83,54.54,0.11,44.0,0.0,0.0,4.51,47.65,17.99,39.02,2.86,51.38,20.37,46.15,0.0,41.9,493.0
2461,19,137,954,2.72,41.12,18.09,41.81,19.17,40.98,48.48,3.55,0.53,70.4,19.78,40.0,86.2,39.9,17.45,40.5,1.61,45.93,13.43,46.66,0.43,25.5,33.28,50.0,4.31,48.6,15.32,45.0,3.34,49.03,25.03,38.7,0.0,42.73,512.0
2462,19,139,856,0.81,41.16,18.47,31.0,27.39,40.53,44.44,1.06,0.0,0.0,0.0,0.0,93.52,41.06,18.27,41.18,0.7,34.66,11.05,50.0,0.11,37.0,0.0,0.0,1.88,42.43,16.58,50.0,2.7,45.47,23.19,13.04,0.0,40.96,454.0
2463,19,140,814,0.61,41.68,17.33,43.63,24.92,41.76,36.36,1.35,0.12,60.0,0.0,0.0,92.21,41.47,17.12,42.76,0.49,36.0,11.16,75.0,0.37,30.66,33.24,33.33,2.1,37.94,16.77,41.17,3.33,50.07,18.32,11.11,0.0,45.8,460.0
2464,19,143,1021,2.05,41.43,18.25,50.6,30.35,42.21,50.0,1.0,0.4,35.0,24.02,50.0,91.0,41.0,18.09,43.62,1.3,41.23,15.31,53.84,0.6,46.83,14.51,50.0,3.3,40.54,15.7,27.27,2.4,44.87,19.76,12.5,0.0,24.03,595.0
2465,19,145,1006,0.59,40.33,18.62,48.0,27.52,43.14,28.57,0.7,0.3,68.66,7.02,66.66,91.6,40.1,18.47,43.01,1.4,27.35,10.82,64.28,0.7,50.28,15.51,28.57,2.5,32.28,18.94,56.0,2.8,51.32,16.76,28.57,0.0,41.23,506.0
2466,19,146,990,0.5,41.85,18.71,50.14,13.23,41.91,71.42,0.71,0.1,0.0,0.0,0.0,92.08,41.6,18.64,41.67,0.6,41.16,7.3,83.33,0.4,59.75,15.37,0.0,4.97,41.46,19.99,44.89,1.11,48.72,17.33,27.27,0.0,39.89,463.0
2467,19,150,470,1.48,38.03,19.91,34.5,11.73,45.74,75.0,0.86,0.43,66.0,38.18,50.0,87.68,37.8,20.31,44.33,0.43,30.5,12.02,100.0,0.86,47.25,14.4,25.0,7.34,35.08,13.82,55.88,2.37,43.18,24.19,36.36,0.0,29.0,226.0
2468,19,151,591,1.18,40.3,19.04,39.91,15.59,45.85,33.33,2.05,0.0,0.0,0.0,0.0,88.35,39.81,18.81,46.89,1.02,41.33,19.43,50.0,0.51,60.33,11.93,33.33,5.65,41.24,19.8,39.39,2.39,45.64,24.24,42.85,0.0,26.49,290.0
2469,19,153,893,1.11,40.84,17.3,39.11,24.74,45.8,66.66,1.01,0.11,24.0,0.0,100.0,91.5,40.64,17.2,45.42,1.24,36.54,8.26,90.9,0.33,40.66,13.01,0.0,4.41,39.66,18.44,46.15,1.35,51.5,13.95,16.66,0.0,40.42,507.0
2470,19,157,973,0.3,42.67,18.92,39.44,18.86,43.47,66.66,1.85,0.0,0.0,0.0,0.0,89.38,42.67,18.9,41.98,1.13,38.09,13.26,72.72,0.3,47.33,17.89,0.0,6.39,43.04,18.49,56.45,0.92,49.77,24.76,22.22,0.0,42.39,507.0
2471,19,159,973,0.71,41.53,17.88,38.96,18.64,41.72,30.76,2.69,0.62,45.33,23.37,50.0,88.4,41.54,17.76,41.92,1.65,39.75,17.97,56.25,0.41,28.25,6.7,0.0,4.76,39.86,18.06,43.47,1.44,52.92,20.89,35.71,0.0,36.52,486.0
2472,19,163,572,0.69,43.4,19.73,58.0,0.0,43.0,0.0,0.17,0.0,0.0,0.0,0.0,89.43,43.12,19.77,42.91,1.93,37.63,13.89,72.72,1.4,49.12,26.1,50.0,4.57,46.11,18.6,42.3,2.46,51.28,21.82,14.28,0.0,58.7,322.0
2473,19,164,755,0.13,42.06,19.42,36.5,0.7,42.38,50.0,0.26,0.0,0.0,0.0,0.0,94.96,41.99,19.64,42.87,1.06,42.12,11.06,62.5,0.0,0.0,0.0,0.0,2.78,44.66,18.16,28.57,0.92,40.14,8.91,0.0,0.0,30.35,470.0
2474,19,165,875,3.77,39.44,18.39,51.0,17.12,44.8,47.05,2.01,0.47,35.25,10.34,75.0,90.61,38.98,18.31,44.03,0.59,37.6,11.45,60.0,0.59,43.0,5.04,20.0,3.8,36.09,20.75,40.62,1.9,45.06,25.11,50.0,0.0,26.34,513.0
2475,19,166,861,0.46,44.56,19.46,33.14,6.59,42.04,71.42,0.81,0.0,0.0,0.0,0.0,92.88,44.74,19.49,42.71,0.81,34.0,17.3,85.71,0.11,40.0,0.0,0.0,3.38,40.24,17.99,31.03,1.98,48.7,22.93,5.88,0.0,43.05,493.0
2476,19,unclear,1145,1.13,42.47,16.06,42.52,17.62,48.12,46.0,4.41,0.0,0.0,0.0,0.0,92.57,42.49,16.11,48.37,0.26,28.0,3.6,66.66,0.08,65.0,0.0,0.0,2.03,38.08,9.49,34.78,0.61,49.42,15.73,42.85,,,
2477,19,171,646,1.54,38.92,18.0,39.0,17.08,43.34,25.0,0.62,0.0,0.0,0.0,0.0,90.88,38.75,17.97,43.25,0.31,41.5,16.26,100.0,0.31,57.0,9.89,0.0,7.07,38.55,18.64,51.11,0.78,44.8,12.11,0.0,0.0,29.47,352.0
2478,19,172,969,3.5,38.39,19.55,38.33,21.19,41.27,42.85,2.24,1.28,53.58,17.22,41.66,84.27,37.43,19.0,42.25,1.6,38.2,14.11,66.66,0.64,33.16,29.13,50.0,6.95,37.78,20.89,24.61,2.88,51.11,19.16,37.03,0.0,39.55,484.0
2479,19,173,972,1.95,40.77,17.5,50.04,20.58,43.2,45.83,2.51,0.1,58.0,0.0,100.0,89.71,40.19,17.15,43.97,1.04,37.7,14.87,90.0,0.62,59.0,18.76,16.66,3.88,40.16,17.1,18.91,2.09,41.0,19.15,35.0,0.0,39.58,475.0
2480,19,174,954,3.14,43.49,18.94,34.46,18.74,44.23,84.61,1.4,0.1,0.0,0.0,0.0,86.14,42.32,18.45,45.72,2.59,52.2,17.25,50.0,0.54,60.4,14.63,40.0,6.7,46.3,22.11,24.19,2.48,54.34,20.02,30.43,0.0,33.47,515.0
2481,19,176,952,0.21,40.62,19.22,34.75,11.2,43.69,37.5,0.84,0.1,77.0,0.0,0.0,92.63,40.27,19.16,43.06,0.52,48.2,13.31,60.0,0.0,0.0,0.0,0.0,4.31,44.87,20.03,70.73,1.57,43.8,20.68,0.0,0.0,23.65,524.0
2482,19,177,905,1.43,41.8,18.21,49.0,22.76,42.54,75.0,0.89,0.0,0.0,0.0,0.0,91.7,41.56,18.21,42.29,1.68,37.46,9.67,46.66,0.0,0.0,0.0,0.0,4.26,42.68,18.76,36.84,1.45,46.07,17.92,38.46,0.0,42.35,481.0
2483,19,178,950,2.1,39.25,18.35,49.09,19.23,42.73,63.63,1.18,0.21,79.0,21.21,50.0,89.67,38.55,18.35,43.16,0.64,40.0,11.71,83.33,0.32,32.66,6.65,33.33,5.16,41.39,15.66,31.25,2.79,42.69,15.84,26.92,0.0,36.91,509.0
2484,19,179,1001,0.79,42.23,18.31,46.14,19.55,41.45,64.28,1.4,0.3,39.66,8.73,33.33,88.82,42.17,18.38,40.7,0.5,44.0,8.71,80.0,0.4,43.5,15.02,25.0,6.14,41.08,17.96,55.73,2.41,43.25,18.33,16.66,0.0,29.25,589.0
2485,19,182,747,1.47,42.2,18.83,56.4,23.19,41.63,60.0,1.35,0.13,22.0,0.0,0.0,89.67,41.71,18.98,41.81,1.35,38.9,11.26,80.0,0.54,59.5,24.56,50.0,5.84,44.83,14.9,27.9,1.08,52.12,15.84,25.0,0.0,25.3,429.0
2486,19,183,1045,0.66,42.72,20.13,35.47,21.75,43.63,41.17,1.63,0.38,26.0,30.72,75.0,88.72,43.09,19.88,42.56,0.38,37.75,6.5,75.0,0.38,43.75,29.17,50.0,6.35,39.62,20.92,57.57,2.11,41.54,23.88,27.27,0.0,26.2,535.0
2487,19,184,1112,1.07,43.14,18.77,43.88,20.27,43.25,35.29,1.54,0.36,26.75,33.38,50.0,91.0,43.08,18.58,44.55,0.63,40.28,23.76,57.14,0.18,52.0,8.48,50.0,3.36,40.32,20.3,37.83,2.9,47.71,19.54,15.62,0.0,24.45,622.0
2488,19,185,1101,0.27,44.97,19.67,46.0,24.12,40.69,60.0,0.45,0.09,45.0,0.0,100.0,84.6,44.74,19.83,33.9,0.18,22.0,31.11,100.0,0.18,41.0,8.48,0.0,13.29,46.06,18.21,83.56,1.18,54.76,19.33,23.07,0.0,25.45,668.0
2489,19,187,1039,0.86,41.44,17.32,39.38,18.65,41.96,61.11,1.74,0.09,38.0,0.0,0.0,89.8,41.2,17.31,42.81,0.77,43.12,8.62,87.5,0.38,39.5,11.9,25.0,4.85,43.76,15.76,30.0,2.33,44.54,19.79,12.5,0.0,26.2,579.0
2490,19,188,1170,0.59,42.57,19.5,49.91,24.13,42.99,41.66,1.03,0.08,23.0,0.0,0.0,92.69,42.42,19.4,43.97,0.42,40.2,12.21,80.0,0.0,0.0,0.0,0.0,4.04,39.95,20.85,29.78,1.71,52.95,19.6,15.0,0.0,26.18,666.0
2491,19,190,647,1.85,45.0,19.72,47.83,16.84,41.73,16.66,0.94,0.0,0.0,0.0,0.0,83.62,44.52,19.48,35.21,0.31,17.0,24.04,50.0,0.0,0.0,0.0,0.0,14.33,44.95,19.33,80.21,0.78,54.2,35.13,80.0,0.0,26.3,415.0
2492,19,191,1140,2.63,39.78,18.41,41.29,21.22,44.73,48.78,3.69,1.98,27.86,20.95,31.81,84.95,39.4,17.86,45.17,1.08,40.16,16.49,75.0,0.72,42.5,8.84,25.0,5.13,38.24,18.01,45.61,2.43,46.96,20.38,22.22,0.0,22.39,596.0
2493,19,192,879,4.32,41.29,19.38,37.15,24.66,45.62,61.53,1.54,0.35,43.66,16.04,33.33,87.27,40.72,18.75,47.41,1.54,43.15,20.02,61.53,0.47,42.5,15.6,50.0,6.06,40.64,24.65,29.41,2.73,47.39,20.4,47.82,0.0,22.62,449.0
2494,19,193,1299,0.46,44.0,18.89,50.5,27.19,43.72,41.66,0.92,0.23,37.0,11.78,33.33,83.99,44.01,18.84,38.48,0.61,42.62,17.49,87.5,0.46,53.83,16.33,33.33,12.06,41.72,18.49,81.41,1.7,54.22,19.73,31.81,0.0,24.86,725.0
2495,19,194,1235,1.29,42.88,18.42,38.81,18.9,41.37,50.0,1.8,0.08,70.0,0.0,100.0,85.97,42.8,18.38,39.02,0.82,40.2,11.36,60.0,0.0,0.0,0.0,0.0,9.51,42.89,19.2,62.93,1.8,47.9,18.24,22.72,0.0,28.36,649.0
2496,19,197,794,2.39,44.68,18.68,41.5,23.57,43.82,42.85,1.8,0.25,32.0,45.25,100.0,85.41,44.24,18.18,43.5,1.03,41.75,14.48,75.0,0.38,42.33,10.4,33.33,7.61,43.01,19.85,55.93,3.48,55.51,17.33,33.33,0.0,49.1,413.0
2497,19,198,1334,0.44,43.64,19.8,42.63,12.49,42.05,26.66,2.25,0.22,30.0,8.71,33.33,89.9,43.73,20.01,42.12,0.75,28.7,13.51,70.0,0.37,21.8,12.61,40.0,4.66,43.29,18.04,56.45,1.8,51.79,18.73,12.5,0.0,24.41,710.0
2498,19,200,1044,0.28,40.73,19.13,39.14,11.55,42.91,42.85,0.67,0.09,33.0,0.0,100.0,91.93,40.26,19.06,42.21,0.67,30.85,15.86,100.0,0.28,48.33,11.71,33.33,4.22,46.84,18.8,61.36,2.11,50.04,23.2,22.72,0.0,36.65,550.0
2499,19,unclear,1165,0.77,41.63,14.46,38.0,11.26,45.83,69.23,1.12,0.0,0.0,0.0,0.0,94.46,41.68,14.55,44.23,0.34,32.5,8.06,75.0,0.25,38.33,6.02,33.33,3.02,37.45,11.3,74.28,0.77,48.66,12.73,77.77,,,
2500,19,204,824,0.36,43.99,17.35,51.66,19.92,41.74,100.0,0.73,0.24,23.5,33.23,50.0,94.27,43.9,17.12,41.08,1.21,37.4,10.3,60.0,0.12,23.0,0.0,0.0,1.82,44.93,22.26,46.66,1.58,50.84,23.47,30.76,0.0,43.56,422.0
2501,19,205,1220,0.4,41.25,18.73,35.13,14.53,42.13,44.82,2.38,0.24,48.0,17.43,33.33,90.53,41.22,18.73,42.0,1.06,41.84,17.51,53.84,0.08,0.0,0.0,100.0,4.03,41.79,19.01,48.97,1.64,51.4,21.34,20.0,0.0,28.1,579.0
2502,19,207,705,2.26,40.66,18.17,57.1,22.25,44.53,52.63,2.75,0.29,60.0,11.31,50.0,87.66,39.28,17.48,45.52,1.16,48.62,23.2,62.5,0.43,36.66,32.51,33.33,5.66,46.76,15.82,30.76,2.03,47.21,19.48,35.71,0.0,26.86,353.0
2503,19,208,1106,1.62,41.1,18.77,39.07,13.84,41.13,64.28,1.28,0.18,63.0,32.52,50.0,90.07,40.72,18.56,41.73,0.64,34.14,14.41,71.42,0.27,45.33,17.0,66.66,4.5,42.48,18.55,28.57,3.03,48.39,20.65,30.3,0.0,41.41,553.0
2504,19,209,1097,1.27,41.38,19.53,41.57,11.71,44.39,57.14,0.64,0.09,45.0,0.0,100.0,91.41,41.07,19.53,44.24,1.56,34.58,16.22,76.47,0.27,45.33,40.51,66.66,3.87,47.45,16.03,33.33,2.12,45.39,23.39,30.43,0.0,39.65,515.0
2505,19,210,1037,1.83,44.52,20.54,50.12,18.86,42.81,43.75,1.57,0.29,59.33,24.84,33.33,89.78,43.76,20.44,44.42,1.57,42.75,22.97,62.5,0.39,30.0,37.02,0.0,4.12,52.28,16.09,26.19,2.16,52.13,17.05,18.18,0.0,34.57,547.0
2506,19,214,1023,2.83,43.43,20.31,51.75,13.13,43.2,41.66,1.2,0.3,66.0,12.0,66.66,88.53,42.6,19.79,44.2,1.1,35.72,15.03,45.45,0.6,34.5,22.71,33.33,5.43,44.35,23.19,35.18,2.81,56.21,19.75,21.42,0.0,43.41,486.0
2507,19,217,1118,2.95,41.24,19.77,45.58,17.37,41.77,50.0,3.13,0.27,52.66,13.27,33.33,84.51,40.1,19.48,40.67,1.1,32.5,13.9,50.0,0.92,54.8,17.99,20.0,7.64,44.19,19.2,59.03,2.39,49.8,20.72,30.76,0.0,38.26,617.0
2508,19,218,1010,0.49,43.4,20.09,35.4,24.8,44.25,20.0,0.49,0.19,41.0,4.24,0.0,83.18,43.6,20.4,38.27,0.89,37.77,15.62,44.44,0.19,42.0,7.07,50.0,13.83,42.82,19.13,83.45,1.19,45.41,17.76,25.0,0.0,36.91,520.0
2509,19,219,1016,1.47,39.86,18.72,48.27,16.06,43.3,54.54,1.09,0.19,46.0,29.69,50.0,88.51,39.43,18.73,40.4,0.89,42.11,13.01,77.77,0.39,42.0,13.34,50.0,7.19,40.59,16.82,75.0,1.69,44.35,23.33,23.52,0.0,37.55,527.0
2510,19,220,956,1.15,40.6,18.76,38.14,16.36,43.93,71.42,0.74,0.0,0.0,0.0,0.0,84.33,40.15,18.86,39.27,0.84,27.12,19.51,62.5,0.1,28.0,0.0,0.0,13.01,42.42,17.49,73.98,0.95,53.22,23.03,11.11,0.0,40.87,506.0
2511,19,223,609,0.0,43.24,20.96,79.5,13.43,45.81,100.0,0.32,0.0,0.0,0.0,0.0,76.51,43.03,21.02,32.61,0.0,0.0,0.0,0.0,0.16,93.0,0.0,0.0,22.66,42.57,19.86,90.57,0.32,77.0,4.24,0.0,0.0,23.29,340.0
2512,19,224,780,0.51,42.32,19.59,50.41,25.14,42.94,64.7,2.19,0.0,0.0,0.0,0.0,91.36,42.08,19.61,42.73,0.64,36.79,15.51,80.0,0.64,60.8,14.51,40.0,3.35,39.5,18.08,42.3,1.8,47.5,14.27,14.28,0.0,41.22,425.0
2513,19,227,846,0.94,42.9,19.3,38.5,21.25,41.25,41.66,1.43,0.23,33.0,15.55,50.0,88.66,43.48,19.22,39.3,0.47,29.75,21.77,50.0,0.11,25.0,0.0,0.0,8.11,37.86,18.13,63.23,0.95,52.25,14.0,12.5,0.0,42.05,504.0
2514,19,4,950,1.57,42.45,18.52,40.57,19.42,42.21,71.42,0.74,0.1,0.0,0.0,100.0,92.29,42.23,18.61,42.29,0.85,38.25,10.91,62.5,0.74,51.57,9.08,14.28,3.31,38.54,15.62,41.93,1.92,53.38,17.46,22.22,0.0,0.0,511.0
2515,19,5,0,0.0,0.0,0.0,0.0,0.0,0.0,0.0,0.0,0.0,0.0,0.0,0.0,0.0,0.0,0.0,0.0,0.0,0.0,0.0,0.0,0.0,0.0,0.0,0.0,0.0,0.0,0.0,0.0,0.0,0.0,0.0,0.0,0.0,0.0,0.0
2516,19,7,594,2.02,41.6,18.35,61.75,10.87,42.42,75.0,0.68,0.0,0.0,0.0,0.0,91.23,41.0,18.54,43.31,1.03,41.33,18.34,83.33,0.51,34.0,6.92,33.33,3.6,44.95,16.75,19.04,2.92,50.7,11.75,17.64,0.0,0.0,313.0
2517,19,8,585,2.22,44.56,20.98,68.0,0.0,41.19,0.0,0.17,0.0,0.0,0.0,0.0,92.13,44.14,20.87,42.69,0.87,63.4,14.87,60.0,0.34,62.0,21.21,0.0,3.67,38.23,17.19,33.33,2.79,48.06,24.26,0.0,0.0,0.0,320.0
2518,19,9,0,0.0,0.0,0.0,0.0,0.0,0.0,0.0,0.0,0.0,0.0,0.0,0.0,0.0,0.0,0.0,0.0,0.0,0.0,0.0,0.0,0.0,0.0,0.0,0.0,0.0,0.0,0.0,0.0,0.0,0.0,0.0,0.0,0.0,0.0,0.0
2519,19,11,766,1.69,42.07,17.97,45.04,14.27,43.73,23.8,2.78,0.53,62.75,21.91,25.0,92.03,41.35,17.79,45.16,0.26,39.5,0.7,0.0,0.26,47.5,7.77,0.0,1.85,46.14,20.82,42.85,2.25,46.94,15.75,35.29,0.0,0.0,409.0
2520,19,12,732,0.95,42.64,19.67,45.5,17.06,40.16,36.36,6.06,0.68,65.8,24.25,60.0,88.0,41.67,19.43,40.43,0.68,46.2,23.31,80.0,0.0,0.0,0.0,0.0,1.79,39.92,7.78,23.07,2.75,55.25,26.93,30.0,0.0,0.0,361.0
2521,19,13,0,0.0,0.0,0.0,0.0,0.0,0.0,0.0,0.0,0.0,0.0,0.0,0.0,0.0,0.0,0.0,0.0,0.0,0.0,0.0,0.0,0.0,0.0,0.0,0.0,0.0,0.0,0.0,0.0,0.0,0.0,0.0,0.0,0.0,0.0,0.0
2522,19,14,961,1.04,41.76,17.68,39.95,13.36,45.99,47.61,2.2,0.42,54.5,24.71,0.0,89.69,41.37,17.75,47.71,0.42,34.25,6.5,75.0,0.31,48.0,14.73,33.33,4.31,43.8,15.42,39.02,2.62,47.88,19.99,8.0,0.0,0.0,513.0
2523,19,15,949,1.36,42.21,19.01,39.7,16.43,41.83,50.0,2.56,0.32,50.66,22.72,33.33,89.42,42.02,18.72,42.77,0.64,35.5,6.34,83.33,0.21,28.0,39.59,50.0,3.52,41.6,18.41,36.36,3.31,49.61,27.01,9.67,0.0,0.0,499.0
2524,19,16,919,2.82,43.36,18.73,47.54,27.9,41.34,45.45,2.46,0.33,82.66,10.69,33.33,87.79,42.24,18.23,42.6,0.44,28.0,21.41,25.0,0.55,41.8,26.02,20.0,5.03,43.35,16.02,31.11,3.35,53.1,16.21,26.66,0.0,0.0,539.0
2525,19,17,1033,1.74,43.77,19.09,43.0,21.49,41.62,40.74,2.66,0.09,76.0,0.0,100.0,90.24,43.56,18.86,41.48,0.49,42.6,24.86,80.0,0.29,42.0,12.16,33.33,4.13,39.66,18.89,47.61,2.06,53.23,17.62,38.09,0.0,0.0,534.0
2526,19,18,0,0.0,0.0,0.0,0.0,0.0,0.0,0.0,0.0,0.0,0.0,0.0,0.0,0.0,0.0,0.0,0.0,0.0,0.0,0.0,0.0,0.0,0.0,0.0,0.0,0.0,0.0,0.0,0.0,0.0,0.0,0.0,0.0,0.0,0.0,0.0
2527,19,19,647,0.92,41.37,17.73,57.66,7.37,43.27,66.66,0.46,0.31,62.5,4.94,50.0,92.82,41.11,17.64,43.52,1.24,39.62,15.96,50.0,0.31,30.0,42.42,50.0,2.65,34.7,11.41,41.17,2.18,45.78,17.13,14.28,0.0,0.0,363.0
2528,19,21,0,0.0,0.0,0.0,0.0,0.0,0.0,0.0,0.0,0.0,0.0,0.0,0.0,0.0,0.0,0.0,0.0,0.0,0.0,0.0,0.0,0.0,0.0,0.0,0.0,0.0,0.0,0.0,0.0,0.0,0.0,0.0,0.0,0.0,0.0,0.0
2529,19,22,891,0.67,43.87,19.99,38.66,19.69,42.53,50.0,0.67,0.0,0.0,0.0,0.0,88.58,44.21,20.0,39.54,0.67,42.5,19.22,66.66,0.45,41.0,12.27,50.0,8.24,39.5,19.07,72.6,1.35,42.66,22.44,41.66,0.0,0.0,470.0
2530,19,23,864,0.81,42.2,18.6,0.0,0.0,42.36,100.0,0.11,0.11,22.0,0.0,0.0,88.09,41.88,18.61,37.48,0.7,38.0,25.86,66.66,0.0,0.0,0.0,0.0,9.8,44.85,17.53,88.09,1.16,49.1,15.4,10.0,0.0,0.0,546.0
2531,19,24,0,0.0,0.0,0.0,0.0,0.0,0.0,0.0,0.0,0.0,0.0,0.0,0.0,0.0,0.0,0.0,0.0,0.0,0.0,0.0,0.0,0.0,0.0,0.0,0.0,0.0,0.0,0.0,0.0,0.0,0.0,0.0,0.0,0.0,0.0,0.0
2532,19,25,837,0.47,40.84,17.29,30.22,8.3,43.13,44.44,1.08,0.24,45.5,26.16,100.0,91.59,40.67,17.23,43.11,0.6,33.6,21.23,60.0,0.36,46.0,12.16,0.0,4.32,41.0,17.62,61.11,1.8,56.86,16.46,0.0,0.0,0.0,447.0
2533,19,26,0,0.0,0.0,0.0,0.0,0.0,0.0,0.0,0.0,0.0,0.0,0.0,0.0,0.0,0.0,0.0,0.0,0.0,0.0,0.0,0.0,0.0,0.0,0.0,0.0,0.0,0.0,0.0,0.0,0.0,0.0,0.0,0.0,0.0,0.0,0.0
2534,19,28,0,0.0,0.0,0.0,0.0,0.0,0.0,0.0,0.0,0.0,0.0,0.0,0.0,0.0,0.0,0.0,0.0,0.0,0.0,0.0,0.0,0.0,0.0,0.0,0.0,0.0,0.0,0.0,0.0,0.0,0.0,0.0,0.0,0.0,0.0,0.0
2535,19,29,338,0.59,39.76,18.04,30.4,19.24,45.56,20.0,1.48,0.0,0.0,0.0,0.0,94.04,39.97,17.96,46.51,0.59,51.5,6.36,50.0,0.29,60.0,0.0,100.0,2.08,26.14,18.33,42.85,1.48,42.2,20.86,0.0,0.0,0.0,200.0
2536,19,30,0,0.0,0.0,0.0,0.0,0.0,0.0,0.0,0.0,0.0,0.0,0.0,0.0,0.0,0.0,0.0,0.0,0.0,0.0,0.0,0.0,0.0,0.0,0.0,0.0,0.0,0.0,0.0,0.0,0.0,0.0,0.0,0.0,0.0,0.0,0.0
2537,19,31,0,0.0,0.0,0.0,0.0,0.0,0.0,0.0,0.0,0.0,0.0,0.0,0.0,0.0,0.0,0.0,0.0,0.0,0.0,0.0,0.0,0.0,0.0,0.0,0.0,0.0,0.0,0.0,0.0,0.0,0.0,0.0,0.0,0.0,0.0,0.0
2538,19,32,0,0.0,0.0,0.0,0.0,0.0,0.0,0.0,0.0,0.0,0.0,0.0,0.0,0.0,0.0,0.0,0.0,0.0,0.0,0.0,0.0,0.0,0.0,0.0,0.0,0.0,0.0,0.0,0.0,0.0,0.0,0.0,0.0,0.0,0.0,0.0
2539,19,33,598,0.5,40.43,19.74,29.45,13.42,45.15,40.9,3.69,0.0,0.0,0.0,0.0,90.75,40.84,19.82,45.74,0.33,41.0,18.38,0.0,0.0,0.0,0.0,0.0,3.02,34.61,19.18,38.88,2.18,53.0,16.73,30.76,0.0,0.0,250.0
2540,19,34,0,0.0,0.0,0.0,0.0,0.0,0.0,0.0,0.0,0.0,0.0,0.0,0.0,0.0,0.0,0.0,0.0,0.0,0.0,0.0,0.0,0.0,0.0,0.0,0.0,0.0,0.0,0.0,0.0,0.0,0.0,0.0,0.0,0.0,0.0,0.0
2541,19,35,485,1.23,39.07,18.51,37.15,27.3,44.74,23.07,2.71,0.0,0.0,0.0,0.0,92.48,38.8,18.2,45.82,0.41,37.5,3.53,100.0,0.41,54.0,5.65,100.0,3.13,41.8,11.18,33.33,0.83,68.25,10.3,0.0,0.0,0.0,263.0
2542,19,36,1047,1.24,42.9,18.68,42.93,15.82,42.5,33.33,1.45,0.0,0.0,0.0,0.0,90.71,42.79,18.6,43.49,0.87,40.88,13.56,77.77,0.19,64.0,21.21,50.0,4.54,41.91,17.13,31.91,2.12,48.0,23.89,18.18,0.0,0.0,591.0
2543,19,37,0,0.0,0.0,0.0,0.0,0.0,0.0,0.0,0.0,0.0,0.0,0.0,0.0,0.0,0.0,0.0,0.0,0.0,0.0,0.0,0.0,0.0,0.0,0.0,0.0,0.0,0.0,0.0,0.0,0.0,0.0,0.0,0.0,0.0,0.0,0.0
2544,19,38,0,0.0,0.0,0.0,0.0,0.0,0.0,0.0,0.0,0.0,0.0,0.0,0.0,0.0,0.0,0.0,0.0,0.0,0.0,0.0,0.0,0.0,0.0,0.0,0.0,0.0,0.0,0.0,0.0,0.0,0.0,0.0,0.0,0.0,0.0,0.0
2545,19,39,866,0.8,40.67,17.55,51.0,19.1,43.53,40.0,1.16,0.11,63.0,0.0,0.0,90.22,40.5,17.48,42.83,0.69,44.5,7.79,50.0,0.11,45.0,0.0,0.0,6.16,38.77,17.61,62.26,1.51,46.76,22.21,15.38,0.0,0.0,426.0
2546,19,40,0,0.0,0.0,0.0,0.0,0.0,0.0,0.0,0.0,0.0,0.0,0.0,0.0,0.0,0.0,0.0,0.0,0.0,0.0,0.0,0.0,0.0,0.0,0.0,0.0,0.0,0.0,0.0,0.0,0.0,0.0,0.0,0.0,0.0,0.0,0.0
2547,19,41,0,0.0,0.0,0.0,0.0,0.0,0.0,0.0,0.0,0.0,0.0,0.0,0.0,0.0,0.0,0.0,0.0,0.0,0.0,0.0,0.0,0.0,0.0,0.0,0.0,0.0,0.0,0.0,0.0,0.0,0.0,0.0,0.0,0.0,0.0,0.0
2548,19,42,0,0.0,0.0,0.0,0.0,0.0,0.0,0.0,0.0,0.0,0.0,0.0,0.0,0.0,0.0,0.0,0.0,0.0,0.0,0.0,0.0,0.0,0.0,0.0,0.0,0.0,0.0,0.0,0.0,0.0,0.0,0.0,0.0,0.0,0.0,0.0
2549,19,43,1008,0.59,43.06,19.38,36.4,25.59,43.35,100.0,0.49,0.0,0.0,0.0,0.0,93.61,43.06,19.11,43.39,0.29,22.33,19.39,66.66,0.19,53.0,7.07,50.0,2.99,41.66,19.03,63.33,2.39,48.2,25.68,8.33,0.0,0.0,564.0
2550,19,44,0,0.0,0.0,0.0,0.0,0.0,0.0,0.0,0.0,0.0,0.0,0.0,0.0,0.0,0.0,0.0,0.0,0.0,0.0,0.0,0.0,0.0,0.0,0.0,0.0,0.0,0.0,0.0,0.0,0.0,0.0,0.0,0.0,0.0,0.0,0.0
2551,19,49,1133,1.58,41.79,17.93,39.08,16.97,41.48,45.83,2.15,0.26,47.0,21.51,66.66,90.31,41.46,17.86,40.01,0.71,37.25,17.1,62.5,0.0,0.0,0.0,0.0,5.38,40.79,17.25,68.33,1.16,53.69,19.66,7.69,0.0,0.0,549.0
2552,19,51,0,0.0,0.0,0.0,0.0,0.0,0.0,0.0,0.0,0.0,0.0,0.0,0.0,0.0,0.0,0.0,0.0,0.0,0.0,0.0,0.0,0.0,0.0,0.0,0.0,0.0,0.0,0.0,0.0,0.0,0.0,0.0,0.0,0.0,0.0,0.0
2553,19,52,0,0.0,0.0,0.0,0.0,0.0,0.0,0.0,0.0,0.0,0.0,0.0,0.0,0.0,0.0,0.0,0.0,0.0,0.0,0.0,0.0,0.0,0.0,0.0,0.0,0.0,0.0,0.0,0.0,0.0,0.0,0.0,0.0,0.0,0.0,0.0
2554,19,55,787,0.76,40.54,19.31,28.4,22.46,41.67,60.0,0.64,0.12,26.0,0.0,0.0,90.52,40.09,19.18,41.01,0.89,40.71,7.45,57.14,0.38,57.33,1.15,33.33,5.24,45.21,22.8,58.53,2.17,47.05,18.71,23.52,0.0,0.0,391.0
2555,19,56,0,0.0,0.0,0.0,0.0,0.0,0.0,0.0,0.0,0.0,0.0,0.0,0.0,0.0,0.0,0.0,0.0,0.0,0.0,0.0,0.0,0.0,0.0,0.0,0.0,0.0,0.0,0.0,0.0,0.0,0.0,0.0,0.0,0.0,0.0,0.0
2556,19,58,0,0.0,0.0,0.0,0.0,0.0,0.0,0.0,0.0,0.0,0.0,0.0,0.0,0.0,0.0,0.0,0.0,0.0,0.0,0.0,0.0,0.0,0.0,0.0,0.0,0.0,0.0,0.0,0.0,0.0,0.0,0.0,0.0,0.0,0.0,0.0
2557,19,59,670,2.23,40.68,17.96,44.71,16.89,41.64,57.14,2.13,0.15,27.0,0.0,0.0,89.0,40.49,17.82,41.5,0.61,33.75,9.17,50.0,0.61,32.0,23.15,50.0,4.12,43.37,17.56,48.14,3.35,43.81,19.53,27.27,0.0,0.0,404.0
2558,19,60,0,0.0,0.0,0.0,0.0,0.0,0.0,0.0,0.0,0.0,0.0,0.0,0.0,0.0,0.0,0.0,0.0,0.0,0.0,0.0,0.0,0.0,0.0,0.0,0.0,0.0,0.0,0.0,0.0,0.0,0.0,0.0,0.0,0.0,0.0,0.0
2559,19,62,740,0.4,41.5,18.33,35.6,16.5,41.89,40.0,0.67,0.0,0.0,0.0,0.0,92.94,41.32,18.11,41.16,0.81,36.66,11.21,83.33,0.0,0.0,0.0,0.0,4.34,43.21,20.69,59.37,1.22,48.22,28.19,11.11,0.0,0.0,410.0
2560,19,64,0,0.0,0.0,0.0,0.0,0.0,0.0,0.0,0.0,0.0,0.0,0.0,0.0,0.0,0.0,0.0,0.0,0.0,0.0,0.0,0.0,0.0,0.0,0.0,0.0,0.0,0.0,0.0,0.0,0.0,0.0,0.0,0.0,0.0,0.0,0.0
2561,19,66,0,0.0,0.0,0.0,0.0,0.0,0.0,0.0,0.0,0.0,0.0,0.0,0.0,0.0,0.0,0.0,0.0,0.0,0.0,0.0,0.0,0.0,0.0,0.0,0.0,0.0,0.0,0.0,0.0,0.0,0.0,0.0,0.0,0.0,0.0,0.0
2562,19,72,0,0.0,0.0,0.0,0.0,0.0,0.0,0.0,0.0,0.0,0.0,0.0,0.0,0.0,0.0,0.0,0.0,0.0,0.0,0.0,0.0,0.0,0.0,0.0,0.0,0.0,0.0,0.0,0.0,0.0,0.0,0.0,0.0,0.0,0.0,0.0
2563,19,75,0,0.0,0.0,0.0,0.0,0.0,0.0,0.0,0.0,0.0,0.0,0.0,0.0,0.0,0.0,0.0,0.0,0.0,0.0,0.0,0.0,0.0,0.0,0.0,0.0,0.0,0.0,0.0,0.0,0.0,0.0,0.0,0.0,0.0,0.0,0.0
2564,19,76,0,0.0,0.0,0.0,0.0,0.0,0.0,0.0,0.0,0.0,0.0,0.0,0.0,0.0,0.0,0.0,0.0,0.0,0.0,0.0,0.0,0.0,0.0,0.0,0.0,0.0,0.0,0.0,0.0,0.0,0.0,0.0,0.0,0.0,0.0,0.0
2565,19,82,619,0.16,39.7,18.17,32.75,8.46,42.81,25.0,0.64,0.0,0.0,0.0,0.0,95.14,39.57,18.32,43.19,1.13,45.71,11.44,57.14,0.0,0.0,0.0,0.0,2.26,40.5,18.04,28.57,0.8,46.4,12.58,20.0,0.0,0.0,330.0
2566,19,83,0,0.0,0.0,0.0,0.0,0.0,0.0,0.0,0.0,0.0,0.0,0.0,0.0,0.0,0.0,0.0,0.0,0.0,0.0,0.0,0.0,0.0,0.0,0.0,0.0,0.0,0.0,0.0,0.0,0.0,0.0,0.0,0.0,0.0,0.0,0.0
2567,19,84,0,0.0,0.0,0.0,0.0,0.0,0.0,0.0,0.0,0.0,0.0,0.0,0.0,0.0,0.0,0.0,0.0,0.0,0.0,0.0,0.0,0.0,0.0,0.0,0.0,0.0,0.0,0.0,0.0,0.0,0.0,0.0,0.0,0.0,0.0,0.0
2568,19,85,0,0.0,0.0,0.0,0.0,0.0,0.0,0.0,0.0,0.0,0.0,0.0,0.0,0.0,0.0,0.0,0.0,0.0,0.0,0.0,0.0,0.0,0.0,0.0,0.0,0.0,0.0,0.0,0.0,0.0,0.0,0.0,0.0,0.0,0.0,0.0
2569,19,86,0,0.0,0.0,0.0,0.0,0.0,0.0,0.0,0.0,0.0,0.0,0.0,0.0,0.0,0.0,0.0,0.0,0.0,0.0,0.0,0.0,0.0,0.0,0.0,0.0,0.0,0.0,0.0,0.0,0.0,0.0,0.0,0.0,0.0,0.0,0.0
2570,19,90,0,0.0,0.0,0.0,0.0,0.0,0.0,0.0,0.0,0.0,0.0,0.0,0.0,0.0,0.0,0.0,0.0,0.0,0.0,0.0,0.0,0.0,0.0,0.0,0.0,0.0,0.0,0.0,0.0,0.0,0.0,0.0,0.0,0.0,0.0,0.0
2571,19,91,1144,0.34,41.8,19.59,28.6,12.62,43.18,70.0,0.87,0.43,27.4,16.69,0.0,89.03,42.26,19.5,40.98,0.35,24.5,20.1,75.0,0.35,24.5,3.41,50.0,7.8,39.62,20.04,70.78,1.14,46.46,18.67,15.38,0.0,0.0,594.0
2572,19,95,603,0.66,43.1,19.24,54.0,28.89,42.12,50.0,0.66,0.0,0.0,0.0,0.0,92.15,42.99,19.09,43.47,1.0,44.16,9.28,83.33,0.5,37.66,10.01,33.33,3.5,39.57,17.52,19.04,2.17,43.23,24.5,0.0,0.0,0.0,316.0
2573,19,96,0,0.0,0.0,0.0,0.0,0.0,0.0,0.0,0.0,0.0,0.0,0.0,0.0,0.0,0.0,0.0,0.0,0.0,0.0,0.0,0.0,0.0,0.0,0.0,0.0,0.0,0.0,0.0,0.0,0.0,0.0,0.0,0.0,0.0,0.0,0.0
2574,19,99,0,0.0,0.0,0.0,0.0,0.0,0.0,0.0,0.0,0.0,0.0,0.0,0.0,0.0,0.0,0.0,0.0,0.0,0.0,0.0,0.0,0.0,0.0,0.0,0.0,0.0,0.0,0.0,0.0,0.0,0.0,0.0,0.0,0.0,0.0,0.0
2575,19,101,0,0.0,0.0,0.0,0.0,0.0,0.0,0.0,0.0,0.0,0.0,0.0,0.0,0.0,0.0,0.0,0.0,0.0,0.0,0.0,0.0,0.0,0.0,0.0,0.0,0.0,0.0,0.0,0.0,0.0,0.0,0.0,0.0,0.0,0.0,0.0
2576,19,102,0,0.0,0.0,0.0,0.0,0.0,0.0,0.0,0.0,0.0,0.0,0.0,0.0,0.0,0.0,0.0,0.0,0.0,0.0,0.0,0.0,0.0,0.0,0.0,0.0,0.0,0.0,0.0,0.0,0.0,0.0,0.0,0.0,0.0,0.0,0.0
2577,19,104,0,0.0,0.0,0.0,0.0,0.0,0.0,0.0,0.0,0.0,0.0,0.0,0.0,0.0,0.0,0.0,0.0,0.0,0.0,0.0,0.0,0.0,0.0,0.0,0.0,0.0,0.0,0.0,0.0,0.0,0.0,0.0,0.0,0.0,0.0,0.0
2578,19,108,861,0.23,43.43,18.71,38.0,4.83,41.11,50.0,0.46,0.34,50.0,2.0,33.33,92.89,43.78,18.68,41.22,1.51,38.3,25.27,23.07,0.23,45.5,33.23,0.0,3.49,38.33,16.14,56.66,1.04,39.88,23.52,11.11,0.0,0.0,385.0
2579,19,111,0,0.0,0.0,0.0,0.0,0.0,0.0,0.0,0.0,0.0,0.0,0.0,0.0,0.0,0.0,0.0,0.0,0.0,0.0,0.0,0.0,0.0,0.0,0.0,0.0,0.0,0.0,0.0,0.0,0.0,0.0,0.0,0.0,0.0,0.0,0.0
2580,19,114,0,0.0,0.0,0.0,0.0,0.0,0.0,0.0,0.0,0.0,0.0,0.0,0.0,0.0,0.0,0.0,0.0,0.0,0.0,0.0,0.0,0.0,0.0,0.0,0.0,0.0,0.0,0.0,0.0,0.0,0.0,0.0,0.0,0.0,0.0,0.0
2581,19,115,0,0.0,0.0,0.0,0.0,0.0,0.0,0.0,0.0,0.0,0.0,0.0,0.0,0.0,0.0,0.0,0.0,0.0,0.0,0.0,0.0,0.0,0.0,0.0,0.0,0.0,0.0,0.0,0.0,0.0,0.0,0.0,0.0,0.0,0.0,0.0
2582,19,117,0,0.0,0.0,0.0,0.0,0.0,0.0,0.0,0.0,0.0,0.0,0.0,0.0,0.0,0.0,0.0,0.0,0.0,0.0,0.0,0.0,0.0,0.0,0.0,0.0,0.0,0.0,0.0,0.0,0.0,0.0,0.0,0.0,0.0,0.0,0.0
2583,19,118,0,0.0,0.0,0.0,0.0,0.0,0.0,0.0,0.0,0.0,0.0,0.0,0.0,0.0,0.0,0.0,0.0,0.0,0.0,0.0,0.0,0.0,0.0,0.0,0.0,0.0,0.0,0.0,0.0,0.0,0.0,0.0,0.0,0.0,0.0,0.0
2584,19,119,0,0.0,0.0,0.0,0.0,0.0,0.0,0.0,0.0,0.0,0.0,0.0,0.0,0.0,0.0,0.0,0.0,0.0,0.0,0.0,0.0,0.0,0.0,0.0,0.0,0.0,0.0,0.0,0.0,0.0,0.0,0.0,0.0,0.0,0.0,0.0
2585,19,120,0,0.0,0.0,0.0,0.0,0.0,0.0,0.0,0.0,0.0,0.0,0.0,0.0,0.0,0.0,0.0,0.0,0.0,0.0,0.0,0.0,0.0,0.0,0.0,0.0,0.0,0.0,0.0,0.0,0.0,0.0,0.0,0.0,0.0,0.0,0.0
2586,19,121,0,0.0,0.0,0.0,0.0,0.0,0.0,0.0,0.0,0.0,0.0,0.0,0.0,0.0,0.0,0.0,0.0,0.0,0.0,0.0,0.0,0.0,0.0,0.0,0.0,0.0,0.0,0.0,0.0,0.0,0.0,0.0,0.0,0.0,0.0,0.0
2587,19,125,0,0.0,0.0,0.0,0.0,0.0,0.0,0.0,0.0,0.0,0.0,0.0,0.0,0.0,0.0,0.0,0.0,0.0,0.0,0.0,0.0,0.0,0.0,0.0,0.0,0.0,0.0,0.0,0.0,0.0,0.0,0.0,0.0,0.0,0.0,0.0
2588,19,126,0,0.0,0.0,0.0,0.0,0.0,0.0,0.0,0.0,0.0,0.0,0.0,0.0,0.0,0.0,0.0,0.0,0.0,0.0,0.0,0.0,0.0,0.0,0.0,0.0,0.0,0.0,0.0,0.0,0.0,0.0,0.0,0.0,0.0,0.0,0.0
2589,19,128,0,0.0,0.0,0.0,0.0,0.0,0.0,0.0,0.0,0.0,0.0,0.0,0.0,0.0,0.0,0.0,0.0,0.0,0.0,0.0,0.0,0.0,0.0,0.0,0.0,0.0,0.0,0.0,0.0,0.0,0.0,0.0,0.0,0.0,0.0,0.0
2590,19,129,0,0.0,0.0,0.0,0.0,0.0,0.0,0.0,0.0,0.0,0.0,0.0,0.0,0.0,0.0,0.0,0.0,0.0,0.0,0.0,0.0,0.0,0.0,0.0,0.0,0.0,0.0,0.0,0.0,0.0,0.0,0.0,0.0,0.0,0.0,0.0
2591,19,130,789,0.38,43.59,19.56,37.4,25.21,43.59,40.0,0.63,0.0,0.0,0.0,0.0,83.58,43.68,19.31,38.66,0.25,18.5,26.16,50.0,0.25,55.0,24.04,0.0,14.12,42.09,20.86,74.77,1.14,57.22,10.91,22.22,0.0,0.0,249.0
2592,19,131,0,0.0,0.0,0.0,0.0,0.0,0.0,0.0,0.0,0.0,0.0,0.0,0.0,0.0,0.0,0.0,0.0,0.0,0.0,0.0,0.0,0.0,0.0,0.0,0.0,0.0,0.0,0.0,0.0,0.0,0.0,0.0,0.0,0.0,0.0,0.0
2593,19,132,0,0.0,0.0,0.0,0.0,0.0,0.0,0.0,0.0,0.0,0.0,0.0,0.0,0.0,0.0,0.0,0.0,0.0,0.0,0.0,0.0,0.0,0.0,0.0,0.0,0.0,0.0,0.0,0.0,0.0,0.0,0.0,0.0,0.0,0.0,0.0
2594,19,133,635,3.46,43.39,19.05,64.59,11.67,39.21,53.33,2.44,0.32,70.5,10.6,100.0,88.41,41.51,18.26,38.92,0.48,46.33,7.02,66.66,0.48,56.66,12.05,0.0,4.73,44.06,20.39,34.48,3.09,58.68,17.7,36.84,0.0,0.0,339.0
2595,19,138,0,0.0,0.0,0.0,0.0,0.0,0.0,0.0,0.0,0.0,0.0,0.0,0.0,0.0,0.0,0.0,0.0,0.0,0.0,0.0,0.0,0.0,0.0,0.0,0.0,0.0,0.0,0.0,0.0,0.0,0.0,0.0,0.0,0.0,0.0,0.0
2596,19,141,818,0.36,42.0,17.15,36.93,13.96,41.56,31.25,1.96,0.12,97.0,0.0,0.0,91.41,41.83,17.06,42.95,0.36,33.66,2.08,100.0,0.24,29.0,1.41,0.0,3.19,39.8,18.66,38.46,2.69,51.77,14.91,4.54,0.0,0.0,441.0
2597,19,142,0,0.0,0.0,0.0,0.0,0.0,0.0,0.0,0.0,0.0,0.0,0.0,0.0,0.0,0.0,0.0,0.0,0.0,0.0,0.0,0.0,0.0,0.0,0.0,0.0,0.0,0.0,0.0,0.0,0.0,0.0,0.0,0.0,0.0,0.0,0.0
2598,19,147,0,0.0,0.0,0.0,0.0,0.0,0.0,0.0,0.0,0.0,0.0,0.0,0.0,0.0,0.0,0.0,0.0,0.0,0.0,0.0,0.0,0.0,0.0,0.0,0.0,0.0,0.0,0.0,0.0,0.0,0.0,0.0,0.0,0.0,0.0,0.0
2599,19,148,0,0.0,0.0,0.0,0.0,0.0,0.0,0.0,0.0,0.0,0.0,0.0,0.0,0.0,0.0,0.0,0.0,0.0,0.0,0.0,0.0,0.0,0.0,0.0,0.0,0.0,0.0,0.0,0.0,0.0,0.0,0.0,0.0,0.0,0.0,0.0
2600,19,149,0,0.0,0.0,0.0,0.0,0.0,0.0,0.0,0.0,0.0,0.0,0.0,0.0,0.0,0.0,0.0,0.0,0.0,0.0,0.0,0.0,0.0,0.0,0.0,0.0,0.0,0.0,0.0,0.0,0.0,0.0,0.0,0.0,0.0,0.0,0.0
2601,19,152,0,0.0,0.0,0.0,0.0,0.0,0.0,0.0,0.0,0.0,0.0,0.0,0.0,0.0,0.0,0.0,0.0,0.0,0.0,0.0,0.0,0.0,0.0,0.0,0.0,0.0,0.0,0.0,0.0,0.0,0.0,0.0,0.0,0.0,0.0,0.0
2602,19,154,820,0.24,40.34,18.97,53.07,12.97,41.7,35.71,1.71,0.24,47.5,28.99,100.0,83.74,39.99,19.45,36.05,0.12,38.0,0.0,100.0,0.0,0.0,0.0,0.0,13.32,40.51,14.96,78.89,0.85,44.57,32.24,14.28,0.0,0.0,462.0
2603,19,155,0,0.0,0.0,0.0,0.0,0.0,0.0,0.0,0.0,0.0,0.0,0.0,0.0,0.0,0.0,0.0,0.0,0.0,0.0,0.0,0.0,0.0,0.0,0.0,0.0,0.0,0.0,0.0,0.0,0.0,0.0,0.0,0.0,0.0,0.0,0.0
2604,19,156,0,0.0,0.0,0.0,0.0,0.0,0.0,0.0,0.0,0.0,0.0,0.0,0.0,0.0,0.0,0.0,0.0,0.0,0.0,0.0,0.0,0.0,0.0,0.0,0.0,0.0,0.0,0.0,0.0,0.0,0.0,0.0,0.0,0.0,0.0,0.0
2605,19,158,0,0.0,0.0,0.0,0.0,0.0,0.0,0.0,0.0,0.0,0.0,0.0,0.0,0.0,0.0,0.0,0.0,0.0,0.0,0.0,0.0,0.0,0.0,0.0,0.0,0.0,0.0,0.0,0.0,0.0,0.0,0.0,0.0,0.0,0.0,0.0
2606,19,160,0,0.0,0.0,0.0,0.0,0.0,0.0,0.0,0.0,0.0,0.0,0.0,0.0,0.0,0.0,0.0,0.0,0.0,0.0,0.0,0.0,0.0,0.0,0.0,0.0,0.0,0.0,0.0,0.0,0.0,0.0,0.0,0.0,0.0,0.0,0.0
2607,19,161,952,1.36,44.18,18.4,48.96,25.82,42.22,60.71,2.98,0.1,23.0,0.0,0.0,87.11,43.58,18.42,41.32,1.81,41.52,8.76,76.47,0.31,50.33,2.51,33.33,5.85,47.4,16.41,40.0,1.81,52.35,18.79,29.41,0.0,0.0,526.0
2608,19,162,0,0.0,0.0,0.0,0.0,0.0,0.0,0.0,0.0,0.0,0.0,0.0,0.0,0.0,0.0,0.0,0.0,0.0,0.0,0.0,0.0,0.0,0.0,0.0,0.0,0.0,0.0,0.0,0.0,0.0,0.0,0.0,0.0,0.0,0.0,0.0
2609,19,167,723,0.27,40.52,20.19,44.75,12.53,42.87,50.0,1.66,0.13,64.0,0.0,100.0,89.18,40.04,20.28,41.67,0.55,35.0,26.85,25.0,0.0,0.0,0.0,0.0,6.38,42.65,18.88,65.21,2.08,50.46,23.17,20.0,0.0,0.0,448.0
2610,19,168,0,0.0,0.0,0.0,0.0,0.0,0.0,0.0,0.0,0.0,0.0,0.0,0.0,0.0,0.0,0.0,0.0,0.0,0.0,0.0,0.0,0.0,0.0,0.0,0.0,0.0,0.0,0.0,0.0,0.0,0.0,0.0,0.0,0.0,0.0,0.0
2611,19,175,1006,2.28,44.38,18.09,45.36,15.95,43.63,42.46,7.42,0.5,57.4,21.55,60.0,82.4,43.32,17.93,44.07,1.83,39.16,20.41,66.66,1.32,53.23,15.59,15.38,4.47,50.34,17.9,40.9,2.03,48.5,16.87,35.0,0.0,0.0,518.0
2612,19,180,0,0.0,0.0,0.0,0.0,0.0,0.0,0.0,0.0,0.0,0.0,0.0,0.0,0.0,0.0,0.0,0.0,0.0,0.0,0.0,0.0,0.0,0.0,0.0,0.0,0.0,0.0,0.0,0.0,0.0,0.0,0.0,0.0,0.0,0.0,0.0
2613,19,181,0,0.0,0.0,0.0,0.0,0.0,0.0,0.0,0.0,0.0,0.0,0.0,0.0,0.0,0.0,0.0,0.0,0.0,0.0,0.0,0.0,0.0,0.0,0.0,0.0,0.0,0.0,0.0,0.0,0.0,0.0,0.0,0.0,0.0,0.0,0.0
2614,19,186,0,0.0,0.0,0.0,0.0,0.0,0.0,0.0,0.0,0.0,0.0,0.0,0.0,0.0,0.0,0.0,0.0,0.0,0.0,0.0,0.0,0.0,0.0,0.0,0.0,0.0,0.0,0.0,0.0,0.0,0.0,0.0,0.0,0.0,0.0,0.0
2615,19,189,0,0.0,0.0,0.0,0.0,0.0,0.0,0.0,0.0,0.0,0.0,0.0,0.0,0.0,0.0,0.0,0.0,0.0,0.0,0.0,0.0,0.0,0.0,0.0,0.0,0.0,0.0,0.0,0.0,0.0,0.0,0.0,0.0,0.0,0.0,0.0
2616,19,195,0,0.0,0.0,0.0,0.0,0.0,0.0,0.0,0.0,0.0,0.0,0.0,0.0,0.0,0.0,0.0,0.0,0.0,0.0,0.0,0.0,0.0,0.0,0.0,0.0,0.0,0.0,0.0,0.0,0.0,0.0,0.0,0.0,0.0,0.0,0.0
2617,19,196,0,0.0,0.0,0.0,0.0,0.0,0.0,0.0,0.0,0.0,0.0,0.0,0.0,0.0,0.0,0.0,0.0,0.0,0.0,0.0,0.0,0.0,0.0,0.0,0.0,0.0,0.0,0.0,0.0,0.0,0.0,0.0,0.0,0.0,0.0,0.0
2618,19,199,0,0.0,0.0,0.0,0.0,0.0,0.0,0.0,0.0,0.0,0.0,0.0,0.0,0.0,0.0,0.0,0.0,0.0,0.0,0.0,0.0,0.0,0.0,0.0,0.0,0.0,0.0,0.0,0.0,0.0,0.0,0.0,0.0,0.0,0.0,0.0
2619,19,203,0,0.0,0.0,0.0,0.0,0.0,0.0,0.0,0.0,0.0,0.0,0.0,0.0,0.0,0.0,0.0,0.0,0.0,0.0,0.0,0.0,0.0,0.0,0.0,0.0,0.0,0.0,0.0,0.0,0.0,0.0,0.0,0.0,0.0,0.0,0.0
2620,19,206,0,0.0,0.0,0.0,0.0,0.0,0.0,0.0,0.0,0.0,0.0,0.0,0.0,0.0,0.0,0.0,0.0,0.0,0.0,0.0,0.0,0.0,0.0,0.0,0.0,0.0,0.0,0.0,0.0,0.0,0.0,0.0,0.0,0.0,0.0,0.0
2621,19,211,0,0.0,0.0,0.0,0.0,0.0,0.0,0.0,0.0,0.0,0.0,0.0,0.0,0.0,0.0,0.0,0.0,0.0,0.0,0.0,0.0,0.0,0.0,0.0,0.0,0.0,0.0,0.0,0.0,0.0,0.0,0.0,0.0,0.0,0.0,0.0
2622,19,212,942,1.91,42.99,19.57,56.14,13.33,42.67,71.42,0.75,0.0,0.0,0.0,0.0,92.31,42.34,18.98,43.02,1.29,35.83,23.17,66.66,0.21,40.5,19.09,50.0,3.03,43.1,18.07,21.42,2.38,54.4,27.35,31.81,0.0,0.0,115.0
2623,19,213,0,0.0,0.0,0.0,0.0,0.0,0.0,0.0,0.0,0.0,0.0,0.0,0.0,0.0,0.0,0.0,0.0,0.0,0.0,0.0,0.0,0.0,0.0,0.0,0.0,0.0,0.0,0.0,0.0,0.0,0.0,0.0,0.0,0.0,0.0,0.0
2624,19,215,660,1.21,42.97,21.09,45.88,21.26,42.72,55.55,1.38,0.15,53.0,0.0,0.0,86.19,42.7,21.19,38.96,0.76,37.4,29.56,40.0,0.76,46.8,28.29,40.0,9.66,43.92,19.32,74.6,1.07,52.0,25.14,42.85,0.0,0.0,136.0
2625,19,216,0,0.0,0.0,0.0,0.0,0.0,0.0,0.0,0.0,0.0,0.0,0.0,0.0,0.0,0.0,0.0,0.0,0.0,0.0,0.0,0.0,0.0,0.0,0.0,0.0,0.0,0.0,0.0,0.0,0.0,0.0,0.0,0.0,0.0,0.0,0.0
2626,19,221,0,0.0,0.0,0.0,0.0,0.0,0.0,0.0,0.0,0.0,0.0,0.0,0.0,0.0,0.0,0.0,0.0,0.0,0.0,0.0,0.0,0.0,0.0,0.0,0.0,0.0,0.0,0.0,0.0,0.0,0.0,0.0,0.0,0.0,0.0,0.0
2627,19,222,954,0.1,44.05,18.89,39.25,22.5,45.8,58.33,1.25,0.2,65.5,10.6,100.0,78.69,44.06,19.2,35.86,0.41,34.25,6.99,100.0,0.0,0.0,0.0,0.0,17.94,44.12,17.35,88.88,1.46,44.71,19.39,21.42,0.0,0.0,612.0
2628,19,225,800,0.75,39.86,18.91,41.12,11.83,44.25,50.0,1.0,0.12,87.0,0.0,100.0,92.06,39.7,18.9,45.28,1.0,33.0,13.36,50.0,0.37,49.66,3.78,0.0,3.02,37.45,15.15,45.83,2.39,47.94,24.23,5.26,0.0,0.0,387.0
2629,19,226,0,0.0,0.0,0.0,0.0,0.0,0.0,0.0,0.0,0.0,0.0,0.0,0.0,0.0,0.0,0.0,0.0,0.0,0.0,0.0,0.0,0.0,0.0,0.0,0.0,0.0,0.0,0.0,0.0,0.0,0.0,0.0,0.0,0.0,0.0,0.0
2630,19,228,864,0.69,45.46,20.98,38.83,11.26,44.09,33.33,0.69,0.11,86.0,0.0,100.0,81.23,45.12,20.52,36.72,0.34,35.0,5.0,100.0,0.23,57.0,15.55,0.0,15.61,46.91,23.69,84.32,1.74,53.86,18.34,20.0,0.0,0.0,527.0
2631,20,1,1150,0.52,41.45,18.34,43.2,17.72,43.3,37.5,2.09,1.66,45.52,10.67,26.31,87.58,41.36,18.59,44.41,0.78,44.22,16.1,44.44,0.34,42.5,12.26,75.0,5.33,38.6,17.33,52.45,2.18,46.44,18.64,0.0,0.0,31.58,638.0
2632,20,4,1021,0.97,39.88,18.48,37.75,18.36,41.42,35.52,7.51,2.37,53.79,13.85,37.5,80.71,38.5,18.27,42.89,0.69,41.71,19.29,71.42,0.49,43.0,24.33,60.0,5.83,47.84,15.87,35.59,2.37,52.37,19.8,25.0,0.0,24.2,531.0
2633,20,5,569,0.87,40.43,17.34,34.74,15.98,43.76,40.0,6.2,3.19,52.0,9.41,38.88,81.02,40.1,17.27,44.2,1.24,46.42,23.5,71.42,0.88,58.4,7.56,40.0,5.67,40.18,18.45,46.87,1.77,37.6,11.6,30.0,0.0,24.93,314.0
2634,20,6,823,0.0,42.3,18.21,36.5,17.07,43.62,62.5,0.97,0.0,0.0,0.0,0.0,90.76,42.15,18.35,41.23,0.72,32.66,11.3,50.0,0.24,30.0,42.42,50.0,6.43,46.09,16.19,77.35,0.85,47.42,14.75,14.28,0.0,53.86,418.0
2635,20,9,1203,1.82,39.95,16.96,40.5,14.17,43.97,54.54,4.65,3.3,55.07,17.55,48.71,81.79,38.72,16.78,42.44,0.5,52.0,12.97,83.33,0.42,37.6,12.3,60.0,7.7,41.34,16.89,56.04,1.6,49.52,13.73,21.05,0.0,25.6,634.0
2636,20,10,1160,1.72,39.06,17.32,38.46,18.03,42.84,40.69,7.54,2.98,49.73,17.89,47.05,83.42,38.13,16.77,41.74,0.52,35.33,6.8,66.66,0.26,54.0,6.92,33.33,4.03,43.45,19.72,69.56,1.22,42.71,20.62,21.42,0.0,25.11,606.0
2637,20,12,867,1.26,39.94,17.9,42.33,24.21,43.25,66.66,1.05,4.2,46.58,19.94,41.66,87.14,39.31,17.29,43.56,1.51,42.0,24.58,69.23,0.35,45.0,7.0,0.0,3.85,37.81,21.85,36.36,1.86,46.93,24.1,31.25,0.0,26.14,456.0
2638,20,13,731,1.09,44.58,19.88,49.0,22.19,43.09,40.0,0.69,3.04,54.95,21.68,36.36,86.72,43.78,19.61,41.78,1.24,40.0,21.06,55.55,0.13,62.0,0.0,100.0,6.08,44.47,21.44,63.63,2.07,55.73,17.6,26.66,0.0,23.13,437.0
2639,20,14,954,0.83,41.72,18.36,42.6,7.19,42.76,40.0,0.52,2.21,48.38,18.98,57.14,89.95,41.2,18.26,41.83,0.1,56.0,0.0,100.0,0.42,54.5,14.54,0.0,5.6,41.2,17.9,60.37,1.16,54.54,19.97,18.18,0.0,30.26,498.0
2640,20,15,905,0.44,42.01,17.59,31.62,20.26,43.2,50.0,0.88,1.99,39.22,26.7,33.33,83.01,42.22,17.69,39.83,0.88,42.12,11.59,50.0,0.0,0.0,0.0,0.0,12.31,41.27,15.33,68.46,0.88,48.5,16.5,25.0,0.0,28.4,469.0
2641,20,unclear,1071,0.93,42.19,16.28,46.61,19.21,44.81,52.38,1.97,0.0,0.0,0.0,0.0,95.0,42.22,16.22,44.04,0.37,33.0,15.57,25.0,0.0,0.0,0.0,0.0,2.07,36.81,13.49,72.72,0.56,50.0,16.61,66.66,,,
2642,20,19,688,0.72,41.96,18.43,39.83,28.26,40.98,58.33,1.75,2.04,57.5,13.11,57.14,86.38,41.05,18.23,39.83,0.87,50.83,17.11,50.0,0.29,48.5,16.26,0.0,6.73,43.06,14.52,56.52,1.9,50.15,22.75,23.07,0.0,24.31,400.0
2643,20,21,771,1.03,42.32,17.69,48.62,26.99,43.45,62.5,1.04,2.09,56.62,17.07,50.0,91.21,41.38,17.2,44.25,0.65,39.4,15.67,80.0,0.39,42.66,20.03,33.33,3.14,47.91,16.68,37.5,1.44,54.72,18.25,0.0,0.0,30.03,423.0
2644,20,unclear,1267,3.47,42.34,14.51,39.49,13.73,45.61,47.01,12.34,0.0,0.0,0.0,0.0,82.5,42.15,14.37,45.68,0.65,53.5,19.03,50.0,0.49,45.16,8.3,50.0,2.2,43.14,12.63,44.44,1.79,53.22,19.68,54.54,,,
2645,20,33,593,0.33,39.4,16.52,37.0,16.65,44.51,60.0,0.84,1.18,44.57,16.61,42.85,90.69,39.18,16.44,44.58,1.01,33.33,12.02,50.0,0.16,47.0,0.0,0.0,4.73,42.57,15.36,42.85,1.35,47.5,23.8,37.5,0.0,28.89,337.0
2646,20,56,1183,0.59,42.4,18.72,38.78,20.42,43.44,43.03,6.71,1.78,36.57,21.75,52.38,83.24,42.53,18.26,42.59,0.34,36.25,15.75,25.0,0.25,24.33,24.5,33.33,5.78,41.77,19.49,60.29,1.87,56.31,18.9,22.72,0.0,24.02,657.0
2647,20,57,1122,0.62,40.71,18.89,50.09,17.17,43.4,18.18,0.98,1.61,53.44,23.47,50.0,90.85,40.33,18.63,44.02,0.62,42.42,20.04,71.42,0.17,53.0,21.21,0.0,4.03,37.2,18.75,44.44,1.7,45.21,22.85,10.52,0.0,26.52,534.0
2648,20,58,1304,0.84,41.35,19.2,44.93,20.24,41.94,50.0,1.23,2.16,37.25,23.83,46.42,90.1,40.83,19.07,42.14,0.69,42.0,10.73,88.88,0.38,46.8,7.79,40.0,2.78,43.33,18.08,44.44,2.62,56.47,19.0,20.58,0.0,21.11,646.0
2649,20,60,514,0.19,42.96,17.91,53.5,19.77,44.35,83.33,1.16,0.38,58.5,6.36,100.0,94.15,42.66,17.73,43.68,0.77,40.25,9.74,75.0,0.0,0.0,0.0,0.0,1.55,42.75,31.58,62.5,1.94,49.2,15.57,20.0,0.0,25.72,304.0
2650,20,62,537,0.18,39.76,17.13,50.2,28.32,38.54,20.0,0.93,0.93,49.8,6.57,20.0,90.85,39.51,17.23,40.65,0.55,41.66,5.85,66.66,0.37,49.5,17.67,0.0,4.1,33.45,14.92,18.18,2.23,51.66,7.31,8.33,0.0,28.11,301.0
2651,20,69,1287,0.38,41.68,18.13,42.18,19.05,43.35,54.66,5.85,1.01,38.07,30.82,61.53,87.98,41.78,17.92,42.64,1.01,37.84,14.66,61.53,0.23,49.33,19.65,33.33,2.57,35.69,13.56,33.33,1.32,45.94,23.48,29.41,0.0,20.16,553.0
2652,20,unclear,1308,0.99,43.12,15.21,40.75,16.13,45.33,54.38,4.4,0.0,0.0,0.0,0.0,92.5,43.2,15.07,44.82,0.54,36.71,12.06,71.42,0.3,49.5,26.43,25.0,1.38,39.72,17.7,55.55,0.84,42.81,17.74,27.27,,,
2653,20,74,860,0.58,43.35,18.58,38.1,23.46,41.97,60.0,1.16,0.7,44.33,13.15,33.33,93.09,43.33,18.36,41.95,0.46,27.0,8.52,100.0,0.0,0.0,0.0,0.0,3.04,47.26,21.87,46.15,1.52,43.76,25.98,7.69,0.0,24.09,518.0
2654,20,75,1224,0.16,43.2,19.27,41.5,19.16,42.72,41.66,0.98,0.57,61.71,13.78,85.71,94.43,43.17,19.08,42.89,0.4,44.2,16.97,60.0,0.16,32.0,2.82,50.0,1.71,34.66,25.09,28.57,1.71,48.04,22.92,23.8,0.0,23.21,745.0
2655,20,77,912,0.65,41.38,18.34,49.0,24.34,42.54,50.0,0.88,2.64,57.75,11.5,50.0,88.74,40.76,18.26,42.41,0.88,32.62,9.31,62.5,0.11,37.0,0.0,0.0,4.52,41.26,20.73,48.78,2.2,43.45,14.96,10.0,0.0,23.74,456.0
2656,20,78,918,0.1,40.4,18.73,49.12,22.93,44.77,75.0,0.87,1.09,42.2,15.93,50.0,91.71,39.52,18.46,44.58,0.87,43.87,15.63,62.5,0.1,53.0,0.0,100.0,3.38,52.12,18.68,45.16,1.96,52.38,21.2,27.77,0.0,23.81,514.0
2657,20,80,892,2.69,41.68,16.8,41.42,20.39,42.6,46.15,2.99,4.37,48.28,21.59,55.26,82.25,40.35,15.91,43.13,0.8,33.85,19.59,71.42,0.46,46.75,16.87,25.0,7.02,46.81,16.79,36.06,2.07,50.77,21.17,33.33,0.0,47.74,478.0
2658,20,unclear,1159,3.01,43.02,15.18,42.52,15.38,44.86,54.76,3.73,0.0,0.0,0.0,0.0,87.81,42.57,15.15,44.98,1.95,38.86,12.26,54.54,0.53,42.16,20.98,16.66,3.91,44.15,11.44,38.63,2.04,48.52,16.4,56.52,,,
2659,20,82,815,4.04,42.46,17.69,52.14,17.32,41.96,40.0,4.47,7.54,49.4,19.38,50.84,77.36,40.28,17.16,41.81,1.91,41.33,11.33,40.0,1.02,52.75,12.92,12.5,5.62,42.34,17.55,52.27,2.04,52.87,16.74,18.75,0.0,45.0,451.0
2660,20,85,876,0.79,40.81,18.82,44.11,17.41,40.06,58.82,1.95,2.64,42.17,20.26,21.73,89.98,40.34,18.66,40.79,0.92,30.75,13.62,75.0,0.46,67.75,14.52,25.0,1.84,47.87,23.97,25.0,2.18,46.89,20.27,10.52,0.0,48.01,425.0
2661,20,87,300,1.0,42.35,20.55,41.56,20.46,43.66,44.61,65.65,1.01,28.0,7.0,0.0,26.93,44.96,20.01,33.75,0.0,0.0,0.0,0.0,0.33,24.0,0.0,100.0,5.38,42.06,23.79,87.5,0.67,60.5,45.96,50.0,0.0,30.55,136.0
2662,20,91,700,0.28,40.38,19.13,34.29,13.2,42.28,60.0,1.43,0.71,42.8,34.13,20.0,87.53,40.49,18.79,37.97,0.28,10.0,14.14,50.0,0.14,35.0,0.0,0.0,9.59,40.94,21.02,80.59,0.28,57.0,4.24,50.0,0.0,53.85,383.0
2663,20,94,857,0.7,42.95,18.45,39.75,22.03,44.57,50.0,0.94,0.82,50.14,23.61,14.28,94.0,42.52,18.18,44.87,0.23,39.5,20.5,100.0,0.11,76.0,0.0,100.0,2.35,51.3,16.27,55.0,1.52,46.07,29.34,15.38,0.0,28.16,477.0
2664,20,95,798,0.25,42.22,19.25,39.04,17.67,43.73,37.2,5.4,1.75,46.0,25.53,28.57,87.81,41.94,19.07,45.2,0.62,51.0,12.54,60.0,0.12,0.0,0.0,0.0,2.63,48.66,20.72,23.8,1.5,51.5,19.78,25.0,0.0,27.05,446.0
2665,20,96,738,0.54,42.65,18.24,32.6,9.68,45.12,40.0,0.68,0.68,66.4,18.18,60.0,94.41,42.39,18.16,45.74,0.4,37.33,10.59,100.0,0.0,0.0,0.0,0.0,2.45,48.61,19.06,38.88,1.36,38.79,19.57,0.0,0.0,27.07,436.0
2666,20,unclear,1202,0.58,43.44,15.64,45.45,14.19,45.59,40.0,1.67,0.0,0.0,0.0,0.0,96.06,43.44,15.63,45.55,0.41,47.0,18.23,100.0,0.0,0.0,0.0,0.0,0.92,36.36,15.13,9.09,0.92,44.9,15.31,63.63,,,
2667,20,99,759,0.13,43.1,19.44,39.0,18.86,41.89,75.0,0.52,0.79,50.5,19.79,66.66,93.53,42.93,19.4,41.46,1.31,43.7,13.09,60.0,0.39,33.0,28.79,66.66,1.71,43.46,20.64,46.15,1.71,48.53,22.21,15.38,0.0,47.21,477.0
2668,20,101,518,0.19,41.39,16.75,45.66,16.25,42.66,66.66,0.58,0.96,52.6,23.17,20.0,96.51,41.19,16.62,42.68,0.19,57.0,0.0,0.0,0.0,0.0,0.0,0.0,0.96,36.2,4.2,100.0,0.77,46.5,31.39,0.0,0.0,37.59,271.0
2669,20,102,543,0.0,40.35,17.64,46.25,18.33,43.64,33.33,2.2,1.1,38.66,12.76,83.33,89.68,39.77,17.74,43.73,1.28,46.0,21.72,42.85,0.18,30.0,0.0,0.0,4.23,45.0,14.4,47.82,1.28,53.14,15.19,14.28,0.0,60.45,241.0
2670,20,104,313,0.0,42.36,17.84,43.0,5.21,40.25,33.33,1.91,0.0,0.0,0.0,0.0,85.94,41.5,17.43,37.17,1.59,50.6,24.01,60.0,0.0,0.0,0.0,0.0,8.62,45.92,20.88,70.37,1.91,57.5,19.4,33.33,0.0,35.86,166.0
2671,20,106,773,0.12,41.3,18.12,35.75,25.26,43.72,37.5,1.03,0.38,40.66,18.0,33.33,90.67,41.23,18.02,42.42,0.77,43.5,25.18,66.66,0.0,0.0,0.0,0.0,5.95,42.34,14.68,67.39,1.16,42.77,30.99,11.11,0.0,44.98,442.0
2672,20,107,819,0.97,40.13,17.58,47.54,17.9,43.22,54.16,2.95,3.94,54.43,20.98,34.37,84.71,38.83,16.91,43.95,1.6,30.84,15.77,84.61,0.49,59.75,11.29,25.0,4.68,42.31,17.28,34.21,1.6,53.84,19.74,15.38,0.0,32.25,408.0
2673,20,108,914,0.1,40.91,19.17,42.86,20.9,44.85,60.0,1.64,0.65,51.33,12.86,66.66,86.85,40.72,19.25,42.37,0.87,42.12,8.8,62.5,0.0,0.0,0.0,0.0,8.54,41.43,19.27,64.1,1.42,41.61,20.94,38.46,0.0,31.63,432.0
2674,20,unclear,1154,0.43,44.2,16.06,48.21,19.02,46.62,52.72,4.78,0.0,0.0,0.0,0.0,91.64,43.99,15.97,45.01,0.34,29.5,5.74,75.0,0.08,45.0,0.0,100.0,2.87,46.3,14.37,78.78,0.26,48.0,8.54,66.66,,,
2675,20,111,951,0.73,41.57,18.33,40.21,19.64,42.16,65.21,2.43,1.48,47.5,22.86,57.14,89.3,41.5,18.54,41.04,0.95,34.0,10.61,55.55,0.1,46.0,0.0,0.0,4.02,38.39,13.97,39.47,1.69,50.93,11.67,50.0,0.0,33.12,432.0
2676,20,112,933,2.25,44.46,18.86,40.76,18.58,43.3,42.64,7.45,3.07,47.1,27.22,32.14,79.82,44.37,18.98,43.54,1.42,43.0,14.49,61.53,0.76,38.71,6.6,28.57,6.03,47.9,14.17,43.63,1.42,48.84,14.45,53.84,0.0,30.73,491.0
2677,20,114,561,2.31,39.86,18.2,34.9,20.34,44.2,50.0,1.82,2.91,53.62,17.33,56.25,86.31,39.49,17.98,43.55,0.72,32.75,13.09,50.0,0.91,41.8,9.49,60.0,4.74,38.3,19.97,38.46,2.55,46.57,20.15,42.85,0.0,62.01,315.0
2678,20,115,995,0.8,42.9,18.61,43.39,28.1,45.52,46.42,2.83,3.44,36.67,21.14,41.17,81.45,43.04,18.26,46.89,0.7,29.0,3.0,85.71,0.6,44.0,13.78,16.66,9.21,43.15,17.11,39.56,1.72,51.23,21.7,23.52,0.0,33.93,500.0
2679,20,116,708,0.7,41.46,18.05,47.8,18.57,45.05,46.66,2.13,1.13,58.12,15.84,50.0,90.46,40.96,17.9,45.44,0.56,42.5,8.58,100.0,0.42,46.0,8.54,66.66,3.84,39.0,21.33,25.92,1.42,48.8,17.88,30.0,0.0,49.75,333.0
2680,20,119,769,0.13,42.0,18.06,43.0,13.91,43.43,33.33,1.17,0.78,31.0,27.56,16.66,92.44,41.98,18.05,44.5,1.43,44.09,13.68,63.63,0.13,44.0,0.0,0.0,2.73,42.71,13.26,33.33,1.3,45.2,29.76,0.0,0.0,36.65,432.0
2681,20,120,602,0.66,39.84,18.27,45.72,22.4,43.18,63.63,1.83,1.67,60.9,18.72,40.0,90.13,39.32,18.08,43.59,1.67,39.2,15.53,70.0,0.33,13.5,19.09,0.0,2.34,41.78,19.73,21.42,2.0,41.66,14.43,25.0,0.0,37.22,299.0
2682,20,121,959,0.0,42.57,18.71,36.0,25.75,42.33,60.0,1.04,1.66,51.31,24.19,37.5,89.78,41.69,17.97,43.43,0.93,51.22,11.33,22.22,0.0,0.0,0.0,0.0,3.44,49.06,22.87,39.39,3.12,55.5,23.25,16.66,0.0,38.83,453.0
2683,20,122,808,0.86,38.84,18.49,60.5,18.89,42.82,66.66,0.74,1.87,40.4,19.33,20.0,89.01,38.38,18.43,42.21,0.99,42.87,5.89,50.0,0.24,37.5,16.26,50.0,4.86,36.84,16.68,61.53,2.24,42.94,21.83,22.22,0.0,36.02,441.0
2684,20,123,548,2.37,40.18,17.86,47.62,30.83,43.06,25.0,1.49,4.29,47.86,20.72,43.47,86.54,38.93,17.12,43.62,0.18,58.0,0.0,0.0,0.0,0.0,0.0,0.0,5.79,44.93,16.56,38.7,1.68,52.88,18.59,66.66,0.0,35.37,283.0
2685,20,125,870,0.45,39.05,17.21,36.2,16.57,41.6,30.0,5.77,0.8,30.0,7.28,57.14,87.64,39.08,17.16,42.68,1.15,41.8,12.96,50.0,0.0,0.0,0.0,0.0,3.0,38.23,18.77,38.46,1.61,49.71,23.1,7.14,0.0,52.11,442.0
2686,20,128,485,0.61,44.62,19.4,36.68,23.75,45.56,50.0,3.31,1.65,56.25,17.62,50.0,90.24,44.73,19.0,45.74,1.65,40.25,22.03,50.0,0.62,58.33,16.86,33.33,1.65,30.5,16.08,37.5,0.82,60.25,24.0,0.0,0.0,32.73,305.0
2687,20,unclear,1082,1.47,46.7,16.25,51.09,18.59,44.73,62.76,8.81,0.0,0.0,0.0,0.0,86.86,46.2,16.01,42.54,0.18,41.0,5.65,50.0,0.18,41.0,12.72,50.0,1.96,39.76,10.47,47.61,1.96,54.14,18.22,42.85,,,
2688,20,132,861,0.46,40.26,16.68,44.57,23.48,40.76,71.42,0.81,2.56,48.31,19.09,45.45,88.68,39.85,16.63,41.44,1.28,36.18,8.8,54.54,0.81,54.14,8.64,28.57,4.31,43.48,11.81,18.91,1.51,33.84,20.37,23.07,0.0,42.63,453.0
2689,20,133,782,0.89,41.89,16.9,48.95,19.37,40.79,34.78,2.96,2.32,56.38,14.48,38.88,87.09,40.67,16.83,41.18,1.29,43.8,9.75,70.0,0.25,43.0,4.24,50.0,4.64,46.13,14.6,30.55,1.41,58.72,10.38,54.54,0.0,44.53,399.0
2690,20,136,611,0.65,44.5,20.06,25.0,0.0,43.53,100.0,0.16,2.96,48.33,19.05,44.44,89.45,44.4,20.03,43.27,1.15,28.28,20.09,57.14,0.16,46.0,0.0,0.0,4.28,44.19,18.85,57.69,1.81,55.54,24.65,18.18,0.0,52.78,367.0
2691,20,unclear,1023,2.44,43.89,15.9,47.22,17.0,44.77,37.77,4.5,0.0,0.0,0.0,0.0,88.47,43.07,15.72,44.62,1.1,41.09,15.91,90.9,0.4,44.25,10.43,25.0,3.0,41.46,12.4,43.33,2.5,57.76,14.03,36.0,,,
2692,20,141,865,0.34,41.97,18.06,56.5,23.07,40.8,25.0,1.39,1.62,51.42,20.77,42.85,90.37,41.15,17.55,41.72,0.81,45.0,11.07,85.71,0.34,50.0,14.1,66.66,3.71,43.56,21.63,21.87,1.74,52.33,20.66,26.66,0.0,49.2,503.0
2693,20,144,707,0.42,40.91,20.03,49.32,22.28,42.43,41.93,4.4,0.42,39.0,8.54,0.0,85.36,40.91,19.81,41.93,0.14,32.0,0.0,100.0,0.42,50.66,26.53,33.33,7.67,34.25,18.68,57.4,1.56,45.45,24.35,18.18,0.0,29.3,384.0
2694,20,145,634,0.47,40.51,18.76,43.58,25.93,42.74,58.33,1.9,1.58,55.9,20.57,80.0,90.8,39.78,18.44,43.1,0.95,45.5,11.32,33.33,0.0,0.0,0.0,0.0,2.37,47.0,21.36,20.0,2.37,49.6,15.74,13.33,0.0,36.08,358.0
2695,20,146,597,0.5,44.96,18.43,49.06,22.27,43.04,43.75,2.69,2.18,56.23,16.36,69.23,90.06,44.31,18.15,42.61,0.67,45.75,26.91,75.0,0.0,0.0,0.0,0.0,2.86,40.76,16.47,47.05,1.51,57.66,15.29,0.0,0.0,35.73,357.0
2696,20,147,722,0.27,40.22,18.53,42.0,0.0,41.68,0.0,0.13,0.69,30.6,20.14,40.0,88.61,40.45,18.4,38.71,0.13,0.0,0.0,0.0,0.27,34.0,1.41,0.0,8.88,38.7,20.04,76.56,1.25,45.66,16.79,22.22,0.0,32.07,409.0
2697,20,148,546,0.36,41.31,18.92,56.9,14.78,44.32,60.0,1.83,0.91,29.6,18.79,40.0,91.17,41.03,18.67,45.16,0.36,34.5,3.53,100.0,0.0,0.0,0.0,0.0,3.12,43.76,25.09,29.41,2.57,43.64,16.46,14.28,0.0,33.25,285.0
2698,20,unclear,1262,0.71,42.67,16.08,45.65,18.69,44.84,60.86,1.83,0.0,0.0,0.0,0.0,94.57,42.53,16.08,44.05,0.63,37.0,9.98,62.5,0.07,44.0,0.0,0.0,1.43,37.72,10.47,55.55,1.43,53.66,16.9,50.0,,,
2699,20,151,863,1.27,39.47,17.64,41.34,21.94,41.59,43.47,5.39,3.05,51.8,19.41,65.38,81.69,38.17,16.8,40.37,1.87,34.93,9.07,56.25,0.58,47.2,18.67,20.0,6.22,43.09,16.94,50.94,1.17,63.1,24.66,10.0,0.0,32.99,400.0
2700,20,153,889,0.89,39.97,16.62,36.57,16.92,42.85,36.84,2.15,3.06,57.96,16.35,37.03,88.19,39.08,16.33,43.24,1.02,35.44,6.0,77.77,0.22,29.5,41.71,100.0,3.51,44.64,13.03,38.7,1.81,43.56,18.98,18.75,0.0,50.36,467.0
2701,20,154,843,1.42,38.21,16.68,42.66,19.03,41.39,66.66,0.72,1.44,47.83,19.94,50.0,90.01,37.32,16.41,41.44,1.2,40.29,19.21,60.0,0.24,45.0,4.24,50.0,4.45,41.72,15.24,29.72,1.92,47.68,19.27,18.75,0.0,47.01,437.0
2702,20,156,939,0.31,43.19,20.14,49.22,19.97,41.53,55.55,0.96,1.49,62.64,19.87,28.57,84.5,42.54,20.07,37.29,1.06,47.2,23.55,60.0,0.42,33.75,23.66,50.0,10.04,43.71,18.56,77.65,1.49,48.07,21.75,14.28,0.0,31.15,566.0
2703,20,157,1124,0.35,42.16,18.47,31.0,10.14,43.5,100.0,0.26,2.14,30.75,12.62,45.83,88.39,42.38,18.37,41.41,0.71,33.5,6.39,75.0,0.44,39.6,16.62,20.0,6.51,41.32,18.53,68.49,1.51,52.82,27.31,29.41,0.0,26.87,591.0
2704,20,158,1074,0.0,41.55,19.44,43.75,16.09,41.34,50.0,0.37,0.37,31.75,7.93,50.0,86.68,41.36,19.22,36.73,0.27,34.33,10.69,0.0,0.18,36.5,14.84,50.0,11.08,43.02,21.31,79.83,1.02,47.63,24.15,18.18,0.0,23.12,648.0
2705,20,160,689,0.58,41.66,18.4,40.75,14.55,45.28,37.5,1.16,1.31,52.11,12.03,33.33,90.51,40.88,18.17,46.45,0.87,48.0,23.79,83.33,0.29,29.0,41.01,50.0,3.64,49.8,18.47,36.0,2.18,52.93,22.11,13.33,0.0,32.71,392.0
2706,20,162,784,0.51,39.52,17.74,45.2,18.31,40.68,66.66,1.92,2.43,41.84,21.05,36.84,85.0,39.13,17.63,40.27,0.64,38.2,19.05,40.0,0.76,41.5,11.05,0.0,7.17,40.71,17.1,51.78,2.05,45.0,23.13,18.75,0.0,34.88,410.0
2707,20,163,773,0.0,40.27,18.54,27.0,0.0,44.24,0.0,0.12,0.77,42.83,31.03,16.66,91.84,40.53,18.49,43.94,0.38,28.66,9.6,66.66,0.51,32.5,5.25,25.0,5.17,36.87,16.17,62.5,1.16,41.77,28.08,11.11,0.0,53.76,406.0
2708,20,164,708,0.0,42.5,19.61,32.02,19.56,41.8,39.58,6.77,0.98,26.28,13.09,57.14,75.42,43.48,19.97,35.2,0.28,29.5,0.7,50.0,0.28,45.0,21.21,100.0,15.53,42.92,16.14,73.63,0.7,55.8,26.13,20.0,0.0,46.28,379.0
2709,20,166,905,2.09,40.41,17.85,59.06,19.09,43.2,46.66,1.69,5.53,43.87,24.43,48.97,84.31,39.27,17.13,42.57,2.03,38.44,11.11,72.22,0.33,53.66,23.02,66.66,3.72,42.0,12.49,30.3,2.37,42.09,22.4,47.61,0.0,47.95,446.0
2710,20,170,890,0.33,41.48,19.71,46.25,24.94,41.12,50.0,0.9,1.01,45.11,31.23,33.33,91.09,41.23,19.35,40.96,1.12,34.1,16.42,60.0,1.01,43.66,19.64,33.33,3.6,39.34,18.92,46.87,1.24,60.0,27.89,18.18,0.0,34.7,425.0
2711,20,171,997,0.3,43.04,19.61,64.52,23.72,44.13,76.0,2.51,1.81,47.83,22.7,61.11,89.23,42.49,18.84,43.51,0.5,34.4,10.76,100.0,0.3,31.33,11.93,33.33,4.72,37.4,19.7,29.78,0.9,63.44,22.96,22.22,0.0,32.54,590.0
2712,20,172,982,0.2,40.95,18.26,37.69,16.59,42.87,37.2,4.38,0.71,34.57,15.13,42.85,89.69,41.34,18.38,44.02,1.22,32.0,8.76,66.66,0.3,36.0,10.81,33.33,1.42,33.28,19.62,7.14,2.24,43.77,19.04,18.18,0.0,29.09,523.0
2713,20,173,860,0.11,40.28,18.55,56.6,16.13,42.9,60.0,1.16,1.86,48.06,19.72,75.0,89.98,39.75,18.5,43.33,1.28,41.27,13.78,36.36,0.11,49.0,0.0,0.0,3.72,41.62,18.12,12.5,1.86,43.62,21.51,50.0,0.0,35.91,436.0
2714,20,unclear,1031,1.55,43.3,15.9,35.33,10.0,47.04,61.9,2.06,0.0,0.0,0.0,0.0,91.82,43.75,16.17,45.27,0.98,28.6,4.29,90.0,0.39,33.5,4.65,25.0,2.85,39.41,12.01,58.62,1.87,47.57,14.42,63.15,,,
2715,20,176,732,0.68,40.07,16.32,37.38,16.15,42.34,55.55,2.47,1.78,46.46,14.32,61.53,88.17,39.96,16.19,42.12,1.51,35.81,17.75,90.9,0.55,58.0,6.27,50.0,3.02,39.63,17.31,22.72,2.47,41.5,20.75,16.66,0.0,38.01,402.0
2716,20,177,706,0.7,39.11,17.34,42.23,19.64,44.47,46.15,5.56,3.13,38.18,19.22,54.54,81.74,38.83,16.98,43.97,0.99,39.0,5.71,42.85,0.57,37.0,10.29,100.0,6.41,37.17,19.97,44.44,1.56,43.63,15.64,27.27,0.0,35.46,380.0
2717,20,178,749,1.86,39.67,16.55,43.73,12.09,45.26,60.0,2.04,4.62,50.05,18.18,50.0,85.98,38.93,16.36,45.88,1.76,40.0,12.35,69.23,0.13,80.0,0.0,0.0,3.94,38.27,14.79,24.13,1.49,35.72,23.03,45.45,0.0,34.92,388.0
2718,20,180,522,0.19,40.83,19.8,34.42,22.41,45.21,42.85,1.34,0.57,35.66,2.88,33.33,79.65,40.22,19.55,40.24,1.15,40.0,10.11,83.33,0.38,31.5,44.54,0.0,15.54,44.18,18.85,71.6,1.34,48.0,40.71,14.28,0.0,36.18,259.0
2719,20,181,974,0.61,40.94,19.51,33.57,18.69,42.5,57.14,0.72,2.58,43.48,26.61,40.0,87.29,40.58,19.5,41.06,1.03,40.29,14.48,60.0,0.2,55.5,2.12,0.0,6.3,42.49,16.71,68.85,1.85,49.22,22.19,22.22,0.0,32.82,518.0
2720,20,182,931,0.21,38.88,17.53,37.53,22.15,40.81,40.0,1.61,2.04,45.0,18.28,10.52,85.03,38.9,17.48,44.3,1.39,33.07,10.91,61.53,0.43,42.0,13.36,0.0,5.16,36.02,16.74,18.75,4.3,40.52,19.28,12.5,0.0,29.03,510.0
2721,20,183,762,0.0,39.45,18.4,39.75,11.89,41.6,50.0,0.52,0.39,32.0,17.43,0.0,93.7,39.25,18.32,42.99,0.13,37.0,0.0,100.0,0.13,22.0,0.0,0.0,2.09,36.06,18.33,37.5,3.01,50.04,20.18,4.34,0.0,32.32,394.0
2722,20,184,1082,0.64,41.17,18.09,35.92,19.33,42.51,51.85,2.51,1.11,42.08,12.99,50.0,90.13,41.34,18.1,42.41,1.2,39.07,17.62,61.53,0.0,0.0,0.0,0.0,2.88,37.06,15.76,38.7,2.13,46.04,22.38,30.43,0.0,47.83,456.0
2723,20,186,932,0.42,42.41,19.11,39.67,19.78,40.02,36.04,9.26,2.9,47.07,19.28,48.14,80.81,42.07,19.09,40.0,1.07,32.29,5.1,80.0,1.07,50.5,15.24,30.0,2.8,46.88,16.95,42.3,2.04,52.68,20.78,21.05,0.0,46.8,494.0
2724,20,189,638,1.09,39.99,17.03,39.0,8.96,39.96,70.0,1.58,2.06,51.53,16.13,30.76,87.16,39.45,17.04,39.63,1.74,43.9,15.7,72.72,0.63,38.25,14.97,50.0,4.91,38.58,17.34,35.48,1.9,44.5,14.03,25.0,0.0,33.81,389.0
2725,20,192,1113,0.26,43.78,17.35,45.38,18.48,44.56,46.15,1.17,0.9,52.9,22.42,70.0,91.89,43.76,17.23,42.74,0.81,27.77,17.88,77.77,0.18,32.5,4.94,50.0,4.41,43.61,17.35,69.38,0.63,53.71,18.99,28.57,0.0,33.63,601.0
2726,20,unclear,1323,1.51,41.57,15.61,47.16,17.57,45.35,60.46,3.3,0.0,0.0,0.0,0.0,91.32,41.12,15.54,44.95,0.84,33.18,10.84,63.63,0.69,51.0,15.47,44.44,1.91,38.64,11.05,36.0,1.91,50.96,13.94,44.0,,,
2727,20,198,1019,0.09,40.17,17.52,43.76,14.54,43.08,38.46,1.27,1.17,41.25,8.52,33.33,92.92,40.02,17.77,42.81,1.17,40.66,10.34,50.0,0.09,38.0,0.0,0.0,2.45,42.4,17.52,64.0,0.88,43.66,15.23,22.22,0.0,37.02,524.0
2728,20,200,860,1.16,39.54,17.18,42.4,18.72,42.2,45.0,2.35,2.11,46.27,18.43,50.0,88.23,39.01,16.97,42.0,0.82,36.71,9.23,57.14,0.94,35.0,17.86,50.0,3.64,38.61,19.8,41.93,1.88,47.37,14.32,37.5,0.0,31.08,368.0
2729,20,201,640,2.81,41.24,17.41,44.52,20.15,42.65,50.0,5.78,5.46,56.17,19.03,35.29,76.2,39.29,16.3,42.4,1.6,39.0,11.62,40.0,0.16,67.0,0.0,100.0,8.19,48.11,17.21,41.17,2.57,44.18,14.72,50.0,0.0,47.15,332.0
2730,20,202,983,0.61,41.33,17.95,49.65,21.38,43.54,51.42,3.58,1.12,41.09,6.09,54.54,83.21,40.84,17.98,41.32,1.43,40.57,10.34,57.14,0.2,35.0,4.24,0.0,9.41,42.07,17.39,60.86,1.02,42.9,23.15,30.0,0.0,26.14,444.0
2731,20,204,844,0.59,42.04,18.39,48.89,18.04,44.66,47.36,2.26,1.78,45.26,19.62,80.0,86.76,41.61,18.21,41.89,0.95,29.5,12.85,87.5,0.35,70.33,25.02,66.66,5.95,43.94,18.41,72.0,1.9,43.62,23.87,25.0,0.0,36.82,430.0
2732,20,205,1035,1.06,41.61,18.87,39.02,15.61,42.99,41.17,3.32,1.75,41.5,21.24,44.44,83.88,41.31,18.75,41.9,0.68,40.71,17.75,42.85,0.58,46.16,18.38,0.0,8.1,43.37,22.05,59.03,1.66,45.94,14.63,47.05,0.0,34.11,458.0
2733,20,207,768,0.39,42.05,18.81,45.52,23.58,42.31,47.05,2.22,1.17,31.44,27.16,66.66,89.67,41.93,18.6,42.41,1.3,47.0,16.07,50.0,0.26,42.5,4.94,50.0,3.92,43.0,19.53,30.0,1.43,43.63,18.45,45.45,0.0,35.02,400.0
2734,20,208,895,0.55,38.56,17.38,46.38,19.06,43.24,84.61,1.46,2.24,48.55,20.22,40.0,90.33,38.03,17.2,42.28,1.23,34.09,18.8,90.9,0.11,49.0,0.0,0.0,2.92,40.23,16.29,46.15,1.68,47.26,15.43,33.33,0.0,25.78,440.0
2735,20,211,772,0.38,42.38,17.76,48.25,22.41,43.0,65.0,2.6,2.47,56.78,18.82,26.31,90.76,41.83,17.51,42.12,0.52,30.5,13.4,50.0,0.39,50.66,14.36,66.66,2.34,41.16,14.66,55.55,0.91,46.42,22.42,42.85,0.0,52.19,392.0
2736,20,213,734,0.27,39.26,18.78,46.5,16.48,41.68,35.71,1.91,0.4,53.33,25.1,100.0,90.84,38.94,18.8,42.25,0.81,31.33,22.98,33.33,0.27,29.0,0.0,100.0,3.68,40.29,16.07,25.92,2.04,45.13,22.21,33.33,0.0,51.99,418.0
2737,20,2,1151,0.6,40.77,17.77,38.42,12.9,43.44,36.36,2.88,2.88,48.66,20.01,33.33,85.66,40.51,17.74,45.51,1.39,38.5,14.37,62.5,0.0,0.0,0.0,0.0,4.45,38.88,18.28,25.49,2.7,44.58,20.12,16.12,0.0,0.0,554.0
2738,20,3,0,0.0,0.0,0.0,0.0,0.0,0.0,0.0,0.0,0.0,0.0,0.0,0.0,0.0,0.0,0.0,0.0,0.0,0.0,0.0,0.0,0.0,0.0,0.0,0.0,0.0,0.0,0.0,0.0,0.0,0.0,0.0,0.0,0.0,0.0,0.0
2739,20,7,0,0.0,0.0,0.0,0.0,0.0,0.0,0.0,0.0,0.0,0.0,0.0,0.0,0.0,0.0,0.0,0.0,0.0,0.0,0.0,0.0,0.0,0.0,0.0,0.0,0.0,0.0,0.0,0.0,0.0,0.0,0.0,0.0,0.0,0.0,0.0
2740,20,8,0,0.0,0.0,0.0,0.0,0.0,0.0,0.0,0.0,0.0,0.0,0.0,0.0,0.0,0.0,0.0,0.0,0.0,0.0,0.0,0.0,0.0,0.0,0.0,0.0,0.0,0.0,0.0,0.0,0.0,0.0,0.0,0.0,0.0,0.0,0.0
2741,20,11,0,0.0,0.0,0.0,0.0,0.0,0.0,0.0,0.0,0.0,0.0,0.0,0.0,0.0,0.0,0.0,0.0,0.0,0.0,0.0,0.0,0.0,0.0,0.0,0.0,0.0,0.0,0.0,0.0,0.0,0.0,0.0,0.0,0.0,0.0,0.0
2742,20,16,0,0.0,0.0,0.0,0.0,0.0,0.0,0.0,0.0,0.0,0.0,0.0,0.0,0.0,0.0,0.0,0.0,0.0,0.0,0.0,0.0,0.0,0.0,0.0,0.0,0.0,0.0,0.0,0.0,0.0,0.0,0.0,0.0,0.0,0.0,0.0
2743,20,20,589,0.5,40.27,17.11,41.33,6.65,41.08,33.33,0.51,3.41,56.9,16.32,60.0,89.76,39.48,16.95,41.25,0.85,32.79,6.53,60.0,0.17,45.0,0.0,0.0,3.75,44.22,15.39,36.36,1.53,40.55,20.67,11.11,0.0,0.0,95.0
2744,20,22,0,0.0,0.0,0.0,0.0,0.0,0.0,0.0,0.0,0.0,0.0,0.0,0.0,0.0,0.0,0.0,0.0,0.0,0.0,0.0,0.0,0.0,0.0,0.0,0.0,0.0,0.0,0.0,0.0,0.0,0.0,0.0,0.0,0.0,0.0,0.0
2745,20,23,827,2.17,40.76,16.59,34.11,15.34,43.04,42.0,6.18,5.93,49.02,21.15,54.16,80.84,40.15,15.83,43.42,0.49,41.5,5.97,50.0,0.24,41.5,23.33,50.0,3.21,43.07,19.06,23.07,3.09,45.32,16.88,40.0,0.0,0.0,114.0
2746,20,24,0,0.0,0.0,0.0,0.0,0.0,0.0,0.0,0.0,0.0,0.0,0.0,0.0,0.0,0.0,0.0,0.0,0.0,0.0,0.0,0.0,0.0,0.0,0.0,0.0,0.0,0.0,0.0,0.0,0.0,0.0,0.0,0.0,0.0,0.0,0.0
2747,20,27,1025,1.17,42.12,19.39,43.41,17.97,40.68,41.17,1.67,4.73,56.83,25.15,39.58,87.85,40.65,18.55,40.78,0.69,37.71,21.3,42.85,0.19,63.5,4.94,50.0,3.35,50.79,18.29,35.29,1.48,50.2,21.54,33.33,0.0,0.0,121.0
2748,20,28,1047,1.81,42.03,17.53,43.94,18.95,41.54,51.35,3.59,3.21,50.81,21.33,45.45,86.67,41.12,17.24,41.3,0.58,38.16,21.44,66.66,0.09,52.0,0.0,0.0,3.21,42.72,13.83,39.39,2.62,44.74,17.16,33.33,0.0,0.0,142.0
2749,20,29,943,0.53,41.94,17.81,47.26,20.83,42.2,42.3,2.77,1.7,57.18,22.74,50.0,89.44,41.42,17.34,41.71,0.53,37.79,24.37,80.0,0.21,67.5,36.06,0.0,3.62,42.82,16.97,58.82,1.7,43.56,21.19,25.0,0.0,0.0,102.0
2750,20,30,0,0.0,0.0,0.0,0.0,0.0,0.0,0.0,0.0,0.0,0.0,0.0,0.0,0.0,0.0,0.0,0.0,0.0,0.0,0.0,0.0,0.0,0.0,0.0,0.0,0.0,0.0,0.0,0.0,0.0,0.0,0.0,0.0,0.0,0.0,0.0
2751,20,31,913,0.32,41.5,18.66,39.25,15.12,42.16,50.0,2.19,1.42,45.92,26.58,69.23,89.45,41.37,18.81,41.76,0.54,44.0,20.31,80.0,0.0,0.0,0.0,0.0,4.39,41.65,12.25,50.0,1.97,45.83,22.32,5.55,0.0,0.0,145.0
2752,20,32,0,0.0,0.0,0.0,0.0,0.0,0.0,0.0,0.0,0.0,0.0,0.0,0.0,0.0,0.0,0.0,0.0,0.0,0.0,0.0,0.0,0.0,0.0,0.0,0.0,0.0,0.0,0.0,0.0,0.0,0.0,0.0,0.0,0.0,0.0,0.0
2753,20,34,729,0.27,41.97,18.57,48.16,34.17,41.83,50.0,0.82,0.55,53.25,22.02,50.0,88.44,41.57,18.34,39.34,0.55,29.25,22.2,50.0,0.13,44.0,0.0,0.0,7.7,43.12,16.95,76.78,1.78,49.92,22.38,0.0,0.0,0.0,83.0
2754,20,35,702,0.0,43.14,17.43,45.2,26.95,41.16,20.0,0.71,0.28,57.5,20.5,50.0,92.73,43.12,17.4,41.47,0.85,30.33,3.98,50.0,0.0,0.0,0.0,0.0,3.7,40.92,15.24,46.15,1.7,52.08,20.0,16.66,0.0,0.0,82.0
2755,20,36,699,0.85,42.21,17.68,26.0,20.51,39.77,50.0,0.57,2.02,53.14,17.84,35.71,91.63,41.67,17.44,39.84,1.15,49.0,12.68,87.5,0.0,0.0,0.0,0.0,2.59,45.44,19.83,22.22,2.02,45.28,22.76,28.57,0.0,0.0,104.0
2756,20,37,631,0.31,42.55,18.5,52.28,17.8,39.46,100.0,1.11,0.63,57.25,16.43,50.0,91.73,42.18,18.28,38.12,0.95,31.83,17.34,83.33,0.15,28.0,0.0,0.0,4.13,43.76,20.44,46.15,1.27,58.25,23.11,12.5,0.0,0.0,120.0
2757,20,38,1054,0.94,40.04,18.4,40.5,17.46,42.12,37.5,14.55,4.59,39.1,23.04,56.25,73.08,39.63,18.02,42.72,0.76,43.37,17.0,75.0,0.28,59.0,25.23,66.66,4.59,42.91,21.65,41.66,2.1,42.5,18.96,22.72,0.0,0.0,122.0
2758,20,39,1284,0.62,42.45,18.35,39.41,19.96,41.51,64.7,1.33,2.74,51.62,19.38,54.28,87.38,41.22,17.97,41.79,0.86,37.27,14.22,63.63,0.15,57.5,17.67,0.0,5.01,50.56,16.45,32.81,2.5,56.09,20.99,25.0,0.0,0.0,179.0
2759,20,40,0,0.0,0.0,0.0,0.0,0.0,0.0,0.0,0.0,0.0,0.0,0.0,0.0,0.0,0.0,0.0,0.0,0.0,0.0,0.0,0.0,0.0,0.0,0.0,0.0,0.0,0.0,0.0,0.0,0.0,0.0,0.0,0.0,0.0,0.0,0.0
2760,20,41,887,1.24,40.49,17.84,44.66,16.77,43.96,33.33,0.68,2.62,51.78,17.78,65.21,89.72,39.09,17.57,44.91,1.82,46.62,13.04,50.0,0.45,52.0,21.64,25.0,3.31,49.96,17.6,17.24,1.36,55.83,11.55,25.0,0.0,0.0,92.0
2761,20,42,0,0.0,0.0,0.0,0.0,0.0,0.0,0.0,0.0,0.0,0.0,0.0,0.0,0.0,0.0,0.0,0.0,0.0,0.0,0.0,0.0,0.0,0.0,0.0,0.0,0.0,0.0,0.0,0.0,0.0,0.0,0.0,0.0,0.0,0.0,0.0
2762,20,43,0,0.0,0.0,0.0,0.0,0.0,0.0,0.0,0.0,0.0,0.0,0.0,0.0,0.0,0.0,0.0,0.0,0.0,0.0,0.0,0.0,0.0,0.0,0.0,0.0,0.0,0.0,0.0,0.0,0.0,0.0,0.0,0.0,0.0,0.0,0.0
2763,20,44,0,0.0,0.0,0.0,0.0,0.0,0.0,0.0,0.0,0.0,0.0,0.0,0.0,0.0,0.0,0.0,0.0,0.0,0.0,0.0,0.0,0.0,0.0,0.0,0.0,0.0,0.0,0.0,0.0,0.0,0.0,0.0,0.0,0.0,0.0,0.0
2764,20,45,877,0.22,40.36,18.02,37.91,20.84,44.01,30.55,4.11,1.48,42.46,16.1,53.84,88.57,40.36,17.87,46.06,0.34,45.66,11.67,66.66,0.11,33.0,0.0,0.0,3.31,39.51,12.39,31.03,2.05,45.0,27.95,0.0,0.0,0.0,107.0
2765,20,46,0,0.0,0.0,0.0,0.0,0.0,0.0,0.0,0.0,0.0,0.0,0.0,0.0,0.0,0.0,0.0,0.0,0.0,0.0,0.0,0.0,0.0,0.0,0.0,0.0,0.0,0.0,0.0,0.0,0.0,0.0,0.0,0.0,0.0,0.0,0.0
2766,20,47,0,0.0,0.0,0.0,0.0,0.0,0.0,0.0,0.0,0.0,0.0,0.0,0.0,0.0,0.0,0.0,0.0,0.0,0.0,0.0,0.0,0.0,0.0,0.0,0.0,0.0,0.0,0.0,0.0,0.0,0.0,0.0,0.0,0.0,0.0,0.0
2767,20,48,771,1.03,40.3,16.6,40.32,17.1,44.48,44.11,4.45,4.19,47.56,19.95,31.25,82.83,39.32,16.36,45.88,0.91,46.85,16.41,28.57,0.13,46.0,0.0,0.0,4.71,43.02,12.07,50.0,2.75,46.38,20.1,19.04,0.0,0.0,103.0
2768,20,49,0,0.0,0.0,0.0,0.0,0.0,0.0,0.0,0.0,0.0,0.0,0.0,0.0,0.0,0.0,0.0,0.0,0.0,0.0,0.0,0.0,0.0,0.0,0.0,0.0,0.0,0.0,0.0,0.0,0.0,0.0,0.0,0.0,0.0,0.0,0.0
2769,20,50,683,1.17,39.96,18.36,38.23,18.07,41.14,43.33,4.44,2.07,59.0,18.65,42.85,86.96,39.36,18.26,40.71,0.74,41.2,20.75,80.0,0.14,60.0,0.0,0.0,4.14,38.46,16.49,60.71,1.48,48.4,14.32,10.0,0.0,0.0,104.0
2770,20,51,631,0.63,43.53,19.02,40.0,20.32,39.77,27.27,1.75,0.63,35.75,14.15,75.0,91.86,43.13,18.78,39.4,0.47,65.0,14.73,66.66,0.15,53.0,0.0,0.0,3.34,47.66,22.0,47.61,1.75,56.81,18.53,36.36,0.0,0.0,110.0
2771,20,52,1127,0.35,41.8,18.85,39.82,18.23,43.3,50.0,2.49,3.11,45.11,23.31,51.42,86.19,41.78,18.7,43.49,0.89,32.6,11.88,60.0,0.26,39.33,18.14,33.33,5.87,38.33,17.75,34.84,1.15,59.69,19.22,15.38,0.0,0.0,160.0
2772,20,53,710,0.7,41.21,17.01,39.74,17.35,41.97,41.52,16.73,1.7,46.83,19.19,66.66,75.31,41.44,16.9,42.18,1.13,37.25,14.74,62.5,0.42,37.66,8.02,0.0,3.54,36.64,16.45,24.0,1.13,52.25,19.5,50.0,0.0,0.0,76.0
2773,20,55,647,0.92,41.57,17.74,55.5,20.82,43.74,75.0,0.62,1.09,52.28,24.83,57.14,92.66,41.17,17.32,43.93,0.31,44.5,12.02,0.0,0.0,0.0,0.0,0.0,2.8,40.44,21.62,44.44,2.49,46.18,23.96,12.5,0.0,0.0,112.0
2774,20,59,1160,0.08,42.12,18.79,41.25,11.97,44.48,37.5,0.69,0.43,37.79,16.23,20.0,87.74,41.74,18.76,41.88,0.34,42.0,5.35,100.0,0.25,42.66,8.5,33.33,8.88,45.71,19.85,74.75,1.63,45.47,20.14,21.05,0.0,0.0,113.0
2775,20,61,0,0.0,0.0,0.0,0.0,0.0,0.0,0.0,0.0,0.0,0.0,0.0,0.0,0.0,0.0,0.0,0.0,0.0,0.0,0.0,0.0,0.0,0.0,0.0,0.0,0.0,0.0,0.0,0.0,0.0,0.0,0.0,0.0,0.0,0.0,0.0
2776,20,63,0,0.0,0.0,0.0,0.0,0.0,0.0,0.0,0.0,0.0,0.0,0.0,0.0,0.0,0.0,0.0,0.0,0.0,0.0,0.0,0.0,0.0,0.0,0.0,0.0,0.0,0.0,0.0,0.0,0.0,0.0,0.0,0.0,0.0,0.0,0.0
2777,20,64,1087,1.01,41.36,17.4,41.41,16.26,42.13,41.11,16.72,3.15,42.7,16.01,52.94,72.95,41.39,18.05,40.0,0.65,35.71,13.31,57.14,0.46,34.4,8.44,40.0,3.9,40.92,15.39,80.95,2.13,42.95,14.79,30.43,0.0,0.0,85.0
2778,20,65,0,0.0,0.0,0.0,0.0,0.0,0.0,0.0,0.0,0.0,0.0,0.0,0.0,0.0,0.0,0.0,0.0,0.0,0.0,0.0,0.0,0.0,0.0,0.0,0.0,0.0,0.0,0.0,0.0,0.0,0.0,0.0,0.0,0.0,0.0,0.0
2779,20,68,1167,0.17,42.67,17.98,40.32,18.31,42.24,50.0,5.32,1.71,47.3,19.74,45.0,86.95,42.51,17.95,41.16,0.42,40.4,15.33,80.0,0.17,28.0,2.82,100.0,4.2,46.08,16.36,46.93,1.2,50.57,21.88,42.85,0.0,0.0,133.0
2780,20,70,1130,0.35,42.48,19.67,41.86,17.85,42.56,58.82,4.52,0.97,33.72,21.58,81.81,90.4,42.35,19.69,41.55,0.53,48.5,14.92,66.66,0.17,30.0,9.89,0.0,1.59,50.11,20.88,44.44,1.77,48.35,22.16,30.0,0.0,0.0,573.0
2781,20,72,0,0.0,0.0,0.0,0.0,0.0,0.0,0.0,0.0,0.0,0.0,0.0,0.0,0.0,0.0,0.0,0.0,0.0,0.0,0.0,0.0,0.0,0.0,0.0,0.0,0.0,0.0,0.0,0.0,0.0,0.0,0.0,0.0,0.0,0.0,0.0
2782,20,73,1184,0.67,41.36,18.42,40.66,18.56,44.67,50.0,1.02,1.1,49.84,21.04,30.76,93.53,41.35,18.31,44.45,0.59,38.14,6.46,42.85,0.0,0.0,0.0,0.0,2.63,38.16,21.24,61.29,1.1,39.69,21.17,30.76,0.0,0.0,129.0
2783,20,76,0,0.0,0.0,0.0,0.0,0.0,0.0,0.0,0.0,0.0,0.0,0.0,0.0,0.0,0.0,0.0,0.0,0.0,0.0,0.0,0.0,0.0,0.0,0.0,0.0,0.0,0.0,0.0,0.0,0.0,0.0,0.0,0.0,0.0,0.0,0.0
2784,20,79,721,0.41,41.68,19.05,35.29,18.35,42.85,45.83,3.34,1.39,52.3,17.51,60.0,89.55,41.82,18.93,41.21,0.55,20.75,24.94,50.0,0.0,0.0,0.0,0.0,3.89,43.71,18.31,78.57,1.25,46.11,20.56,11.11,0.0,0.0,363.0
2785,20,81,908,2.09,42.75,19.27,48.76,13.95,42.51,84.61,1.46,4.27,51.78,25.48,60.52,86.38,41.49,18.76,40.75,1.23,37.9,13.57,54.54,0.11,58.0,0.0,100.0,5.17,47.13,18.77,39.13,1.34,47.41,25.91,33.33,0.0,0.0,506.0
2786,20,86,0,0.0,0.0,0.0,0.0,0.0,0.0,0.0,0.0,0.0,0.0,0.0,0.0,0.0,0.0,0.0,0.0,0.0,0.0,0.0,0.0,0.0,0.0,0.0,0.0,0.0,0.0,0.0,0.0,0.0,0.0,0.0,0.0,0.0,0.0,0.0
2787,20,88,0,0.0,0.0,0.0,0.0,0.0,0.0,0.0,0.0,0.0,0.0,0.0,0.0,0.0,0.0,0.0,0.0,0.0,0.0,0.0,0.0,0.0,0.0,0.0,0.0,0.0,0.0,0.0,0.0,0.0,0.0,0.0,0.0,0.0,0.0,0.0
2788,20,89,0,0.0,0.0,0.0,0.0,0.0,0.0,0.0,0.0,0.0,0.0,0.0,0.0,0.0,0.0,0.0,0.0,0.0,0.0,0.0,0.0,0.0,0.0,0.0,0.0,0.0,0.0,0.0,0.0,0.0,0.0,0.0,0.0,0.0,0.0,0.0
2789,20,90,0,0.0,0.0,0.0,0.0,0.0,0.0,0.0,0.0,0.0,0.0,0.0,0.0,0.0,0.0,0.0,0.0,0.0,0.0,0.0,0.0,0.0,0.0,0.0,0.0,0.0,0.0,0.0,0.0,0.0,0.0,0.0,0.0,0.0,0.0,0.0
2790,20,93,0,0.0,0.0,0.0,0.0,0.0,0.0,0.0,0.0,0.0,0.0,0.0,0.0,0.0,0.0,0.0,0.0,0.0,0.0,0.0,0.0,0.0,0.0,0.0,0.0,0.0,0.0,0.0,0.0,0.0,0.0,0.0,0.0,0.0,0.0,0.0
2791,20,100,0,0.0,0.0,0.0,0.0,0.0,0.0,0.0,0.0,0.0,0.0,0.0,0.0,0.0,0.0,0.0,0.0,0.0,0.0,0.0,0.0,0.0,0.0,0.0,0.0,0.0,0.0,0.0,0.0,0.0,0.0,0.0,0.0,0.0,0.0,0.0
2792,20,103,0,0.0,0.0,0.0,0.0,0.0,0.0,0.0,0.0,0.0,0.0,0.0,0.0,0.0,0.0,0.0,0.0,0.0,0.0,0.0,0.0,0.0,0.0,0.0,0.0,0.0,0.0,0.0,0.0,0.0,0.0,0.0,0.0,0.0,0.0,0.0
2793,20,105,0,0.0,0.0,0.0,0.0,0.0,0.0,0.0,0.0,0.0,0.0,0.0,0.0,0.0,0.0,0.0,0.0,0.0,0.0,0.0,0.0,0.0,0.0,0.0,0.0,0.0,0.0,0.0,0.0,0.0,0.0,0.0,0.0,0.0,0.0,0.0
2794,20,113,0,0.0,0.0,0.0,0.0,0.0,0.0,0.0,0.0,0.0,0.0,0.0,0.0,0.0,0.0,0.0,0.0,0.0,0.0,0.0,0.0,0.0,0.0,0.0,0.0,0.0,0.0,0.0,0.0,0.0,0.0,0.0,0.0,0.0,0.0,0.0
2795,20,117,546,0.36,38.54,16.91,35.84,7.53,45.78,53.84,2.38,0.91,39.79,25.55,20.0,90.62,38.04,17.03,45.43,0.73,30.5,4.79,100.0,0.18,63.0,0.0,100.0,3.67,46.45,10.87,40.0,1.47,48.62,21.82,37.5,0.0,0.0,264.0
2796,20,118,0,0.0,0.0,0.0,0.0,0.0,0.0,0.0,0.0,0.0,0.0,0.0,0.0,0.0,0.0,0.0,0.0,0.0,0.0,0.0,0.0,0.0,0.0,0.0,0.0,0.0,0.0,0.0,0.0,0.0,0.0,0.0,0.0,0.0,0.0,0.0
2797,20,124,0,0.0,0.0,0.0,0.0,0.0,0.0,0.0,0.0,0.0,0.0,0.0,0.0,0.0,0.0,0.0,0.0,0.0,0.0,0.0,0.0,0.0,0.0,0.0,0.0,0.0,0.0,0.0,0.0,0.0,0.0,0.0,0.0,0.0,0.0,0.0
2798,20,126,974,0.2,40.79,17.38,42.14,20.8,43.63,41.17,3.49,0.41,51.25,19.97,25.0,90.32,40.69,16.62,44.76,0.41,31.75,8.42,75.0,0.3,70.0,12.12,66.66,2.88,40.46,25.19,28.57,2.16,39.09,27.19,9.52,0.0,0.0,563.0
2799,20,127,0,0.0,0.0,0.0,0.0,0.0,0.0,0.0,0.0,0.0,0.0,0.0,0.0,0.0,0.0,0.0,0.0,0.0,0.0,0.0,0.0,0.0,0.0,0.0,0.0,0.0,0.0,0.0,0.0,0.0,0.0,0.0,0.0,0.0,0.0,0.0
2800,20,131,0,0.0,0.0,0.0,0.0,0.0,0.0,0.0,0.0,0.0,0.0,0.0,0.0,0.0,0.0,0.0,0.0,0.0,0.0,0.0,0.0,0.0,0.0,0.0,0.0,0.0,0.0,0.0,0.0,0.0,0.0,0.0,0.0,0.0,0.0,0.0
2801,20,134,361,3.32,42.34,20.71,68.0,0.0,44.04,100.0,0.28,5.15,50.55,22.71,22.22,86.24,41.0,20.66,45.18,1.43,44.2,4.81,60.0,0.0,0.0,0.0,0.0,5.44,46.1,18.73,26.31,1.43,48.0,28.77,60.0,0.0,0.0,191.0
2802,20,135,0,0.0,0.0,0.0,0.0,0.0,0.0,0.0,0.0,0.0,0.0,0.0,0.0,0.0,0.0,0.0,0.0,0.0,0.0,0.0,0.0,0.0,0.0,0.0,0.0,0.0,0.0,0.0,0.0,0.0,0.0,0.0,0.0,0.0,0.0,0.0
2803,20,137,0,0.0,0.0,0.0,0.0,0.0,0.0,0.0,0.0,0.0,0.0,0.0,0.0,0.0,0.0,0.0,0.0,0.0,0.0,0.0,0.0,0.0,0.0,0.0,0.0,0.0,0.0,0.0,0.0,0.0,0.0,0.0,0.0,0.0,0.0,0.0
2804,20,140,0,0.0,0.0,0.0,0.0,0.0,0.0,0.0,0.0,0.0,0.0,0.0,0.0,0.0,0.0,0.0,0.0,0.0,0.0,0.0,0.0,0.0,0.0,0.0,0.0,0.0,0.0,0.0,0.0,0.0,0.0,0.0,0.0,0.0,0.0,0.0
2805,20,142,0,0.0,0.0,0.0,0.0,0.0,0.0,0.0,0.0,0.0,0.0,0.0,0.0,0.0,0.0,0.0,0.0,0.0,0.0,0.0,0.0,0.0,0.0,0.0,0.0,0.0,0.0,0.0,0.0,0.0,0.0,0.0,0.0,0.0,0.0,0.0
2806,20,143,0,0.0,0.0,0.0,0.0,0.0,0.0,0.0,0.0,0.0,0.0,0.0,0.0,0.0,0.0,0.0,0.0,0.0,0.0,0.0,0.0,0.0,0.0,0.0,0.0,0.0,0.0,0.0,0.0,0.0,0.0,0.0,0.0,0.0,0.0,0.0
2807,20,152,0,0.0,0.0,0.0,0.0,0.0,0.0,0.0,0.0,0.0,0.0,0.0,0.0,0.0,0.0,0.0,0.0,0.0,0.0,0.0,0.0,0.0,0.0,0.0,0.0,0.0,0.0,0.0,0.0,0.0,0.0,0.0,0.0,0.0,0.0,0.0
2808,20,155,843,0.71,39.47,18.5,42.42,16.65,43.77,57.14,0.83,1.31,54.45,15.96,54.54,90.68,38.55,18.22,42.16,0.83,42.85,13.18,85.71,0.23,64.5,17.67,50.0,4.65,47.17,20.8,53.84,1.43,50.0,18.32,58.33,0.0,0.0,452.0
2809,20,159,0,0.0,0.0,0.0,0.0,0.0,0.0,0.0,0.0,0.0,0.0,0.0,0.0,0.0,0.0,0.0,0.0,0.0,0.0,0.0,0.0,0.0,0.0,0.0,0.0,0.0,0.0,0.0,0.0,0.0,0.0,0.0,0.0,0.0,0.0,0.0
2810,20,161,0,0.0,0.0,0.0,0.0,0.0,0.0,0.0,0.0,0.0,0.0,0.0,0.0,0.0,0.0,0.0,0.0,0.0,0.0,0.0,0.0,0.0,0.0,0.0,0.0,0.0,0.0,0.0,0.0,0.0,0.0,0.0,0.0,0.0,0.0,0.0
2811,20,165,0,0.0,0.0,0.0,0.0,0.0,0.0,0.0,0.0,0.0,0.0,0.0,0.0,0.0,0.0,0.0,0.0,0.0,0.0,0.0,0.0,0.0,0.0,0.0,0.0,0.0,0.0,0.0,0.0,0.0,0.0,0.0,0.0,0.0,0.0,0.0
2812,20,167,913,0.87,40.5,17.55,44.37,14.83,41.84,37.5,0.88,3.31,40.33,19.5,30.0,87.4,40.22,17.76,42.73,2.09,36.26,10.4,63.15,0.11,0.0,0.0,0.0,3.97,43.25,15.53,22.22,2.2,50.2,12.33,35.0,0.0,0.0,472.0
2813,20,168,968,0.72,40.42,17.97,41.5,20.07,41.73,37.5,1.66,2.28,44.86,29.1,50.0,86.99,39.82,17.5,41.14,1.14,40.36,11.19,54.54,0.72,45.71,22.98,28.57,5.51,44.6,19.26,49.05,1.66,49.12,15.03,56.25,0.0,0.0,485.0
2814,20,169,0,0.0,0.0,0.0,0.0,0.0,0.0,0.0,0.0,0.0,0.0,0.0,0.0,0.0,0.0,0.0,0.0,0.0,0.0,0.0,0.0,0.0,0.0,0.0,0.0,0.0,0.0,0.0,0.0,0.0,0.0,0.0,0.0,0.0,0.0,0.0
2815,20,179,0,0.0,0.0,0.0,0.0,0.0,0.0,0.0,0.0,0.0,0.0,0.0,0.0,0.0,0.0,0.0,0.0,0.0,0.0,0.0,0.0,0.0,0.0,0.0,0.0,0.0,0.0,0.0,0.0,0.0,0.0,0.0,0.0,0.0,0.0,0.0
2816,20,185,0,0.0,0.0,0.0,0.0,0.0,0.0,0.0,0.0,0.0,0.0,0.0,0.0,0.0,0.0,0.0,0.0,0.0,0.0,0.0,0.0,0.0,0.0,0.0,0.0,0.0,0.0,0.0,0.0,0.0,0.0,0.0,0.0,0.0,0.0,0.0
2817,20,187,0,0.0,0.0,0.0,0.0,0.0,0.0,0.0,0.0,0.0,0.0,0.0,0.0,0.0,0.0,0.0,0.0,0.0,0.0,0.0,0.0,0.0,0.0,0.0,0.0,0.0,0.0,0.0,0.0,0.0,0.0,0.0,0.0,0.0,0.0,0.0
2818,20,188,0,0.0,0.0,0.0,0.0,0.0,0.0,0.0,0.0,0.0,0.0,0.0,0.0,0.0,0.0,0.0,0.0,0.0,0.0,0.0,0.0,0.0,0.0,0.0,0.0,0.0,0.0,0.0,0.0,0.0,0.0,0.0,0.0,0.0,0.0,0.0
2819,20,190,0,0.0,0.0,0.0,0.0,0.0,0.0,0.0,0.0,0.0,0.0,0.0,0.0,0.0,0.0,0.0,0.0,0.0,0.0,0.0,0.0,0.0,0.0,0.0,0.0,0.0,0.0,0.0,0.0,0.0,0.0,0.0,0.0,0.0,0.0,0.0
2820,20,191,0,0.0,0.0,0.0,0.0,0.0,0.0,0.0,0.0,0.0,0.0,0.0,0.0,0.0,0.0,0.0,0.0,0.0,0.0,0.0,0.0,0.0,0.0,0.0,0.0,0.0,0.0,0.0,0.0,0.0,0.0,0.0,0.0,0.0,0.0,0.0
2821,20,193,0,0.0,0.0,0.0,0.0,0.0,0.0,0.0,0.0,0.0,0.0,0.0,0.0,0.0,0.0,0.0,0.0,0.0,0.0,0.0,0.0,0.0,0.0,0.0,0.0,0.0,0.0,0.0,0.0,0.0,0.0,0.0,0.0,0.0,0.0,0.0
2822,20,196,0,0.0,0.0,0.0,0.0,0.0,0.0,0.0,0.0,0.0,0.0,0.0,0.0,0.0,0.0,0.0,0.0,0.0,0.0,0.0,0.0,0.0,0.0,0.0,0.0,0.0,0.0,0.0,0.0,0.0,0.0,0.0,0.0,0.0,0.0,0.0
2823,20,197,989,0.1,38.74,17.79,47.25,20.02,45.6,50.0,1.21,1.01,50.4,16.8,10.0,91.7,38.62,17.63,45.36,1.61,33.75,9.5,68.75,0.4,29.5,21.37,25.0,3.34,36.24,19.25,57.57,0.7,47.42,29.29,14.28,0.0,0.0,395.0
2824,20,199,0,0.0,0.0,0.0,0.0,0.0,0.0,0.0,0.0,0.0,0.0,0.0,0.0,0.0,0.0,0.0,0.0,0.0,0.0,0.0,0.0,0.0,0.0,0.0,0.0,0.0,0.0,0.0,0.0,0.0,0.0,0.0,0.0,0.0,0.0,0.0
2825,20,203,0,0.0,0.0,0.0,0.0,0.0,0.0,0.0,0.0,0.0,0.0,0.0,0.0,0.0,0.0,0.0,0.0,0.0,0.0,0.0,0.0,0.0,0.0,0.0,0.0,0.0,0.0,0.0,0.0,0.0,0.0,0.0,0.0,0.0,0.0,0.0
2826,20,206,0,0.0,0.0,0.0,0.0,0.0,0.0,0.0,0.0,0.0,0.0,0.0,0.0,0.0,0.0,0.0,0.0,0.0,0.0,0.0,0.0,0.0,0.0,0.0,0.0,0.0,0.0,0.0,0.0,0.0,0.0,0.0,0.0,0.0,0.0,0.0
2827,20,209,0,0.0,0.0,0.0,0.0,0.0,0.0,0.0,0.0,0.0,0.0,0.0,0.0,0.0,0.0,0.0,0.0,0.0,0.0,0.0,0.0,0.0,0.0,0.0,0.0,0.0,0.0,0.0,0.0,0.0,0.0,0.0,0.0,0.0,0.0,0.0
2828,20,210,0,0.0,0.0,0.0,0.0,0.0,0.0,0.0,0.0,0.0,0.0,0.0,0.0,0.0,0.0,0.0,0.0,0.0,0.0,0.0,0.0,0.0,0.0,0.0,0.0,0.0,0.0,0.0,0.0,0.0,0.0,0.0,0.0,0.0,0.0,0.0
2829,20,212,769,0.0,41.59,19.94,45.22,24.69,46.81,66.66,2.34,0.26,41.5,3.53,100.0,93.36,41.36,19.42,46.51,0.78,34.33,11.46,50.0,0.0,0.0,0.0,0.0,2.34,48.0,27.25,38.88,0.91,45.42,40.85,28.57,0.0,0.0,366.0
2830,20,214,0,0.0,0.0,0.0,0.0,0.0,0.0,0.0,0.0,0.0,0.0,0.0,0.0,0.0,0.0,0.0,0.0,0.0,0.0,0.0,0.0,0.0,0.0,0.0,0.0,0.0,0.0,0.0,0.0,0.0,0.0,0.0,0.0,0.0,0.0,0.0
2831,21,1,892,0.0,41.56,20.09,61.5,37.47,44.28,50.0,0.22,0.33,31.0,11.35,66.66,80.6,41.33,20.3,35.74,0.11,75.0,0.0,0.0,0.44,51.0,17.79,0.0,17.93,41.99,19.06,84.37,0.33,46.0,16.52,0.0,0.0,25.97,496.0
2832,21,8,923,0.32,41.14,21.52,47.66,13.32,43.01,100.0,0.65,1.84,55.7,19.86,52.94,89.02,40.93,21.7,40.41,0.54,40.4,14.31,60.0,0.21,36.0,1.41,50.0,6.84,38.38,20.0,66.66,0.86,45.75,23.84,37.5,0.0,50.72,482.0
2833,21,9,654,0.3,37.95,17.17,36.0,10.7,46.02,57.14,1.07,1.38,46.33,12.88,55.55,89.26,37.58,17.57,46.04,0.76,44.4,10.92,100.0,0.0,0.0,0.0,0.0,5.67,39.05,14.54,40.54,1.84,45.41,10.35,25.0,0.0,24.74,305.0
2834,21,10,1192,0.33,39.14,17.31,46.8,20.98,42.44,40.0,1.26,2.1,44.76,21.17,32.0,89.47,38.49,17.08,43.36,1.09,36.76,11.46,76.92,0.25,38.0,9.64,33.33,3.78,40.31,17.78,33.33,2.02,52.62,15.05,20.83,0.0,25.63,531.0
2835,21,11,1085,2.67,41.11,18.73,47.6,23.57,40.55,53.57,2.65,3.97,50.02,21.28,45.23,86.26,39.99,18.17,39.95,1.7,38.55,14.16,66.66,0.56,44.0,21.66,16.66,2.84,41.36,16.12,33.33,1.98,44.9,22.45,28.57,0.0,25.88,459.0
2836,21,unclear,1004,3.78,44.02,15.44,51.22,15.85,46.21,55.55,4.65,0.0,0.0,0.0,0.0,85.92,42.87,15.06,45.3,0.82,45.12,15.61,87.5,0.51,58.8,22.45,20.0,4.86,44.21,14.81,34.04,3.2,54.51,17.41,54.83,,,
2837,21,16,786,0.12,39.64,18.43,29.5,11.53,46.69,30.0,1.27,1.78,48.14,21.96,28.57,89.55,39.78,18.4,45.37,0.63,28.4,18.33,80.0,0.63,35.0,11.24,40.0,5.35,36.83,18.73,76.19,0.76,53.66,14.12,33.33,0.0,50.25,366.0
2838,21,18,813,0.61,41.36,19.28,48.52,15.39,44.64,26.31,2.35,5.32,47.0,22.83,60.46,82.3,40.15,18.66,43.3,1.23,37.79,22.46,50.0,1.48,35.5,15.13,8.33,1.98,37.93,16.89,37.5,5.32,53.3,22.14,65.11,0.0,34.48,368.0
2839,21,19,1147,0.26,41.25,20.24,43.65,16.66,42.45,30.0,1.74,1.22,45.42,15.03,42.85,92.39,41.11,20.36,42.76,0.61,38.42,20.06,71.42,0.43,33.79,21.68,20.0,2.44,44.39,20.58,39.28,1.13,40.07,23.31,38.46,0.0,40.53,537.0
2840,21,20,944,0.0,45.49,20.73,42.22,17.79,43.96,38.88,1.9,0.74,41.42,12.24,0.0,89.72,45.79,20.73,43.56,1.16,39.36,17.89,54.54,0.42,37.0,25.53,25.0,4.13,47.48,22.38,64.1,1.9,37.61,22.97,38.88,0.0,42.89,406.0
2841,21,22,955,0.1,46.95,22.78,49.5,25.22,45.02,35.0,2.09,0.31,45.66,20.59,100.0,89.83,46.7,23.0,42.82,0.94,37.11,17.44,66.66,0.1,25.0,0.0,100.0,5.87,52.23,19.79,71.42,0.83,47.75,15.81,75.0,0.0,24.68,455.0
2842,21,23,1300,0.15,44.7,21.95,40.59,20.56,43.0,63.63,1.69,0.46,53.5,18.32,50.0,88.21,44.6,21.92,40.34,0.84,50.63,16.62,45.45,0.07,28.0,0.0,0.0,7.7,45.21,23.79,68.0,0.92,49.58,20.65,50.0,0.0,30.59,650.0
2843,21,24,1291,0.15,41.74,20.01,38.82,20.32,44.53,69.56,1.78,1.16,46.0,17.46,40.0,88.2,41.59,20.06,42.65,1.24,36.5,17.14,56.25,0.38,48.0,10.07,40.0,6.05,46.51,20.05,62.82,1.16,32.53,21.16,46.66,0.0,24.67,663.0
2844,21,25,1250,0.32,41.06,18.54,41.53,24.31,43.52,53.84,1.04,1.84,44.69,17.61,56.52,90.36,41.15,18.55,43.51,0.64,28.75,20.26,25.0,0.16,46.0,2.82,0.0,4.73,39.83,16.73,42.37,1.2,41.53,20.21,40.0,0.0,28.81,656.0
2845,21,32,1326,0.3,43.8,21.18,37.45,12.87,43.96,60.0,1.51,0.37,57.4,20.59,20.0,92.96,43.81,21.12,43.12,0.98,45.3,16.43,53.84,0.22,50.33,5.5,33.33,3.17,43.21,24.55,61.9,0.75,41.8,27.81,40.0,0.0,26.61,650.0
2846,21,44,995,0.4,46.47,22.44,37.66,14.88,47.43,75.0,1.21,0.6,35.83,7.78,50.0,93.13,46.97,22.57,46.15,1.31,30.15,18.8,53.84,0.2,60.0,18.38,50.0,2.01,47.95,25.67,80.0,1.51,37.13,15.57,53.33,0.0,47.29,486.0
2847,21,49,1079,0.37,44.73,21.53,53.37,30.76,42.81,87.5,0.74,0.74,40.62,26.85,62.5,93.48,44.88,21.38,42.08,1.95,29.71,22.78,38.09,0.09,52.0,0.0,0.0,2.04,44.68,21.27,50.0,0.93,54.6,16.93,60.0,0.0,40.48,515.0
2848,21,51,1186,0.0,44.98,20.79,55.45,27.47,42.66,36.36,0.92,0.25,29.66,5.77,66.66,92.91,44.91,20.85,41.74,2.27,42.77,14.47,62.96,0.0,0.0,0.0,0.0,2.86,46.02,20.2,52.94,0.75,48.44,24.1,55.55,0.0,32.3,479.0
2849,21,52,930,0.0,44.07,20.72,40.0,19.44,45.05,58.82,1.82,0.21,24.0,33.94,50.0,91.39,44.64,20.73,44.7,2.25,33.0,19.22,28.57,0.0,0.0,0.0,0.0,3.22,42.63,20.11,53.33,1.07,34.2,17.88,60.0,0.0,25.6,446.0
2850,21,55,1024,0.09,38.33,20.15,38.77,22.02,43.45,51.85,5.27,1.17,44.41,20.21,50.0,88.17,38.28,20.13,41.57,0.78,38.5,16.74,50.0,0.48,33.6,25.14,20.0,3.03,38.25,18.41,77.41,1.07,35.09,21.88,63.63,0.0,46.72,508.0
2851,21,61,1020,0.29,38.97,20.1,32.02,18.88,42.84,35.89,3.83,0.98,28.8,19.57,40.0,89.67,39.48,20.04,42.98,0.98,28.6,12.27,60.0,0.19,46.5,13.43,50.0,2.75,36.89,20.79,46.42,1.57,42.18,24.56,43.75,0.0,44.44,334.0
2852,21,64,1051,0.0,44.83,20.65,41.1,22.62,42.34,42.1,1.8,1.04,63.45,24.41,54.54,90.19,44.98,20.32,41.66,1.9,35.04,21.6,45.0,0.19,63.0,5.65,100.0,3.42,44.36,21.14,55.55,1.42,37.93,26.25,33.33,0.0,33.98,457.0
2853,21,67,1006,0.09,42.58,21.19,30.64,28.7,45.82,64.28,1.39,1.89,48.78,28.02,42.1,91.04,42.77,20.92,44.91,2.18,38.86,17.06,54.54,0.09,62.0,0.0,0.0,2.48,42.6,22.08,72.0,0.89,35.22,23.46,22.22,0.0,46.14,409.0
2854,21,70,1311,0.07,44.15,21.6,47.33,24.04,44.08,57.14,1.6,0.38,31.6,25.44,40.0,91.83,44.16,21.43,43.64,2.06,37.92,20.42,62.96,0.07,77.0,0.0,100.0,2.82,45.16,22.54,37.83,1.22,46.87,26.29,37.5,0.0,38.96,534.0
2855,21,71,1194,0.0,43.13,20.53,34.91,20.42,44.22,45.83,2.01,0.67,29.5,22.82,62.5,90.53,43.6,20.45,44.21,2.42,41.96,21.18,44.82,0.16,45.5,14.84,50.0,2.51,42.66,21.55,50.0,1.67,35.65,19.9,25.0,0.0,43.14,447.0
2856,21,77,1074,0.18,44.94,21.66,40.73,27.76,44.41,40.0,1.39,1.11,40.5,17.44,50.0,90.95,44.94,21.73,43.17,1.77,45.94,21.19,47.36,0.18,17.0,24.04,0.0,3.73,47.05,16.54,80.0,0.83,48.33,25.33,22.22,0.0,27.67,513.0
2857,21,78,1137,0.08,46.24,20.38,40.85,17.44,43.35,64.28,1.23,1.23,44.28,22.72,57.14,93.57,46.4,20.29,42.42,0.96,42.18,27.68,63.63,0.0,0.0,0.0,0.0,2.02,46.69,22.6,60.86,0.96,41.0,19.55,36.36,0.0,34.57,509.0
2858,21,79,1183,0.0,43.33,20.5,40.05,21.93,45.56,41.17,1.43,0.16,44.0,62.22,50.0,92.05,43.37,20.09,44.35,2.28,42.77,23.13,62.96,0.0,0.0,0.0,0.0,2.87,42.44,25.33,70.58,1.18,47.57,27.98,50.0,0.0,37.57,499.0
2859,21,80,1098,0.0,42.1,21.06,31.92,13.49,43.35,61.53,1.18,0.45,50.2,22.88,80.0,91.89,42.3,20.94,42.22,1.18,25.61,9.15,53.84,0.18,74.0,7.07,0.0,3.36,43.72,24.76,62.16,1.73,41.42,23.41,42.1,0.0,41.34,403.0
2860,21,82,1309,0.07,43.04,21.37,34.9,16.99,45.53,40.9,1.68,0.61,54.37,27.34,12.5,92.27,43.13,21.19,45.65,1.37,45.72,20.24,50.0,0.07,64.0,0.0,0.0,2.44,35.37,26.66,56.25,1.52,49.65,21.62,40.0,0.0,30.88,481.0
2861,21,83,1282,0.15,41.67,20.7,42.3,20.66,45.39,84.61,1.01,0.15,71.0,11.31,0.0,94.84,41.34,20.84,44.64,1.17,41.73,14.65,60.0,0.39,44.8,12.07,80.0,1.79,49.6,17.63,56.52,0.62,58.0,7.98,25.0,0.0,25.16,564.0
2862,21,84,1207,0.0,41.57,21.19,39.54,12.48,44.73,45.45,1.82,1.49,36.61,23.27,44.44,91.3,41.36,21.37,43.46,1.07,39.23,13.6,53.84,0.0,0.0,0.0,0.0,2.23,40.14,17.72,70.37,2.07,58.84,18.02,68.0,0.0,25.99,429.0
2863,21,87,907,0.0,43.85,19.92,41.86,18.19,41.23,60.0,1.65,1.32,65.5,11.47,33.33,89.52,43.43,19.75,40.88,1.1,47.4,17.87,60.0,0.22,34.5,48.79,0.0,5.4,46.02,21.21,46.93,0.77,41.57,25.39,0.0,0.0,48.98,484.0
2864,21,98,1094,0.27,38.51,18.46,36.51,17.66,40.58,42.42,3.02,1.55,43.0,23.45,41.17,89.55,38.58,18.28,40.94,1.37,39.46,10.62,53.33,0.45,27.0,15.47,20.0,2.56,30.85,19.93,28.57,1.46,50.68,24.47,31.25,0.0,38.91,502.0
2865,21,102,1036,0.09,41.93,20.3,38.6,16.37,43.82,33.33,1.44,0.48,58.8,30.57,100.0,93.62,41.91,20.09,43.65,1.15,30.75,12.12,58.33,0.19,68.0,2.82,50.0,2.6,41.81,24.75,40.74,0.48,51.0,36.68,20.0,0.0,32.77,468.0
2866,21,103,981,0.0,40.12,20.52,39.01,19.83,43.52,38.02,7.23,0.91,37.88,17.49,55.55,86.95,40.27,20.73,43.84,0.4,35.25,9.91,50.0,0.61,45.83,10.7,16.66,3.05,38.7,19.41,53.33,0.81,40.0,25.19,25.0,0.0,26.24,528.0
2867,21,105,1193,0.25,41.63,20.98,39.23,19.86,45.09,44.23,4.36,1.09,29.46,26.77,46.15,90.42,41.94,20.95,44.88,1.17,37.14,19.41,50.0,0.16,41.5,2.12,100.0,2.35,41.82,20.6,53.57,0.42,40.2,30.82,20.0,0.0,38.47,603.0
2868,21,106,1192,0.16,39.46,20.54,36.09,17.4,43.12,39.02,3.44,1.09,24.23,27.13,46.15,90.0,39.62,20.31,42.67,0.67,46.75,31.0,62.5,0.25,43.66,20.81,33.33,3.69,40.25,21.12,61.36,0.84,42.6,31.29,20.0,0.0,26.91,553.0
2869,21,110,1095,0.18,41.37,18.82,42.03,18.12,41.82,53.84,2.37,0.64,51.0,17.89,28.57,91.3,41.16,18.86,41.38,1.73,44.05,18.2,84.21,0.18,42.0,2.82,50.0,2.56,42.75,15.87,28.57,1.18,41.53,24.77,23.07,0.0,29.26,574.0
2870,21,111,1043,0.0,39.95,20.39,38.46,19.04,43.91,53.12,3.06,0.57,53.83,12.23,50.0,93.09,39.96,20.44,43.87,0.95,34.9,9.08,40.0,0.09,62.0,0.0,100.0,1.15,39.83,18.01,33.33,0.95,34.79,29.79,30.0,0.0,36.01,478.0
2871,21,113,1060,0.18,44.21,20.62,36.79,20.15,43.3,48.0,2.36,1.03,50.81,18.94,36.36,91.2,44.1,20.49,43.21,2.07,36.9,18.81,36.36,0.0,0.0,0.0,0.0,2.07,50.54,21.96,59.09,1.22,59.0,20.81,30.76,0.0,32.78,504.0
2872,21,114,927,0.1,39.61,21.13,38.6,21.34,43.47,80.0,0.53,0.1,20.0,0.0,0.0,95.03,39.68,21.17,43.52,2.26,37.61,15.84,38.09,0.0,0.0,0.0,0.0,1.51,37.5,25.2,42.85,0.53,38.0,26.19,20.0,0.0,38.69,427.0
2873,21,116,869,0.11,40.11,21.88,36.52,26.48,42.92,58.82,1.95,1.49,38.84,24.96,53.84,87.67,40.13,21.77,41.26,2.53,38.4,13.0,59.09,0.23,0.0,0.0,0.0,4.95,40.72,23.02,55.81,1.15,52.6,22.65,40.0,0.0,33.71,413.0
2874,21,117,1103,0.27,43.06,20.14,38.17,25.64,44.87,70.58,1.54,1.18,35.3,27.67,46.15,92.54,43.24,19.96,44.59,1.81,43.75,14.73,50.0,0.18,49.5,3.53,0.0,2.09,37.91,22.98,34.78,0.63,49.28,21.18,42.85,0.0,31.4,536.0
2875,21,118,1067,0.18,41.93,20.93,39.44,22.27,44.51,48.27,2.72,1.59,45.17,20.49,35.29,92.01,41.87,20.93,44.69,1.03,42.09,21.75,54.54,0.09,63.0,0.0,0.0,1.97,41.85,22.07,38.09,0.56,45.83,15.27,33.33,0.0,32.12,604.0
2876,21,119,975,0.3,39.5,19.1,36.44,22.33,42.66,77.77,0.92,0.51,45.6,19.93,20.0,94.44,39.39,19.1,42.37,1.54,36.26,16.98,66.66,0.2,35.5,12.02,50.0,1.13,40.18,13.51,27.27,1.23,49.08,25.5,33.33,0.0,43.08,481.0
2877,21,124,883,0.79,41.71,19.98,41.14,24.35,40.54,50.0,3.19,1.94,45.17,24.58,58.82,89.72,41.83,19.72,40.2,0.57,33.2,10.84,100.0,0.22,56.0,31.11,50.0,2.73,35.87,22.98,20.83,1.59,48.57,17.64,35.71,0.0,51.48,474.0
2878,21,123,934,5.03,37.18,19.08,41.8,22.45,44.0,39.5,9.13,6.87,36.32,16.85,44.26,74.74,37.32,18.72,44.64,2.48,33.9,20.88,50.0,0.22,16.0,22.62,50.0,3.49,35.96,14.98,41.93,3.04,34.25,21.76,40.74,0.0,30.29,473.0
2879,21,125,1075,0.09,43.74,19.8,41.33,27.66,42.32,46.66,1.39,1.11,49.66,17.75,58.33,93.1,43.76,19.61,42.0,1.3,35.21,17.9,57.14,0.0,0.0,0.0,0.0,2.04,47.72,22.14,45.45,1.02,37.9,22.1,27.27,0.0,37.13,481.0
2880,21,126,1147,0.78,37.69,18.73,39.6,9.36,44.63,52.17,2.02,1.23,38.5,25.48,57.14,92.17,37.61,18.78,44.42,1.05,42.16,21.06,33.33,0.0,0.0,0.0,0.0,1.23,40.85,18.83,50.0,2.28,34.15,19.49,42.3,0.0,26.8,551.0
2881,21,unclear,1276,0.7,41.85,15.03,40.06,12.59,45.14,48.88,3.55,0.0,0.0,0.0,0.0,92.89,42.03,15.1,44.68,0.55,31.28,8.05,42.85,0.39,42.2,12.53,20.0,1.1,45.21,15.64,57.14,1.49,37.94,18.4,63.15,,,
2882,21,133,976,0.1,38.29,19.41,31.58,22.82,42.82,41.66,1.23,0.82,50.25,22.28,25.0,92.61,38.4,19.39,43.18,0.71,22.57,16.62,57.14,0.2,41.0,7.07,100.0,2.87,41.42,15.44,42.85,1.53,31.46,21.51,20.0,0.0,39.52,395.0
2883,21,135,1172,0.08,38.6,19.67,26.1,16.53,43.6,63.15,1.62,0.93,46.54,21.36,45.45,91.88,38.78,19.51,42.84,2.04,36.62,19.21,62.5,0.0,0.0,0.0,0.0,2.22,43.03,19.68,46.15,1.28,31.93,28.08,40.0,0.0,24.53,596.0
2884,21,138,981,0.0,41.68,20.41,30.0,16.53,44.75,37.5,0.81,1.01,41.5,20.63,40.0,92.86,41.83,20.45,44.67,0.71,33.28,18.85,71.42,0.2,34.5,48.79,0.0,2.85,39.85,19.54,50.0,1.52,47.46,18.28,40.0,0.0,34.86,463.0
2885,21,139,1115,0.26,42.56,20.83,42.66,26.66,42.86,66.66,1.07,0.8,51.44,17.69,55.55,92.35,42.72,20.7,41.57,0.44,26.4,16.31,80.0,0.08,37.0,0.0,0.0,3.59,38.87,22.35,67.5,1.61,40.0,23.27,33.33,0.0,33.9,570.0
2886,21,unclear,1359,1.03,43.74,15.9,37.21,16.15,48.05,46.42,2.08,0.0,0.0,0.0,0.0,94.64,43.91,15.78,47.52,0.59,30.62,18.43,25.0,0.14,44.0,0.0,50.0,1.85,41.76,16.17,76.0,0.66,52.88,22.69,55.55,,,
2887,21,142,315,0.63,41.82,19.78,42.72,17.03,47.93,48.0,7.98,7.34,48.69,22.38,43.47,78.59,40.64,19.51,47.96,0.31,63.0,0.0,100.0,0.31,45.0,0.0,100.0,1.91,62.5,13.95,66.66,3.51,39.72,24.22,36.36,0.0,36.23,146.0
2888,21,143,1191,0.33,41.71,19.07,33.75,14.33,44.24,62.5,2.02,0.92,44.09,11.7,54.54,88.96,41.74,19.27,42.51,1.43,36.11,19.2,70.58,0.42,36.4,15.04,40.0,5.22,44.56,17.34,61.29,1.01,45.83,24.25,25.0,0.0,39.54,570.0
2889,21,145,1120,0.26,39.02,19.93,44.58,12.5,44.01,66.66,1.07,1.25,32.42,23.57,42.85,91.94,39.14,19.85,42.94,1.25,41.0,18.81,64.28,0.0,0.0,0.0,0.0,3.93,34.43,21.06,59.09,0.53,48.5,30.46,16.66,0.0,40.86,554.0
2890,21,147,1006,0.49,39.0,20.4,35.36,20.78,45.12,36.36,2.19,0.69,45.42,26.86,28.57,91.9,39.07,20.23,45.32,1.39,26.28,24.24,50.0,0.09,32.0,0.0,0.0,3.09,42.9,21.55,48.38,0.59,44.0,13.37,33.33,0.0,25.26,456.0
2891,21,152,920,0.43,41.96,19.69,48.1,18.28,42.93,40.0,1.09,0.76,54.0,14.44,85.71,91.15,41.89,19.82,42.27,1.09,39.5,13.28,50.0,0.54,38.0,23.74,20.0,4.36,39.15,18.47,57.5,0.98,49.88,17.82,33.33,0.0,39.75,462.0
2892,21,155,914,0.65,38.34,19.15,37.58,20.16,43.76,52.94,3.74,1.32,41.25,25.21,33.33,89.09,37.78,18.89,43.51,0.11,36.0,0.0,100.0,0.33,60.0,22.6,33.33,3.41,42.38,18.8,45.16,1.98,49.83,17.98,44.44,0.0,46.98,344.0
2893,21,158,1238,0.4,39.26,19.71,42.31,20.24,42.73,63.15,1.54,1.62,40.7,21.58,40.0,92.13,39.17,19.7,42.16,0.56,33.42,6.99,28.57,0.0,0.0,0.0,0.0,3.4,39.61,20.49,57.14,0.72,41.33,11.29,33.33,0.0,37.06,525.0
2894,21,161,1091,0.18,39.9,19.12,36.55,18.2,42.98,55.55,1.65,1.46,39.12,18.68,25.0,89.34,39.69,19.07,42.54,0.91,40.1,18.48,70.0,0.18,52.0,5.65,50.0,5.5,43.15,20.32,55.0,0.91,42.1,22.23,0.0,0.0,43.82,543.0
2895,21,162,1087,0.18,40.37,18.59,51.0,18.37,42.22,61.53,1.19,1.47,49.43,11.81,25.0,90.87,40.04,18.42,42.49,1.1,35.0,20.09,41.66,0.27,52.0,13.0,0.0,3.41,41.72,20.58,51.35,1.65,46.44,20.48,16.66,0.0,32.98,633.0
2896,21,165,950,0.1,40.8,19.76,53.63,24.12,44.52,45.45,1.15,0.94,38.77,13.14,55.55,88.61,40.68,19.76,42.8,0.42,37.5,10.5,50.0,0.21,32.0,7.07,0.0,7.79,41.28,19.75,67.56,0.73,36.57,26.89,0.0,0.0,41.24,404.0
2897,21,167,1084,0.36,39.72,20.25,42.83,13.74,44.18,50.0,1.11,0.27,72.66,6.65,33.33,90.92,39.67,20.37,41.54,0.55,33.16,20.74,100.0,0.0,0.0,0.0,0.0,5.83,37.49,17.1,77.77,1.29,43.64,26.89,50.0,0.0,41.34,496.0
2898,21,170,798,0.37,41.13,20.91,37.88,25.22,45.61,66.66,1.13,0.5,30.5,35.22,25.0,91.32,41.04,20.89,43.38,0.88,37.0,8.52,57.14,0.0,0.0,0.0,0.0,5.66,41.88,20.61,77.77,0.5,61.25,5.12,25.0,0.0,52.27,403.0
2899,21,172,1092,0.18,38.62,20.51,32.0,20.61,43.31,27.27,1.0,1.1,38.41,28.74,25.0,92.29,38.78,20.48,42.54,0.27,17.33,15.04,66.66,0.18,41.5,3.53,50.0,4.31,34.46,18.35,70.21,0.82,52.0,18.22,33.33,0.0,42.28,511.0
2900,21,173,1063,0.18,43.51,21.0,31.0,13.91,44.87,33.33,0.84,0.28,63.0,16.52,66.66,89.72,43.56,20.9,42.22,0.84,42.55,20.23,55.55,0.0,0.0,0.0,0.0,7.72,43.13,22.73,74.39,0.56,51.5,16.42,50.0,0.0,43.54,484.0
2901,21,174,925,0.32,43.2,22.76,38.71,23.56,43.24,50.0,1.51,0.32,71.0,10.44,0.0,87.41,43.42,22.89,38.95,0.65,27.66,13.96,33.33,0.0,0.0,0.0,0.0,9.65,41.93,21.27,85.39,0.43,37.25,32.51,0.0,0.0,29.38,485.0
2902,21,175,855,1.28,38.97,20.17,39.61,17.64,42.57,50.0,2.13,3.9,45.63,22.66,36.36,85.42,38.26,20.18,42.71,0.82,37.14,24.47,57.14,0.23,41.0,24.04,0.0,6.39,44.22,17.44,46.29,1.06,34.77,21.81,44.44,0.0,34.12,402.0
2903,21,176,757,0.39,39.22,17.67,33.12,16.33,39.63,50.0,1.06,2.78,39.61,12.23,28.57,87.79,39.25,17.57,39.42,0.53,30.0,1.63,50.0,0.26,43.0,12.72,0.0,5.03,35.92,22.25,65.78,2.51,47.78,18.3,10.52,0.0,42.78,328.0
2904,21,180,933,0.32,39.1,18.18,38.5,13.07,40.72,37.5,1.72,2.15,34.4,23.02,25.0,89.35,39.19,18.13,40.91,1.29,40.16,10.85,50.0,0.1,78.0,0.0,100.0,3.97,37.64,21.01,45.94,1.39,45.15,9.81,23.07,0.0,50.08,462.0
2905,21,183,1241,0.24,39.45,19.21,45.27,16.93,40.2,38.88,2.9,1.45,45.0,19.52,22.22,91.11,39.18,19.24,40.6,0.8,38.2,16.45,60.0,0.48,27.5,24.08,16.66,2.26,39.28,16.85,46.42,0.96,42.75,25.66,16.66,0.0,36.61,574.0
2906,21,186,1074,0.0,39.5,20.32,36.88,21.03,42.45,48.0,2.32,0.27,39.0,26.05,33.33,90.4,39.69,20.56,41.81,1.21,32.3,12.15,53.84,0.09,37.0,0.0,100.0,4.46,41.91,17.82,54.16,1.21,28.92,11.76,23.07,0.0,42.19,508.0
2907,21,192,931,0.42,38.8,18.59,27.66,15.0,43.07,100.0,0.64,1.51,50.42,23.08,50.0,91.58,38.54,18.67,41.1,0.43,46.25,11.58,50.0,0.32,40.66,19.6,0.0,3.55,38.21,12.92,75.75,1.94,41.22,19.62,50.0,0.0,43.09,440.0
2908,21,195,879,0.34,43.09,20.19,40.14,18.86,43.0,42.85,2.39,1.14,40.29,19.14,60.0,92.12,43.05,20.15,42.62,1.36,41.66,18.02,41.66,0.0,0.0,0.0,0.0,2.28,47.4,21.81,55.0,0.68,43.0,32.92,33.33,0.0,32.22,458.0
2909,21,196,1044,0.19,41.09,20.76,44.0,24.0,44.25,43.75,1.53,0.67,53.42,26.72,42.85,93.85,40.87,20.6,43.86,0.67,41.71,16.63,57.14,0.38,39.75,29.84,100.0,1.82,37.84,22.24,47.36,1.05,52.18,22.86,45.45,0.0,29.45,573.0
2910,21,197,867,0.0,41.83,19.2,47.0,25.6,45.21,73.33,1.73,0.69,47.16,14.77,16.66,91.92,41.74,19.14,43.66,0.46,40.5,23.18,100.0,0.11,36.0,0.0,100.0,4.15,40.0,17.9,69.44,0.92,47.0,22.97,25.0,0.0,28.64,505.0
2911,21,198,774,0.12,44.09,20.99,40.5,17.26,44.05,37.5,2.06,0.25,32.0,45.25,50.0,91.59,44.25,21.27,43.22,1.81,37.57,21.2,64.28,0.77,51.0,17.37,50.0,2.58,43.65,14.69,55.0,0.9,46.42,14.32,71.42,0.0,54.36,378.0
2912,21,202,965,0.31,45.71,21.58,35.66,26.0,44.66,44.44,0.93,0.51,51.8,16.46,40.0,91.37,45.98,21.64,42.88,1.35,31.84,18.37,53.84,0.31,48.66,17.61,33.33,4.67,45.22,19.95,77.77,0.83,37.37,18.95,37.5,0.0,29.35,490.0
2913,21,203,826,0.36,42.49,22.32,32.91,15.41,43.7,75.0,1.45,0.24,43.0,15.55,50.0,92.1,42.62,22.35,42.61,1.33,38.63,13.32,45.45,0.36,76.0,19.07,0.0,3.4,38.39,22.32,64.28,1.09,44.0,25.55,33.33,0.0,38.81,377.0
2914,21,unclear,1329,0.82,44.19,15.89,47.93,21.7,47.85,64.51,2.35,0.0,0.0,0.0,0.0,94.99,44.01,15.59,47.2,0.45,29.66,6.43,50.0,0.22,45.33,10.06,33.33,1.36,39.77,15.79,77.77,0.6,54.25,23.34,37.5,,,
2915,21,207,1059,0.09,45.15,22.02,40.0,18.96,42.96,41.66,1.13,0.75,43.75,16.79,50.0,92.91,45.3,22.07,42.62,0.47,31.0,24.83,40.0,0.0,0.0,0.0,0.0,2.93,47.58,21.6,48.38,1.79,41.31,24.0,47.36,0.0,28.1,500.0
2916,21,209,938,0.21,41.52,18.24,32.07,16.3,40.72,61.53,1.38,2.13,53.85,20.91,20.0,90.49,41.33,17.91,40.61,0.85,48.62,21.51,50.0,0.32,40.0,12.48,33.33,2.24,37.0,26.45,52.38,2.56,44.95,16.03,33.33,0.0,45.33,367.0
2917,21,210,1143,0.0,41.11,19.87,39.23,20.87,42.69,46.15,1.13,1.04,36.58,28.83,41.66,92.73,41.09,19.67,41.6,0.34,27.5,6.8,100.0,0.08,37.0,0.0,0.0,3.23,43.86,21.68,64.86,1.39,44.81,23.19,50.0,0.0,27.29,442.0
2918,21,215,1105,0.36,39.92,18.35,46.5,21.65,42.71,33.33,0.54,1.81,41.75,23.91,55.0,92.0,39.83,18.25,42.94,0.81,34.88,10.83,55.55,0.54,54.33,14.69,33.33,2.72,34.03,14.06,30.0,1.54,47.94,21.75,41.17,0.0,46.87,428.0
2919,21,unclear,1350,2.74,40.48,13.99,43.03,15.66,45.7,56.14,4.34,0.0,0.0,0.0,0.0,89.56,39.93,13.58,44.55,0.45,37.16,10.75,50.0,0.45,50.83,15.58,33.33,3.65,37.54,14.02,58.33,1.52,48.65,14.43,60.0,,,
2920,21,unclear,1345,1.48,40.27,14.35,40.45,13.05,47.43,56.06,4.98,0.0,0.0,0.0,0.0,89.2,39.97,14.42,46.61,0.98,37.53,11.46,53.84,0.52,39.71,6.34,57.14,2.26,41.63,13.54,73.33,2.03,47.55,16.15,40.74,,,
2921,21,221,1065,1.78,42.36,20.15,43.76,17.46,40.28,53.84,1.24,3.44,52.97,17.34,61.11,86.71,41.43,20.17,40.02,1.33,39.0,26.41,57.14,0.66,61.28,13.16,28.57,5.06,47.94,15.94,39.62,1.52,42.12,23.07,6.25,0.0,38.89,500.0
2922,21,2,0,0.0,0.0,0.0,0.0,0.0,0.0,0.0,0.0,0.0,0.0,0.0,0.0,0.0,0.0,0.0,0.0,0.0,0.0,0.0,0.0,0.0,0.0,0.0,0.0,0.0,0.0,0.0,0.0,0.0,0.0,0.0,0.0,0.0,0.0,0.0
2923,21,3,0,0.0,0.0,0.0,0.0,0.0,0.0,0.0,0.0,0.0,0.0,0.0,0.0,0.0,0.0,0.0,0.0,0.0,0.0,0.0,0.0,0.0,0.0,0.0,0.0,0.0,0.0,0.0,0.0,0.0,0.0,0.0,0.0,0.0,0.0,0.0
2924,21,4,0,0.0,0.0,0.0,0.0,0.0,0.0,0.0,0.0,0.0,0.0,0.0,0.0,0.0,0.0,0.0,0.0,0.0,0.0,0.0,0.0,0.0,0.0,0.0,0.0,0.0,0.0,0.0,0.0,0.0,0.0,0.0,0.0,0.0,0.0,0.0
2925,21,5,0,0.0,0.0,0.0,0.0,0.0,0.0,0.0,0.0,0.0,0.0,0.0,0.0,0.0,0.0,0.0,0.0,0.0,0.0,0.0,0.0,0.0,0.0,0.0,0.0,0.0,0.0,0.0,0.0,0.0,0.0,0.0,0.0,0.0,0.0,0.0
2926,21,6,0,0.0,0.0,0.0,0.0,0.0,0.0,0.0,0.0,0.0,0.0,0.0,0.0,0.0,0.0,0.0,0.0,0.0,0.0,0.0,0.0,0.0,0.0,0.0,0.0,0.0,0.0,0.0,0.0,0.0,0.0,0.0,0.0,0.0,0.0,0.0
2927,21,7,0,0.0,0.0,0.0,0.0,0.0,0.0,0.0,0.0,0.0,0.0,0.0,0.0,0.0,0.0,0.0,0.0,0.0,0.0,0.0,0.0,0.0,0.0,0.0,0.0,0.0,0.0,0.0,0.0,0.0,0.0,0.0,0.0,0.0,0.0,0.0
2928,21,12,0,0.0,0.0,0.0,0.0,0.0,0.0,0.0,0.0,0.0,0.0,0.0,0.0,0.0,0.0,0.0,0.0,0.0,0.0,0.0,0.0,0.0,0.0,0.0,0.0,0.0,0.0,0.0,0.0,0.0,0.0,0.0,0.0,0.0,0.0,0.0
2929,21,15,0,0.0,0.0,0.0,0.0,0.0,0.0,0.0,0.0,0.0,0.0,0.0,0.0,0.0,0.0,0.0,0.0,0.0,0.0,0.0,0.0,0.0,0.0,0.0,0.0,0.0,0.0,0.0,0.0,0.0,0.0,0.0,0.0,0.0,0.0,0.0
2930,21,17,0,0.0,0.0,0.0,0.0,0.0,0.0,0.0,0.0,0.0,0.0,0.0,0.0,0.0,0.0,0.0,0.0,0.0,0.0,0.0,0.0,0.0,0.0,0.0,0.0,0.0,0.0,0.0,0.0,0.0,0.0,0.0,0.0,0.0,0.0,0.0
2931,21,21,972,0.1,41.02,19.11,42.92,16.45,43.41,40.74,2.78,1.02,44.0,23.88,60.0,89.18,40.64,19.01,42.26,1.13,40.81,22.48,63.63,0.41,40.25,18.46,0.0,3.6,47.08,20.8,71.42,1.85,43.22,20.74,33.33,0.0,0.0,365.0
2932,21,26,0,0.0,0.0,0.0,0.0,0.0,0.0,0.0,0.0,0.0,0.0,0.0,0.0,0.0,0.0,0.0,0.0,0.0,0.0,0.0,0.0,0.0,0.0,0.0,0.0,0.0,0.0,0.0,0.0,0.0,0.0,0.0,0.0,0.0,0.0,0.0
2933,21,27,0,0.0,0.0,0.0,0.0,0.0,0.0,0.0,0.0,0.0,0.0,0.0,0.0,0.0,0.0,0.0,0.0,0.0,0.0,0.0,0.0,0.0,0.0,0.0,0.0,0.0,0.0,0.0,0.0,0.0,0.0,0.0,0.0,0.0,0.0,0.0
2934,21,28,0,0.0,0.0,0.0,0.0,0.0,0.0,0.0,0.0,0.0,0.0,0.0,0.0,0.0,0.0,0.0,0.0,0.0,0.0,0.0,0.0,0.0,0.0,0.0,0.0,0.0,0.0,0.0,0.0,0.0,0.0,0.0,0.0,0.0,0.0,0.0
2935,21,29,0,0.0,0.0,0.0,0.0,0.0,0.0,0.0,0.0,0.0,0.0,0.0,0.0,0.0,0.0,0.0,0.0,0.0,0.0,0.0,0.0,0.0,0.0,0.0,0.0,0.0,0.0,0.0,0.0,0.0,0.0,0.0,0.0,0.0,0.0,0.0
2936,21,30,0,0.0,0.0,0.0,0.0,0.0,0.0,0.0,0.0,0.0,0.0,0.0,0.0,0.0,0.0,0.0,0.0,0.0,0.0,0.0,0.0,0.0,0.0,0.0,0.0,0.0,0.0,0.0,0.0,0.0,0.0,0.0,0.0,0.0,0.0,0.0
2937,21,31,0,0.0,0.0,0.0,0.0,0.0,0.0,0.0,0.0,0.0,0.0,0.0,0.0,0.0,0.0,0.0,0.0,0.0,0.0,0.0,0.0,0.0,0.0,0.0,0.0,0.0,0.0,0.0,0.0,0.0,0.0,0.0,0.0,0.0,0.0,0.0
2938,21,33,0,0.0,0.0,0.0,0.0,0.0,0.0,0.0,0.0,0.0,0.0,0.0,0.0,0.0,0.0,0.0,0.0,0.0,0.0,0.0,0.0,0.0,0.0,0.0,0.0,0.0,0.0,0.0,0.0,0.0,0.0,0.0,0.0,0.0,0.0,0.0
2939,21,35,648,0.46,39.96,20.55,38.4,20.88,42.28,40.32,9.61,2.17,48.0,20.92,28.57,82.17,40.3,20.56,41.5,0.77,27.2,16.3,80.0,0.0,0.0,0.0,0.0,3.72,38.62,18.02,62.5,1.55,33.2,22.63,50.0,0.0,0.0,319.0
2940,21,36,0,0.0,0.0,0.0,0.0,0.0,0.0,0.0,0.0,0.0,0.0,0.0,0.0,0.0,0.0,0.0,0.0,0.0,0.0,0.0,0.0,0.0,0.0,0.0,0.0,0.0,0.0,0.0,0.0,0.0,0.0,0.0,0.0,0.0,0.0,0.0
2941,21,37,0,0.0,0.0,0.0,0.0,0.0,0.0,0.0,0.0,0.0,0.0,0.0,0.0,0.0,0.0,0.0,0.0,0.0,0.0,0.0,0.0,0.0,0.0,0.0,0.0,0.0,0.0,0.0,0.0,0.0,0.0,0.0,0.0,0.0,0.0,0.0
2942,21,38,0,0.0,0.0,0.0,0.0,0.0,0.0,0.0,0.0,0.0,0.0,0.0,0.0,0.0,0.0,0.0,0.0,0.0,0.0,0.0,0.0,0.0,0.0,0.0,0.0,0.0,0.0,0.0,0.0,0.0,0.0,0.0,0.0,0.0,0.0,0.0
2943,21,39,0,0.0,0.0,0.0,0.0,0.0,0.0,0.0,0.0,0.0,0.0,0.0,0.0,0.0,0.0,0.0,0.0,0.0,0.0,0.0,0.0,0.0,0.0,0.0,0.0,0.0,0.0,0.0,0.0,0.0,0.0,0.0,0.0,0.0,0.0,0.0
2944,21,40,0,0.0,0.0,0.0,0.0,0.0,0.0,0.0,0.0,0.0,0.0,0.0,0.0,0.0,0.0,0.0,0.0,0.0,0.0,0.0,0.0,0.0,0.0,0.0,0.0,0.0,0.0,0.0,0.0,0.0,0.0,0.0,0.0,0.0,0.0,0.0
2945,21,41,0,0.0,0.0,0.0,0.0,0.0,0.0,0.0,0.0,0.0,0.0,0.0,0.0,0.0,0.0,0.0,0.0,0.0,0.0,0.0,0.0,0.0,0.0,0.0,0.0,0.0,0.0,0.0,0.0,0.0,0.0,0.0,0.0,0.0,0.0,0.0
2946,21,42,0,0.0,0.0,0.0,0.0,0.0,0.0,0.0,0.0,0.0,0.0,0.0,0.0,0.0,0.0,0.0,0.0,0.0,0.0,0.0,0.0,0.0,0.0,0.0,0.0,0.0,0.0,0.0,0.0,0.0,0.0,0.0,0.0,0.0,0.0,0.0
2947,21,43,0,0.0,0.0,0.0,0.0,0.0,0.0,0.0,0.0,0.0,0.0,0.0,0.0,0.0,0.0,0.0,0.0,0.0,0.0,0.0,0.0,0.0,0.0,0.0,0.0,0.0,0.0,0.0,0.0,0.0,0.0,0.0,0.0,0.0,0.0,0.0
2948,21,45,0,0.0,0.0,0.0,0.0,0.0,0.0,0.0,0.0,0.0,0.0,0.0,0.0,0.0,0.0,0.0,0.0,0.0,0.0,0.0,0.0,0.0,0.0,0.0,0.0,0.0,0.0,0.0,0.0,0.0,0.0,0.0,0.0,0.0,0.0,0.0
2949,21,46,0,0.0,0.0,0.0,0.0,0.0,0.0,0.0,0.0,0.0,0.0,0.0,0.0,0.0,0.0,0.0,0.0,0.0,0.0,0.0,0.0,0.0,0.0,0.0,0.0,0.0,0.0,0.0,0.0,0.0,0.0,0.0,0.0,0.0,0.0,0.0
2950,21,47,1054,0.0,43.54,23.21,36.68,18.65,43.35,56.25,1.51,0.18,60.5,36.06,100.0,91.55,43.77,23.31,43.0,3.51,35.72,19.59,45.94,0.0,0.0,0.0,0.0,2.08,56.09,21.31,40.9,1.13,32.33,21.65,41.66,0.0,0.0,492.0
2951,21,48,0,0.0,0.0,0.0,0.0,0.0,0.0,0.0,0.0,0.0,0.0,0.0,0.0,0.0,0.0,0.0,0.0,0.0,0.0,0.0,0.0,0.0,0.0,0.0,0.0,0.0,0.0,0.0,0.0,0.0,0.0,0.0,0.0,0.0,0.0,0.0
2952,21,50,0,0.0,0.0,0.0,0.0,0.0,0.0,0.0,0.0,0.0,0.0,0.0,0.0,0.0,0.0,0.0,0.0,0.0,0.0,0.0,0.0,0.0,0.0,0.0,0.0,0.0,0.0,0.0,0.0,0.0,0.0,0.0,0.0,0.0,0.0,0.0
2953,21,53,0,0.0,0.0,0.0,0.0,0.0,0.0,0.0,0.0,0.0,0.0,0.0,0.0,0.0,0.0,0.0,0.0,0.0,0.0,0.0,0.0,0.0,0.0,0.0,0.0,0.0,0.0,0.0,0.0,0.0,0.0,0.0,0.0,0.0,0.0,0.0
2954,21,54,0,0.0,0.0,0.0,0.0,0.0,0.0,0.0,0.0,0.0,0.0,0.0,0.0,0.0,0.0,0.0,0.0,0.0,0.0,0.0,0.0,0.0,0.0,0.0,0.0,0.0,0.0,0.0,0.0,0.0,0.0,0.0,0.0,0.0,0.0,0.0
2955,21,56,1010,0.29,40.76,20.05,38.8,21.31,41.98,27.65,4.66,0.89,45.55,19.5,55.55,90.26,40.57,19.83,41.8,0.09,33.0,0.0,100.0,0.09,54.0,0.0,0.0,2.68,45.44,24.76,70.37,1.29,43.46,22.67,23.07,0.0,0.0,533.0
2956,21,57,0,0.0,0.0,0.0,0.0,0.0,0.0,0.0,0.0,0.0,0.0,0.0,0.0,0.0,0.0,0.0,0.0,0.0,0.0,0.0,0.0,0.0,0.0,0.0,0.0,0.0,0.0,0.0,0.0,0.0,0.0,0.0,0.0,0.0,0.0,0.0
2957,21,58,1100,0.27,41.98,21.03,36.1,30.02,44.27,40.0,1.82,0.45,46.0,28.32,60.0,93.61,42.23,20.74,43.52,0.91,38.79,14.48,60.0,0.09,0.0,0.0,100.0,2.73,36.43,20.66,66.66,0.36,51.0,41.67,25.0,0.0,0.0,541.0
2958,21,59,0,0.0,0.0,0.0,0.0,0.0,0.0,0.0,0.0,0.0,0.0,0.0,0.0,0.0,0.0,0.0,0.0,0.0,0.0,0.0,0.0,0.0,0.0,0.0,0.0,0.0,0.0,0.0,0.0,0.0,0.0,0.0,0.0,0.0,0.0,0.0
2959,21,60,0,0.0,0.0,0.0,0.0,0.0,0.0,0.0,0.0,0.0,0.0,0.0,0.0,0.0,0.0,0.0,0.0,0.0,0.0,0.0,0.0,0.0,0.0,0.0,0.0,0.0,0.0,0.0,0.0,0.0,0.0,0.0,0.0,0.0,0.0,0.0
2960,21,62,869,0.0,43.09,19.61,33.77,15.72,42.34,33.33,1.03,1.49,46.38,27.92,38.46,93.21,43.33,19.49,42.09,0.8,34.14,17.43,57.14,0.34,54.66,24.5,0.0,1.95,41.35,21.08,52.94,1.15,33.7,15.2,60.0,0.0,0.0,299.0
2961,21,63,1479,0.13,40.59,18.8,31.87,14.55,44.28,51.28,2.64,0.54,34.5,28.02,50.0,91.53,40.75,18.78,43.49,1.35,43.65,24.5,50.0,0.13,53.5,40.3,0.0,2.5,42.27,16.18,67.56,1.28,41.73,18.2,31.57,0.0,0.0,503.0
2962,21,65,0,0.0,0.0,0.0,0.0,0.0,0.0,0.0,0.0,0.0,0.0,0.0,0.0,0.0,0.0,0.0,0.0,0.0,0.0,0.0,0.0,0.0,0.0,0.0,0.0,0.0,0.0,0.0,0.0,0.0,0.0,0.0,0.0,0.0,0.0,0.0
2963,21,66,0,0.0,0.0,0.0,0.0,0.0,0.0,0.0,0.0,0.0,0.0,0.0,0.0,0.0,0.0,0.0,0.0,0.0,0.0,0.0,0.0,0.0,0.0,0.0,0.0,0.0,0.0,0.0,0.0,0.0,0.0,0.0,0.0,0.0,0.0,0.0
2964,21,68,0,0.0,0.0,0.0,0.0,0.0,0.0,0.0,0.0,0.0,0.0,0.0,0.0,0.0,0.0,0.0,0.0,0.0,0.0,0.0,0.0,0.0,0.0,0.0,0.0,0.0,0.0,0.0,0.0,0.0,0.0,0.0,0.0,0.0,0.0,0.0
2965,21,69,0,0.0,0.0,0.0,0.0,0.0,0.0,0.0,0.0,0.0,0.0,0.0,0.0,0.0,0.0,0.0,0.0,0.0,0.0,0.0,0.0,0.0,0.0,0.0,0.0,0.0,0.0,0.0,0.0,0.0,0.0,0.0,0.0,0.0,0.0,0.0
2966,21,72,0,0.0,0.0,0.0,0.0,0.0,0.0,0.0,0.0,0.0,0.0,0.0,0.0,0.0,0.0,0.0,0.0,0.0,0.0,0.0,0.0,0.0,0.0,0.0,0.0,0.0,0.0,0.0,0.0,0.0,0.0,0.0,0.0,0.0,0.0,0.0
2967,21,73,1080,0.37,42.17,21.45,46.12,24.12,45.46,50.0,1.48,1.48,45.5,17.24,56.25,90.98,42.05,21.57,44.63,2.04,40.09,16.71,59.09,0.18,50.5,2.12,50.0,3.06,40.84,21.99,54.54,0.74,49.37,18.85,62.5,0.0,0.0,423.0
2968,21,74,0,0.0,0.0,0.0,0.0,0.0,0.0,0.0,0.0,0.0,0.0,0.0,0.0,0.0,0.0,0.0,0.0,0.0,0.0,0.0,0.0,0.0,0.0,0.0,0.0,0.0,0.0,0.0,0.0,0.0,0.0,0.0,0.0,0.0,0.0,0.0
2969,21,75,0,0.0,0.0,0.0,0.0,0.0,0.0,0.0,0.0,0.0,0.0,0.0,0.0,0.0,0.0,0.0,0.0,0.0,0.0,0.0,0.0,0.0,0.0,0.0,0.0,0.0,0.0,0.0,0.0,0.0,0.0,0.0,0.0,0.0,0.0,0.0
2970,21,76,0,0.0,0.0,0.0,0.0,0.0,0.0,0.0,0.0,0.0,0.0,0.0,0.0,0.0,0.0,0.0,0.0,0.0,0.0,0.0,0.0,0.0,0.0,0.0,0.0,0.0,0.0,0.0,0.0,0.0,0.0,0.0,0.0,0.0,0.0,0.0
2971,21,81,0,0.0,0.0,0.0,0.0,0.0,0.0,0.0,0.0,0.0,0.0,0.0,0.0,0.0,0.0,0.0,0.0,0.0,0.0,0.0,0.0,0.0,0.0,0.0,0.0,0.0,0.0,0.0,0.0,0.0,0.0,0.0,0.0,0.0,0.0,0.0
2972,21,85,0,0.0,0.0,0.0,0.0,0.0,0.0,0.0,0.0,0.0,0.0,0.0,0.0,0.0,0.0,0.0,0.0,0.0,0.0,0.0,0.0,0.0,0.0,0.0,0.0,0.0,0.0,0.0,0.0,0.0,0.0,0.0,0.0,0.0,0.0,0.0
2973,21,86,0,0.0,0.0,0.0,0.0,0.0,0.0,0.0,0.0,0.0,0.0,0.0,0.0,0.0,0.0,0.0,0.0,0.0,0.0,0.0,0.0,0.0,0.0,0.0,0.0,0.0,0.0,0.0,0.0,0.0,0.0,0.0,0.0,0.0,0.0,0.0
2974,21,88,0,0.0,0.0,0.0,0.0,0.0,0.0,0.0,0.0,0.0,0.0,0.0,0.0,0.0,0.0,0.0,0.0,0.0,0.0,0.0,0.0,0.0,0.0,0.0,0.0,0.0,0.0,0.0,0.0,0.0,0.0,0.0,0.0,0.0,0.0,0.0
2975,21,89,0,0.0,0.0,0.0,0.0,0.0,0.0,0.0,0.0,0.0,0.0,0.0,0.0,0.0,0.0,0.0,0.0,0.0,0.0,0.0,0.0,0.0,0.0,0.0,0.0,0.0,0.0,0.0,0.0,0.0,0.0,0.0,0.0,0.0,0.0,0.0
2976,21,90,0,0.0,0.0,0.0,0.0,0.0,0.0,0.0,0.0,0.0,0.0,0.0,0.0,0.0,0.0,0.0,0.0,0.0,0.0,0.0,0.0,0.0,0.0,0.0,0.0,0.0,0.0,0.0,0.0,0.0,0.0,0.0,0.0,0.0,0.0,0.0
2977,21,91,0,0.0,0.0,0.0,0.0,0.0,0.0,0.0,0.0,0.0,0.0,0.0,0.0,0.0,0.0,0.0,0.0,0.0,0.0,0.0,0.0,0.0,0.0,0.0,0.0,0.0,0.0,0.0,0.0,0.0,0.0,0.0,0.0,0.0,0.0,0.0
2978,21,92,1263,0.07,39.62,19.72,30.8,17.26,42.43,37.14,2.77,1.1,40.28,25.95,50.0,87.79,39.89,19.82,41.24,0.71,43.0,16.77,55.55,0.71,55.11,23.19,22.22,5.78,37.27,16.93,61.64,1.1,40.42,18.27,50.0,0.0,0.0,384.0
2979,21,93,0,0.0,0.0,0.0,0.0,0.0,0.0,0.0,0.0,0.0,0.0,0.0,0.0,0.0,0.0,0.0,0.0,0.0,0.0,0.0,0.0,0.0,0.0,0.0,0.0,0.0,0.0,0.0,0.0,0.0,0.0,0.0,0.0,0.0,0.0,0.0
2980,21,94,0,0.0,0.0,0.0,0.0,0.0,0.0,0.0,0.0,0.0,0.0,0.0,0.0,0.0,0.0,0.0,0.0,0.0,0.0,0.0,0.0,0.0,0.0,0.0,0.0,0.0,0.0,0.0,0.0,0.0,0.0,0.0,0.0,0.0,0.0,0.0
2981,21,95,1120,0.26,40.45,20.73,33.0,17.32,41.51,27.77,1.61,0.98,48.63,9.56,54.54,92.21,40.53,20.69,41.65,0.35,28.25,19.18,50.0,0.26,30.66,9.45,66.66,3.4,42.86,25.85,36.84,1.16,35.92,20.93,38.46,0.0,0.0,506.0
2982,21,96,0,0.0,0.0,0.0,0.0,0.0,0.0,0.0,0.0,0.0,0.0,0.0,0.0,0.0,0.0,0.0,0.0,0.0,0.0,0.0,0.0,0.0,0.0,0.0,0.0,0.0,0.0,0.0,0.0,0.0,0.0,0.0,0.0,0.0,0.0,0.0
2983,21,97,1243,0.24,40.49,20.23,38.61,20.26,43.28,35.48,2.5,0.8,47.5,15.52,50.0,90.08,40.36,20.12,43.59,0.72,36.66,8.63,44.44,0.0,0.0,0.0,0.0,3.79,39.42,23.71,42.55,2.09,49.26,22.2,30.76,0.0,0.0,667.0
2984,21,99,1003,0.09,37.89,18.69,40.62,16.38,41.17,54.16,2.39,1.09,34.45,20.31,36.36,90.21,37.75,18.85,41.59,0.79,31.25,19.27,75.0,0.79,30.12,14.28,12.5,2.79,38.6,15.01,32.14,1.89,46.0,16.12,21.05,0.0,0.0,358.0
2985,21,100,0,0.0,0.0,0.0,0.0,0.0,0.0,0.0,0.0,0.0,0.0,0.0,0.0,0.0,0.0,0.0,0.0,0.0,0.0,0.0,0.0,0.0,0.0,0.0,0.0,0.0,0.0,0.0,0.0,0.0,0.0,0.0,0.0,0.0,0.0,0.0
2986,21,101,0,0.0,0.0,0.0,0.0,0.0,0.0,0.0,0.0,0.0,0.0,0.0,0.0,0.0,0.0,0.0,0.0,0.0,0.0,0.0,0.0,0.0,0.0,0.0,0.0,0.0,0.0,0.0,0.0,0.0,0.0,0.0,0.0,0.0,0.0,0.0
2987,21,104,0,0.0,0.0,0.0,0.0,0.0,0.0,0.0,0.0,0.0,0.0,0.0,0.0,0.0,0.0,0.0,0.0,0.0,0.0,0.0,0.0,0.0,0.0,0.0,0.0,0.0,0.0,0.0,0.0,0.0,0.0,0.0,0.0,0.0,0.0,0.0
2988,21,107,0,0.0,0.0,0.0,0.0,0.0,0.0,0.0,0.0,0.0,0.0,0.0,0.0,0.0,0.0,0.0,0.0,0.0,0.0,0.0,0.0,0.0,0.0,0.0,0.0,0.0,0.0,0.0,0.0,0.0,0.0,0.0,0.0,0.0,0.0,0.0
2989,21,108,0,0.0,0.0,0.0,0.0,0.0,0.0,0.0,0.0,0.0,0.0,0.0,0.0,0.0,0.0,0.0,0.0,0.0,0.0,0.0,0.0,0.0,0.0,0.0,0.0,0.0,0.0,0.0,0.0,0.0,0.0,0.0,0.0,0.0,0.0,0.0
2990,21,109,0,0.0,0.0,0.0,0.0,0.0,0.0,0.0,0.0,0.0,0.0,0.0,0.0,0.0,0.0,0.0,0.0,0.0,0.0,0.0,0.0,0.0,0.0,0.0,0.0,0.0,0.0,0.0,0.0,0.0,0.0,0.0,0.0,0.0,0.0,0.0
2991,21,112,871,0.22,40.94,19.8,36.75,12.18,42.59,37.5,0.92,0.92,35.37,19.42,87.5,93.44,40.91,19.84,42.61,0.46,50.0,8.64,100.0,0.11,46.0,0.0,0.0,2.87,44.0,21.94,36.0,1.26,39.9,23.17,18.18,0.0,0.0,408.0
2992,21,115,0,0.0,0.0,0.0,0.0,0.0,0.0,0.0,0.0,0.0,0.0,0.0,0.0,0.0,0.0,0.0,0.0,0.0,0.0,0.0,0.0,0.0,0.0,0.0,0.0,0.0,0.0,0.0,0.0,0.0,0.0,0.0,0.0,0.0,0.0,0.0
2993,21,120,0,0.0,0.0,0.0,0.0,0.0,0.0,0.0,0.0,0.0,0.0,0.0,0.0,0.0,0.0,0.0,0.0,0.0,0.0,0.0,0.0,0.0,0.0,0.0,0.0,0.0,0.0,0.0,0.0,0.0,0.0,0.0,0.0,0.0,0.0,0.0
2994,21,121,860,0.69,41.0,21.07,32.33,25.16,41.97,58.33,1.4,1.52,42.38,15.79,76.92,92.97,40.95,21.07,41.18,0.58,40.2,13.88,40.0,0.11,0.0,0.0,0.0,1.99,41.05,19.09,58.82,1.4,55.58,18.2,33.33,0.0,0.0,475.0
2995,21,122,0,0.0,0.0,0.0,0.0,0.0,0.0,0.0,0.0,0.0,0.0,0.0,0.0,0.0,0.0,0.0,0.0,0.0,0.0,0.0,0.0,0.0,0.0,0.0,0.0,0.0,0.0,0.0,0.0,0.0,0.0,0.0,0.0,0.0,0.0,0.0
2996,21,127,0,0.0,0.0,0.0,0.0,0.0,0.0,0.0,0.0,0.0,0.0,0.0,0.0,0.0,0.0,0.0,0.0,0.0,0.0,0.0,0.0,0.0,0.0,0.0,0.0,0.0,0.0,0.0,0.0,0.0,0.0,0.0,0.0,0.0,0.0,0.0
2997,21,128,0,0.0,0.0,0.0,0.0,0.0,0.0,0.0,0.0,0.0,0.0,0.0,0.0,0.0,0.0,0.0,0.0,0.0,0.0,0.0,0.0,0.0,0.0,0.0,0.0,0.0,0.0,0.0,0.0,0.0,0.0,0.0,0.0,0.0,0.0,0.0
2998,21,130,1177,0.33,39.24,20.56,39.51,19.58,41.37,55.55,2.3,2.38,48.35,22.37,50.0,89.59,38.84,20.56,40.15,1.27,38.4,19.28,73.33,0.51,52.66,15.88,33.33,2.38,39.82,19.72,42.85,1.53,43.0,20.06,44.44,0.0,0.0,505.0
2999,21,134,785,0.12,43.16,20.03,43.92,20.32,41.01,61.53,1.65,2.67,54.47,18.76,52.38,91.83,42.7,20.05,40.83,0.89,44.71,5.43,42.85,0.0,0.0,0.0,0.0,1.02,48.62,16.86,25.0,1.91,44.2,23.95,26.66,0.0,0.0,513.0
3000,21,136,0,0.0,0.0,0.0,0.0,0.0,0.0,0.0,0.0,0.0,0.0,0.0,0.0,0.0,0.0,0.0,0.0,0.0,0.0,0.0,0.0,0.0,0.0,0.0,0.0,0.0,0.0,0.0,0.0,0.0,0.0,0.0,0.0,0.0,0.0,0.0
3001,21,137,1133,0.17,40.21,20.55,37.82,19.93,44.3,60.86,2.03,1.14,43.76,20.58,53.84,92.66,40.04,20.58,44.27,1.06,32.5,16.13,66.66,0.17,42.0,7.07,0.0,1.5,47.23,20.99,23.52,1.41,48.75,21.4,31.25,0.0,0.0,599.0
3002,21,144,0,0.0,0.0,0.0,0.0,0.0,0.0,0.0,0.0,0.0,0.0,0.0,0.0,0.0,0.0,0.0,0.0,0.0,0.0,0.0,0.0,0.0,0.0,0.0,0.0,0.0,0.0,0.0,0.0,0.0,0.0,0.0,0.0,0.0,0.0,0.0
3003,21,146,1168,0.59,39.76,18.36,36.4,18.25,44.86,54.54,1.89,1.46,35.17,17.89,52.94,89.23,39.75,18.25,43.33,0.77,26.66,11.05,88.88,0.34,29.0,24.85,50.0,5.42,43.85,19.44,61.9,0.86,47.8,22.27,30.0,0.0,0.0,535.0
3004,21,148,0,0.0,0.0,0.0,0.0,0.0,0.0,0.0,0.0,0.0,0.0,0.0,0.0,0.0,0.0,0.0,0.0,0.0,0.0,0.0,0.0,0.0,0.0,0.0,0.0,0.0,0.0,0.0,0.0,0.0,0.0,0.0,0.0,0.0,0.0,0.0
3005,21,149,0,0.0,0.0,0.0,0.0,0.0,0.0,0.0,0.0,0.0,0.0,0.0,0.0,0.0,0.0,0.0,0.0,0.0,0.0,0.0,0.0,0.0,0.0,0.0,0.0,0.0,0.0,0.0,0.0,0.0,0.0,0.0,0.0,0.0,0.0,0.0
3006,21,150,0,0.0,0.0,0.0,0.0,0.0,0.0,0.0,0.0,0.0,0.0,0.0,0.0,0.0,0.0,0.0,0.0,0.0,0.0,0.0,0.0,0.0,0.0,0.0,0.0,0.0,0.0,0.0,0.0,0.0,0.0,0.0,0.0,0.0,0.0,0.0
3007,21,151,0,0.0,0.0,0.0,0.0,0.0,0.0,0.0,0.0,0.0,0.0,0.0,0.0,0.0,0.0,0.0,0.0,0.0,0.0,0.0,0.0,0.0,0.0,0.0,0.0,0.0,0.0,0.0,0.0,0.0,0.0,0.0,0.0,0.0,0.0,0.0
3008,21,153,0,0.0,0.0,0.0,0.0,0.0,0.0,0.0,0.0,0.0,0.0,0.0,0.0,0.0,0.0,0.0,0.0,0.0,0.0,0.0,0.0,0.0,0.0,0.0,0.0,0.0,0.0,0.0,0.0,0.0,0.0,0.0,0.0,0.0,0.0,0.0
3009,21,154,0,0.0,0.0,0.0,0.0,0.0,0.0,0.0,0.0,0.0,0.0,0.0,0.0,0.0,0.0,0.0,0.0,0.0,0.0,0.0,0.0,0.0,0.0,0.0,0.0,0.0,0.0,0.0,0.0,0.0,0.0,0.0,0.0,0.0,0.0,0.0
3010,21,156,0,0.0,0.0,0.0,0.0,0.0,0.0,0.0,0.0,0.0,0.0,0.0,0.0,0.0,0.0,0.0,0.0,0.0,0.0,0.0,0.0,0.0,0.0,0.0,0.0,0.0,0.0,0.0,0.0,0.0,0.0,0.0,0.0,0.0,0.0,0.0
3011,21,157,1073,0.37,37.93,19.04,34.52,17.08,44.26,60.0,2.33,1.4,39.79,16.63,46.66,91.48,37.98,19.01,43.66,1.4,34.06,9.93,60.0,0.37,36.5,4.93,0.0,1.87,33.7,24.6,55.0,1.12,42.08,22.98,33.33,0.0,0.0,406.0
3012,21,159,0,0.0,0.0,0.0,0.0,0.0,0.0,0.0,0.0,0.0,0.0,0.0,0.0,0.0,0.0,0.0,0.0,0.0,0.0,0.0,0.0,0.0,0.0,0.0,0.0,0.0,0.0,0.0,0.0,0.0,0.0,0.0,0.0,0.0,0.0,0.0
3013,21,160,1202,0.66,35.04,18.64,35.0,20.6,44.59,54.54,1.84,1.59,33.0,23.07,42.1,90.53,35.09,18.46,43.94,0.58,40.14,22.95,57.14,0.25,21.33,19.13,0.0,3.76,36.55,18.73,57.77,1.42,27.7,22.69,35.29,0.0,0.0,427.0
3014,21,163,1040,0.28,35.87,18.62,37.14,21.68,42.11,50.0,1.35,1.25,39.69,22.82,30.76,90.35,36.04,18.61,41.72,1.06,31.54,18.45,54.54,0.19,0.0,0.0,0.0,4.24,31.72,16.69,56.81,1.44,42.4,16.56,26.66,0.0,0.0,406.0
3015,21,164,0,0.0,0.0,0.0,0.0,0.0,0.0,0.0,0.0,0.0,0.0,0.0,0.0,0.0,0.0,0.0,0.0,0.0,0.0,0.0,0.0,0.0,0.0,0.0,0.0,0.0,0.0,0.0,0.0,0.0,0.0,0.0,0.0,0.0,0.0,0.0
3016,21,166,0,0.0,0.0,0.0,0.0,0.0,0.0,0.0,0.0,0.0,0.0,0.0,0.0,0.0,0.0,0.0,0.0,0.0,0.0,0.0,0.0,0.0,0.0,0.0,0.0,0.0,0.0,0.0,0.0,0.0,0.0,0.0,0.0,0.0,0.0,0.0
3017,21,168,1248,0.0,41.86,21.11,47.92,18.94,45.35,50.0,1.12,0.32,22.0,15.14,100.0,90.22,42.19,21.1,43.6,0.24,26.33,10.96,33.33,0.0,0.0,0.0,0.0,6.73,38.53,20.94,70.23,1.36,39.11,23.53,23.52,0.0,0.0,635.0
3018,21,169,0,0.0,0.0,0.0,0.0,0.0,0.0,0.0,0.0,0.0,0.0,0.0,0.0,0.0,0.0,0.0,0.0,0.0,0.0,0.0,0.0,0.0,0.0,0.0,0.0,0.0,0.0,0.0,0.0,0.0,0.0,0.0,0.0,0.0,0.0,0.0
3019,21,171,937,0.21,41.67,20.97,44.29,24.67,42.36,35.29,1.81,0.85,55.12,14.3,62.5,91.97,41.84,20.83,40.93,0.85,35.75,18.66,75.0,0.0,0.0,0.0,0.0,3.52,35.18,22.56,72.72,0.96,34.44,20.27,33.33,0.0,0.0,451.0
3020,21,177,0,0.0,0.0,0.0,0.0,0.0,0.0,0.0,0.0,0.0,0.0,0.0,0.0,0.0,0.0,0.0,0.0,0.0,0.0,0.0,0.0,0.0,0.0,0.0,0.0,0.0,0.0,0.0,0.0,0.0,0.0,0.0,0.0,0.0,0.0,0.0
3021,21,178,0,0.0,0.0,0.0,0.0,0.0,0.0,0.0,0.0,0.0,0.0,0.0,0.0,0.0,0.0,0.0,0.0,0.0,0.0,0.0,0.0,0.0,0.0,0.0,0.0,0.0,0.0,0.0,0.0,0.0,0.0,0.0,0.0,0.0,0.0,0.0
3022,21,179,0,0.0,0.0,0.0,0.0,0.0,0.0,0.0,0.0,0.0,0.0,0.0,0.0,0.0,0.0,0.0,0.0,0.0,0.0,0.0,0.0,0.0,0.0,0.0,0.0,0.0,0.0,0.0,0.0,0.0,0.0,0.0,0.0,0.0,0.0,0.0
3023,21,181,1105,0.18,37.09,17.29,33.94,12.2,41.71,50.0,1.63,0.54,37.33,29.85,50.0,91.02,36.8,17.29,41.23,1.26,38.42,12.18,71.42,0.45,33.2,5.4,60.0,3.71,41.24,17.07,48.78,1.35,45.8,20.99,6.66,0.0,0.0,323.0
3024,21,182,1119,0.17,38.13,18.37,40.26,14.5,41.55,30.43,4.11,0.98,49.45,17.67,36.36,88.18,37.5,18.2,41.42,0.71,36.62,11.1,62.5,0.62,40.85,12.69,42.85,3.31,43.35,22.52,59.45,2.05,45.47,24.69,34.78,0.0,0.0,441.0
3025,21,184,0,0.0,0.0,0.0,0.0,0.0,0.0,0.0,0.0,0.0,0.0,0.0,0.0,0.0,0.0,0.0,0.0,0.0,0.0,0.0,0.0,0.0,0.0,0.0,0.0,0.0,0.0,0.0,0.0,0.0,0.0,0.0,0.0,0.0,0.0,0.0
3026,21,185,0,0.0,0.0,0.0,0.0,0.0,0.0,0.0,0.0,0.0,0.0,0.0,0.0,0.0,0.0,0.0,0.0,0.0,0.0,0.0,0.0,0.0,0.0,0.0,0.0,0.0,0.0,0.0,0.0,0.0,0.0,0.0,0.0,0.0,0.0,0.0
3027,21,187,0,0.0,0.0,0.0,0.0,0.0,0.0,0.0,0.0,0.0,0.0,0.0,0.0,0.0,0.0,0.0,0.0,0.0,0.0,0.0,0.0,0.0,0.0,0.0,0.0,0.0,0.0,0.0,0.0,0.0,0.0,0.0,0.0,0.0,0.0,0.0
3028,21,188,0,0.0,0.0,0.0,0.0,0.0,0.0,0.0,0.0,0.0,0.0,0.0,0.0,0.0,0.0,0.0,0.0,0.0,0.0,0.0,0.0,0.0,0.0,0.0,0.0,0.0,0.0,0.0,0.0,0.0,0.0,0.0,0.0,0.0,0.0,0.0
3029,21,189,0,0.0,0.0,0.0,0.0,0.0,0.0,0.0,0.0,0.0,0.0,0.0,0.0,0.0,0.0,0.0,0.0,0.0,0.0,0.0,0.0,0.0,0.0,0.0,0.0,0.0,0.0,0.0,0.0,0.0,0.0,0.0,0.0,0.0,0.0,0.0
3030,21,190,0,0.0,0.0,0.0,0.0,0.0,0.0,0.0,0.0,0.0,0.0,0.0,0.0,0.0,0.0,0.0,0.0,0.0,0.0,0.0,0.0,0.0,0.0,0.0,0.0,0.0,0.0,0.0,0.0,0.0,0.0,0.0,0.0,0.0,0.0,0.0
3031,21,191,0,0.0,0.0,0.0,0.0,0.0,0.0,0.0,0.0,0.0,0.0,0.0,0.0,0.0,0.0,0.0,0.0,0.0,0.0,0.0,0.0,0.0,0.0,0.0,0.0,0.0,0.0,0.0,0.0,0.0,0.0,0.0,0.0,0.0,0.0,0.0
3032,21,193,784,0.63,38.96,18.41,31.87,14.04,43.62,75.0,1.02,0.38,50.0,26.05,33.33,91.91,38.55,18.54,42.31,0.77,50.33,19.93,33.33,0.12,37.0,0.0,0.0,4.74,43.64,11.61,64.86,1.02,50.75,23.94,37.5,0.0,0.0,429.0
3033,21,194,0,0.0,0.0,0.0,0.0,0.0,0.0,0.0,0.0,0.0,0.0,0.0,0.0,0.0,0.0,0.0,0.0,0.0,0.0,0.0,0.0,0.0,0.0,0.0,0.0,0.0,0.0,0.0,0.0,0.0,0.0,0.0,0.0,0.0,0.0,0.0
3034,21,199,839,0.11,42.65,19.92,43.58,21.65,44.93,47.05,2.02,1.07,36.66,22.56,33.33,88.06,42.63,20.08,42.41,0.83,42.14,19.03,100.0,0.71,55.0,21.03,16.66,5.96,41.34,16.5,78.0,1.31,47.63,20.89,45.45,0.0,0.0,413.0
3035,21,200,0,0.0,0.0,0.0,0.0,0.0,0.0,0.0,0.0,0.0,0.0,0.0,0.0,0.0,0.0,0.0,0.0,0.0,0.0,0.0,0.0,0.0,0.0,0.0,0.0,0.0,0.0,0.0,0.0,0.0,0.0,0.0,0.0,0.0,0.0,0.0
3036,21,201,0,0.0,0.0,0.0,0.0,0.0,0.0,0.0,0.0,0.0,0.0,0.0,0.0,0.0,0.0,0.0,0.0,0.0,0.0,0.0,0.0,0.0,0.0,0.0,0.0,0.0,0.0,0.0,0.0,0.0,0.0,0.0,0.0,0.0,0.0,0.0
3037,21,206,0,0.0,0.0,0.0,0.0,0.0,0.0,0.0,0.0,0.0,0.0,0.0,0.0,0.0,0.0,0.0,0.0,0.0,0.0,0.0,0.0,0.0,0.0,0.0,0.0,0.0,0.0,0.0,0.0,0.0,0.0,0.0,0.0,0.0,0.0,0.0
3038,21,208,0,0.0,0.0,0.0,0.0,0.0,0.0,0.0,0.0,0.0,0.0,0.0,0.0,0.0,0.0,0.0,0.0,0.0,0.0,0.0,0.0,0.0,0.0,0.0,0.0,0.0,0.0,0.0,0.0,0.0,0.0,0.0,0.0,0.0,0.0,0.0
3039,21,211,972,0.3,40.3,18.62,44.61,14.5,44.34,53.84,1.34,0.61,45.16,15.23,33.33,91.43,40.05,18.78,44.24,0.82,45.0,14.88,75.0,0.2,38.5,0.7,0.0,3.71,44.52,14.09,44.44,1.85,38.22,24.8,33.33,0.0,0.0,345.0
3040,21,212,0,0.0,0.0,0.0,0.0,0.0,0.0,0.0,0.0,0.0,0.0,0.0,0.0,0.0,0.0,0.0,0.0,0.0,0.0,0.0,0.0,0.0,0.0,0.0,0.0,0.0,0.0,0.0,0.0,0.0,0.0,0.0,0.0,0.0,0.0,0.0
3041,21,213,921,0.1,39.93,19.1,39.54,17.22,46.03,72.72,1.19,1.08,42.0,19.51,30.0,93.26,40.05,19.13,45.68,0.54,36.79,10.13,80.0,0.21,56.0,8.48,0.0,2.82,33.34,18.97,50.0,0.86,43.37,24.11,37.5,0.0,0.0,358.0
3042,21,214,0,0.0,0.0,0.0,0.0,0.0,0.0,0.0,0.0,0.0,0.0,0.0,0.0,0.0,0.0,0.0,0.0,0.0,0.0,0.0,0.0,0.0,0.0,0.0,0.0,0.0,0.0,0.0,0.0,0.0,0.0,0.0,0.0,0.0,0.0,0.0
3043,21,216,938,0.1,41.04,19.22,37.88,21.03,44.66,22.22,0.96,0.85,42.37,14.91,50.0,91.56,41.33,19.26,44.28,1.49,32.07,21.47,78.57,0.1,57.0,0.0,0.0,3.09,39.0,19.84,51.72,1.92,38.72,15.86,38.88,0.0,0.0,381.0
3044,21,222,0,0.0,0.0,0.0,0.0,0.0,0.0,0.0,0.0,0.0,0.0,0.0,0.0,0.0,0.0,0.0,0.0,0.0,0.0,0.0,0.0,0.0,0.0,0.0,0.0,0.0,0.0,0.0,0.0,0.0,0.0,0.0,0.0,0.0,0.0,0.0
3045,21,223,0,0.0,0.0,0.0,0.0,0.0,0.0,0.0,0.0,0.0,0.0,0.0,0.0,0.0,0.0,0.0,0.0,0.0,0.0,0.0,0.0,0.0,0.0,0.0,0.0,0.0,0.0,0.0,0.0,0.0,0.0,0.0,0.0,0.0,0.0,0.0
3046,22,unclear,1015,2.66,44.25,15.64,57.22,19.54,44.03,61.11,1.82,0.0,0.0,0.0,0.0,94.73,43.8,15.55,44.01,1.01,40.1,16.3,60.0,0.2,43.0,8.48,0.0,0.8,42.12,10.57,37.5,1.41,50.57,16.35,28.57,,,
3047,22,unclear,1182,1.86,43.23,15.47,44.4,16.26,43.65,53.33,1.29,0.0,0.0,0.0,0.0,95.08,43.33,15.56,42.97,0.51,35.66,11.44,50.0,0.0,0.0,0.0,0.0,1.98,37.3,12.15,56.52,1.12,48.07,15.47,53.84,,,
3048,22,9,681,1.9,40.48,17.09,40.0,15.88,41.85,58.82,2.54,0.59,37.25,13.64,50.0,90.71,40.36,17.1,40.75,1.49,39.29,14.37,80.0,0.0,0.0,0.0,0.0,3.29,41.9,18.77,40.9,1.34,50.11,10.15,44.44,0.0,27.16,415.0
3049,22,11,1044,0.86,40.28,18.2,56.25,20.24,43.0,75.0,6.57,0.19,41.0,7.07,0.0,86.57,39.2,17.66,40.95,0.86,38.22,8.33,88.88,0.0,0.0,0.0,0.0,4.63,38.62,16.29,37.5,1.15,41.91,20.34,16.66,0.0,43.65,433.0
3050,22,14,722,1.66,38.66,18.39,48.2,23.76,40.99,82.0,7.04,0.0,0.0,0.0,0.0,86.19,37.92,17.73,37.58,0.84,37.5,12.53,50.0,0.42,23.66,21.5,0.0,4.36,40.83,15.11,35.48,1.12,39.25,22.12,50.0,0.0,52.62,367.0
3051,22,17,381,0.78,40.24,19.44,53.07,23.07,43.3,78.94,10.05,0.26,25.0,0.0,100.0,81.21,39.0,18.69,39.41,1.85,35.14,11.76,100.0,0.79,55.66,8.73,0.0,3.96,40.53,15.67,26.66,1.85,30.28,18.73,28.57,0.0,26.73,187.0
3052,22,18,373,1.34,40.52,17.81,53.18,23.64,42.62,78.12,8.69,0.0,0.0,0.0,0.0,84.51,38.31,16.71,38.26,0.27,40.0,0.0,100.0,0.0,0.0,0.0,0.0,4.89,51.72,13.42,44.44,1.63,49.83,15.21,66.66,0.0,34.67,184.0
3053,22,19,619,1.29,41.68,18.16,58.27,22.27,40.22,72.22,2.94,1.14,33.57,15.36,57.14,86.57,41.46,17.92,40.07,1.3,37.62,21.5,25.0,0.81,37.79,9.28,60.0,4.25,42.19,16.6,38.46,2.94,40.83,14.36,16.66,0.0,40.48,364.0
3054,22,21,587,1.7,42.97,17.97,45.33,15.96,44.12,55.55,1.55,0.69,49.0,21.55,75.0,88.73,42.72,17.75,43.35,1.73,41.0,12.58,60.0,0.17,44.0,0.0,0.0,5.02,42.68,23.11,37.93,2.07,48.25,15.81,41.66,0.0,45.69,356.0
3055,22,22,976,1.02,41.25,18.24,58.0,22.13,42.21,50.0,2.07,0.2,37.0,2.82,50.0,89.95,41.09,17.76,42.57,0.72,39.14,17.17,57.14,0.2,76.5,0.7,50.0,5.07,37.0,20.0,40.81,1.75,42.35,18.94,17.64,0.0,44.88,531.0
3056,22,23,978,1.43,41.88,19.72,49.24,30.77,42.12,69.69,3.42,0.1,28.0,0.0,100.0,89.73,41.68,19.24,41.5,1.03,46.4,21.68,50.0,0.1,35.0,0.0,0.0,3.63,35.82,14.15,37.14,1.97,50.68,25.14,21.05,0.0,41.85,561.0
3057,22,27,770,0.25,41.95,18.16,0.0,0.0,43.5,0.0,0.0,0.26,37.0,21.21,50.0,94.27,42.01,18.24,44.19,0.39,41.0,7.54,66.66,0.0,0.0,0.0,0.0,2.73,32.38,12.12,42.85,2.34,49.72,18.9,5.55,0.0,24.95,434.0
3058,22,unclear,974,2.87,42.77,14.23,41.37,13.51,44.55,45.45,12.79,0.0,0.0,0.0,0.0,83.19,43.1,14.47,44.98,0.52,33.0,9.32,40.0,0.21,50.5,3.53,50.0,2.32,39.86,9.88,18.18,0.95,42.77,17.04,33.33,,,
3059,22,30,812,0.49,40.28,18.23,52.1,23.01,43.34,85.71,3.46,0.37,39.0,9.53,66.66,88.86,40.26,18.16,41.08,1.6,29.76,5.64,61.53,0.0,0.0,0.0,0.0,3.96,36.84,13.64,56.25,1.73,35.57,22.24,35.71,0.0,40.38,437.0
3060,22,31,832,2.76,41.24,19.21,49.37,18.87,44.71,41.66,2.96,0.86,46.42,17.59,42.85,88.99,40.4,18.92,44.44,1.11,33.55,16.51,77.77,0.37,58.0,17.34,33.33,2.84,51.95,17.82,43.47,2.84,39.3,23.93,34.78,0.0,39.62,439.0
3061,22,33,992,2.52,40.73,16.89,42.26,17.36,43.75,52.17,2.37,0.72,44.14,21.46,57.14,85.93,40.09,16.76,42.96,2.48,38.95,18.35,58.33,0.82,37.75,19.37,62.5,5.17,41.46,14.23,50.0,2.48,49.16,18.49,20.83,0.0,40.02,545.0
3062,22,34,889,1.01,41.72,17.79,41.41,14.76,42.18,52.94,1.93,0.45,41.0,17.68,75.0,90.68,41.71,17.71,41.85,0.9,35.37,6.41,50.0,0.22,62.0,19.79,0.0,3.29,38.2,19.08,48.27,2.5,46.86,24.39,27.27,0.0,39.68,483.0
3063,22,40,1047,1.05,43.07,16.83,42.17,13.81,39.54,40.0,3.37,0.48,46.0,17.56,40.0,90.15,43.2,16.89,38.86,1.25,39.38,15.63,46.15,0.09,53.0,0.0,100.0,3.18,41.9,18.81,60.6,1.44,37.79,16.48,33.33,0.0,43.58,541.0
3064,22,46,976,2.15,42.47,18.69,42.5,19.45,42.52,68.75,1.67,0.2,51.0,36.76,50.0,88.37,42.25,18.47,41.94,1.36,32.61,16.84,61.53,1.04,35.1,17.11,60.0,5.23,44.88,19.12,26.0,2.09,48.4,23.38,55.0,0.0,27.1,585.0
3065,22,51,814,0.85,43.17,17.56,55.1,18.74,44.22,77.52,11.02,0.49,40.75,10.81,75.0,81.28,41.75,16.93,39.63,1.48,44.91,13.16,66.66,0.37,40.33,35.21,33.33,3.84,36.7,16.8,29.03,1.48,49.91,11.85,33.33,0.0,27.25,405.0
3066,22,52,958,1.56,41.1,19.09,46.36,22.93,41.33,59.09,2.33,0.95,47.0,16.99,33.33,86.53,40.6,18.91,38.72,1.27,42.58,17.02,50.0,0.21,55.5,3.53,50.0,6.89,45.21,17.52,61.53,1.8,39.23,25.5,52.94,0.0,21.98,454.0
3067,22,54,883,1.01,38.96,17.58,43.61,20.48,42.92,51.61,3.54,0.22,36.5,0.7,100.0,89.24,38.85,17.21,41.79,1.14,46.0,22.0,60.0,0.22,45.5,4.94,50.0,3.89,38.08,22.44,58.82,1.71,34.93,15.86,20.0,0.0,40.17,467.0
3068,22,56,777,1.28,39.27,18.21,34.85,12.01,44.27,57.14,2.73,0.52,40.5,15.77,75.0,89.43,39.41,18.23,44.16,1.69,34.07,12.29,69.23,0.26,29.0,12.72,0.0,4.04,38.93,23.48,38.7,1.3,48.4,21.6,30.0,0.0,23.97,365.0
3069,22,unclear,1086,4.6,43.36,15.68,43.16,16.32,44.01,51.04,13.8,0.0,0.0,0.0,0.0,75.28,42.77,15.56,41.79,1.35,39.35,17.7,64.28,0.86,46.33,8.95,44.44,5.69,48.98,15.42,37.28,2.99,43.19,15.84,51.61,,,
3070,22,59,722,3.46,38.19,19.83,42.28,18.65,44.18,43.58,5.59,1.43,54.9,19.67,40.0,80.77,36.87,19.07,46.35,2.43,37.41,13.48,35.29,0.57,33.75,22.77,50.0,6.16,39.67,23.09,32.55,3.01,39.95,24.49,33.33,0.0,24.39,346.0
3071,22,60,770,2.98,41.79,17.58,46.53,17.69,42.72,42.3,3.48,0.4,45.66,7.02,66.66,86.07,41.36,17.52,43.23,2.14,32.81,7.22,31.25,0.4,19.0,17.34,33.33,4.95,44.35,17.28,35.13,2.54,45.36,19.39,36.84,0.0,44.84,427.0
3072,22,67,878,0.56,40.62,17.56,39.5,15.06,40.88,37.5,0.91,0.0,0.0,0.0,0.0,91.52,40.62,17.67,41.42,1.14,31.3,12.64,60.0,1.03,42.44,10.52,33.33,3.55,41.06,15.32,38.7,1.83,41.93,21.24,0.0,0.0,39.36,427.0
3073,22,68,881,1.58,42.48,18.46,43.41,14.61,43.24,41.66,1.38,0.23,43.0,24.04,50.0,87.88,41.64,18.25,41.46,0.69,36.5,29.27,50.0,0.23,42.5,6.36,50.0,8.88,48.49,17.66,62.33,0.69,50.66,22.9,33.33,0.0,35.78,395.0
3074,22,69,826,3.14,42.42,18.25,32.81,20.98,44.43,62.5,2.0,1.0,50.0,25.83,62.5,86.12,42.04,18.23,43.83,2.12,39.58,17.81,41.17,0.25,54.5,24.74,0.0,7.12,43.63,13.51,42.1,1.37,56.09,13.94,63.63,0.0,39.61,436.0
3075,22,unclear,910,0.65,38.71,13.32,40.76,13.88,44.83,40.0,2.76,0.0,0.0,0.0,0.0,93.58,38.69,13.32,44.79,0.55,26.6,4.21,60.0,0.11,49.0,0.0,0.0,1.32,35.66,12.73,41.66,1.65,38.79,13.36,53.33,,,
3076,22,74,692,1.58,41.4,19.04,38.51,16.68,45.08,51.28,5.72,0.44,50.33,30.73,33.33,84.43,41.82,19.04,44.17,3.67,37.2,16.85,68.0,0.14,34.0,0.0,0.0,3.81,32.76,19.87,38.46,1.76,45.41,21.79,41.66,0.0,50.28,354.0
3077,22,unclear,1331,1.2,42.89,14.82,40.85,13.46,45.07,52.38,1.59,0.0,0.0,0.0,0.0,95.13,42.93,14.94,44.76,0.76,40.9,10.45,60.0,0.6,44.37,16.79,12.5,1.36,39.83,10.35,33.33,0.53,42.28,16.55,42.85,,,
3078,22,78,1035,1.44,43.6,17.43,39.57,20.35,42.8,50.0,1.37,0.19,46.0,8.48,50.0,92.84,43.4,17.32,42.97,0.88,29.0,12.73,33.33,0.29,44.66,16.28,66.66,1.76,52.55,16.68,50.0,2.64,48.77,19.4,22.22,0.0,23.21,563.0
3079,22,80,625,0.47,40.51,16.86,38.5,15.59,41.92,100.0,0.96,0.0,0.0,0.0,0.0,92.76,40.07,16.86,41.07,1.28,34.12,11.6,87.5,0.0,0.0,0.0,0.0,3.37,45.9,14.31,28.57,1.6,51.8,14.93,40.0,0.0,29.61,320.0
3080,22,83,1057,0.75,40.46,16.1,40.87,17.86,41.24,25.0,0.76,0.28,50.0,33.4,33.33,93.7,40.24,15.86,42.01,0.57,38.66,14.08,50.0,0.0,0.0,0.0,0.0,3.62,40.63,19.13,26.31,1.04,56.45,11.87,9.09,0.0,20.16,596.0
3081,22,86,881,1.81,41.24,17.7,42.06,13.67,42.56,36.36,3.81,0.69,27.83,23.74,33.33,86.7,41.17,17.71,42.93,1.61,34.14,11.15,85.71,0.92,46.37,11.38,37.5,4.62,44.2,17.28,30.0,1.61,36.28,26.89,35.71,0.0,45.81,512.0
3082,22,87,866,0.69,44.79,20.09,29.27,18.17,42.6,40.0,4.65,0.0,0.0,0.0,0.0,87.44,45.0,19.74,43.88,0.81,43.14,14.0,85.71,0.11,56.0,0.0,0.0,5.23,52.84,20.07,24.44,1.74,47.8,27.68,26.66,0.0,39.27,490.0
3083,22,89,768,1.56,41.27,19.11,39.78,24.27,41.66,39.13,3.04,0.39,44.66,14.46,33.33,87.83,41.01,18.84,41.26,1.71,38.53,13.58,46.15,0.39,46.66,14.46,33.33,4.76,44.36,17.48,44.44,1.85,55.28,21.63,50.0,0.0,24.11,462.0
3084,22,91,644,2.79,41.04,18.84,58.4,19.76,40.83,50.0,1.59,0.31,40.5,19.09,50.0,86.9,39.82,18.84,41.54,0.95,42.66,13.24,83.33,1.11,40.85,12.6,57.14,6.38,44.77,16.41,25.0,2.71,51.88,17.08,17.64,0.0,51.76,335.0
3085,22,unclear,1064,0.65,43.73,15.21,40.66,10.5,45.48,66.66,0.56,0.0,0.0,0.0,0.0,97.35,43.75,15.3,45.67,0.37,38.5,9.11,75.0,0.09,44.0,0.0,0.0,1.04,47.54,10.3,27.27,0.56,39.16,12.1,16.66,,,
3086,22,94,962,3.11,40.61,17.96,47.16,19.58,41.58,41.66,1.28,0.53,39.0,23.45,60.0,88.19,39.86,18.03,42.09,0.96,35.33,18.84,44.44,0.64,39.66,23.73,16.66,7.18,42.67,13.8,32.83,1.18,40.72,26.0,27.27,0.0,27.17,519.0
3087,22,99,1009,2.27,42.74,18.31,43.12,18.9,41.72,44.44,6.38,0.6,42.0,17.38,33.33,83.87,42.67,18.27,42.2,1.62,34.56,18.38,62.5,0.7,45.28,13.11,57.14,5.17,45.82,16.85,31.37,1.62,41.0,20.61,31.25,0.0,38.84,585.0
3088,22,103,734,2.04,41.45,17.2,52.0,24.3,44.0,60.0,1.39,0.27,58.0,8.48,50.0,88.45,41.62,16.85,42.92,1.94,33.5,7.31,64.28,0.83,44.33,10.94,33.33,5.56,38.07,18.29,57.5,1.52,36.63,24.84,27.27,0.0,55.43,424.0
3089,22,107,813,1.59,42.79,18.69,54.47,14.71,41.2,47.61,2.62,0.75,41.33,20.47,50.0,86.37,42.34,18.35,42.83,2.37,41.21,21.55,31.57,0.25,39.5,13.43,50.0,5.62,40.33,18.51,15.55,2.0,43.25,26.49,37.5,0.0,29.79,450.0
3090,22,109,610,1.31,41.56,18.58,52.71,19.77,44.75,85.71,1.16,0.33,55.0,7.07,100.0,90.03,41.28,18.31,44.09,2.15,33.07,14.45,76.92,0.33,25.0,35.35,0.0,4.65,43.92,19.04,32.14,1.32,42.62,32.05,37.5,0.0,29.47,338.0
3091,22,110,990,6.66,41.74,18.17,44.29,18.41,41.01,42.59,5.84,2.16,55.45,16.98,40.0,80.62,39.49,17.52,43.62,1.73,37.62,16.42,62.5,1.4,50.84,16.26,23.07,5.41,46.1,22.31,18.0,2.81,52.8,18.89,42.3,0.0,28.46,549.0
3092,22,115,412,2.66,43.91,18.39,49.42,19.48,44.66,100.0,1.74,1.49,52.5,25.29,66.66,90.27,43.67,18.47,43.37,0.99,35.25,6.99,25.0,0.0,0.0,0.0,0.0,3.74,44.33,13.28,40.0,1.74,46.57,17.13,57.14,0.0,26.55,215.0
3093,22,116,501,0.99,42.45,18.05,46.29,20.4,42.31,70.58,3.42,0.0,0.0,0.0,0.0,91.33,42.15,18.11,41.94,1.0,34.79,12.37,40.0,0.2,40.0,0.0,100.0,2.21,44.45,12.37,27.27,1.81,52.66,12.28,22.22,0.0,60.79,295.0
3094,22,118,807,2.72,42.22,18.78,38.37,21.46,42.13,41.55,9.8,0.63,34.4,35.21,80.0,84.07,42.55,18.25,41.81,1.52,38.91,17.55,58.33,0.5,43.25,9.5,50.0,2.42,39.68,20.61,36.84,1.01,42.62,15.45,12.5,0.0,37.73,442.0
3095,22,119,766,2.74,42.58,17.96,41.5,22.6,42.03,39.47,5.1,1.34,36.5,24.58,60.0,84.56,41.93,17.4,42.53,1.2,44.55,17.61,77.77,1.07,54.87,13.77,50.0,4.83,43.33,18.86,22.22,1.87,57.35,13.33,50.0,0.0,51.05,479.0
3096,22,122,898,1.44,43.24,18.29,48.62,20.15,42.31,37.14,3.95,1.12,51.2,18.61,40.0,86.55,42.67,18.2,43.86,1.58,38.07,15.05,57.14,0.33,51.66,24.84,33.33,5.31,45.06,17.46,25.53,1.12,47.7,17.53,20.0,0.0,39.85,511.0
3097,22,123,896,3.01,39.86,17.19,44.8,23.65,42.85,60.0,1.72,1.03,40.66,29.0,55.55,88.95,39.29,16.15,43.59,1.03,40.0,21.15,66.66,1.03,47.88,10.3,44.44,4.02,38.02,19.56,22.85,2.07,47.55,21.62,22.22,0.0,30.86,485.0
3098,22,124,933,1.17,42.92,17.66,51.91,10.37,45.65,41.66,1.3,0.75,54.85,36.05,42.85,89.26,42.14,17.36,46.05,1.95,40.33,12.99,66.66,0.0,0.0,0.0,0.0,5.31,47.79,17.91,30.61,1.4,54.53,19.05,53.84,0.0,38.21,525.0
3099,22,127,892,2.13,42.58,18.74,56.26,20.1,42.37,60.86,2.63,0.22,56.5,30.4,100.0,86.94,41.56,18.29,42.81,1.6,41.42,24.43,64.28,0.8,48.57,18.23,14.28,5.26,46.17,14.73,30.43,2.52,47.63,25.23,27.27,0.0,38.98,460.0
3100,22,131,586,2.38,42.59,18.47,53.88,11.0,41.46,66.66,1.57,0.69,67.25,12.2,50.0,84.61,41.54,18.38,42.76,2.09,32.58,14.23,41.66,0.17,25.0,0.0,0.0,9.79,47.17,17.64,32.14,1.04,53.66,17.07,16.66,0.0,55.93,326.0
3101,22,133,524,2.09,42.98,17.65,49.83,15.73,43.32,58.33,2.33,1.55,53.25,15.99,37.5,88.3,42.25,17.28,43.04,0.97,37.0,21.49,60.0,0.0,0.0,0.0,0.0,4.48,42.08,19.32,43.47,2.14,46.36,25.79,36.36,0.0,61.44,287.0
3102,22,134,675,0.44,40.5,18.58,25.2,4.6,42.22,80.0,0.74,0.0,0.0,0.0,0.0,95.08,40.91,18.46,42.25,1.48,37.6,18.03,40.0,0.0,0.0,0.0,0.0,1.19,30.0,17.41,25.0,1.48,33.9,28.64,30.0,0.0,44.12,363.0
3103,22,135,789,0.25,42.32,18.44,39.83,20.02,41.57,50.0,0.76,0.25,36.5,0.7,0.0,91.74,42.56,18.57,42.52,0.76,34.0,5.83,50.0,0.12,57.0,0.0,100.0,2.79,35.5,12.51,36.36,3.55,44.25,20.86,21.42,0.0,51.14,419.0
3104,22,137,835,2.15,41.69,18.52,45.8,25.95,46.1,80.0,1.83,0.36,44.33,10.5,0.0,87.02,40.88,18.07,46.69,1.83,39.06,16.36,53.33,0.0,0.0,0.0,0.0,6.24,43.33,18.04,27.45,2.69,51.77,24.45,50.0,0.0,42.41,446.0
3105,22,138,945,3.17,40.97,16.9,44.47,24.0,43.38,52.38,2.29,0.43,65.75,14.86,50.0,84.69,40.24,16.55,45.16,2.18,38.35,12.71,65.0,0.76,37.14,18.64,42.85,6.66,43.32,17.73,22.95,2.95,43.77,10.52,22.22,0.0,40.26,523.0
3106,22,139,1017,2.85,44.17,19.09,63.21,8.52,43.95,57.14,1.41,0.3,42.33,13.79,0.0,88.96,43.05,18.95,44.25,1.41,47.78,17.2,57.14,0.6,57.66,18.11,66.66,5.56,47.54,19.16,30.9,1.72,51.7,24.2,47.05,0.0,41.98,508.0
3107,22,141,934,0.74,42.33,18.08,39.82,19.95,44.75,48.27,3.12,0.97,55.33,21.81,44.44,87.27,42.09,17.9,46.1,1.72,31.75,19.98,43.75,0.21,34.0,5.65,0.0,4.2,44.38,18.15,28.2,2.48,49.73,14.27,17.39,0.0,28.7,491.0
3108,22,142,664,1.5,43.25,18.78,49.6,18.01,43.82,40.0,1.52,0.61,50.75,32.44,50.0,86.23,42.32,18.66,44.5,2.29,34.46,17.99,73.33,0.91,50.83,18.37,16.66,7.18,47.57,16.73,29.78,1.22,56.75,15.65,25.0,0.0,32.52,332.0
3109,22,146,1111,1.08,41.49,18.0,37.6,24.05,43.02,80.0,0.45,0.18,33.0,46.66,0.0,93.81,41.32,17.76,43.16,1.0,29.18,16.75,63.63,0.18,38.0,11.31,50.0,2.36,35.84,17.95,34.61,2.0,55.72,16.8,31.81,0.0,37.01,580.0
3110,22,149,1034,0.09,41.92,20.41,31.84,15.99,44.39,69.23,1.25,0.19,44.5,62.93,50.0,91.28,42.39,20.13,43.58,2.9,30.43,19.9,46.66,0.0,0.0,0.0,0.0,2.51,45.69,24.09,53.84,1.83,40.73,21.01,47.36,0.0,42.55,469.0
3111,22,150,956,0.62,39.6,16.76,39.73,22.46,37.86,39.13,2.42,1.47,35.0,21.57,14.28,88.73,39.42,16.59,37.48,1.89,40.66,14.78,66.66,0.21,35.5,13.43,0.0,3.78,41.27,14.44,44.44,1.47,43.28,19.83,28.57,0.0,44.54,355.0
3112,22,152,1188,0.5,42.73,18.28,40.0,21.12,42.17,45.45,0.93,0.33,45.5,12.6,25.0,91.03,42.62,18.31,43.49,1.52,36.11,15.69,44.44,0.25,43.66,16.77,0.0,3.63,42.16,18.89,30.23,2.28,50.92,16.81,14.81,0.0,35.6,529.0
3113,22,154,848,0.58,42.01,16.85,49.88,21.42,43.39,33.33,1.06,0.11,27.0,0.0,0.0,94.42,42.04,16.71,43.84,1.06,34.33,10.23,88.88,0.0,0.0,0.0,0.0,2.01,40.7,14.31,17.64,1.3,43.54,28.87,36.36,0.0,48.41,450.0
3114,22,156,1002,0.79,44.42,18.11,34.28,5.08,40.21,42.85,0.7,0.3,42.33,12.09,66.66,93.56,44.32,18.3,40.64,0.6,40.33,19.89,66.66,0.3,52.66,19.65,33.33,2.51,38.68,14.06,32.0,2.01,58.95,12.05,20.0,0.0,41.64,590.0
3115,22,160,957,0.2,41.78,16.53,47.25,32.26,45.66,75.0,0.41,0.1,38.0,0.0,100.0,94.24,41.87,16.51,44.88,1.36,41.61,10.65,61.53,0.0,0.0,0.0,0.0,2.72,37.07,13.77,57.69,1.15,40.63,22.31,36.36,0.0,37.36,497.0
3116,22,163,1040,0.38,42.73,19.23,47.57,23.07,43.46,57.14,0.67,0.28,45.66,23.67,33.33,92.85,42.82,19.14,42.51,0.67,25.0,17.95,42.85,0.09,44.0,0.0,0.0,5.11,41.18,20.38,60.37,0.28,55.66,5.5,33.33,0.0,43.2,522.0
3117,22,169,800,1.12,42.83,18.63,41.06,17.71,43.0,62.5,2.02,0.37,44.66,10.69,33.33,80.65,43.02,18.71,39.49,0.63,43.2,15.27,40.0,0.75,35.33,20.42,16.66,13.9,43.09,18.54,62.72,1.64,37.07,18.56,38.46,0.0,28.31,422.0
3118,22,170,763,0.78,40.44,17.15,32.12,13.15,43.11,37.5,1.05,0.13,45.0,0.0,0.0,91.8,40.27,17.31,43.3,1.05,36.62,10.16,37.5,0.13,38.0,0.0,0.0,3.56,42.92,17.43,48.14,2.24,44.47,13.92,35.29,0.0,32.11,392.0
3119,22,171,649,1.69,42.7,17.72,40.42,18.54,43.75,71.42,1.09,0.47,31.0,4.58,0.0,92.63,42.35,17.43,43.65,0.47,47.33,24.02,66.66,0.47,38.0,12.52,33.33,3.91,43.68,16.94,52.0,0.94,51.0,20.51,50.0,0.0,37.95,360.0
3120,22,172,599,1.66,42.04,18.13,39.52,18.78,40.23,41.17,2.88,0.16,48.0,0.0,100.0,87.26,41.09,17.68,39.49,0.67,43.0,5.35,75.0,0.16,73.0,0.0,100.0,6.45,45.89,19.35,34.21,2.37,56.78,23.16,64.28,0.0,57.78,322.0
3121,22,174,850,1.29,43.54,19.43,55.59,21.72,41.17,70.37,6.43,0.23,49.5,41.71,0.0,87.48,42.64,18.84,39.91,0.47,25.75,6.23,50.0,0.0,0.0,0.0,0.0,4.05,43.94,21.91,29.41,1.31,48.36,21.07,27.27,0.0,29.22,439.0
3122,22,177,817,6.11,39.98,18.34,39.03,18.37,41.37,38.27,81.74,6.12,42.29,17.1,63.82,7.82,42.88,16.68,48.33,0.26,36.5,3.53,100.0,1.04,33.37,9.66,62.5,0.78,49.66,12.7,83.33,2.21,39.41,20.24,52.94,0.0,23.78,452.0
3123,22,178,693,6.92,39.28,16.97,38.56,16.85,43.86,39.64,69.61,6.66,38.02,15.69,53.48,18.75,39.85,16.74,52.06,0.15,46.0,0.0,100.0,1.39,32.55,9.04,77.77,1.08,45.85,14.92,28.57,2.32,44.53,19.94,46.66,0.0,25.88,347.0
3124,22,180,1034,2.99,42.25,18.09,46.05,20.13,41.1,35.18,5.38,0.59,48.66,23.78,33.33,86.54,41.73,17.68,40.78,1.79,39.77,18.01,50.0,0.29,20.66,18.87,33.33,3.29,41.21,19.0,36.36,2.09,49.76,22.16,61.9,0.0,25.18,558.0
3125,22,185,973,0.41,41.84,18.19,51.0,21.91,45.11,33.33,0.92,0.0,0.0,0.0,0.0,84.41,41.45,18.07,38.75,0.1,28.0,0.0,100.0,0.1,27.0,0.0,0.0,13.82,43.36,18.81,84.32,0.61,47.66,16.05,66.66,0.0,26.0,559.0
3126,22,186,693,0.43,42.13,20.47,36.75,25.09,44.15,37.5,1.15,0.14,86.0,0.0,0.0,82.6,41.94,20.58,38.42,0.28,28.0,8.48,0.0,0.14,27.0,0.0,0.0,15.21,44.0,18.79,79.04,0.43,16.33,14.36,0.0,0.0,27.12,363.0
3127,22,187,818,1.83,41.2,18.06,47.71,26.71,43.64,57.14,1.74,0.12,55.0,0.0,0.0,91.9,40.83,17.47,43.9,1.12,37.88,16.51,77.77,0.12,65.0,0.0,0.0,3.86,39.06,22.57,35.48,1.12,40.55,23.16,11.11,0.0,27.41,517.0
3128,22,188,900,2.77,43.45,19.4,51.11,20.73,40.44,72.22,2.05,0.34,45.0,19.97,0.0,91.42,43.08,19.25,41.12,0.22,27.0,1.41,100.0,0.22,30.5,4.94,50.0,5.02,43.22,20.84,22.72,0.68,55.33,13.99,33.33,0.0,28.17,515.0
3129,22,192,842,1.3,43.15,18.25,48.58,22.26,39.19,33.33,1.44,0.24,71.5,7.77,100.0,90.13,42.71,18.14,38.71,1.44,39.5,16.72,41.66,1.32,41.54,10.8,18.18,3.73,47.48,18.15,38.7,1.56,47.84,23.24,53.84,0.0,28.46,491.0
3130,22,189,957,1.67,40.03,17.64,43.0,18.07,40.64,53.33,1.59,0.21,63.0,14.14,0.0,86.82,39.15,17.08,42.47,1.27,40.5,17.76,58.33,0.95,35.55,24.47,22.22,6.9,47.41,18.01,24.61,2.23,39.57,24.03,19.04,0.0,32.17,516.0
3131,22,194,687,2.47,42.14,18.9,39.59,18.94,39.44,35.13,5.52,1.34,43.77,30.22,66.66,81.19,42.03,18.39,40.25,1.34,36.88,6.17,77.77,1.04,54.85,12.92,28.57,7.31,42.77,21.65,34.69,2.23,40.73,26.1,26.66,0.0,37.88,318.0
3132,22,195,783,3.06,42.49,19.14,40.0,17.22,39.84,41.17,2.23,0.52,55.25,20.48,25.0,84.98,41.81,19.04,40.0,1.58,40.08,9.75,66.66,0.79,43.83,17.78,33.33,8.82,44.25,19.68,29.85,1.05,47.75,26.53,62.5,0.0,35.6,448.0
3133,22,196,812,2.33,41.18,19.52,47.0,22.6,41.87,62.5,2.01,0.5,67.25,13.14,50.0,87.13,40.46,19.22,42.11,1.63,36.0,23.0,69.23,0.75,48.16,14.49,16.66,5.54,44.4,19.01,34.09,2.39,53.78,16.8,36.84,0.0,46.47,427.0
3134,22,197,831,2.76,44.07,20.1,51.3,22.81,42.71,70.0,1.23,0.24,36.0,16.97,100.0,87.12,42.78,19.81,42.75,1.11,41.55,12.91,44.44,0.86,54.0,12.74,71.42,7.05,49.31,18.75,28.07,2.35,60.26,22.26,26.31,0.0,45.18,483.0
3135,22,unclear,1209,3.55,42.43,15.37,50.47,16.25,46.15,63.15,1.62,0.0,0.0,0.0,0.0,89.79,41.69,15.27,45.17,1.37,36.5,14.12,75.0,0.17,54.0,21.21,100.0,5.06,42.27,11.38,32.2,1.97,54.6,12.37,65.21,,,
3136,22,202,800,2.62,42.06,17.95,41.28,29.25,42.75,50.0,1.79,1.15,60.66,22.15,66.66,86.39,41.83,17.16,42.94,1.28,26.2,19.69,70.0,0.51,49.75,10.53,25.0,6.93,42.14,17.98,35.18,1.92,41.73,22.19,20.0,0.0,38.08,423.0
3137,22,203,760,1.84,42.59,17.82,42.19,21.73,41.84,47.61,2.81,0.4,43.0,18.73,33.33,85.92,42.32,17.88,41.96,1.6,40.41,7.39,58.33,0.13,37.0,0.0,0.0,8.31,44.95,15.91,37.09,0.8,52.33,27.48,50.0,0.0,36.66,442.0
3138,22,unclear,1229,4.96,42.98,15.15,45.56,15.39,46.21,47.16,4.53,0.0,0.0,0.0,0.0,81.5,41.9,14.87,47.68,1.96,42.69,17.21,60.86,0.68,41.5,10.28,50.0,8.21,42.7,12.44,27.08,3.08,54.47,18.51,44.44,,,
3139,22,206,892,1.34,39.15,19.19,43.8,27.0,40.69,66.66,1.7,0.22,48.0,67.88,50.0,91.36,38.71,18.76,41.54,0.68,33.83,9.88,33.33,0.45,50.75,4.11,50.0,4.09,40.44,19.6,25.0,1.47,46.15,26.05,15.38,0.0,47.65,463.0
3140,22,207,856,1.16,40.3,17.3,30.62,23.19,41.93,25.0,0.94,0.35,44.33,38.39,33.33,92.9,40.32,17.13,43.63,0.94,32.37,5.55,37.5,0.35,42.33,4.72,33.33,2.6,38.09,15.59,27.27,1.89,43.0,18.83,6.25,0.0,50.74,458.0
3141,22,209,987,3.24,39.91,18.1,43.02,17.17,40.12,41.42,7.32,0.83,61.25,10.89,37.5,83.35,39.27,17.59,40.32,1.46,31.42,12.18,71.42,0.62,27.5,14.34,66.66,2.93,38.75,16.78,32.14,3.45,35.72,24.6,33.33,0.0,42.31,421.0
3142,22,210,760,2.23,39.66,19.02,39.18,21.06,41.44,44.73,5.11,0.53,50.25,35.16,0.0,86.81,39.41,18.61,41.86,0.94,29.42,7.54,71.42,0.13,48.0,0.0,0.0,4.71,42.48,19.8,31.42,1.74,43.92,28.04,53.84,0.0,46.77,418.0
3143,22,211,788,3.17,43.2,17.93,49.25,18.39,40.73,53.57,3.66,0.91,49.42,33.02,28.57,87.81,42.55,17.31,41.34,1.17,29.33,8.91,66.66,0.65,42.2,9.85,80.0,3.66,41.28,16.06,14.28,2.09,50.68,26.18,43.75,0.0,48.86,430.0
3144,22,212,797,2.88,42.1,18.63,41.69,15.86,41.02,47.22,4.65,0.51,59.0,18.7,25.0,86.69,41.3,18.16,40.08,1.42,37.27,12.1,81.81,0.25,61.5,21.92,0.0,3.35,44.42,17.77,38.46,3.1,46.7,28.19,29.16,0.0,51.25,386.0
3145,22,215,764,0.39,39.66,18.9,42.76,24.83,41.49,33.33,2.75,0.52,34.0,28.04,50.0,91.59,39.58,18.62,42.18,0.13,37.0,0.0,100.0,0.39,34.66,8.96,100.0,2.89,34.04,20.03,27.27,1.7,50.3,19.05,23.07,0.0,45.54,409.0
3146,22,217,743,1.21,42.28,18.51,55.25,12.94,40.51,50.0,0.54,0.13,36.0,0.0,100.0,92.5,41.64,18.4,41.08,1.08,47.75,18.6,75.0,0.54,54.0,16.79,25.0,2.31,43.35,18.01,23.52,2.86,49.95,21.94,19.04,0.0,52.58,413.0
3147,22,218,704,1.84,40.66,18.39,48.84,18.37,38.92,23.07,1.88,0.43,33.0,37.64,33.33,92.32,40.35,18.5,39.65,0.86,49.33,16.51,100.0,0.57,25.25,18.39,50.0,2.17,39.79,14.52,26.66,1.73,45.16,14.8,16.66,0.0,50.59,391.0
3148,22,221,505,0.39,40.38,18.5,27.33,3.05,43.56,66.66,0.59,0.19,33.0,0.0,100.0,93.04,40.38,18.43,44.44,1.39,35.14,9.52,57.14,0.19,25.0,0.0,100.0,1.39,27.71,5.87,0.0,3.18,51.25,17.76,18.75,0.0,33.63,260.0
3149,22,222,982,1.12,42.12,19.19,38.2,20.81,43.78,47.22,7.41,0.3,56.66,25.57,66.66,85.37,42.12,18.54,44.51,1.33,35.07,19.9,38.46,1.13,46.54,13.53,27.27,2.57,36.44,22.4,36.0,1.85,52.44,23.51,22.22,0.0,30.05,563.0
3150,22,223,861,1.04,40.52,18.56,41.11,16.94,41.92,47.05,1.99,0.23,18.5,26.16,50.0,89.2,40.29,18.22,42.23,1.05,27.88,16.4,77.77,0.58,50.8,11.94,0.0,4.1,39.05,20.26,34.28,2.81,51.66,23.14,37.5,0.0,32.73,483.0
3151,22,225,616,0.81,39.73,18.62,33.33,17.09,40.9,33.33,0.49,0.32,41.0,29.69,50.0,94.92,39.54,18.55,41.89,0.49,27.66,9.81,66.66,0.65,38.25,26.36,25.0,1.8,38.0,10.7,27.27,1.3,47.37,23.31,0.0,0.0,60.38,336.0
3152,22,226,885,1.69,39.29,18.79,30.23,18.08,41.24,61.53,1.49,0.45,46.25,41.23,50.0,90.34,39.02,18.46,40.96,2.18,43.31,17.67,68.42,0.22,42.5,4.94,50.0,3.67,41.43,21.16,21.87,1.6,40.0,8.37,42.85,0.0,50.39,493.0
3153,22,229,587,1.53,37.75,18.44,33.41,25.71,43.44,41.17,2.94,1.21,41.85,22.79,42.85,88.4,37.54,18.03,45.98,1.73,34.6,21.81,40.0,0.34,30.5,4.94,0.0,3.63,36.66,18.76,14.28,1.73,44.1,13.82,10.0,0.0,59.15,284.0
3154,22,231,861,1.39,41.79,19.65,44.91,21.76,40.18,34.28,4.12,0.11,44.0,0.0,0.0,88.22,41.81,19.55,40.18,2.12,31.33,17.18,55.55,0.11,58.0,0.0,0.0,4.24,43.19,19.74,41.66,1.06,38.77,14.68,33.33,0.0,30.05,497.0
3155,22,232,806,1.61,42.88,19.35,40.28,13.39,40.69,50.0,3.53,0.25,30.5,6.36,100.0,89.78,43.12,19.45,40.58,1.26,37.2,20.3,70.0,0.5,40.0,28.28,50.0,3.65,34.17,17.7,24.13,1.0,64.75,17.92,12.5,0.0,31.63,491.0
3156,22,236,503,2.98,41.38,18.11,40.41,17.45,44.93,41.77,62.29,3.89,40.15,18.11,63.15,29.91,42.81,19.23,49.31,0.81,37.5,12.55,25.0,1.22,39.5,8.33,16.66,1.02,48.4,21.14,60.0,0.81,63.25,16.76,25.0,0.0,50.49,224.0
3157,22,237,602,2.82,39.4,19.39,46.22,23.6,39.2,40.9,3.76,1.02,37.5,23.66,50.0,87.35,38.74,18.85,40.5,1.88,39.9,18.81,36.36,0.34,39.0,7.07,50.0,3.07,44.66,20.13,16.66,2.56,38.53,26.59,40.0,0.0,60.49,317.0
3158,22,1,0,0.0,0.0,0.0,0.0,0.0,0.0,0.0,0.0,0.0,0.0,0.0,0.0,0.0,0.0,0.0,0.0,0.0,0.0,0.0,0.0,0.0,0.0,0.0,0.0,0.0,0.0,0.0,0.0,0.0,0.0,0.0,0.0,0.0,0.0,0.0
3159,22,2,677,2.06,42.41,18.17,53.0,12.6,43.87,61.53,1.96,0.3,34.5,16.26,50.0,89.74,41.84,18.08,43.36,1.05,22.85,17.75,71.42,0.15,25.0,0.0,0.0,4.97,44.03,16.12,36.36,1.8,61.16,19.02,33.33,0.0,0.0,391.0
3160,22,3,668,2.84,39.9,19.08,45.62,11.93,40.11,37.5,1.23,0.92,43.33,12.43,83.33,87.98,39.08,18.45,38.7,2.46,39.43,17.0,81.25,0.3,28.0,11.31,0.0,5.08,45.27,26.52,33.33,2.0,42.69,22.18,38.46,0.0,0.0,328.0
3161,22,8,643,1.55,39.95,19.4,35.22,27.09,46.96,44.44,1.42,0.15,94.0,0.0,100.0,91.46,39.57,19.15,46.63,1.89,39.91,12.85,75.0,0.15,47.0,0.0,0.0,3.47,40.54,19.98,36.36,1.42,38.44,17.37,55.55,0.0,0.0,365.0
3162,22,10,1036,1.35,38.94,16.7,46.54,19.26,44.69,71.57,9.29,0.48,38.6,7.7,60.0,83.26,38.15,16.4,41.95,1.27,35.07,17.21,46.15,0.19,33.5,7.77,50.0,3.52,33.94,12.21,27.77,1.95,44.9,16.66,40.0,0.0,0.0,502.0
3163,22,12,0,0.0,0.0,0.0,0.0,0.0,0.0,0.0,0.0,0.0,0.0,0.0,0.0,0.0,0.0,0.0,0.0,0.0,0.0,0.0,0.0,0.0,0.0,0.0,0.0,0.0,0.0,0.0,0.0,0.0,0.0,0.0,0.0,0.0,0.0,0.0
3164,22,13,0,0.0,0.0,0.0,0.0,0.0,0.0,0.0,0.0,0.0,0.0,0.0,0.0,0.0,0.0,0.0,0.0,0.0,0.0,0.0,0.0,0.0,0.0,0.0,0.0,0.0,0.0,0.0,0.0,0.0,0.0,0.0,0.0,0.0,0.0,0.0
3165,22,15,0,0.0,0.0,0.0,0.0,0.0,0.0,0.0,0.0,0.0,0.0,0.0,0.0,0.0,0.0,0.0,0.0,0.0,0.0,0.0,0.0,0.0,0.0,0.0,0.0,0.0,0.0,0.0,0.0,0.0,0.0,0.0,0.0,0.0,0.0,0.0
3166,22,16,0,0.0,0.0,0.0,0.0,0.0,0.0,0.0,0.0,0.0,0.0,0.0,0.0,0.0,0.0,0.0,0.0,0.0,0.0,0.0,0.0,0.0,0.0,0.0,0.0,0.0,0.0,0.0,0.0,0.0,0.0,0.0,0.0,0.0,0.0,0.0
3167,22,20,714,2.24,40.26,17.36,42.5,24.06,41.59,66.66,2.57,1.14,43.5,23.85,50.0,85.24,39.3,16.87,43.02,2.86,43.25,12.58,40.0,0.71,48.4,10.31,20.0,5.01,43.48,18.03,17.14,2.43,47.82,16.52,35.29,0.0,0.0,360.0
3168,22,24,0,0.0,0.0,0.0,0.0,0.0,0.0,0.0,0.0,0.0,0.0,0.0,0.0,0.0,0.0,0.0,0.0,0.0,0.0,0.0,0.0,0.0,0.0,0.0,0.0,0.0,0.0,0.0,0.0,0.0,0.0,0.0,0.0,0.0,0.0,0.0
3169,22,25,0,0.0,0.0,0.0,0.0,0.0,0.0,0.0,0.0,0.0,0.0,0.0,0.0,0.0,0.0,0.0,0.0,0.0,0.0,0.0,0.0,0.0,0.0,0.0,0.0,0.0,0.0,0.0,0.0,0.0,0.0,0.0,0.0,0.0,0.0,0.0
3170,22,26,0,0.0,0.0,0.0,0.0,0.0,0.0,0.0,0.0,0.0,0.0,0.0,0.0,0.0,0.0,0.0,0.0,0.0,0.0,0.0,0.0,0.0,0.0,0.0,0.0,0.0,0.0,0.0,0.0,0.0,0.0,0.0,0.0,0.0,0.0,0.0
3171,22,32,753,0.92,44.12,19.45,46.03,20.09,41.43,62.96,3.61,0.53,37.0,12.19,25.0,89.14,44.25,19.37,40.75,1.34,27.0,15.92,60.0,0.26,36.0,22.62,50.0,3.61,50.88,15.51,29.62,1.47,43.45,23.88,36.36,0.0,0.0,415.0
3172,22,35,0,0.0,0.0,0.0,0.0,0.0,0.0,0.0,0.0,0.0,0.0,0.0,0.0,0.0,0.0,0.0,0.0,0.0,0.0,0.0,0.0,0.0,0.0,0.0,0.0,0.0,0.0,0.0,0.0,0.0,0.0,0.0,0.0,0.0,0.0,0.0
3173,22,36,0,0.0,0.0,0.0,0.0,0.0,0.0,0.0,0.0,0.0,0.0,0.0,0.0,0.0,0.0,0.0,0.0,0.0,0.0,0.0,0.0,0.0,0.0,0.0,0.0,0.0,0.0,0.0,0.0,0.0,0.0,0.0,0.0,0.0,0.0,0.0
3174,22,37,0,0.0,0.0,0.0,0.0,0.0,0.0,0.0,0.0,0.0,0.0,0.0,0.0,0.0,0.0,0.0,0.0,0.0,0.0,0.0,0.0,0.0,0.0,0.0,0.0,0.0,0.0,0.0,0.0,0.0,0.0,0.0,0.0,0.0,0.0,0.0
3175,22,38,0,0.0,0.0,0.0,0.0,0.0,0.0,0.0,0.0,0.0,0.0,0.0,0.0,0.0,0.0,0.0,0.0,0.0,0.0,0.0,0.0,0.0,0.0,0.0,0.0,0.0,0.0,0.0,0.0,0.0,0.0,0.0,0.0,0.0,0.0,0.0
3176,22,39,1380,0.14,38.47,16.63,34.4,16.91,44.27,51.85,1.95,0.36,47.2,11.43,20.0,89.47,38.55,16.45,42.66,0.94,34.38,11.67,69.23,0.36,37.4,19.34,0.0,5.58,37.5,19.39,75.32,1.3,42.77,19.55,11.11,0.0,0.0,352.0
3177,22,41,1176,0.34,38.13,16.95,38.36,19.53,43.62,42.1,3.24,0.25,27.66,24.0,33.33,89.33,38.05,17.04,42.02,1.1,34.0,7.61,61.53,0.17,47.5,3.53,0.0,4.77,41.57,15.02,73.21,1.1,36.84,14.47,46.15,0.0,0.0,253.0
3178,22,42,1243,0.48,40.89,17.65,40.82,20.4,42.15,36.98,5.9,0.32,40.75,13.59,0.0,87.79,41.01,17.66,41.98,0.72,33.11,15.79,55.55,0.16,37.5,2.12,50.0,4.04,38.97,13.86,54.0,1.05,46.0,20.85,30.76,0.0,0.0,499.0
3179,22,43,0,0.0,0.0,0.0,0.0,0.0,0.0,0.0,0.0,0.0,0.0,0.0,0.0,0.0,0.0,0.0,0.0,0.0,0.0,0.0,0.0,0.0,0.0,0.0,0.0,0.0,0.0,0.0,0.0,0.0,0.0,0.0,0.0,0.0,0.0,0.0
3180,22,44,516,4.26,40.87,18.3,45.07,22.03,42.82,61.53,2.63,0.2,70.0,0.0,100.0,88.66,40.05,18.29,42.23,1.01,28.8,16.3,60.0,0.8,39.5,2.51,50.0,4.25,42.47,18.94,38.09,2.42,53.41,11.79,25.0,0.0,0.0,280.0
3181,22,45,0,0.0,0.0,0.0,0.0,0.0,0.0,0.0,0.0,0.0,0.0,0.0,0.0,0.0,0.0,0.0,0.0,0.0,0.0,0.0,0.0,0.0,0.0,0.0,0.0,0.0,0.0,0.0,0.0,0.0,0.0,0.0,0.0,0.0,0.0,0.0
3182,22,47,1027,3.01,39.47,16.74,39.95,17.31,42.84,39.13,4.61,1.0,38.6,24.06,50.0,83.93,39.23,16.4,43.54,1.1,30.63,8.58,54.54,0.4,23.75,15.88,0.0,6.42,42.18,17.26,32.81,2.51,46.88,22.75,48.0,0.0,0.0,503.0
3183,22,48,872,2.4,39.59,17.47,43.9,19.31,42.43,39.28,9.87,0.58,54.0,16.17,60.0,80.37,38.49,16.72,42.69,1.17,40.0,9.51,60.0,0.35,32.33,29.56,66.66,4.58,43.76,21.34,41.02,2.93,40.44,16.61,32.0,0.0,0.0,414.0
3184,22,49,0,0.0,0.0,0.0,0.0,0.0,0.0,0.0,0.0,0.0,0.0,0.0,0.0,0.0,0.0,0.0,0.0,0.0,0.0,0.0,0.0,0.0,0.0,0.0,0.0,0.0,0.0,0.0,0.0,0.0,0.0,0.0,0.0,0.0,0.0,0.0
3185,22,50,764,2.61,42.85,18.92,45.95,21.55,44.63,50.0,3.22,0.94,44.14,25.37,71.42,86.29,42.49,18.33,43.76,1.34,50.7,18.26,80.0,0.53,47.75,9.17,50.0,5.37,40.75,19.07,40.0,2.28,42.29,24.81,47.05,0.0,0.0,348.0
3186,22,53,0,0.0,0.0,0.0,0.0,0.0,0.0,0.0,0.0,0.0,0.0,0.0,0.0,0.0,0.0,0.0,0.0,0.0,0.0,0.0,0.0,0.0,0.0,0.0,0.0,0.0,0.0,0.0,0.0,0.0,0.0,0.0,0.0,0.0,0.0,0.0
3187,22,55,0,0.0,0.0,0.0,0.0,0.0,0.0,0.0,0.0,0.0,0.0,0.0,0.0,0.0,0.0,0.0,0.0,0.0,0.0,0.0,0.0,0.0,0.0,0.0,0.0,0.0,0.0,0.0,0.0,0.0,0.0,0.0,0.0,0.0,0.0,0.0
3188,22,61,0,0.0,0.0,0.0,0.0,0.0,0.0,0.0,0.0,0.0,0.0,0.0,0.0,0.0,0.0,0.0,0.0,0.0,0.0,0.0,0.0,0.0,0.0,0.0,0.0,0.0,0.0,0.0,0.0,0.0,0.0,0.0,0.0,0.0,0.0,0.0
3189,22,62,0,0.0,0.0,0.0,0.0,0.0,0.0,0.0,0.0,0.0,0.0,0.0,0.0,0.0,0.0,0.0,0.0,0.0,0.0,0.0,0.0,0.0,0.0,0.0,0.0,0.0,0.0,0.0,0.0,0.0,0.0,0.0,0.0,0.0,0.0,0.0
3190,22,63,0,0.0,0.0,0.0,0.0,0.0,0.0,0.0,0.0,0.0,0.0,0.0,0.0,0.0,0.0,0.0,0.0,0.0,0.0,0.0,0.0,0.0,0.0,0.0,0.0,0.0,0.0,0.0,0.0,0.0,0.0,0.0,0.0,0.0,0.0,0.0
3191,22,64,915,0.87,40.45,18.2,31.13,17.66,41.2,47.82,2.53,0.44,71.5,16.42,50.0,88.75,40.19,17.99,42.73,1.76,32.68,17.44,56.25,0.55,40.2,8.49,0.0,4.52,46.85,17.39,19.51,1.43,40.53,17.72,15.38,0.0,0.0,521.0
3192,22,65,0,0.0,0.0,0.0,0.0,0.0,0.0,0.0,0.0,0.0,0.0,0.0,0.0,0.0,0.0,0.0,0.0,0.0,0.0,0.0,0.0,0.0,0.0,0.0,0.0,0.0,0.0,0.0,0.0,0.0,0.0,0.0,0.0,0.0,0.0,0.0
3193,22,66,0,0.0,0.0,0.0,0.0,0.0,0.0,0.0,0.0,0.0,0.0,0.0,0.0,0.0,0.0,0.0,0.0,0.0,0.0,0.0,0.0,0.0,0.0,0.0,0.0,0.0,0.0,0.0,0.0,0.0,0.0,0.0,0.0,0.0,0.0,0.0
3194,22,70,860,0.58,40.61,17.3,45.37,19.35,41.39,25.0,0.93,0.11,27.0,0.0,0.0,90.87,40.61,17.24,40.66,2.1,34.55,17.2,55.55,0.0,0.0,0.0,0.0,5.02,41.34,19.15,53.48,0.93,41.0,12.25,25.0,0.0,0.0,464.0
3195,22,73,944,2.22,40.19,18.25,40.88,21.44,40.88,41.66,3.9,0.32,62.0,22.11,66.66,86.99,39.87,17.79,40.59,1.08,31.8,13.18,80.0,0.32,35.66,9.07,33.33,5.41,38.08,18.59,24.0,1.95,53.22,16.66,72.22,0.0,0.0,469.0
3196,22,75,893,4.14,43.18,16.79,51.64,20.51,40.53,42.85,1.63,0.58,48.0,12.32,40.0,88.08,42.7,16.56,40.18,2.21,38.52,8.25,57.89,0.93,43.37,17.15,50.0,5.14,43.43,16.15,29.54,1.4,52.91,24.1,58.33,0.0,0.0,489.0
3197,22,76,952,3.67,41.64,18.28,40.41,20.97,43.38,69.44,3.92,0.54,37.4,16.9,0.0,89.2,41.05,17.94,42.66,1.09,36.4,13.08,70.0,0.1,27.0,0.0,0.0,4.03,44.7,18.58,27.02,1.09,52.7,16.47,50.0,0.0,0.0,477.0
3198,22,81,1132,0.79,41.2,17.37,46.3,17.1,41.96,80.0,0.89,0.53,35.16,10.98,50.0,90.82,40.72,17.18,42.15,1.33,37.2,10.5,60.0,1.06,48.33,14.98,41.66,3.47,46.87,21.21,30.76,1.86,50.38,19.34,19.04,0.0,0.0,653.0
3199,22,82,911,3.18,39.27,16.88,50.94,12.33,38.96,52.63,2.15,0.34,39.0,12.28,0.0,87.52,38.4,16.82,38.73,1.24,43.63,10.19,72.72,0.79,41.28,9.77,28.57,4.53,35.85,15.38,35.0,3.4,50.36,15.41,40.0,0.0,0.0,470.0
3200,22,84,0,0.0,0.0,0.0,0.0,0.0,0.0,0.0,0.0,0.0,0.0,0.0,0.0,0.0,0.0,0.0,0.0,0.0,0.0,0.0,0.0,0.0,0.0,0.0,0.0,0.0,0.0,0.0,0.0,0.0,0.0,0.0,0.0,0.0,0.0,0.0
3201,22,85,0,0.0,0.0,0.0,0.0,0.0,0.0,0.0,0.0,0.0,0.0,0.0,0.0,0.0,0.0,0.0,0.0,0.0,0.0,0.0,0.0,0.0,0.0,0.0,0.0,0.0,0.0,0.0,0.0,0.0,0.0,0.0,0.0,0.0,0.0,0.0
3202,22,88,0,0.0,0.0,0.0,0.0,0.0,0.0,0.0,0.0,0.0,0.0,0.0,0.0,0.0,0.0,0.0,0.0,0.0,0.0,0.0,0.0,0.0,0.0,0.0,0.0,0.0,0.0,0.0,0.0,0.0,0.0,0.0,0.0,0.0,0.0,0.0
3203,22,90,0,0.0,0.0,0.0,0.0,0.0,0.0,0.0,0.0,0.0,0.0,0.0,0.0,0.0,0.0,0.0,0.0,0.0,0.0,0.0,0.0,0.0,0.0,0.0,0.0,0.0,0.0,0.0,0.0,0.0,0.0,0.0,0.0,0.0,0.0,0.0
3204,22,95,0,0.0,0.0,0.0,0.0,0.0,0.0,0.0,0.0,0.0,0.0,0.0,0.0,0.0,0.0,0.0,0.0,0.0,0.0,0.0,0.0,0.0,0.0,0.0,0.0,0.0,0.0,0.0,0.0,0.0,0.0,0.0,0.0,0.0,0.0,0.0
3205,22,96,416,0.24,41.49,18.01,35.33,11.06,45.67,33.33,0.72,0.0,0.0,0.0,0.0,93.25,41.72,18.03,46.77,1.2,35.4,22.66,40.0,0.0,0.0,0.0,0.0,3.13,39.0,15.9,30.76,1.68,40.85,23.71,14.28,0.0,0.0,192.0
3206,22,97,871,0.91,41.52,18.46,36.85,19.92,42.36,51.85,3.12,0.46,44.75,20.51,100.0,88.87,41.45,18.48,41.85,1.15,39.1,22.1,70.0,0.23,55.5,2.12,0.0,4.4,41.13,15.51,36.84,1.73,49.4,21.06,53.33,0.0,0.0,443.0
3207,22,98,882,1.13,42.61,18.79,41.0,26.18,42.85,41.17,1.94,0.45,43.0,18.63,25.0,90.25,42.62,18.72,43.83,1.26,42.18,13.6,63.63,0.34,35.66,10.26,66.66,4.01,38.2,15.12,31.42,1.72,55.6,24.21,13.33,0.0,0.0,496.0
3208,22,100,0,0.0,0.0,0.0,0.0,0.0,0.0,0.0,0.0,0.0,0.0,0.0,0.0,0.0,0.0,0.0,0.0,0.0,0.0,0.0,0.0,0.0,0.0,0.0,0.0,0.0,0.0,0.0,0.0,0.0,0.0,0.0,0.0,0.0,0.0,0.0
3209,22,101,923,1.62,41.26,18.23,40.33,20.96,43.44,38.46,4.29,0.99,56.66,11.44,11.11,84.47,41.04,18.46,43.8,1.1,29.5,12.96,90.0,0.88,38.37,10.55,62.5,6.27,42.36,15.15,35.08,1.98,46.61,17.6,44.44,0.0,0.0,498.0
3210,22,102,937,1.92,42.82,18.85,42.2,18.02,41.08,42.85,8.37,0.54,46.4,23.76,40.0,82.37,42.58,18.72,41.47,0.97,35.88,25.99,44.44,0.43,40.75,8.99,50.0,5.44,43.02,20.19,36.0,1.84,50.7,16.46,17.64,0.0,0.0,497.0
3211,22,104,0,0.0,0.0,0.0,0.0,0.0,0.0,0.0,0.0,0.0,0.0,0.0,0.0,0.0,0.0,0.0,0.0,0.0,0.0,0.0,0.0,0.0,0.0,0.0,0.0,0.0,0.0,0.0,0.0,0.0,0.0,0.0,0.0,0.0,0.0,0.0
3212,22,105,0,0.0,0.0,0.0,0.0,0.0,0.0,0.0,0.0,0.0,0.0,0.0,0.0,0.0,0.0,0.0,0.0,0.0,0.0,0.0,0.0,0.0,0.0,0.0,0.0,0.0,0.0,0.0,0.0,0.0,0.0,0.0,0.0,0.0,0.0,0.0
3213,22,106,0,0.0,0.0,0.0,0.0,0.0,0.0,0.0,0.0,0.0,0.0,0.0,0.0,0.0,0.0,0.0,0.0,0.0,0.0,0.0,0.0,0.0,0.0,0.0,0.0,0.0,0.0,0.0,0.0,0.0,0.0,0.0,0.0,0.0,0.0,0.0
3214,22,108,904,3.2,44.3,18.1,48.82,20.01,42.8,64.7,1.94,0.91,69.0,15.81,50.0,86.05,43.04,17.83,42.36,2.4,46.09,12.16,57.14,0.45,45.0,9.41,50.0,6.51,47.47,16.68,33.33,1.71,54.06,20.3,66.66,0.0,0.0,546.0
3215,22,111,0,0.0,0.0,0.0,0.0,0.0,0.0,0.0,0.0,0.0,0.0,0.0,0.0,0.0,0.0,0.0,0.0,0.0,0.0,0.0,0.0,0.0,0.0,0.0,0.0,0.0,0.0,0.0,0.0,0.0,0.0,0.0,0.0,0.0,0.0,0.0
3216,22,112,991,6.05,41.67,18.46,43.08,23.08,42.68,50.0,2.57,0.64,43.83,27.16,83.33,85.6,40.59,17.76,44.04,2.04,44.36,14.75,63.15,1.28,40.16,20.34,33.33,5.15,46.75,20.74,31.25,2.68,43.16,18.65,32.0,0.0,0.0,557.0
3217,22,113,0,0.0,0.0,0.0,0.0,0.0,0.0,0.0,0.0,0.0,0.0,0.0,0.0,0.0,0.0,0.0,0.0,0.0,0.0,0.0,0.0,0.0,0.0,0.0,0.0,0.0,0.0,0.0,0.0,0.0,0.0,0.0,0.0,0.0,0.0,0.0
3218,22,114,0,0.0,0.0,0.0,0.0,0.0,0.0,0.0,0.0,0.0,0.0,0.0,0.0,0.0,0.0,0.0,0.0,0.0,0.0,0.0,0.0,0.0,0.0,0.0,0.0,0.0,0.0,0.0,0.0,0.0,0.0,0.0,0.0,0.0,0.0,0.0
3219,22,117,0,0.0,0.0,0.0,0.0,0.0,0.0,0.0,0.0,0.0,0.0,0.0,0.0,0.0,0.0,0.0,0.0,0.0,0.0,0.0,0.0,0.0,0.0,0.0,0.0,0.0,0.0,0.0,0.0,0.0,0.0,0.0,0.0,0.0,0.0,0.0
3220,22,121,0,0.0,0.0,0.0,0.0,0.0,0.0,0.0,0.0,0.0,0.0,0.0,0.0,0.0,0.0,0.0,0.0,0.0,0.0,0.0,0.0,0.0,0.0,0.0,0.0,0.0,0.0,0.0,0.0,0.0,0.0,0.0,0.0,0.0,0.0,0.0
3221,22,125,866,0.8,44.53,19.47,48.92,25.16,44.11,53.84,1.51,0.69,48.33,26.43,50.0,88.94,44.14,19.27,45.02,1.97,34.7,23.33,41.17,0.23,81.0,21.21,50.0,4.3,47.51,15.8,21.62,2.32,51.2,18.25,45.0,0.0,0.0,496.0
3222,22,126,0,0.0,0.0,0.0,0.0,0.0,0.0,0.0,0.0,0.0,0.0,0.0,0.0,0.0,0.0,0.0,0.0,0.0,0.0,0.0,0.0,0.0,0.0,0.0,0.0,0.0,0.0,0.0,0.0,0.0,0.0,0.0,0.0,0.0,0.0,0.0
3223,22,128,0,0.0,0.0,0.0,0.0,0.0,0.0,0.0,0.0,0.0,0.0,0.0,0.0,0.0,0.0,0.0,0.0,0.0,0.0,0.0,0.0,0.0,0.0,0.0,0.0,0.0,0.0,0.0,0.0,0.0,0.0,0.0,0.0,0.0,0.0,0.0
3224,22,129,746,2.81,41.78,18.29,42.11,21.49,41.82,41.17,2.34,0.55,49.25,34.2,25.0,85.93,41.04,18.01,42.21,1.79,42.84,18.09,61.53,0.82,54.83,13.13,33.33,5.51,44.85,19.46,30.0,3.03,40.95,21.84,31.81,0.0,0.0,384.0
3225,22,130,0,0.0,0.0,0.0,0.0,0.0,0.0,0.0,0.0,0.0,0.0,0.0,0.0,0.0,0.0,0.0,0.0,0.0,0.0,0.0,0.0,0.0,0.0,0.0,0.0,0.0,0.0,0.0,0.0,0.0,0.0,0.0,0.0,0.0,0.0,0.0
3226,22,132,0,0.0,0.0,0.0,0.0,0.0,0.0,0.0,0.0,0.0,0.0,0.0,0.0,0.0,0.0,0.0,0.0,0.0,0.0,0.0,0.0,0.0,0.0,0.0,0.0,0.0,0.0,0.0,0.0,0.0,0.0,0.0,0.0,0.0,0.0,0.0
3227,22,136,0,0.0,0.0,0.0,0.0,0.0,0.0,0.0,0.0,0.0,0.0,0.0,0.0,0.0,0.0,0.0,0.0,0.0,0.0,0.0,0.0,0.0,0.0,0.0,0.0,0.0,0.0,0.0,0.0,0.0,0.0,0.0,0.0,0.0,0.0,0.0
3228,22,140,862,2.9,41.89,17.93,41.07,20.9,46.17,64.28,1.67,0.35,32.0,32.0,0.0,89.0,41.51,17.78,45.63,1.67,39.78,8.22,78.57,0.71,43.16,14.06,33.33,3.82,39.4,17.71,46.87,2.74,49.04,18.87,39.13,0.0,0.0,439.0
3229,22,144,0,0.0,0.0,0.0,0.0,0.0,0.0,0.0,0.0,0.0,0.0,0.0,0.0,0.0,0.0,0.0,0.0,0.0,0.0,0.0,0.0,0.0,0.0,0.0,0.0,0.0,0.0,0.0,0.0,0.0,0.0,0.0,0.0,0.0,0.0,0.0
3230,22,145,0,0.0,0.0,0.0,0.0,0.0,0.0,0.0,0.0,0.0,0.0,0.0,0.0,0.0,0.0,0.0,0.0,0.0,0.0,0.0,0.0,0.0,0.0,0.0,0.0,0.0,0.0,0.0,0.0,0.0,0.0,0.0,0.0,0.0,0.0,0.0
3231,22,147,759,0.65,39.84,17.0,43.8,13.54,42.16,53.33,1.98,0.26,39.0,9.89,50.0,90.71,39.66,17.18,43.27,1.06,35.62,6.27,87.5,0.53,41.25,18.92,25.0,4.11,38.48,17.33,19.35,1.32,47.0,12.23,0.0,0.0,0.0,342.0
3232,22,148,0,0.0,0.0,0.0,0.0,0.0,0.0,0.0,0.0,0.0,0.0,0.0,0.0,0.0,0.0,0.0,0.0,0.0,0.0,0.0,0.0,0.0,0.0,0.0,0.0,0.0,0.0,0.0,0.0,0.0,0.0,0.0,0.0,0.0,0.0,0.0
3233,22,151,0,0.0,0.0,0.0,0.0,0.0,0.0,0.0,0.0,0.0,0.0,0.0,0.0,0.0,0.0,0.0,0.0,0.0,0.0,0.0,0.0,0.0,0.0,0.0,0.0,0.0,0.0,0.0,0.0,0.0,0.0,0.0,0.0,0.0,0.0,0.0
3234,22,153,0,0.0,0.0,0.0,0.0,0.0,0.0,0.0,0.0,0.0,0.0,0.0,0.0,0.0,0.0,0.0,0.0,0.0,0.0,0.0,0.0,0.0,0.0,0.0,0.0,0.0,0.0,0.0,0.0,0.0,0.0,0.0,0.0,0.0,0.0,0.0
3235,22,155,884,0.45,41.9,18.45,44.62,11.56,43.43,75.0,0.9,0.0,0.0,0.0,0.0,92.38,41.83,18.36,42.43,0.68,43.16,14.78,66.66,0.22,46.0,14.14,50.0,4.31,44.55,17.56,52.63,1.47,39.07,26.11,46.15,0.0,0.0,477.0
3236,22,157,0,0.0,0.0,0.0,0.0,0.0,0.0,0.0,0.0,0.0,0.0,0.0,0.0,0.0,0.0,0.0,0.0,0.0,0.0,0.0,0.0,0.0,0.0,0.0,0.0,0.0,0.0,0.0,0.0,0.0,0.0,0.0,0.0,0.0,0.0,0.0
3237,22,158,0,0.0,0.0,0.0,0.0,0.0,0.0,0.0,0.0,0.0,0.0,0.0,0.0,0.0,0.0,0.0,0.0,0.0,0.0,0.0,0.0,0.0,0.0,0.0,0.0,0.0,0.0,0.0,0.0,0.0,0.0,0.0,0.0,0.0,0.0,0.0
3238,22,159,1065,0.37,40.04,17.29,50.7,16.74,42.62,20.0,0.94,0.18,36.5,2.12,50.0,94.72,39.76,17.19,42.88,1.03,37.54,9.21,54.54,0.0,0.0,0.0,0.0,1.88,38.85,14.55,40.0,1.22,51.76,25.5,38.46,0.0,0.0,439.0
3239,22,161,0,0.0,0.0,0.0,0.0,0.0,0.0,0.0,0.0,0.0,0.0,0.0,0.0,0.0,0.0,0.0,0.0,0.0,0.0,0.0,0.0,0.0,0.0,0.0,0.0,0.0,0.0,0.0,0.0,0.0,0.0,0.0,0.0,0.0,0.0,0.0
3240,22,162,0,0.0,0.0,0.0,0.0,0.0,0.0,0.0,0.0,0.0,0.0,0.0,0.0,0.0,0.0,0.0,0.0,0.0,0.0,0.0,0.0,0.0,0.0,0.0,0.0,0.0,0.0,0.0,0.0,0.0,0.0,0.0,0.0,0.0,0.0,0.0
3241,22,164,0,0.0,0.0,0.0,0.0,0.0,0.0,0.0,0.0,0.0,0.0,0.0,0.0,0.0,0.0,0.0,0.0,0.0,0.0,0.0,0.0,0.0,0.0,0.0,0.0,0.0,0.0,0.0,0.0,0.0,0.0,0.0,0.0,0.0,0.0,0.0
3242,22,165,0,0.0,0.0,0.0,0.0,0.0,0.0,0.0,0.0,0.0,0.0,0.0,0.0,0.0,0.0,0.0,0.0,0.0,0.0,0.0,0.0,0.0,0.0,0.0,0.0,0.0,0.0,0.0,0.0,0.0,0.0,0.0,0.0,0.0,0.0,0.0
3243,22,166,0,0.0,0.0,0.0,0.0,0.0,0.0,0.0,0.0,0.0,0.0,0.0,0.0,0.0,0.0,0.0,0.0,0.0,0.0,0.0,0.0,0.0,0.0,0.0,0.0,0.0,0.0,0.0,0.0,0.0,0.0,0.0,0.0,0.0,0.0,0.0
3244,22,167,996,0.7,41.56,18.47,43.23,25.46,41.26,69.23,1.31,0.7,38.71,16.59,42.85,92.61,41.49,18.23,40.93,1.01,35.4,25.86,50.0,0.3,53.66,13.86,0.0,2.62,39.42,17.36,38.46,1.41,50.42,22.23,42.85,0.0,0.0,393.0
3245,22,168,0,0.0,0.0,0.0,0.0,0.0,0.0,0.0,0.0,0.0,0.0,0.0,0.0,0.0,0.0,0.0,0.0,0.0,0.0,0.0,0.0,0.0,0.0,0.0,0.0,0.0,0.0,0.0,0.0,0.0,0.0,0.0,0.0,0.0,0.0,0.0
3246,22,173,0,0.0,0.0,0.0,0.0,0.0,0.0,0.0,0.0,0.0,0.0,0.0,0.0,0.0,0.0,0.0,0.0,0.0,0.0,0.0,0.0,0.0,0.0,0.0,0.0,0.0,0.0,0.0,0.0,0.0,0.0,0.0,0.0,0.0,0.0,0.0
3247,22,175,0,0.0,0.0,0.0,0.0,0.0,0.0,0.0,0.0,0.0,0.0,0.0,0.0,0.0,0.0,0.0,0.0,0.0,0.0,0.0,0.0,0.0,0.0,0.0,0.0,0.0,0.0,0.0,0.0,0.0,0.0,0.0,0.0,0.0,0.0,0.0
3248,22,176,0,0.0,0.0,0.0,0.0,0.0,0.0,0.0,0.0,0.0,0.0,0.0,0.0,0.0,0.0,0.0,0.0,0.0,0.0,0.0,0.0,0.0,0.0,0.0,0.0,0.0,0.0,0.0,0.0,0.0,0.0,0.0,0.0,0.0,0.0,0.0
3249,22,179,941,1.59,38.69,17.64,38.6,16.24,41.23,48.48,3.56,0.43,46.0,10.92,75.0,86.06,38.33,17.51,40.9,0.75,39.28,12.61,71.42,0.43,46.0,15.12,75.0,6.58,40.03,20.78,40.98,2.15,40.85,20.51,30.0,0.0,0.0,453.0
3250,22,181,0,0.0,0.0,0.0,0.0,0.0,0.0,0.0,0.0,0.0,0.0,0.0,0.0,0.0,0.0,0.0,0.0,0.0,0.0,0.0,0.0,0.0,0.0,0.0,0.0,0.0,0.0,0.0,0.0,0.0,0.0,0.0,0.0,0.0,0.0,0.0
3251,22,183,949,1.89,42.7,19.86,44.82,20.54,42.36,51.72,3.11,0.32,43.0,3.6,33.33,88.18,42.04,19.68,41.29,1.18,39.63,17.04,72.72,0.53,47.0,17.2,20.0,4.4,48.58,21.43,48.78,2.25,42.52,24.75,38.09,0.0,0.0,453.0
3252,22,184,822,3.28,40.24,18.24,36.08,16.63,40.14,40.17,14.08,1.63,44.0,14.75,38.46,75.34,40.92,18.57,39.06,2.01,31.81,14.78,68.75,0.75,38.33,20.01,33.33,4.52,42.38,16.9,50.0,1.63,42.61,16.88,30.76,0.0,0.0,387.0
3253,22,190,0,0.0,0.0,0.0,0.0,0.0,0.0,0.0,0.0,0.0,0.0,0.0,0.0,0.0,0.0,0.0,0.0,0.0,0.0,0.0,0.0,0.0,0.0,0.0,0.0,0.0,0.0,0.0,0.0,0.0,0.0,0.0,0.0,0.0,0.0,0.0
3254,22,191,0,0.0,0.0,0.0,0.0,0.0,0.0,0.0,0.0,0.0,0.0,0.0,0.0,0.0,0.0,0.0,0.0,0.0,0.0,0.0,0.0,0.0,0.0,0.0,0.0,0.0,0.0,0.0,0.0,0.0,0.0,0.0,0.0,0.0,0.0,0.0
3255,22,193,0,0.0,0.0,0.0,0.0,0.0,0.0,0.0,0.0,0.0,0.0,0.0,0.0,0.0,0.0,0.0,0.0,0.0,0.0,0.0,0.0,0.0,0.0,0.0,0.0,0.0,0.0,0.0,0.0,0.0,0.0,0.0,0.0,0.0,0.0,0.0
3256,22,198,643,1.86,42.84,18.48,33.29,19.2,39.96,30.0,1.58,0.63,37.0,10.55,75.0,87.95,42.72,18.26,40.72,1.1,32.42,4.89,71.42,0.63,44.0,29.88,25.0,6.97,45.22,18.7,22.72,1.1,31.14,23.21,42.85,0.0,0.0,347.0
3257,22,199,0,0.0,0.0,0.0,0.0,0.0,0.0,0.0,0.0,0.0,0.0,0.0,0.0,0.0,0.0,0.0,0.0,0.0,0.0,0.0,0.0,0.0,0.0,0.0,0.0,0.0,0.0,0.0,0.0,0.0,0.0,0.0,0.0,0.0,0.0,0.0
3258,22,208,857,2.45,44.42,18.53,47.38,18.36,42.12,58.82,4.06,0.83,52.28,30.58,28.57,88.03,43.3,18.05,43.61,0.71,42.83,17.81,66.66,0.59,50.4,19.93,20.0,3.22,47.96,19.3,18.51,2.51,61.95,17.47,14.28,0.0,0.0,466.0
3259,22,213,605,5.45,42.48,18.17,48.5,15.95,41.15,37.5,4.19,1.92,60.9,22.16,45.45,83.56,41.31,17.77,42.88,1.39,40.25,11.33,87.5,0.17,48.0,0.0,100.0,5.41,38.54,16.08,16.12,3.32,46.84,21.34,15.78,0.0,0.0,346.0
3260,22,214,813,3.44,41.28,18.74,39.5,16.39,42.06,50.0,2.8,0.38,31.0,9.64,0.0,90.06,40.47,18.08,42.0,0.89,36.42,10.35,85.71,0.25,59.0,33.94,100.0,3.82,49.86,20.35,43.33,1.78,42.85,22.88,28.57,0.0,0.0,480.0
3261,22,216,0,0.0,0.0,0.0,0.0,0.0,0.0,0.0,0.0,0.0,0.0,0.0,0.0,0.0,0.0,0.0,0.0,0.0,0.0,0.0,0.0,0.0,0.0,0.0,0.0,0.0,0.0,0.0,0.0,0.0,0.0,0.0,0.0,0.0,0.0,0.0
3262,22,219,0,0.0,0.0,0.0,0.0,0.0,0.0,0.0,0.0,0.0,0.0,0.0,0.0,0.0,0.0,0.0,0.0,0.0,0.0,0.0,0.0,0.0,0.0,0.0,0.0,0.0,0.0,0.0,0.0,0.0,0.0,0.0,0.0,0.0,0.0,0.0
3263,22,220,0,0.0,0.0,0.0,0.0,0.0,0.0,0.0,0.0,0.0,0.0,0.0,0.0,0.0,0.0,0.0,0.0,0.0,0.0,0.0,0.0,0.0,0.0,0.0,0.0,0.0,0.0,0.0,0.0,0.0,0.0,0.0,0.0,0.0,0.0,0.0
3264,22,224,0,0.0,0.0,0.0,0.0,0.0,0.0,0.0,0.0,0.0,0.0,0.0,0.0,0.0,0.0,0.0,0.0,0.0,0.0,0.0,0.0,0.0,0.0,0.0,0.0,0.0,0.0,0.0,0.0,0.0,0.0,0.0,0.0,0.0,0.0,0.0
3265,22,227,0,0.0,0.0,0.0,0.0,0.0,0.0,0.0,0.0,0.0,0.0,0.0,0.0,0.0,0.0,0.0,0.0,0.0,0.0,0.0,0.0,0.0,0.0,0.0,0.0,0.0,0.0,0.0,0.0,0.0,0.0,0.0,0.0,0.0,0.0,0.0
3266,22,228,877,2.39,43.36,18.4,45.4,22.48,41.27,40.0,3.5,0.7,39.66,34.23,66.66,88.31,42.95,17.72,41.0,1.51,41.69,15.35,69.23,0.46,34.75,10.99,25.0,3.97,45.41,19.07,29.41,1.51,43.76,27.46,53.84,0.0,0.0,537.0
3267,22,230,0,0.0,0.0,0.0,0.0,0.0,0.0,0.0,0.0,0.0,0.0,0.0,0.0,0.0,0.0,0.0,0.0,0.0,0.0,0.0,0.0,0.0,0.0,0.0,0.0,0.0,0.0,0.0,0.0,0.0,0.0,0.0,0.0,0.0,0.0,0.0
3268,22,233,0,0.0,0.0,0.0,0.0,0.0,0.0,0.0,0.0,0.0,0.0,0.0,0.0,0.0,0.0,0.0,0.0,0.0,0.0,0.0,0.0,0.0,0.0,0.0,0.0,0.0,0.0,0.0,0.0,0.0,0.0,0.0,0.0,0.0,0.0,0.0
3269,22,234,0,0.0,0.0,0.0,0.0,0.0,0.0,0.0,0.0,0.0,0.0,0.0,0.0,0.0,0.0,0.0,0.0,0.0,0.0,0.0,0.0,0.0,0.0,0.0,0.0,0.0,0.0,0.0,0.0,0.0,0.0,0.0,0.0,0.0,0.0,0.0
3270,22,235,499,4.0,37.91,18.58,35.76,17.3,40.28,39.9,42.37,2.92,41.71,19.73,78.57,47.8,38.39,19.37,37.99,0.2,22.0,0.0,100.0,0.83,41.5,13.79,50.0,3.54,37.0,16.62,29.41,2.29,51.63,18.5,45.45,0.0,0.0,210.0
3271,22,238,0,0.0,0.0,0.0,0.0,0.0,0.0,0.0,0.0,0.0,0.0,0.0,0.0,0.0,0.0,0.0,0.0,0.0,0.0,0.0,0.0,0.0,0.0,0.0,0.0,0.0,0.0,0.0,0.0,0.0,0.0,0.0,0.0,0.0,0.0,0.0
3272,23,4,1107,0.54,42.02,19.17,41.46,25.49,41.73,23.07,1.18,0.0,0.0,0.0,0.0,93.73,41.87,19.06,43.02,0.9,38.29,18.66,50.0,0.36,47.75,19.31,25.0,1.9,37.66,15.49,23.8,1.9,52.52,19.2,4.76,0.0,26.34,619.0
3273,23,8,1041,1.15,42.55,19.59,65.12,17.55,42.65,75.0,0.77,0.19,45.5,2.12,100.0,92.32,41.58,19.46,43.26,1.16,36.41,9.64,33.33,0.29,38.33,4.16,0.0,2.72,52.14,16.63,42.85,2.52,60.76,19.05,11.53,0.0,22.37,597.0
3274,23,19,960,1.97,41.41,18.28,53.18,21.02,41.45,54.54,1.16,0.31,36.33,8.62,33.33,90.32,40.93,17.87,40.82,0.95,47.11,16.7,44.44,0.31,59.66,6.65,66.66,4.78,41.68,19.2,44.44,2.12,41.85,25.94,50.0,0.0,47.31,512.0
3275,23,21,1108,3.88,43.54,19.5,43.15,21.98,40.61,45.0,1.87,0.75,52.0,21.05,12.5,88.35,42.83,19.14,41.02,0.65,38.57,18.04,85.71,0.56,35.0,7.01,16.66,4.6,43.26,18.89,32.65,3.19,47.23,25.18,52.94,0.0,38.47,603.0
3276,23,24,1154,0.25,43.71,18.76,44.81,15.26,42.72,63.63,0.95,0.08,28.0,0.0,100.0,92.44,43.51,18.83,43.89,1.3,41.4,14.49,40.0,0.17,37.5,0.7,0.0,2.78,40.21,18.41,25.0,2.25,56.57,16.9,7.69,0.0,25.01,649.0
3277,23,26,366,0.0,44.89,17.81,0.0,0.0,45.08,0.0,0.0,0.0,0.0,0.0,0.0,75.95,45.61,17.51,32.37,0.0,0.0,0.0,0.0,0.0,0.0,0.0,0.0,24.04,42.61,18.64,85.22,0.0,0.0,0.0,0.0,0.0,27.95,258.0
3278,23,36,622,1.28,43.64,19.29,34.75,28.36,41.96,50.0,1.3,0.0,0.0,0.0,0.0,92.5,43.24,18.92,41.19,0.97,45.66,11.25,50.0,0.16,37.0,0.0,0.0,3.09,43.52,22.79,52.63,1.95,51.91,21.41,50.0,0.0,51.96,300.0
3279,23,32,891,1.23,42.43,18.29,53.0,14.14,40.4,100.0,0.22,0.11,50.0,0.0,0.0,93.75,42.21,18.23,40.84,1.25,41.36,13.07,72.72,0.34,54.0,18.24,33.33,1.93,37.88,15.74,23.52,2.38,52.04,23.01,23.8,0.0,38.72,523.0
3280,23,33,840,0.35,44.08,17.11,44.2,19.26,40.83,50.0,1.19,0.23,12.0,16.97,50.0,88.76,43.73,17.07,40.24,1.07,33.44,17.74,100.0,0.71,47.83,10.81,0.0,5.85,48.83,16.38,53.06,2.15,51.61,13.5,5.55,0.0,40.88,492.0
3281,23,46,1024,2.44,42.5,18.4,44.27,17.49,41.01,52.77,3.6,0.2,45.5,17.67,50.0,86.88,41.66,17.81,41.12,0.8,40.62,11.95,62.5,0.6,46.33,15.33,33.33,5.9,44.5,22.92,28.81,2.0,53.45,22.93,40.0,0.0,24.03,562.0
3282,23,47,1169,0.76,42.54,18.14,42.0,16.79,44.05,42.85,1.2,0.17,29.5,4.94,100.0,90.68,42.62,18.06,44.58,1.55,35.66,10.23,66.66,0.0,0.0,0.0,0.0,5.17,40.5,18.91,30.0,1.2,55.85,17.56,21.42,0.0,24.91,655.0
3283,23,49,647,1.85,46.38,19.37,43.57,24.69,42.5,57.14,2.2,0.15,49.0,0.0,100.0,89.44,45.79,19.44,42.25,0.94,43.0,7.64,83.33,0.94,53.5,15.69,50.0,4.25,47.29,17.84,25.92,2.04,63.84,13.26,23.07,0.0,55.19,386.0
3284,23,51,801,0.62,42.45,19.69,38.0,26.58,43.19,57.14,0.87,0.0,0.0,0.0,0.0,94.72,42.41,19.55,43.23,0.12,35.0,0.0,100.0,0.25,35.0,1.41,50.0,2.26,41.83,20.37,44.44,1.75,41.28,21.6,21.42,0.0,36.22,470.0
3285,23,58,713,1.12,43.16,18.74,35.28,15.43,44.03,42.85,1.98,0.42,37.66,16.62,0.0,78.43,43.38,19.08,35.08,0.42,33.66,4.04,66.66,0.42,31.0,11.26,33.33,17.58,42.62,17.23,82.25,0.7,40.2,13.23,40.0,0.0,45.94,393.0
3286,23,60,1085,1.84,44.55,19.05,46.0,20.93,42.58,36.36,1.03,0.28,52.33,12.22,100.0,80.37,44.43,19.21,36.44,1.03,37.36,9.18,81.81,0.18,73.5,6.36,0.0,15.49,43.72,16.94,73.93,1.59,47.47,23.82,41.17,0.0,23.48,635.0
3287,23,62,933,1.17,42.81,18.96,49.63,17.67,43.19,36.36,1.19,0.54,60.6,13.66,40.0,83.51,42.04,18.72,38.83,0.32,26.66,3.21,66.66,0.32,53.33,10.01,66.66,12.14,44.67,21.26,75.0,1.95,52.5,15.45,33.33,0.0,26.59,510.0
3288,23,63,766,2.21,41.65,18.83,48.75,18.59,42.95,62.5,1.06,0.13,63.0,0.0,0.0,84.51,41.03,18.48,40.91,0.66,38.0,13.61,40.0,0.26,15.0,21.21,50.0,11.61,42.64,19.22,58.62,1.73,47.23,25.7,46.15,0.0,28.47,372.0
3289,23,66,781,0.38,44.02,19.16,36.0,0.0,43.02,100.0,0.12,0.0,0.0,0.0,0.0,83.67,44.28,19.4,35.33,0.25,37.5,14.84,50.0,0.25,40.5,7.77,100.0,15.16,42.65,17.71,84.74,0.51,50.75,34.71,25.0,0.0,27.28,484.0
3290,23,unclear,1255,0.39,46.63,16.95,43.0,11.64,46.29,80.0,0.4,0.0,0.0,0.0,0.0,91.52,46.83,17.1,42.04,0.0,0.0,0.0,0.0,0.32,49.0,14.65,25.0,7.04,43.82,15.73,96.59,0.72,52.66,16.04,77.77,,,
3291,23,80,1025,1.85,44.36,19.88,70.33,15.77,40.0,22.22,0.89,0.49,41.2,26.9,60.0,90.75,43.52,19.49,41.84,0.39,31.25,8.77,50.0,0.69,65.0,19.4,28.57,2.98,36.96,17.83,43.33,3.77,55.26,21.25,10.52,0.0,38.32,576.0
3292,23,81,767,0.13,45.72,19.86,46.0,12.11,42.11,0.0,0.52,0.13,20.0,0.0,100.0,80.28,45.53,20.0,32.68,0.0,0.0,0.0,0.0,0.0,0.0,0.0,0.0,18.4,47.23,19.61,85.1,0.65,36.6,8.35,20.0,0.0,27.5,430.0
3293,23,82,937,0.42,43.24,18.51,24.25,16.06,43.86,25.0,0.85,0.21,0.0,0.0,50.0,80.27,43.93,18.32,34.71,0.21,21.5,2.12,100.0,0.32,39.66,2.08,33.33,17.36,41.11,18.4,87.03,0.75,45.28,12.33,14.28,0.0,25.27,546.0
3294,23,85,773,4.01,42.49,19.8,49.95,21.48,40.62,47.82,3.09,0.94,60.57,20.56,42.85,85.3,41.1,18.81,41.54,1.07,39.75,18.7,50.0,1.34,37.7,15.88,30.0,5.39,44.9,25.04,32.5,2.83,48.8,26.39,38.09,0.0,47.94,415.0
3295,23,86,1048,2.95,42.74,18.78,52.17,12.57,40.74,64.7,1.67,0.39,56.25,16.37,25.0,88.0,41.83,18.65,41.56,1.67,39.17,11.41,82.35,1.37,38.64,18.44,35.71,3.83,42.64,17.99,17.94,3.04,50.12,20.17,32.25,0.0,24.55,593.0
3296,23,87,860,1.74,41.82,17.49,46.93,25.07,41.04,40.0,1.77,0.11,52.0,0.0,0.0,91.95,41.19,17.12,42.21,1.06,43.66,17.31,33.33,0.35,43.66,5.5,0.0,3.07,42.07,16.12,34.61,1.65,53.07,24.78,21.42,0.0,43.68,476.0
3297,23,91,514,2.52,41.37,18.05,40.25,21.65,40.46,75.0,1.59,0.39,32.0,8.48,0.0,90.01,40.7,17.87,40.79,1.79,45.0,14.39,77.77,0.19,26.0,0.0,0.0,3.99,41.05,15.44,30.0,1.99,56.0,24.72,10.0,0.0,26.25,305.0
3298,23,92,1043,3.54,42.19,19.85,43.09,21.41,41.32,46.87,3.18,0.99,55.2,34.03,60.0,83.59,40.26,19.25,41.97,2.48,47.12,13.95,48.0,0.29,50.66,4.16,0.0,5.76,47.31,19.64,34.48,3.67,54.67,17.8,40.54,0.0,43.12,562.0
3299,23,96,940,6.48,42.99,18.84,40.9,21.25,40.85,51.61,3.52,1.82,62.56,19.08,56.25,82.02,40.9,18.09,42.16,1.7,35.33,18.34,46.66,1.25,52.81,12.89,18.18,6.02,44.32,16.13,22.64,3.64,52.59,20.86,28.12,0.0,48.35,479.0
3300,23,100,773,0.12,45.18,19.6,41.63,13.64,42.17,45.45,1.42,0.0,0.0,0.0,0.0,78.1,45.24,20.14,31.01,0.12,46.0,0.0,0.0,0.0,0.0,0.0,0.0,19.81,45.16,17.55,85.62,0.51,57.75,16.93,50.0,0.0,38.35,447.0
3301,23,102,779,3.97,45.98,21.18,51.11,26.96,41.72,29.41,2.27,0.8,61.83,25.18,66.66,85.29,44.64,20.53,39.49,0.4,42.33,11.54,66.66,0.66,37.2,11.16,20.0,8.28,43.69,21.39,66.12,2.27,67.23,25.8,47.05,0.0,44.27,497.0
3302,23,103,599,1.0,41.96,18.56,43.25,27.75,44.9,66.66,2.02,0.0,0.0,0.0,0.0,88.36,41.6,18.56,43.89,1.18,40.14,14.51,85.71,0.67,25.0,19.69,25.0,4.89,42.79,12.15,44.82,2.86,53.94,15.0,41.17,0.0,58.17,315.0
3303,23,105,637,0.31,44.31,20.51,31.6,8.98,43.48,60.0,1.57,0.0,0.0,0.0,0.0,76.69,44.96,21.07,32.23,0.78,39.79,15.23,60.0,0.94,38.16,14.89,33.33,19.37,42.61,19.17,86.99,0.62,58.5,15.43,25.0,0.0,27.03,405.0
3304,23,106,1043,2.87,42.86,19.47,45.75,23.13,42.85,50.0,1.18,0.09,25.0,0.0,0.0,81.73,42.2,19.37,35.38,0.49,30.0,21.94,20.0,0.09,69.0,0.0,0.0,14.7,43.42,18.51,83.22,1.67,52.0,23.1,52.94,0.0,27.66,602.0
3305,23,107,858,0.81,44.25,19.95,52.0,21.21,44.98,0.0,0.23,0.23,63.0,22.62,100.0,77.67,44.21,20.04,33.88,0.23,42.5,7.77,0.0,0.23,77.0,4.24,100.0,20.09,42.44,19.42,88.3,1.29,53.09,15.95,18.18,0.0,30.07,469.0
3306,23,108,442,0.67,42.71,19.35,38.5,20.5,41.62,50.0,0.45,0.22,28.0,0.0,0.0,78.13,43.21,19.51,29.73,0.45,24.5,3.53,50.0,0.22,48.0,0.0,0.0,20.04,40.89,19.29,88.63,0.45,40.5,9.19,50.0,0.0,25.46,258.0
3307,23,109,782,1.27,41.15,19.04,35.55,15.79,43.86,51.85,3.49,0.12,38.0,0.0,100.0,85.49,40.69,18.9,43.18,1.29,38.2,14.83,70.0,0.77,41.16,23.97,16.66,7.51,46.93,18.55,50.0,1.29,49.7,30.49,10.0,0.0,28.64,401.0
3308,23,113,845,1.53,43.61,19.43,56.92,17.5,44.14,76.92,1.56,0.12,86.0,0.0,100.0,88.94,42.73,19.01,43.64,1.44,41.25,24.72,91.66,1.2,49.8,14.01,30.0,4.8,49.55,20.69,37.5,1.92,49.37,16.42,25.0,0.0,42.04,480.0
3309,23,118,974,1.64,41.67,20.02,30.64,19.45,43.32,41.17,1.77,0.1,74.0,0.0,100.0,81.94,41.1,19.37,38.98,0.83,45.37,21.82,62.5,0.62,45.33,14.25,66.66,12.73,43.22,22.45,75.4,1.98,55.21,22.25,10.52,0.0,30.17,541.0
3310,23,119,1154,2.16,41.27,19.61,51.31,21.54,43.67,50.0,3.36,0.35,39.5,28.82,50.0,85.82,40.79,19.53,44.47,1.68,41.57,18.54,52.63,1.06,42.08,18.7,25.0,3.98,38.53,19.8,37.77,3.72,44.8,18.25,26.19,0.0,38.94,584.0
3311,23,120,957,2.92,40.56,19.74,37.38,23.76,41.48,50.0,2.79,0.32,53.33,8.32,33.33,86.22,40.6,19.3,41.32,1.93,36.05,16.59,61.11,1.18,43.9,22.05,27.27,5.16,37.52,20.84,39.58,2.36,37.36,23.35,36.36,0.0,45.8,539.0
3312,23,122,971,2.88,43.07,19.35,54.65,16.3,42.53,38.46,2.75,0.31,32.33,29.56,33.33,84.72,41.65,18.86,43.8,1.06,32.29,17.11,70.0,0.53,24.8,17.42,0.0,8.37,49.35,18.58,35.44,2.22,54.47,18.67,33.33,0.0,28.65,539.0
3313,23,123,807,1.36,45.19,19.84,52.0,24.31,40.02,33.33,1.13,0.12,38.0,0.0,0.0,87.18,44.76,19.72,40.63,1.25,35.9,9.18,80.0,0.5,50.25,13.57,75.0,7.03,42.32,18.57,33.92,2.76,58.0,20.42,13.63,0.0,25.34,467.0
3314,23,unclear,1269,4.57,44.85,16.12,54.92,18.41,43.65,36.0,2.06,0.0,0.0,0.0,0.0,89.51,43.81,15.91,43.72,0.9,46.9,19.95,45.45,0.57,50.85,15.47,71.42,4.62,44.57,13.5,30.35,2.31,52.39,12.93,78.57,,,
3315,23,128,755,2.11,44.05,19.89,52.9,23.46,40.26,42.85,2.84,0.13,64.0,0.0,0.0,89.3,43.08,19.7,40.6,1.08,47.12,15.71,62.5,0.13,57.0,0.0,100.0,3.92,50.62,14.29,31.03,2.57,49.21,23.34,10.52,0.0,54.04,480.0
3316,23,129,961,3.32,39.19,18.03,51.05,12.03,41.83,50.0,2.15,0.53,36.4,12.58,40.0,88.15,38.03,17.85,42.36,2.04,35.78,10.9,78.94,0.21,46.0,12.72,0.0,5.27,46.22,20.27,26.53,1.61,52.73,19.95,33.33,0.0,42.93,521.0
3317,23,131,731,2.32,41.93,19.3,41.18,21.55,40.35,43.75,2.24,0.7,45.0,31.81,80.0,88.23,41.31,18.89,40.63,1.68,41.08,17.11,83.33,0.98,46.85,12.61,42.85,3.5,42.84,11.76,24.0,2.66,43.73,27.72,15.78,0.0,47.71,407.0
3318,23,133,605,2.8,41.68,18.53,50.36,14.56,41.65,45.45,1.87,0.68,46.25,26.88,25.0,89.28,40.59,18.31,41.9,1.36,37.87,7.16,100.0,0.17,47.0,0.0,0.0,4.42,53.26,19.15,30.76,2.04,55.58,15.27,33.33,0.0,54.13,361.0
3319,23,136,623,1.92,41.76,18.21,37.33,25.66,42.53,50.0,0.98,0.49,58.0,13.11,66.66,90.67,41.28,18.15,42.23,1.3,41.5,11.97,50.0,0.0,0.0,0.0,0.0,5.07,44.0,18.17,32.25,1.47,46.77,23.5,55.55,0.0,23.83,347.0
3320,23,137,761,2.23,42.01,18.66,51.38,14.84,42.04,53.84,1.74,0.13,40.0,0.0,0.0,90.59,41.55,18.47,42.58,1.74,42.07,21.48,53.84,0.4,44.66,13.61,66.66,4.43,40.84,17.58,30.3,0.94,49.42,27.11,42.85,0.0,45.52,411.0
3321,23,140,1031,3.29,42.55,18.86,40.75,23.82,41.8,58.33,2.4,0.4,46.5,17.0,50.0,85.15,41.82,18.59,40.63,1.8,41.33,19.41,66.66,0.3,39.66,14.18,33.33,7.62,41.25,17.25,42.1,2.3,52.65,16.91,43.47,0.0,38.11,519.0
3322,23,143,1049,2.09,41.6,17.7,46.89,16.72,43.08,42.1,1.85,0.19,68.0,12.72,50.0,87.92,40.53,17.21,44.51,1.26,40.53,16.4,69.23,0.87,42.77,17.87,11.11,5.35,46.58,19.3,23.63,2.53,49.15,22.46,38.46,0.0,40.8,572.0
3323,23,unclear,1203,1.24,43.7,15.29,45.15,16.31,45.38,45.45,3.7,0.0,0.0,0.0,0.0,92.17,43.5,15.22,45.38,0.33,43.75,6.75,0.0,0.5,43.0,9.87,50.0,2.02,44.0,16.29,41.66,1.26,53.46,20.91,46.66,,,
3324,23,146,1028,0.38,43.03,18.71,48.88,19.04,43.87,66.66,1.75,0.29,43.0,4.0,66.66,88.18,42.97,18.9,40.31,0.87,34.33,9.81,77.77,0.0,0.0,0.0,0.0,7.81,41.68,16.74,78.75,1.07,57.63,19.63,9.09,0.0,41.18,556.0
3325,23,150,990,5.25,45.26,19.98,40.17,19.85,41.41,35.0,4.26,0.42,63.0,32.83,50.0,82.08,44.35,19.28,41.03,2.55,42.7,16.03,79.16,0.63,45.83,13.45,50.0,7.46,41.32,20.71,34.28,2.55,62.16,15.7,54.16,0.0,41.62,591.0
3326,23,155,1114,2.6,42.69,19.63,36.23,17.42,40.84,41.86,3.96,0.46,46.6,13.27,60.0,84.42,42.13,19.51,41.59,1.29,40.5,12.03,64.28,1.1,41.25,13.45,25.0,6.72,44.38,20.4,35.61,2.02,49.59,25.21,27.27,0.0,37.55,626.0
3327,23,156,794,2.89,42.42,18.5,40.18,20.23,40.8,37.03,3.5,0.38,57.66,24.9,66.66,85.86,41.85,18.33,41.23,1.68,39.3,8.71,69.23,0.77,27.83,13.8,50.0,6.22,45.16,19.75,33.33,1.42,52.36,16.43,36.36,0.0,44.89,442.0
3328,23,160,969,4.43,44.1,16.87,49.12,17.18,43.65,57.57,3.56,0.32,36.66,45.79,66.66,82.18,42.77,16.33,44.54,2.69,40.28,14.96,64.0,0.43,47.0,15.57,50.0,8.09,49.94,15.29,34.66,2.69,52.48,16.18,28.0,0.0,47.64,542.0
3329,23,171,841,2.73,39.9,18.22,37.34,21.58,42.8,39.13,2.81,0.61,54.8,36.59,80.0,84.96,39.03,17.7,43.45,1.95,37.56,8.59,68.75,1.22,51.7,16.18,30.0,5.62,41.91,18.73,26.08,2.81,44.86,23.4,52.17,0.0,51.18,438.0
3330,23,173,782,2.68,40.16,18.15,27.33,18.6,42.45,25.0,1.57,0.52,49.25,14.56,100.0,89.22,39.49,17.84,42.85,1.44,32.81,10.47,54.54,1.18,46.44,13.2,22.22,4.73,45.88,19.34,33.33,1.31,61.1,12.81,60.0,0.0,48.88,432.0
3331,23,170,783,2.8,42.47,17.85,43.68,20.3,45.59,57.89,2.49,0.52,48.0,24.22,50.0,86.2,41.87,17.5,47.25,2.75,39.42,14.99,57.14,0.65,50.8,15.83,0.0,5.25,43.32,20.43,15.0,2.1,49.12,13.34,37.5,0.0,49.12,411.0
3332,23,175,741,3.1,41.7,18.37,47.23,15.91,43.18,53.84,1.81,0.27,64.0,41.01,50.0,87.46,40.36,18.11,44.1,2.22,45.18,12.97,25.0,0.0,0.0,0.0,0.0,5.84,46.69,20.16,45.23,2.36,48.47,17.04,29.41,0.0,25.0,413.0
3333,23,179,876,4.56,43.41,19.14,42.61,20.35,41.55,46.15,1.55,0.95,66.37,20.2,50.0,84.56,42.06,18.55,43.14,1.07,28.88,19.03,66.66,1.19,35.0,16.11,20.0,7.17,46.25,19.39,31.66,3.46,50.1,21.2,34.48,0.0,28.66,472.0
3334,23,182,1135,0.35,43.37,19.61,39.58,17.77,43.87,58.33,1.06,0.08,37.0,0.0,100.0,93.89,43.5,19.63,43.03,0.88,33.4,7.15,40.0,0.0,0.0,0.0,0.0,2.91,42.45,21.47,72.72,1.14,43.38,22.18,23.07,0.0,27.0,592.0
3335,23,184,1093,0.09,45.14,20.75,43.37,22.12,44.0,75.0,0.73,0.27,46.66,20.74,33.33,91.48,44.83,20.57,42.84,0.91,34.7,10.34,60.0,0.27,54.33,11.01,0.0,5.03,50.29,23.74,63.63,1.28,53.5,24.91,28.57,0.0,26.24,603.0
3336,23,185,1234,0.48,39.66,18.26,35.92,14.0,43.35,44.0,2.03,0.57,30.28,25.07,42.85,83.22,39.7,18.17,39.43,1.46,33.88,16.59,77.77,0.32,51.75,14.61,25.0,10.58,39.35,18.19,76.15,1.79,46.18,21.52,13.63,0.0,26.41,591.0
3337,23,187,1310,0.45,42.79,18.14,51.7,15.63,42.97,58.82,1.3,0.15,35.5,4.94,50.0,92.17,42.45,17.93,41.84,0.53,35.71,24.47,57.14,0.38,56.4,7.23,60.0,3.83,43.26,17.17,72.0,1.61,55.28,24.83,19.04,0.0,35.84,691.0
3338,23,188,1238,0.24,43.05,18.88,41.0,15.18,42.48,62.5,0.64,0.08,29.0,0.0,0.0,93.84,43.16,18.77,41.41,0.64,26.87,6.44,50.0,0.16,25.0,35.35,0.0,3.56,39.68,21.39,65.9,1.05,56.23,14.83,38.46,0.0,26.35,695.0
3339,23,189,1332,0.22,45.23,20.19,34.22,17.77,42.79,33.33,0.67,0.0,0.0,0.0,0.0,88.56,45.23,20.22,39.59,0.3,41.75,40.79,50.0,0.22,51.0,23.51,0.0,9.02,46.45,18.03,77.5,1.2,41.18,27.44,25.0,0.0,24.14,744.0
3340,23,unclear,1148,0.0,45.98,16.7,48.33,20.99,49.82,55.55,0.78,0.0,0.0,0.0,0.0,86.58,46.5,16.69,43.66,0.0,0.0,0.0,0.0,0.08,37.0,0.0,0.0,11.49,41.52,15.43,96.21,1.04,51.66,21.56,50.0,,,
3341,23,unclear,1275,0.15,45.95,17.02,29.5,14.84,49.72,100.0,0.15,0.0,0.0,0.0,0.0,88.6,46.3,17.12,43.43,0.07,25.0,0.0,0.0,0.0,0.0,0.0,0.0,11.15,43.34,15.85,98.59,0.0,0.0,0.0,0.0,,,
3342,23,unclear,1061,1.03,45.22,17.54,53.0,22.53,45.05,50.0,0.57,0.0,0.0,0.0,0.0,91.04,45.23,17.76,40.48,0.19,71.0,1.41,50.0,0.0,0.0,0.0,0.0,7.71,43.24,15.36,95.06,0.47,55.2,8.34,100.0,,,
3343,23,201,739,0.0,44.1,20.56,41.66,18.92,42.89,33.33,0.4,0.0,0.0,0.0,0.0,79.16,44.54,20.76,32.82,0.13,54.0,0.0,0.0,0.27,65.0,1.41,50.0,20.02,42.06,19.85,83.1,0.0,0.0,0.0,0.0,0.0,29.34,448.0
3344,23,204,779,0.77,44.24,19.1,24.0,24.51,45.69,0.0,0.38,0.12,30.0,0.0,0.0,80.72,44.65,19.51,36.37,0.51,43.0,14.53,75.0,0.38,39.66,14.22,33.33,17.46,41.88,16.67,87.4,0.38,51.33,7.02,100.0,0.0,38.32,411.0
3345,23,205,668,0.14,45.19,19.79,70.0,0.0,42.21,0.0,0.14,0.0,0.0,0.0,0.0,79.76,45.77,20.09,31.57,0.0,0.0,0.0,0.0,0.14,29.0,0.0,0.0,19.19,42.93,18.29,85.15,0.74,38.4,24.48,100.0,0.0,45.95,410.0
3346,23,207,681,0.29,46.12,19.74,16.5,23.33,44.49,50.0,0.29,0.0,0.0,0.0,0.0,78.64,46.32,19.85,33.89,0.0,0.0,0.0,0.0,0.0,0.0,0.0,0.0,20.47,45.9,19.42,86.33,0.58,46.75,8.13,25.0,0.0,56.81,370.0
3347,23,209,611,2.12,42.71,18.91,39.41,17.38,43.69,41.17,2.84,0.5,65.66,35.38,33.33,89.13,42.68,18.79,45.59,0.66,38.5,5.0,75.0,0.33,40.5,4.94,50.0,4.34,42.69,20.27,26.92,2.17,43.07,19.71,23.07,0.0,29.68,312.0
3348,23,210,936,4.27,40.98,17.88,42.35,13.83,41.02,47.05,1.89,0.66,37.33,27.22,66.66,85.37,40.71,17.6,41.83,1.33,27.75,15.9,66.66,0.33,39.33,10.5,66.66,7.14,41.71,14.93,23.43,3.12,36.75,23.02,39.28,0.0,47.11,446.0
3349,23,216,782,4.85,45.8,19.35,56.06,19.47,42.07,59.37,4.3,0.67,62.0,10.31,40.0,86.42,43.83,18.68,42.14,0.26,62.5,23.33,50.0,0.4,51.0,10.44,33.33,5.64,52.5,21.03,40.47,2.28,58.7,17.82,35.29,0.0,48.14,465.0
3350,23,218,835,3.47,44.18,19.64,55.82,19.12,41.79,47.82,2.85,1.36,58.45,19.58,54.54,87.96,43.16,19.6,42.31,1.11,36.11,9.89,66.66,0.37,40.66,4.72,33.33,4.09,40.78,18.87,30.3,2.23,54.88,16.82,22.22,0.0,49.69,447.0
3351,23,220,750,6.13,43.12,20.11,47.13,25.45,40.93,60.0,2.13,1.7,62.0,21.39,66.66,88.63,41.66,19.16,41.34,0.85,44.5,17.54,66.66,0.42,25.0,22.91,0.0,4.11,41.44,20.93,24.13,2.13,51.26,20.16,26.66,0.0,47.73,450.0
3352,23,221,1058,4.25,42.66,17.93,49.09,20.21,42.81,58.06,3.06,0.49,73.8,12.69,80.0,87.46,41.55,17.4,43.0,1.48,36.33,16.0,40.0,0.69,47.71,22.99,14.28,5.13,45.42,21.21,36.53,1.67,45.35,18.35,41.17,0.0,28.85,607.0
3353,23,222,531,3.2,41.13,18.03,40.28,22.83,45.57,71.42,1.36,0.19,62.0,0.0,0.0,92.8,40.42,17.21,45.49,1.36,29.42,23.53,42.85,0.0,0.0,0.0,0.0,2.72,46.64,18.75,50.0,1.55,53.75,31.33,25.0,0.0,24.78,290.0
3354,23,223,1092,2.74,42.41,19.47,51.41,23.07,39.74,58.13,4.04,1.03,57.63,23.23,90.9,84.74,41.29,19.02,38.66,2.44,37.3,23.42,57.69,0.65,36.42,13.97,14.28,3.95,46.42,14.78,42.85,3.1,47.06,19.62,27.27,0.0,33.53,574.0
3355,23,227,1033,4.06,44.17,18.59,51.66,20.34,42.11,51.51,3.32,1.1,53.27,29.11,63.63,84.25,42.35,18.09,42.99,1.1,46.18,13.1,63.63,0.6,61.0,8.83,83.33,5.95,47.45,16.54,25.42,3.63,52.47,16.39,30.55,0.0,25.46,579.0
3356,23,226,819,3.66,42.61,18.35,45.75,15.88,41.75,55.0,2.53,0.38,59.33,24.68,66.66,87.07,41.77,18.26,42.06,1.01,46.0,18.95,62.5,0.0,0.0,0.0,0.0,6.59,41.32,18.6,34.61,2.4,51.68,17.87,21.05,0.0,49.6,413.0
3357,23,unclear,1265,2.21,45.99,16.51,55.0,18.85,45.69,61.53,1.05,0.0,0.0,0.0,0.0,90.46,45.44,16.29,41.64,0.24,45.33,28.37,100.0,0.32,60.0,20.6,50.0,6.87,45.92,16.85,89.41,1.05,56.0,13.31,46.15,,,
3358,23,231,658,4.55,41.6,17.34,46.88,18.31,41.48,24.0,3.98,0.31,29.0,41.01,50.0,79.45,40.24,16.74,43.28,1.59,40.79,8.65,70.0,0.47,37.66,14.84,0.0,10.03,42.31,16.86,31.74,4.14,51.03,22.74,53.84,0.0,46.54,351.0
3359,23,233,637,5.96,45.08,20.75,47.2,19.96,40.34,40.0,6.67,1.5,56.77,26.53,55.55,80.3,43.12,20.07,42.2,2.5,45.86,18.9,46.66,0.66,39.5,21.93,0.0,6.34,50.84,20.24,28.94,2.0,58.5,25.67,41.66,0.0,49.4,379.0
3360,23,234,581,1.37,41.04,18.37,38.73,18.29,42.34,66.66,2.61,0.17,35.0,0.0,0.0,84.81,40.53,18.45,41.97,1.91,37.54,9.35,72.72,1.04,44.83,24.82,33.33,7.5,42.0,17.66,27.9,1.91,50.45,12.7,63.63,0.0,30.25,299.0
3361,23,237,983,2.95,39.66,17.15,45.79,15.4,41.09,50.0,2.51,0.2,51.0,15.55,50.0,88.67,38.76,16.86,42.43,0.83,32.12,15.87,62.5,1.15,47.0,7.01,45.45,4.61,38.77,15.54,25.0,1.99,49.26,19.95,36.84,0.0,41.48,505.0
3362,23,238,787,0.88,41.15,17.99,41.23,23.33,42.31,42.85,2.69,0.0,0.0,0.0,0.0,86.53,41.04,17.55,43.25,0.89,23.71,17.49,100.0,0.0,0.0,0.0,0.0,7.69,41.95,20.09,25.0,2.17,46.47,17.3,35.29,0.0,51.62,458.0
3363,23,1,0,0.0,0.0,0.0,0.0,0.0,0.0,0.0,0.0,0.0,0.0,0.0,0.0,0.0,0.0,0.0,0.0,0.0,0.0,0.0,0.0,0.0,0.0,0.0,0.0,0.0,0.0,0.0,0.0,0.0,0.0,0.0,0.0,0.0,0.0,0.0
3364,23,2,0,0.0,0.0,0.0,0.0,0.0,0.0,0.0,0.0,0.0,0.0,0.0,0.0,0.0,0.0,0.0,0.0,0.0,0.0,0.0,0.0,0.0,0.0,0.0,0.0,0.0,0.0,0.0,0.0,0.0,0.0,0.0,0.0,0.0,0.0,0.0
3365,23,3,1048,1.14,45.77,19.84,53.42,12.38,41.98,42.85,0.67,0.09,37.0,0.0,100.0,81.56,44.86,19.65,34.79,0.38,38.0,11.19,75.0,0.48,39.6,10.83,20.0,15.34,50.1,20.52,80.5,1.44,52.6,25.74,26.66,0.0,0.0,613.0
3366,23,5,0,0.0,0.0,0.0,0.0,0.0,0.0,0.0,0.0,0.0,0.0,0.0,0.0,0.0,0.0,0.0,0.0,0.0,0.0,0.0,0.0,0.0,0.0,0.0,0.0,0.0,0.0,0.0,0.0,0.0,0.0,0.0,0.0,0.0,0.0,0.0
3367,23,6,0,0.0,0.0,0.0,0.0,0.0,0.0,0.0,0.0,0.0,0.0,0.0,0.0,0.0,0.0,0.0,0.0,0.0,0.0,0.0,0.0,0.0,0.0,0.0,0.0,0.0,0.0,0.0,0.0,0.0,0.0,0.0,0.0,0.0,0.0,0.0
3368,23,7,0,0.0,0.0,0.0,0.0,0.0,0.0,0.0,0.0,0.0,0.0,0.0,0.0,0.0,0.0,0.0,0.0,0.0,0.0,0.0,0.0,0.0,0.0,0.0,0.0,0.0,0.0,0.0,0.0,0.0,0.0,0.0,0.0,0.0,0.0,0.0
3369,23,9,0,0.0,0.0,0.0,0.0,0.0,0.0,0.0,0.0,0.0,0.0,0.0,0.0,0.0,0.0,0.0,0.0,0.0,0.0,0.0,0.0,0.0,0.0,0.0,0.0,0.0,0.0,0.0,0.0,0.0,0.0,0.0,0.0,0.0,0.0,0.0
3370,23,10,0,0.0,0.0,0.0,0.0,0.0,0.0,0.0,0.0,0.0,0.0,0.0,0.0,0.0,0.0,0.0,0.0,0.0,0.0,0.0,0.0,0.0,0.0,0.0,0.0,0.0,0.0,0.0,0.0,0.0,0.0,0.0,0.0,0.0,0.0,0.0
3371,23,11,937,1.81,42.71,19.24,43.0,23.67,41.51,55.0,2.17,0.0,0.0,0.0,0.0,89.78,42.26,19.25,41.88,1.41,34.92,11.68,46.15,0.21,64.5,3.53,0.0,4.89,46.04,19.26,37.77,1.52,52.92,16.54,21.42,0.0,0.0,506.0
3372,23,12,711,1.4,43.04,18.53,36.14,14.75,39.94,47.61,2.99,0.57,51.75,15.96,25.0,89.44,42.95,18.57,39.55,1.14,40.62,12.6,87.5,1.14,46.75,15.23,37.5,2.71,45.15,21.27,31.57,1.99,44.42,23.45,21.42,0.0,0.0,350.0
3373,23,13,934,1.92,41.54,17.77,44.33,26.13,44.21,66.66,1.31,0.32,53.0,33.51,33.33,92.24,41.06,17.63,43.9,1.31,39.16,12.13,75.0,0.32,52.0,26.05,33.33,2.72,44.52,17.5,44.0,1.74,47.5,17.0,25.0,0.0,0.0,483.0
3374,23,14,926,1.29,42.42,18.84,48.35,25.13,43.95,57.14,1.53,0.54,58.4,27.89,60.0,88.4,41.87,18.52,43.56,1.64,38.2,8.85,73.33,0.43,51.75,10.04,25.0,5.68,40.8,21.5,34.61,1.75,58.25,13.71,37.5,0.0,0.0,479.0
3375,23,15,898,1.22,44.19,18.62,43.14,17.16,44.2,40.29,7.55,0.33,37.33,40.26,66.66,84.66,44.25,18.66,45.27,1.01,30.22,14.51,55.55,0.45,33.75,10.56,25.0,3.94,43.85,19.93,34.28,2.02,53.27,14.8,38.88,0.0,0.0,510.0
3376,23,16,1041,0.96,42.36,18.54,51.33,16.57,41.4,66.66,0.58,0.09,65.0,0.0,100.0,94.56,41.97,18.5,42.05,0.38,35.5,11.09,75.0,0.09,45.0,0.0,100.0,2.23,45.0,19.42,26.08,2.03,50.09,19.22,9.52,0.0,0.0,594.0
3377,23,17,844,0.47,45.01,19.36,54.42,23.81,40.4,57.14,0.83,0.0,0.0,0.0,0.0,93.8,44.76,19.47,41.62,0.35,40.33,10.11,66.66,0.0,0.0,0.0,0.0,2.61,40.0,12.61,27.27,2.38,57.6,16.72,5.0,0.0,0.0,477.0
3378,23,18,0,0.0,0.0,0.0,0.0,0.0,0.0,0.0,0.0,0.0,0.0,0.0,0.0,0.0,0.0,0.0,0.0,0.0,0.0,0.0,0.0,0.0,0.0,0.0,0.0,0.0,0.0,0.0,0.0,0.0,0.0,0.0,0.0,0.0,0.0,0.0
3379,23,20,0,0.0,0.0,0.0,0.0,0.0,0.0,0.0,0.0,0.0,0.0,0.0,0.0,0.0,0.0,0.0,0.0,0.0,0.0,0.0,0.0,0.0,0.0,0.0,0.0,0.0,0.0,0.0,0.0,0.0,0.0,0.0,0.0,0.0,0.0,0.0
3380,23,22,0,0.0,0.0,0.0,0.0,0.0,0.0,0.0,0.0,0.0,0.0,0.0,0.0,0.0,0.0,0.0,0.0,0.0,0.0,0.0,0.0,0.0,0.0,0.0,0.0,0.0,0.0,0.0,0.0,0.0,0.0,0.0,0.0,0.0,0.0,0.0
3381,23,23,1134,0.97,44.43,19.63,49.5,18.34,41.97,65.0,1.78,0.53,38.16,2.63,66.66,89.84,44.17,19.65,42.61,0.8,37.22,11.6,88.88,0.26,61.66,6.5,33.33,5.07,43.94,19.13,22.8,1.69,57.0,24.92,21.05,0.0,0.0,690.0
3382,23,25,0,0.0,0.0,0.0,0.0,0.0,0.0,0.0,0.0,0.0,0.0,0.0,0.0,0.0,0.0,0.0,0.0,0.0,0.0,0.0,0.0,0.0,0.0,0.0,0.0,0.0,0.0,0.0,0.0,0.0,0.0,0.0,0.0,0.0,0.0,0.0
3383,23,27,969,0.92,42.33,18.84,42.88,24.55,40.24,22.22,0.93,0.41,54.5,16.52,75.0,89.58,42.06,18.7,40.0,0.93,35.44,9.82,77.77,0.2,67.0,0.0,0.0,5.41,38.75,16.8,46.15,2.5,54.41,23.16,20.83,0.0,0.0,496.0
3384,23,28,0,0.0,0.0,0.0,0.0,0.0,0.0,0.0,0.0,0.0,0.0,0.0,0.0,0.0,0.0,0.0,0.0,0.0,0.0,0.0,0.0,0.0,0.0,0.0,0.0,0.0,0.0,0.0,0.0,0.0,0.0,0.0,0.0,0.0,0.0,0.0
3385,23,29,1004,0.39,42.25,19.74,40.91,18.35,42.82,45.83,2.4,0.4,45.75,27.88,50.0,89.2,42.46,19.59,41.81,1.0,31.2,22.99,40.0,0.1,23.0,0.0,0.0,6.1,39.45,20.43,62.29,0.8,53.87,24.84,12.5,0.0,0.0,447.0
3386,23,30,0,0.0,0.0,0.0,0.0,0.0,0.0,0.0,0.0,0.0,0.0,0.0,0.0,0.0,0.0,0.0,0.0,0.0,0.0,0.0,0.0,0.0,0.0,0.0,0.0,0.0,0.0,0.0,0.0,0.0,0.0,0.0,0.0,0.0,0.0,0.0
3387,23,31,1032,0.38,41.82,19.65,59.0,24.57,42.73,60.0,1.94,0.0,0.0,0.0,0.0,91.14,41.12,19.33,41.19,1.07,46.63,12.01,100.0,0.19,54.0,28.28,0.0,4.28,43.4,20.36,54.54,1.36,48.07,23.42,42.85,0.0,0.0,534.0
3388,23,34,938,0.42,44.72,18.73,45.0,21.89,41.79,33.33,0.96,0.1,25.0,0.0,100.0,89.29,44.17,18.44,40.64,1.28,41.33,17.38,58.33,0.21,54.5,2.12,0.0,5.13,47.27,19.62,68.75,2.99,59.07,19.81,28.57,0.0,0.0,503.0
3389,23,35,0,0.0,0.0,0.0,0.0,0.0,0.0,0.0,0.0,0.0,0.0,0.0,0.0,0.0,0.0,0.0,0.0,0.0,0.0,0.0,0.0,0.0,0.0,0.0,0.0,0.0,0.0,0.0,0.0,0.0,0.0,0.0,0.0,0.0,0.0,0.0
3390,23,37,942,1.27,44.22,20.64,35.33,24.81,39.8,50.0,0.64,0.1,48.0,0.0,0.0,83.76,44.35,20.77,34.91,0.43,39.25,8.95,50.0,0.1,67.0,0.0,0.0,13.76,42.28,20.34,72.65,1.18,59.18,16.79,9.09,0.0,0.0,566.0
3391,23,38,0,0.0,0.0,0.0,0.0,0.0,0.0,0.0,0.0,0.0,0.0,0.0,0.0,0.0,0.0,0.0,0.0,0.0,0.0,0.0,0.0,0.0,0.0,0.0,0.0,0.0,0.0,0.0,0.0,0.0,0.0,0.0,0.0,0.0,0.0,0.0
3392,23,39,0,0.0,0.0,0.0,0.0,0.0,0.0,0.0,0.0,0.0,0.0,0.0,0.0,0.0,0.0,0.0,0.0,0.0,0.0,0.0,0.0,0.0,0.0,0.0,0.0,0.0,0.0,0.0,0.0,0.0,0.0,0.0,0.0,0.0,0.0,0.0
3393,23,40,859,2.67,46.0,20.01,51.41,25.25,40.74,91.66,1.43,0.11,0.0,0.0,0.0,84.56,44.66,19.6,42.99,1.67,39.64,15.42,21.42,0.95,39.0,25.14,25.0,7.89,53.74,17.22,27.27,3.34,55.85,20.21,14.28,0.0,0.0,486.0
3394,23,41,0,0.0,0.0,0.0,0.0,0.0,0.0,0.0,0.0,0.0,0.0,0.0,0.0,0.0,0.0,0.0,0.0,0.0,0.0,0.0,0.0,0.0,0.0,0.0,0.0,0.0,0.0,0.0,0.0,0.0,0.0,0.0,0.0,0.0,0.0,0.0
3395,23,42,837,2.86,43.44,19.41,47.87,13.62,41.57,41.66,2.95,0.24,28.0,39.59,0.0,81.67,42.99,19.18,42.46,1.84,42.33,8.56,60.0,0.36,44.0,20.66,0.0,9.22,43.6,19.23,32.0,3.69,43.03,24.47,36.66,0.0,0.0,462.0
3396,23,44,0,0.0,0.0,0.0,0.0,0.0,0.0,0.0,0.0,0.0,0.0,0.0,0.0,0.0,0.0,0.0,0.0,0.0,0.0,0.0,0.0,0.0,0.0,0.0,0.0,0.0,0.0,0.0,0.0,0.0,0.0,0.0,0.0,0.0,0.0,0.0
3397,23,45,0,0.0,0.0,0.0,0.0,0.0,0.0,0.0,0.0,0.0,0.0,0.0,0.0,0.0,0.0,0.0,0.0,0.0,0.0,0.0,0.0,0.0,0.0,0.0,0.0,0.0,0.0,0.0,0.0,0.0,0.0,0.0,0.0,0.0,0.0,0.0
3398,23,48,0,0.0,0.0,0.0,0.0,0.0,0.0,0.0,0.0,0.0,0.0,0.0,0.0,0.0,0.0,0.0,0.0,0.0,0.0,0.0,0.0,0.0,0.0,0.0,0.0,0.0,0.0,0.0,0.0,0.0,0.0,0.0,0.0,0.0,0.0,0.0
3399,23,50,0,0.0,0.0,0.0,0.0,0.0,0.0,0.0,0.0,0.0,0.0,0.0,0.0,0.0,0.0,0.0,0.0,0.0,0.0,0.0,0.0,0.0,0.0,0.0,0.0,0.0,0.0,0.0,0.0,0.0,0.0,0.0,0.0,0.0,0.0,0.0
3400,23,52,1028,0.97,43.28,19.4,52.77,25.56,38.91,55.55,1.76,0.19,31.5,9.19,50.0,91.15,42.3,19.24,39.54,0.68,41.14,23.34,42.85,1.17,59.83,14.54,16.66,2.75,50.85,17.15,42.85,2.25,56.04,9.36,13.04,0.0,0.0,539.0
3401,23,53,0,0.0,0.0,0.0,0.0,0.0,0.0,0.0,0.0,0.0,0.0,0.0,0.0,0.0,0.0,0.0,0.0,0.0,0.0,0.0,0.0,0.0,0.0,0.0,0.0,0.0,0.0,0.0,0.0,0.0,0.0,0.0,0.0,0.0,0.0,0.0
3402,23,54,0,0.0,0.0,0.0,0.0,0.0,0.0,0.0,0.0,0.0,0.0,0.0,0.0,0.0,0.0,0.0,0.0,0.0,0.0,0.0,0.0,0.0,0.0,0.0,0.0,0.0,0.0,0.0,0.0,0.0,0.0,0.0,0.0,0.0,0.0,0.0
3403,23,55,982,4.78,41.86,18.03,53.07,12.99,43.17,35.71,1.49,0.85,55.25,21.39,37.5,83.2,40.51,17.54,43.57,1.49,37.64,13.88,64.28,1.06,44.4,11.57,40.0,9.3,42.78,19.32,36.78,2.56,50.04,18.97,33.33,0.0,0.0,451.0
3404,23,56,891,0.44,43.79,19.92,33.0,29.54,42.87,33.33,0.33,0.22,66.0,42.42,50.0,82.07,43.42,19.93,33.1,0.33,24.33,21.07,66.66,0.11,32.0,0.0,100.0,16.68,45.62,18.87,90.54,0.22,50.0,25.45,0.0,0.0,0.0,556.0
3405,23,57,0,0.0,0.0,0.0,0.0,0.0,0.0,0.0,0.0,0.0,0.0,0.0,0.0,0.0,0.0,0.0,0.0,0.0,0.0,0.0,0.0,0.0,0.0,0.0,0.0,0.0,0.0,0.0,0.0,0.0,0.0,0.0,0.0,0.0,0.0,0.0
3406,23,59,0,0.0,0.0,0.0,0.0,0.0,0.0,0.0,0.0,0.0,0.0,0.0,0.0,0.0,0.0,0.0,0.0,0.0,0.0,0.0,0.0,0.0,0.0,0.0,0.0,0.0,0.0,0.0,0.0,0.0,0.0,0.0,0.0,0.0,0.0,0.0
3407,23,61,0,0.0,0.0,0.0,0.0,0.0,0.0,0.0,0.0,0.0,0.0,0.0,0.0,0.0,0.0,0.0,0.0,0.0,0.0,0.0,0.0,0.0,0.0,0.0,0.0,0.0,0.0,0.0,0.0,0.0,0.0,0.0,0.0,0.0,0.0,0.0
3408,23,64,0,0.0,0.0,0.0,0.0,0.0,0.0,0.0,0.0,0.0,0.0,0.0,0.0,0.0,0.0,0.0,0.0,0.0,0.0,0.0,0.0,0.0,0.0,0.0,0.0,0.0,0.0,0.0,0.0,0.0,0.0,0.0,0.0,0.0,0.0,0.0
3409,23,65,0,0.0,0.0,0.0,0.0,0.0,0.0,0.0,0.0,0.0,0.0,0.0,0.0,0.0,0.0,0.0,0.0,0.0,0.0,0.0,0.0,0.0,0.0,0.0,0.0,0.0,0.0,0.0,0.0,0.0,0.0,0.0,0.0,0.0,0.0,0.0
3410,23,69,0,0.0,0.0,0.0,0.0,0.0,0.0,0.0,0.0,0.0,0.0,0.0,0.0,0.0,0.0,0.0,0.0,0.0,0.0,0.0,0.0,0.0,0.0,0.0,0.0,0.0,0.0,0.0,0.0,0.0,0.0,0.0,0.0,0.0,0.0,0.0
3411,23,70,0,0.0,0.0,0.0,0.0,0.0,0.0,0.0,0.0,0.0,0.0,0.0,0.0,0.0,0.0,0.0,0.0,0.0,0.0,0.0,0.0,0.0,0.0,0.0,0.0,0.0,0.0,0.0,0.0,0.0,0.0,0.0,0.0,0.0,0.0,0.0
3412,23,71,0,0.0,0.0,0.0,0.0,0.0,0.0,0.0,0.0,0.0,0.0,0.0,0.0,0.0,0.0,0.0,0.0,0.0,0.0,0.0,0.0,0.0,0.0,0.0,0.0,0.0,0.0,0.0,0.0,0.0,0.0,0.0,0.0,0.0,0.0,0.0
3413,23,72,0,0.0,0.0,0.0,0.0,0.0,0.0,0.0,0.0,0.0,0.0,0.0,0.0,0.0,0.0,0.0,0.0,0.0,0.0,0.0,0.0,0.0,0.0,0.0,0.0,0.0,0.0,0.0,0.0,0.0,0.0,0.0,0.0,0.0,0.0,0.0
3414,23,75,932,1.18,44.02,17.38,45.15,17.81,42.48,46.15,1.41,0.21,55.0,32.52,50.0,89.46,43.54,17.37,40.77,1.62,38.86,13.77,80.0,0.0,0.0,0.0,0.0,5.86,45.35,16.68,59.25,1.41,59.46,14.28,38.46,0.0,0.0,493.0
3415,23,76,606,1.98,41.25,17.71,52.81,14.88,44.71,56.25,2.69,0.16,83.0,0.0,100.0,89.05,39.9,17.46,45.36,1.34,39.37,5.82,87.5,0.84,43.4,12.44,0.0,3.03,50.66,19.64,22.22,2.86,49.94,19.05,23.52,0.0,0.0,321.0
3416,23,77,639,2.66,41.25,20.01,45.43,21.2,40.37,50.0,2.57,0.48,55.66,16.19,33.33,87.62,39.78,19.39,41.65,0.64,47.5,33.04,50.0,0.96,53.5,7.6,50.0,4.5,49.32,20.34,28.57,3.21,44.55,25.51,20.0,0.0,0.0,311.0
3417,23,78,1093,2.74,41.97,18.91,55.04,19.31,43.18,60.0,2.35,0.37,62.25,17.03,50.0,90.78,40.43,18.35,44.04,1.03,44.09,25.5,63.63,0.56,54.16,17.49,16.66,2.72,51.41,16.29,20.68,2.16,53.56,23.47,34.78,0.0,0.0,631.0
3418,23,83,0,0.0,0.0,0.0,0.0,0.0,0.0,0.0,0.0,0.0,0.0,0.0,0.0,0.0,0.0,0.0,0.0,0.0,0.0,0.0,0.0,0.0,0.0,0.0,0.0,0.0,0.0,0.0,0.0,0.0,0.0,0.0,0.0,0.0,0.0,0.0
3419,23,84,1035,2.8,41.31,18.67,37.44,18.79,41.25,44.44,0.89,0.49,44.4,29.36,40.0,89.46,39.96,18.42,42.11,1.29,41.0,16.81,61.53,1.59,45.62,10.23,31.25,3.47,50.25,14.53,34.28,2.78,52.64,18.43,28.57,0.0,0.0,575.0
3420,23,88,0,0.0,0.0,0.0,0.0,0.0,0.0,0.0,0.0,0.0,0.0,0.0,0.0,0.0,0.0,0.0,0.0,0.0,0.0,0.0,0.0,0.0,0.0,0.0,0.0,0.0,0.0,0.0,0.0,0.0,0.0,0.0,0.0,0.0,0.0,0.0
3421,23,89,0,0.0,0.0,0.0,0.0,0.0,0.0,0.0,0.0,0.0,0.0,0.0,0.0,0.0,0.0,0.0,0.0,0.0,0.0,0.0,0.0,0.0,0.0,0.0,0.0,0.0,0.0,0.0,0.0,0.0,0.0,0.0,0.0,0.0,0.0,0.0
3422,23,93,1019,5.49,44.16,19.04,46.57,25.25,42.49,57.14,2.9,1.34,54.23,26.34,53.84,82.13,42.96,18.18,44.75,2.69,46.19,18.77,38.46,1.14,44.63,17.19,27.27,6.43,49.37,19.94,33.87,3.32,53.25,21.17,21.87,0.0,0.0,519.0
3423,23,94,0,0.0,0.0,0.0,0.0,0.0,0.0,0.0,0.0,0.0,0.0,0.0,0.0,0.0,0.0,0.0,0.0,0.0,0.0,0.0,0.0,0.0,0.0,0.0,0.0,0.0,0.0,0.0,0.0,0.0,0.0,0.0,0.0,0.0,0.0,0.0
3424,23,95,970,6.59,45.2,19.43,55.55,13.87,42.06,55.55,1.98,1.76,63.5,31.59,25.0,84.65,42.87,18.44,43.41,3.31,47.3,15.32,46.66,0.22,64.5,2.12,0.0,4.85,52.25,17.09,36.36,3.2,55.37,18.99,24.13,0.0,0.0,536.0
3425,23,97,0,0.0,0.0,0.0,0.0,0.0,0.0,0.0,0.0,0.0,0.0,0.0,0.0,0.0,0.0,0.0,0.0,0.0,0.0,0.0,0.0,0.0,0.0,0.0,0.0,0.0,0.0,0.0,0.0,0.0,0.0,0.0,0.0,0.0,0.0,0.0
3426,23,98,979,3.88,43.2,17.64,44.29,19.51,42.18,23.52,1.8,0.31,62.66,26.63,66.66,88.84,42.54,17.22,43.06,1.7,35.93,13.94,62.5,0.42,46.25,12.76,25.0,4.46,44.83,16.83,21.42,2.44,51.3,21.25,39.13,0.0,0.0,533.0
3427,23,99,0,0.0,0.0,0.0,0.0,0.0,0.0,0.0,0.0,0.0,0.0,0.0,0.0,0.0,0.0,0.0,0.0,0.0,0.0,0.0,0.0,0.0,0.0,0.0,0.0,0.0,0.0,0.0,0.0,0.0,0.0,0.0,0.0,0.0,0.0,0.0
3428,23,101,768,1.3,45.48,20.86,37.66,19.13,39.71,22.22,1.18,0.0,0.0,0.0,0.0,81.53,45.26,21.19,32.52,0.13,47.0,0.0,100.0,0.0,0.0,0.0,0.0,15.56,46.56,19.38,78.81,1.58,48.5,21.6,16.66,0.0,0.0,483.0
3429,23,104,0,0.0,0.0,0.0,0.0,0.0,0.0,0.0,0.0,0.0,0.0,0.0,0.0,0.0,0.0,0.0,0.0,0.0,0.0,0.0,0.0,0.0,0.0,0.0,0.0,0.0,0.0,0.0,0.0,0.0,0.0,0.0,0.0,0.0,0.0,0.0
3430,23,110,0,0.0,0.0,0.0,0.0,0.0,0.0,0.0,0.0,0.0,0.0,0.0,0.0,0.0,0.0,0.0,0.0,0.0,0.0,0.0,0.0,0.0,0.0,0.0,0.0,0.0,0.0,0.0,0.0,0.0,0.0,0.0,0.0,0.0,0.0,0.0
3431,23,111,712,3.37,40.52,17.91,48.16,20.19,41.43,50.0,2.61,0.58,51.75,12.78,25.0,87.06,39.23,17.6,41.23,1.45,39.7,18.77,90.0,0.43,41.0,11.26,33.33,4.36,41.63,15.2,30.0,3.48,52.29,20.25,50.0,0.0,0.0,143.0
3432,23,112,791,3.03,42.06,17.72,48.15,19.84,41.84,38.46,1.69,0.65,70.4,12.54,60.0,86.83,41.32,17.19,42.94,0.65,42.8,13.17,80.0,1.56,46.16,13.54,33.33,5.86,37.22,18.58,22.22,2.73,53.0,20.08,33.33,0.0,0.0,302.0
3433,23,114,0,0.0,0.0,0.0,0.0,0.0,0.0,0.0,0.0,0.0,0.0,0.0,0.0,0.0,0.0,0.0,0.0,0.0,0.0,0.0,0.0,0.0,0.0,0.0,0.0,0.0,0.0,0.0,0.0,0.0,0.0,0.0,0.0,0.0,0.0,0.0
3434,23,115,0,0.0,0.0,0.0,0.0,0.0,0.0,0.0,0.0,0.0,0.0,0.0,0.0,0.0,0.0,0.0,0.0,0.0,0.0,0.0,0.0,0.0,0.0,0.0,0.0,0.0,0.0,0.0,0.0,0.0,0.0,0.0,0.0,0.0,0.0,0.0
3435,23,116,0,0.0,0.0,0.0,0.0,0.0,0.0,0.0,0.0,0.0,0.0,0.0,0.0,0.0,0.0,0.0,0.0,0.0,0.0,0.0,0.0,0.0,0.0,0.0,0.0,0.0,0.0,0.0,0.0,0.0,0.0,0.0,0.0,0.0,0.0,0.0
3436,23,117,0,0.0,0.0,0.0,0.0,0.0,0.0,0.0,0.0,0.0,0.0,0.0,0.0,0.0,0.0,0.0,0.0,0.0,0.0,0.0,0.0,0.0,0.0,0.0,0.0,0.0,0.0,0.0,0.0,0.0,0.0,0.0,0.0,0.0,0.0,0.0
3437,23,121,860,2.9,46.44,20.34,51.86,20.54,39.18,46.66,1.79,0.35,70.0,10.58,100.0,87.3,45.48,19.8,39.23,1.19,46.8,22.25,60.0,2.27,46.57,25.16,26.31,4.19,45.37,20.59,37.14,2.87,59.45,16.01,33.33,0.0,0.0,492.0
3438,23,124,597,6.7,42.68,18.48,53.0,12.74,42.54,75.0,2.15,0.53,43.0,11.53,33.33,82.04,40.25,17.79,42.45,1.07,31.0,18.34,83.33,1.25,33.71,19.11,42.85,7.89,44.11,15.29,34.09,5.02,56.5,19.86,28.57,0.0,0.0,347.0
3439,23,127,0,0.0,0.0,0.0,0.0,0.0,0.0,0.0,0.0,0.0,0.0,0.0,0.0,0.0,0.0,0.0,0.0,0.0,0.0,0.0,0.0,0.0,0.0,0.0,0.0,0.0,0.0,0.0,0.0,0.0,0.0,0.0,0.0,0.0,0.0,0.0
3440,23,130,0,0.0,0.0,0.0,0.0,0.0,0.0,0.0,0.0,0.0,0.0,0.0,0.0,0.0,0.0,0.0,0.0,0.0,0.0,0.0,0.0,0.0,0.0,0.0,0.0,0.0,0.0,0.0,0.0,0.0,0.0,0.0,0.0,0.0,0.0,0.0
3441,23,132,711,2.1,44.43,18.01,51.91,13.57,40.78,66.66,1.72,0.57,53.25,15.34,100.0,85.2,43.66,17.95,41.14,1.72,39.16,14.11,58.33,0.57,40.25,15.32,25.0,7.47,46.25,19.81,34.61,2.72,54.21,18.75,21.05,0.0,0.0,461.0
3442,23,134,0,0.0,0.0,0.0,0.0,0.0,0.0,0.0,0.0,0.0,0.0,0.0,0.0,0.0,0.0,0.0,0.0,0.0,0.0,0.0,0.0,0.0,0.0,0.0,0.0,0.0,0.0,0.0,0.0,0.0,0.0,0.0,0.0,0.0,0.0,0.0
3443,23,135,0,0.0,0.0,0.0,0.0,0.0,0.0,0.0,0.0,0.0,0.0,0.0,0.0,0.0,0.0,0.0,0.0,0.0,0.0,0.0,0.0,0.0,0.0,0.0,0.0,0.0,0.0,0.0,0.0,0.0,0.0,0.0,0.0,0.0,0.0,0.0
3444,23,138,790,1.77,41.23,17.92,40.86,24.03,41.26,46.66,1.93,0.0,0.0,0.0,0.0,86.72,40.87,17.57,41.15,0.77,32.33,21.71,16.66,0.77,43.16,10.7,33.33,7.34,42.54,16.49,50.87,2.44,46.94,21.42,26.31,0.0,0.0,416.0
3445,23,139,0,0.0,0.0,0.0,0.0,0.0,0.0,0.0,0.0,0.0,0.0,0.0,0.0,0.0,0.0,0.0,0.0,0.0,0.0,0.0,0.0,0.0,0.0,0.0,0.0,0.0,0.0,0.0,0.0,0.0,0.0,0.0,0.0,0.0,0.0,0.0
3446,23,141,0,0.0,0.0,0.0,0.0,0.0,0.0,0.0,0.0,0.0,0.0,0.0,0.0,0.0,0.0,0.0,0.0,0.0,0.0,0.0,0.0,0.0,0.0,0.0,0.0,0.0,0.0,0.0,0.0,0.0,0.0,0.0,0.0,0.0,0.0,0.0
3447,23,142,0,0.0,0.0,0.0,0.0,0.0,0.0,0.0,0.0,0.0,0.0,0.0,0.0,0.0,0.0,0.0,0.0,0.0,0.0,0.0,0.0,0.0,0.0,0.0,0.0,0.0,0.0,0.0,0.0,0.0,0.0,0.0,0.0,0.0,0.0,0.0
3448,23,147,0,0.0,0.0,0.0,0.0,0.0,0.0,0.0,0.0,0.0,0.0,0.0,0.0,0.0,0.0,0.0,0.0,0.0,0.0,0.0,0.0,0.0,0.0,0.0,0.0,0.0,0.0,0.0,0.0,0.0,0.0,0.0,0.0,0.0,0.0,0.0
3449,23,148,0,0.0,0.0,0.0,0.0,0.0,0.0,0.0,0.0,0.0,0.0,0.0,0.0,0.0,0.0,0.0,0.0,0.0,0.0,0.0,0.0,0.0,0.0,0.0,0.0,0.0,0.0,0.0,0.0,0.0,0.0,0.0,0.0,0.0,0.0,0.0
3450,23,149,0,0.0,0.0,0.0,0.0,0.0,0.0,0.0,0.0,0.0,0.0,0.0,0.0,0.0,0.0,0.0,0.0,0.0,0.0,0.0,0.0,0.0,0.0,0.0,0.0,0.0,0.0,0.0,0.0,0.0,0.0,0.0,0.0,0.0,0.0,0.0
3451,23,151,0,0.0,0.0,0.0,0.0,0.0,0.0,0.0,0.0,0.0,0.0,0.0,0.0,0.0,0.0,0.0,0.0,0.0,0.0,0.0,0.0,0.0,0.0,0.0,0.0,0.0,0.0,0.0,0.0,0.0,0.0,0.0,0.0,0.0,0.0,0.0
3452,23,152,934,4.71,46.11,19.06,41.6,19.11,37.68,33.33,3.7,0.78,45.71,14.94,57.14,80.33,45.14,18.54,38.6,1.23,35.9,14.94,63.63,1.23,53.18,23.86,18.18,10.11,46.61,18.63,28.88,2.58,61.26,18.67,52.17,0.0,0.0,568.0
3453,23,153,0,0.0,0.0,0.0,0.0,0.0,0.0,0.0,0.0,0.0,0.0,0.0,0.0,0.0,0.0,0.0,0.0,0.0,0.0,0.0,0.0,0.0,0.0,0.0,0.0,0.0,0.0,0.0,0.0,0.0,0.0,0.0,0.0,0.0,0.0,0.0
3454,23,154,0,0.0,0.0,0.0,0.0,0.0,0.0,0.0,0.0,0.0,0.0,0.0,0.0,0.0,0.0,0.0,0.0,0.0,0.0,0.0,0.0,0.0,0.0,0.0,0.0,0.0,0.0,0.0,0.0,0.0,0.0,0.0,0.0,0.0,0.0,0.0
3455,23,157,842,4.75,43.59,20.45,41.19,23.97,38.12,42.3,3.24,0.37,77.33,9.86,66.66,84.03,42.42,19.61,38.87,1.99,34.68,20.26,56.25,1.37,55.54,8.86,18.18,7.1,48.71,19.32,24.56,1.87,46.93,30.81,20.0,0.0,0.0,528.0
3456,23,158,770,5.71,44.55,18.82,44.25,21.94,40.9,42.85,4.82,0.55,36.75,25.02,50.0,81.95,43.54,18.53,42.35,1.51,41.72,22.87,63.63,0.55,46.25,4.34,25.0,9.09,44.27,16.45,31.81,1.51,52.36,15.37,18.18,0.0,0.0,436.0
3457,23,159,885,2.93,43.75,19.7,34.53,20.32,42.93,40.0,1.74,0.23,26.0,36.76,50.0,84.98,43.3,19.76,42.73,1.86,40.06,15.03,81.25,1.04,52.33,15.92,44.44,8.03,43.44,16.14,30.43,2.09,57.33,18.7,55.55,0.0,0.0,442.0
3458,23,161,0,0.0,0.0,0.0,0.0,0.0,0.0,0.0,0.0,0.0,0.0,0.0,0.0,0.0,0.0,0.0,0.0,0.0,0.0,0.0,0.0,0.0,0.0,0.0,0.0,0.0,0.0,0.0,0.0,0.0,0.0,0.0,0.0,0.0,0.0,0.0
3459,23,162,0,0.0,0.0,0.0,0.0,0.0,0.0,0.0,0.0,0.0,0.0,0.0,0.0,0.0,0.0,0.0,0.0,0.0,0.0,0.0,0.0,0.0,0.0,0.0,0.0,0.0,0.0,0.0,0.0,0.0,0.0,0.0,0.0,0.0,0.0,0.0
3460,23,163,0,0.0,0.0,0.0,0.0,0.0,0.0,0.0,0.0,0.0,0.0,0.0,0.0,0.0,0.0,0.0,0.0,0.0,0.0,0.0,0.0,0.0,0.0,0.0,0.0,0.0,0.0,0.0,0.0,0.0,0.0,0.0,0.0,0.0,0.0,0.0
3461,23,164,0,0.0,0.0,0.0,0.0,0.0,0.0,0.0,0.0,0.0,0.0,0.0,0.0,0.0,0.0,0.0,0.0,0.0,0.0,0.0,0.0,0.0,0.0,0.0,0.0,0.0,0.0,0.0,0.0,0.0,0.0,0.0,0.0,0.0,0.0,0.0
3462,23,165,911,4.39,44.67,19.07,53.18,20.04,41.27,68.75,1.83,0.45,70.75,15.75,75.0,86.33,43.2,18.83,42.42,1.03,45.11,16.37,55.55,1.95,43.35,20.63,29.41,5.85,50.8,15.32,23.52,2.52,52.72,22.12,40.9,0.0,0.0,520.0
3463,23,166,831,2.64,42.62,19.62,40.73,19.92,42.35,48.07,6.42,1.35,40.27,17.06,45.45,80.34,41.76,19.45,43.07,2.22,46.38,11.27,44.44,0.49,61.25,10.87,25.0,7.29,46.86,21.02,27.11,1.85,54.66,25.56,53.33,0.0,0.0,458.0
3464,23,167,883,4.19,42.21,18.28,51.08,16.21,41.67,41.66,2.83,0.59,47.4,33.57,60.0,84.86,40.89,17.32,43.45,2.6,39.13,23.52,45.45,0.59,49.2,29.65,20.0,6.02,45.9,18.66,21.56,2.48,56.61,16.77,47.61,0.0,0.0,511.0
3465,23,168,905,2.54,42.49,18.32,39.36,18.89,42.09,36.36,2.49,0.56,50.6,20.45,40.0,86.62,42.11,18.14,42.8,2.6,40.39,15.37,69.56,1.02,49.55,19.77,22.22,4.76,44.19,19.78,38.09,1.92,43.82,20.79,11.76,0.0,0.0,473.0
3466,23,169,822,2.06,40.71,18.07,48.5,19.07,43.55,45.45,2.73,0.12,27.0,0.0,0.0,87.57,39.85,17.79,43.82,1.73,36.28,12.83,71.42,0.74,39.16,14.26,50.0,4.09,46.84,21.29,18.18,2.98,46.29,15.45,41.66,0.0,0.0,402.0
3467,23,172,846,5.08,44.19,19.53,46.75,24.38,41.96,37.93,3.61,0.37,53.33,20.03,33.33,87.29,43.16,19.02,43.08,2.11,39.58,19.5,70.58,0.99,43.25,15.8,12.5,3.86,46.83,13.36,25.8,1.74,57.5,18.2,35.71,0.0,0.0,521.0
3468,23,174,0,0.0,0.0,0.0,0.0,0.0,0.0,0.0,0.0,0.0,0.0,0.0,0.0,0.0,0.0,0.0,0.0,0.0,0.0,0.0,0.0,0.0,0.0,0.0,0.0,0.0,0.0,0.0,0.0,0.0,0.0,0.0,0.0,0.0,0.0,0.0
3469,23,176,0,0.0,0.0,0.0,0.0,0.0,0.0,0.0,0.0,0.0,0.0,0.0,0.0,0.0,0.0,0.0,0.0,0.0,0.0,0.0,0.0,0.0,0.0,0.0,0.0,0.0,0.0,0.0,0.0,0.0,0.0,0.0,0.0,0.0,0.0,0.0
3470,23,177,0,0.0,0.0,0.0,0.0,0.0,0.0,0.0,0.0,0.0,0.0,0.0,0.0,0.0,0.0,0.0,0.0,0.0,0.0,0.0,0.0,0.0,0.0,0.0,0.0,0.0,0.0,0.0,0.0,0.0,0.0,0.0,0.0,0.0,0.0,0.0
3471,23,178,1019,5.0,46.64,20.01,49.83,24.54,39.64,29.16,2.47,0.41,37.5,43.33,25.0,85.33,45.98,19.47,40.43,1.54,42.46,18.98,46.66,1.23,43.75,17.24,25.0,5.88,45.49,18.92,28.07,3.09,53.2,22.6,46.66,0.0,0.0,617.0
3472,23,180,0,0.0,0.0,0.0,0.0,0.0,0.0,0.0,0.0,0.0,0.0,0.0,0.0,0.0,0.0,0.0,0.0,0.0,0.0,0.0,0.0,0.0,0.0,0.0,0.0,0.0,0.0,0.0,0.0,0.0,0.0,0.0,0.0,0.0,0.0,0.0
3473,23,181,0,0.0,0.0,0.0,0.0,0.0,0.0,0.0,0.0,0.0,0.0,0.0,0.0,0.0,0.0,0.0,0.0,0.0,0.0,0.0,0.0,0.0,0.0,0.0,0.0,0.0,0.0,0.0,0.0,0.0,0.0,0.0,0.0,0.0,0.0,0.0
3474,23,183,0,0.0,0.0,0.0,0.0,0.0,0.0,0.0,0.0,0.0,0.0,0.0,0.0,0.0,0.0,0.0,0.0,0.0,0.0,0.0,0.0,0.0,0.0,0.0,0.0,0.0,0.0,0.0,0.0,0.0,0.0,0.0,0.0,0.0,0.0,0.0
3475,23,186,1319,0.3,41.92,19.63,41.06,20.75,41.09,37.5,1.21,0.07,56.0,0.0,100.0,90.79,41.87,19.72,40.11,0.68,33.11,16.75,33.33,0.68,49.66,19.6,22.22,5.01,42.37,18.23,71.21,1.52,43.15,21.13,15.0,0.0,0.0,680.0
3476,23,190,0,0.0,0.0,0.0,0.0,0.0,0.0,0.0,0.0,0.0,0.0,0.0,0.0,0.0,0.0,0.0,0.0,0.0,0.0,0.0,0.0,0.0,0.0,0.0,0.0,0.0,0.0,0.0,0.0,0.0,0.0,0.0,0.0,0.0,0.0,0.0
3477,23,191,1156,0.25,39.87,17.18,32.84,20.82,43.59,38.46,1.12,0.17,36.5,12.02,50.0,90.28,39.64,17.11,42.84,1.04,35.58,9.39,50.0,0.0,0.0,0.0,0.0,5.46,44.6,15.76,61.9,1.9,44.22,21.79,27.27,0.0,0.0,507.0
3478,23,192,1041,0.19,41.75,19.68,38.54,20.57,42.65,81.81,1.05,0.19,46.5,14.84,50.0,87.19,41.91,19.9,37.85,0.28,40.0,15.71,33.33,0.28,48.66,16.5,66.66,9.14,42.24,17.87,84.21,1.82,33.57,19.65,36.84,0.0,0.0,460.0
3479,23,193,0,0.0,0.0,0.0,0.0,0.0,0.0,0.0,0.0,0.0,0.0,0.0,0.0,0.0,0.0,0.0,0.0,0.0,0.0,0.0,0.0,0.0,0.0,0.0,0.0,0.0,0.0,0.0,0.0,0.0,0.0,0.0,0.0,0.0,0.0,0.0
3480,23,194,0,0.0,0.0,0.0,0.0,0.0,0.0,0.0,0.0,0.0,0.0,0.0,0.0,0.0,0.0,0.0,0.0,0.0,0.0,0.0,0.0,0.0,0.0,0.0,0.0,0.0,0.0,0.0,0.0,0.0,0.0,0.0,0.0,0.0,0.0,0.0
3481,23,202,0,0.0,0.0,0.0,0.0,0.0,0.0,0.0,0.0,0.0,0.0,0.0,0.0,0.0,0.0,0.0,0.0,0.0,0.0,0.0,0.0,0.0,0.0,0.0,0.0,0.0,0.0,0.0,0.0,0.0,0.0,0.0,0.0,0.0,0.0,0.0
3482,23,203,0,0.0,0.0,0.0,0.0,0.0,0.0,0.0,0.0,0.0,0.0,0.0,0.0,0.0,0.0,0.0,0.0,0.0,0.0,0.0,0.0,0.0,0.0,0.0,0.0,0.0,0.0,0.0,0.0,0.0,0.0,0.0,0.0,0.0,0.0,0.0
3483,23,211,939,2.12,43.14,18.96,55.81,21.34,40.78,31.81,2.39,0.43,47.75,33.56,50.0,86.72,42.04,18.39,41.9,0.97,41.11,26.06,44.44,0.76,39.71,9.46,28.57,5.44,43.46,15.91,34.0,3.26,56.36,25.76,30.0,0.0,0.0,508.0
3484,23,212,953,1.57,41.72,19.26,46.75,13.82,43.23,56.25,1.7,0.42,30.75,11.08,50.0,88.48,41.08,19.15,43.61,1.91,43.55,16.74,50.0,0.21,38.0,15.55,0.0,4.9,49.19,19.19,26.08,2.23,47.14,25.11,47.61,0.0,0.0,560.0
3485,23,213,0,0.0,0.0,0.0,0.0,0.0,0.0,0.0,0.0,0.0,0.0,0.0,0.0,0.0,0.0,0.0,0.0,0.0,0.0,0.0,0.0,0.0,0.0,0.0,0.0,0.0,0.0,0.0,0.0,0.0,0.0,0.0,0.0,0.0,0.0,0.0
3486,23,215,874,4.46,45.42,19.42,54.72,17.61,42.21,60.0,2.99,0.47,68.75,17.95,25.0,87.3,43.94,18.93,43.34,0.71,41.83,9.23,33.33,0.47,38.0,11.69,50.0,5.38,44.2,18.37,28.88,2.63,59.9,20.93,27.27,0.0,0.0,528.0
3487,23,219,1002,6.98,43.33,19.04,45.53,19.03,42.01,47.69,6.97,1.18,64.45,18.06,36.36,83.15,41.21,18.09,42.45,1.5,37.78,12.68,71.42,1.6,48.93,14.37,40.0,3.43,51.75,17.43,25.0,2.14,60.8,16.47,40.0,0.0,0.0,575.0
3488,23,224,0,0.0,0.0,0.0,0.0,0.0,0.0,0.0,0.0,0.0,0.0,0.0,0.0,0.0,0.0,0.0,0.0,0.0,0.0,0.0,0.0,0.0,0.0,0.0,0.0,0.0,0.0,0.0,0.0,0.0,0.0,0.0,0.0,0.0,0.0,0.0
3489,23,225,0,0.0,0.0,0.0,0.0,0.0,0.0,0.0,0.0,0.0,0.0,0.0,0.0,0.0,0.0,0.0,0.0,0.0,0.0,0.0,0.0,0.0,0.0,0.0,0.0,0.0,0.0,0.0,0.0,0.0,0.0,0.0,0.0,0.0,0.0,0.0
3490,23,228,0,0.0,0.0,0.0,0.0,0.0,0.0,0.0,0.0,0.0,0.0,0.0,0.0,0.0,0.0,0.0,0.0,0.0,0.0,0.0,0.0,0.0,0.0,0.0,0.0,0.0,0.0,0.0,0.0,0.0,0.0,0.0,0.0,0.0,0.0,0.0
3491,23,232,743,3.63,40.93,17.76,44.56,21.3,41.99,34.78,3.21,0.27,51.0,41.01,50.0,86.45,39.94,17.0,43.45,2.09,39.73,11.88,66.66,0.41,23.33,20.42,33.33,5.86,46.16,21.23,19.04,1.67,55.83,16.04,50.0,0.0,0.0,405.0
3492,23,235,0,0.0,0.0,0.0,0.0,0.0,0.0,0.0,0.0,0.0,0.0,0.0,0.0,0.0,0.0,0.0,0.0,0.0,0.0,0.0,0.0,0.0,0.0,0.0,0.0,0.0,0.0,0.0,0.0,0.0,0.0,0.0,0.0,0.0,0.0,0.0
3493,23,236,0,0.0,0.0,0.0,0.0,0.0,0.0,0.0,0.0,0.0,0.0,0.0,0.0,0.0,0.0,0.0,0.0,0.0,0.0,0.0,0.0,0.0,0.0,0.0,0.0,0.0,0.0,0.0,0.0,0.0,0.0,0.0,0.0,0.0,0.0,0.0
3494,23,239,0,0.0,0.0,0.0,0.0,0.0,0.0,0.0,0.0,0.0,0.0,0.0,0.0,0.0,0.0,0.0,0.0,0.0,0.0,0.0,0.0,0.0,0.0,0.0,0.0,0.0,0.0,0.0,0.0,0.0,0.0,0.0,0.0,0.0,0.0,0.0
3495,24,1,762,1.7,38.65,16.17,37.1,11.71,41.73,46.66,4.0,0.26,62.5,34.64,100.0,88.38,38.22,16.24,41.99,0.8,42.16,12.57,83.33,0.8,24.66,21.77,16.66,4.13,42.51,11.02,29.03,1.6,45.91,17.58,16.66,0.0,57.21,402.0
3496,24,3,608,0.82,39.79,17.02,40.22,12.7,41.61,50.0,2.98,0.99,46.0,11.41,66.66,88.39,39.25,17.07,41.27,0.82,48.6,16.18,60.0,0.0,0.0,0.0,0.0,4.8,45.34,18.97,34.48,1.99,36.33,14.98,41.66,0.0,60.05,296.0
3497,24,6,900,1.55,41.22,18.95,53.05,20.64,42.88,70.68,6.54,0.22,40.0,56.56,50.0,80.24,39.39,18.38,39.8,1.35,32.91,17.2,66.66,0.45,61.0,24.88,50.0,8.91,43.78,16.02,51.89,2.25,58.15,20.6,25.0,0.0,43.21,526.0
3498,24,10,701,0.71,40.65,16.91,36.84,17.35,42.65,26.31,2.72,0.14,20.0,0.0,100.0,92.95,40.7,16.94,42.96,0.71,42.8,8.58,80.0,0.0,0.0,0.0,0.0,3.16,45.31,16.83,31.81,0.28,34.0,1.41,50.0,0.0,57.94,402.0
3499,24,19,604,2.48,41.26,17.64,36.36,14.71,45.36,46.34,13.92,0.84,44.4,28.32,60.0,80.47,41.72,17.75,43.88,0.84,30.0,6.96,60.0,0.5,48.66,19.29,33.33,2.2,40.53,13.61,38.46,1.18,32.71,17.57,57.14,0.0,39.17,325.0
3500,24,23,486,2.26,39.95,17.82,44.87,21.96,45.26,45.83,5.05,0.21,25.0,0.0,100.0,84.42,39.72,17.26,47.13,1.26,32.0,8.57,66.66,0.21,27.0,0.0,0.0,6.31,39.33,16.77,23.33,2.52,43.0,26.39,50.0,0.0,60.35,277.0
3501,24,24,778,1.67,41.38,20.59,49.82,21.26,44.21,74.5,13.33,0.52,33.5,6.45,75.0,78.03,40.53,20.4,37.52,1.69,28.92,11.6,76.92,0.39,34.66,9.45,33.33,4.96,41.52,19.67,55.26,1.04,32.25,14.5,62.5,0.0,36.64,338.0
3502,24,28,662,4.38,41.16,17.55,38.33,15.7,44.1,47.27,17.37,0.63,46.5,17.31,50.0,70.77,41.33,17.11,44.41,2.68,32.35,18.95,41.17,1.1,41.85,13.89,28.57,5.52,43.68,21.05,31.42,1.89,41.08,26.05,50.0,0.0,57.23,358.0
3503,24,33,817,3.42,40.31,18.99,38.5,18.22,42.83,40.96,21.03,0.5,58.0,24.91,50.0,70.21,40.05,19.1,43.32,1.52,43.33,15.79,58.33,1.01,42.62,14.9,12.5,4.94,40.79,15.43,38.46,0.76,36.33,22.91,66.66,0.0,27.95,378.0
3504,24,unclear,1098,0.63,42.75,16.27,50.94,15.96,46.44,96.0,4.58,0.0,0.0,0.0,0.0,89.0,42.56,16.24,42.12,0.73,28.12,5.33,87.5,0.36,40.75,14.24,25.0,4.3,38.59,14.16,72.34,1.0,48.9,16.66,54.54,,,
3505,24,47,561,0.71,40.57,18.46,38.35,27.54,42.78,42.85,2.51,0.17,47.0,0.0,100.0,86.89,40.7,18.58,41.52,1.43,35.37,8.43,50.0,0.35,57.0,1.41,0.0,7.18,40.29,15.23,67.5,1.43,39.25,10.22,0.0,0.0,61.36,326.0
3506,24,56,724,1.1,43.32,20.11,44.26,20.52,41.98,39.02,5.72,0.13,30.0,0.0,0.0,88.4,43.09,19.86,42.33,0.55,38.25,10.01,25.0,0.0,0.0,0.0,0.0,3.07,42.72,22.55,45.45,2.09,52.8,23.44,40.0,0.0,58.98,383.0
3507,24,60,948,1.05,40.07,19.08,37.32,17.96,39.97,40.25,8.2,0.21,49.0,12.72,0.0,85.28,40.07,19.27,40.12,1.49,33.57,13.77,78.57,0.42,39.0,14.23,50.0,3.09,40.51,17.7,24.13,1.27,54.41,13.29,33.33,0.0,52.33,392.0
3508,24,67,939,0.85,43.17,18.14,45.12,18.52,39.82,39.58,5.15,0.1,45.0,0.0,0.0,89.15,42.92,18.03,39.63,0.85,39.12,6.55,75.0,0.42,51.25,16.64,50.0,2.9,43.44,19.18,40.74,1.39,46.0,29.13,30.76,0.0,41.56,641.0
3509,24,70,1069,1.77,39.19,17.42,36.56,17.07,39.56,48.0,9.52,0.38,42.5,30.78,50.0,81.9,38.95,17.43,37.79,1.8,38.26,12.72,68.42,0.09,50.0,0.0,0.0,4.28,41.31,18.67,37.77,2.0,52.71,15.63,42.85,0.0,43.61,587.0
3510,24,74,794,2.01,42.17,17.28,43.24,16.95,38.16,48.27,3.72,0.0,0.0,0.0,0.0,90.35,41.94,17.1,38.26,1.92,37.2,13.78,40.0,0.51,52.5,25.37,0.0,2.05,39.37,17.97,12.5,1.41,49.72,29.42,45.45,0.0,46.16,490.0
3511,24,78,1082,1.1,40.49,18.58,39.61,17.6,40.11,38.33,22.42,0.37,57.0,12.7,100.0,71.3,40.37,18.67,41.15,0.65,34.85,9.02,57.14,0.74,38.5,20.11,25.0,2.33,44.28,20.29,28.0,2.14,48.26,22.35,34.78,0.0,38.8,513.0
3512,24,unclear,1337,1.27,38.51,13.22,37.27,12.91,42.25,42.38,41.28,0.0,0.0,0.0,0.0,54.16,39.25,13.44,41.39,0.3,36.75,10.71,25.0,1.28,36.35,11.39,70.58,1.51,37.35,10.05,25.0,1.43,44.68,11.63,63.15,,,
3513,24,84,707,2.12,37.55,16.53,35.72,13.92,40.73,37.7,26.44,1.3,32.55,27.0,33.33,65.46,38.02,17.32,42.38,1.58,31.27,12.33,45.45,1.01,29.71,13.23,57.14,2.45,43.11,10.93,23.52,1.73,47.16,12.53,25.0,0.0,46.6,295.0
3514,24,87,1068,1.21,37.33,17.19,37.35,18.77,40.63,40.0,32.22,1.13,32.58,12.99,33.33,61.23,37.27,16.4,41.02,0.66,29.0,19.03,28.57,0.94,36.4,11.14,40.0,1.99,40.33,16.82,28.57,1.8,37.42,17.65,47.36,0.0,44.69,442.0
3515,24,unclear,1391,0.64,38.33,13.44,38.05,14.0,43.35,40.0,22.06,0.0,0.0,0.0,0.0,73.87,38.28,13.35,44.66,0.5,36.14,10.57,71.42,0.5,43.14,6.3,57.14,1.8,42.2,13.61,28.0,1.23,42.41,13.73,35.29,,,
3516,24,98,755,0.0,40.69,19.55,49.94,16.5,43.97,55.55,2.38,0.39,32.0,27.78,66.66,89.27,40.55,19.49,43.62,4.1,36.22,18.01,51.61,0.0,0.0,0.0,0.0,1.72,42.92,21.79,38.46,2.11,44.37,23.18,31.25,0.0,58.81,128.0
3517,24,101,725,0.41,44.07,19.47,53.85,11.24,43.72,28.57,0.96,0.0,0.0,0.0,0.0,92.1,44.08,19.71,43.15,3.18,37.43,15.92,47.82,0.0,0.0,0.0,0.0,3.04,43.5,16.31,50.0,0.69,53.2,13.59,60.0,0.0,57.07,246.0
3518,24,103,734,0.13,40.13,19.06,36.69,11.82,45.23,61.53,1.77,0.81,41.16,13.52,33.33,92.49,40.27,19.26,44.69,2.59,42.84,14.1,68.42,0.13,0.0,0.0,0.0,0.95,40.14,14.11,42.85,1.22,32.88,25.53,33.33,0.0,59.19,186.0
3519,24,104,1046,0.19,40.3,18.68,39.09,20.19,44.16,45.45,2.1,0.09,62.0,0.0,0.0,91.57,40.17,18.59,43.3,1.53,33.37,13.09,62.5,0.0,0.0,0.0,0.0,3.06,39.21,17.59,59.37,1.62,51.11,20.4,47.05,0.0,40.33,295.0
3520,24,108,1101,0.9,38.68,17.31,37.93,13.86,40.14,48.38,2.84,0.36,19.5,22.75,25.0,90.92,38.6,17.04,39.81,1.92,32.04,22.42,57.14,0.0,0.0,0.0,0.0,2.93,43.62,22.97,40.62,1.0,49.18,13.22,27.27,0.0,35.53,573.0
3521,24,114,752,0.79,41.17,17.7,54.3,13.48,40.02,50.0,1.34,0.4,28.0,48.49,0.0,91.95,40.56,17.49,40.23,1.2,44.33,11.01,44.44,0.4,45.0,13.0,0.0,2.41,42.83,13.55,44.44,2.27,52.0,21.56,35.29,0.0,56.5,426.0
3522,24,116,795,0.62,38.18,16.58,40.85,14.64,41.5,44.59,9.36,0.25,49.5,7.77,0.0,83.67,38.08,16.72,41.6,1.51,33.58,14.76,50.0,0.37,28.0,5.29,0.0,3.16,33.47,16.67,36.0,1.64,46.84,15.5,38.46,0.0,38.08,243.0
3523,24,117,869,0.69,38.2,17.76,39.48,13.8,41.54,42.3,6.02,0.23,47.5,28.99,50.0,89.22,38.03,17.93,40.51,0.46,35.25,22.91,100.0,0.34,53.33,22.27,33.33,2.89,37.79,17.19,60.0,0.81,38.0,28.61,42.85,0.0,30.31,369.0
3524,24,118,859,1.51,39.09,17.04,40.29,18.61,40.74,35.29,4.01,0.23,39.5,10.6,50.0,89.47,38.96,16.95,41.34,0.82,36.85,11.39,57.14,0.47,49.75,10.21,25.0,4.01,34.94,18.6,32.35,0.94,48.25,14.45,37.5,0.0,47.78,504.0
3525,24,unclear,1412,0.35,40.0,13.94,39.55,13.22,42.63,44.11,2.41,0.0,0.0,0.0,0.0,93.67,40.04,14.02,42.79,0.42,42.0,10.84,100.0,0.42,43.33,6.86,33.33,2.13,37.4,12.15,20.0,0.92,41.61,17.49,53.84,,,
3526,24,123,848,0.94,40.82,18.52,40.3,19.94,40.8,30.76,1.54,0.11,48.0,0.0,100.0,91.19,40.74,18.7,40.86,1.3,37.0,11.89,81.81,0.59,61.6,3.2,20.0,4.52,42.42,15.76,36.84,0.71,39.66,21.49,16.66,0.0,50.38,431.0
3527,24,125,702,0.85,40.4,17.2,45.44,10.86,40.59,61.11,2.58,0.0,0.0,0.0,0.0,91.23,40.31,17.29,39.37,2.15,41.0,16.07,60.0,0.14,67.0,0.0,0.0,3.16,36.18,18.88,45.45,0.71,51.6,8.9,20.0,0.0,42.22,365.0
3528,24,127,723,0.82,41.56,18.53,40.28,17.95,40.8,37.14,4.88,0.13,38.0,0.0,0.0,88.84,41.31,18.6,41.28,1.25,41.22,18.71,66.66,0.41,51.33,14.01,33.33,3.34,45.41,17.99,37.5,1.11,51.12,12.95,25.0,0.0,53.77,396.0
3529,24,128,708,0.56,44.96,18.28,42.63,19.93,41.52,54.54,1.56,0.0,0.0,0.0,0.0,90.34,44.74,18.35,39.46,1.13,44.5,12.79,62.5,0.0,0.0,0.0,0.0,5.68,46.82,16.74,72.5,1.27,57.44,16.58,33.33,0.0,54.38,465.0
3530,24,130,861,0.23,39.26,15.93,35.54,16.7,41.23,39.39,3.84,0.11,42.0,0.0,0.0,88.35,39.15,15.9,41.37,0.34,28.33,2.88,33.33,0.23,68.0,25.45,50.0,5.35,40.56,16.08,45.65,1.74,46.53,11.6,26.66,0.0,46.01,403.0
3531,24,144,580,4.65,39.24,17.94,34.87,14.79,42.75,47.22,19.52,1.26,49.28,14.25,42.85,68.35,39.02,18.15,41.26,1.26,39.14,7.81,71.42,3.07,40.94,19.2,35.29,4.7,41.88,13.08,42.3,1.62,43.11,27.3,55.55,0.0,51.7,331.0
3532,24,153,967,1.96,39.83,17.81,41.14,18.75,40.53,47.05,7.17,0.42,36.25,11.35,50.0,87.97,39.65,17.74,40.16,0.84,33.0,16.03,62.5,0.1,30.0,0.0,100.0,1.89,42.16,21.36,27.77,1.58,39.0,19.94,26.66,0.0,34.17,434.0
3533,24,156,727,1.92,39.23,16.15,39.58,14.43,39.47,43.03,11.07,0.14,27.0,0.0,0.0,82.46,38.91,16.24,38.09,2.24,42.37,17.12,68.75,0.28,43.0,5.65,50.0,2.24,37.43,22.71,37.5,1.54,40.81,11.95,45.45,0.0,47.08,360.0
3534,24,163,713,1.54,40.5,19.16,45.38,20.47,44.03,46.15,3.7,0.14,33.0,0.0,0.0,86.6,39.89,18.96,43.75,2.42,36.88,12.39,52.94,0.42,53.0,6.55,33.33,5.41,44.07,19.2,39.47,1.28,47.0,27.64,55.55,0.0,54.08,392.0
3535,24,171,1071,1.21,40.32,16.9,36.2,20.52,39.3,37.14,3.3,0.28,53.33,16.65,0.0,89.5,40.06,16.63,40.33,1.7,36.66,17.36,44.44,0.56,50.5,8.5,16.66,2.74,43.44,19.86,27.58,1.89,49.15,18.66,25.0,0.0,21.36,466.0
3536,24,175,786,1.01,38.62,17.14,34.25,18.61,37.78,31.25,2.05,0.0,0.0,0.0,0.0,89.97,38.78,17.25,37.57,1.79,31.0,14.22,57.14,0.25,50.0,9.89,0.0,4.24,39.48,15.53,42.42,1.67,37.23,11.74,30.76,0.0,43.57,351.0
3537,24,179,806,1.86,39.19,16.51,40.13,15.95,40.69,43.47,5.81,0.75,34.0,21.79,33.33,85.08,39.21,16.55,41.3,1.13,43.0,11.86,77.77,0.37,38.66,5.5,0.0,5.81,36.78,17.29,36.95,1.01,51.12,12.11,12.5,0.0,48.85,374.0
3538,24,182,716,2.93,41.63,17.6,42.09,15.15,43.99,41.46,5.89,0.43,35.33,21.38,66.66,81.43,41.18,17.87,44.69,2.44,42.7,13.2,58.82,0.28,53.0,0.0,0.0,7.76,43.79,16.33,31.48,1.72,33.25,19.61,58.33,0.0,56.44,435.0
3539,24,184,725,2.2,42.12,17.02,39.66,16.34,44.82,36.76,9.59,0.56,33.25,9.35,25.0,77.99,42.18,16.75,46.11,1.97,40.35,7.19,50.0,0.56,52.0,7.48,50.0,7.19,42.47,19.16,41.17,2.11,41.06,15.24,40.0,0.0,58.59,408.0
3540,24,194,663,1.8,40.61,18.62,50.82,21.37,44.49,52.94,2.61,0.15,20.0,0.0,0.0,83.56,40.11,18.13,46.5,3.84,40.6,15.95,56.0,0.0,0.0,0.0,0.0,7.83,40.66,21.58,15.68,1.99,40.84,21.79,46.15,0.0,49.15,365.0
3541,24,197,885,1.92,40.38,19.01,36.38,23.49,41.92,47.61,2.41,0.0,0.0,0.0,0.0,85.02,39.33,18.78,42.41,2.53,39.59,16.82,45.45,0.57,35.0,7.58,40.0,8.17,50.87,18.13,32.39,1.15,42.2,19.6,60.0,0.0,51.84,426.0
3542,24,201,993,2.11,42.62,18.43,43.87,18.13,40.88,31.25,3.29,1.74,26.52,31.73,17.64,87.75,42.58,18.18,42.32,0.92,37.88,11.39,55.55,0.3,36.66,22.3,33.33,3.8,39.48,15.83,29.72,2.16,53.71,13.36,33.33,0.0,46.81,508.0
3543,24,206,709,2.11,40.84,18.23,38.8,13.05,40.19,47.82,6.62,0.43,43.33,20.03,100.0,77.23,39.81,18.19,41.04,2.59,38.94,19.04,33.33,1.0,58.71,10.16,28.57,8.06,44.87,19.25,28.57,4.03,46.07,20.61,39.28,0.0,37.64,397.0
3544,24,207,633,2.84,41.89,18.42,37.7,20.34,41.23,35.0,3.25,0.16,20.0,0.0,0.0,82.76,41.13,18.68,42.23,1.95,34.58,8.47,66.66,1.3,44.0,14.23,25.0,8.94,45.36,13.79,30.9,1.62,47.7,16.85,50.0,0.0,36.76,363.0
3545,24,208,932,2.46,40.62,18.8,43.48,20.68,41.95,36.36,3.63,0.44,48.0,32.16,25.0,82.61,39.68,18.68,41.94,2.53,41.65,16.06,73.91,0.88,35.62,13.64,25.0,6.82,41.64,16.8,33.87,2.86,49.3,19.15,42.3,0.0,34.87,489.0
3546,24,212,707,2.82,43.81,19.83,43.07,19.79,41.01,34.61,3.78,0.14,22.0,0.0,0.0,82.09,42.57,19.9,41.13,2.18,46.06,21.22,60.0,0.72,41.8,17.09,40.0,9.6,48.56,17.65,37.87,1.45,60.5,12.94,20.0,0.0,37.43,405.0
3547,24,220,724,1.93,42.67,17.05,46.16,18.07,42.26,37.83,5.21,0.0,0.0,0.0,0.0,81.83,41.99,17.09,40.96,2.11,40.06,10.6,46.66,0.42,56.0,10.39,0.0,7.04,41.4,16.84,54.0,3.38,50.0,15.88,54.16,0.0,50.03,394.0
3548,24,222,742,4.44,40.47,20.08,43.87,19.04,40.43,50.0,3.38,0.14,63.0,0.0,0.0,83.63,39.21,19.47,40.47,1.69,36.33,15.57,50.0,0.14,49.0,0.0,0.0,7.33,41.92,20.14,36.53,3.66,45.8,27.95,46.15,0.0,36.95,403.0
3549,24,224,705,4.53,41.28,18.39,44.44,23.23,42.97,66.66,1.33,0.29,40.0,2.82,50.0,84.39,40.26,18.01,42.6,1.93,36.07,18.04,61.53,0.74,28.0,17.56,20.0,9.06,42.9,17.95,44.26,2.22,56.8,18.11,46.66,0.0,37.99,420.0
3550,24,225,716,3.07,40.24,18.52,43.3,22.5,40.92,53.84,1.87,0.0,0.0,0.0,0.0,85.44,39.98,18.16,39.62,2.59,31.05,17.66,55.55,0.43,52.33,8.5,66.66,8.06,40.87,20.02,41.07,1.58,49.36,13.6,54.54,0.0,37.9,389.0
3551,24,229,951,2.52,39.8,18.14,37.1,15.18,41.21,41.17,11.0,0.43,51.25,29.56,25.0,75.94,39.37,18.3,42.18,1.94,35.44,12.32,55.55,0.86,43.5,16.97,62.5,7.44,42.05,18.45,26.08,2.37,48.95,19.36,36.36,0.0,29.39,511.0
3552,24,231,491,2.64,41.21,18.47,41.21,11.13,42.97,35.71,2.92,0.0,0.0,0.0,0.0,82.21,40.02,18.11,43.51,1.46,36.14,9.26,71.42,0.41,43.5,30.4,50.0,8.78,47.14,19.58,45.23,4.18,45.25,19.74,30.0,0.0,62.23,284.0
3553,24,233,673,2.52,40.03,18.12,48.63,27.13,42.19,63.63,1.67,0.0,0.0,0.0,0.0,83.07,39.09,17.29,42.75,3.2,41.14,14.13,66.66,0.3,22.5,0.7,0.0,8.84,39.56,22.04,32.75,2.89,50.05,20.49,21.05,0.0,49.43,370.0
3554,24,235,686,2.91,43.55,18.6,43.33,23.94,44.75,58.33,1.8,0.15,66.0,0.0,100.0,87.68,43.3,17.71,45.2,1.95,36.76,16.94,53.84,0.15,65.0,0.0,0.0,6.0,39.37,19.81,32.5,2.25,65.93,23.41,26.66,0.0,52.72,437.0
3555,24,236,611,2.94,40.5,18.31,42.2,12.94,43.53,40.0,2.52,0.16,33.0,0.0,0.0,84.82,39.17,18.07,44.33,2.36,39.35,21.0,57.14,0.67,48.0,33.5,25.0,7.25,49.81,17.87,34.88,2.19,41.84,15.14,53.84,0.0,38.03,339.0
3556,24,237,874,1.71,40.49,19.08,46.5,21.75,43.93,56.25,1.86,0.23,52.5,34.64,50.0,85.44,39.38,18.84,43.59,2.09,42.38,21.04,72.22,0.23,48.5,37.47,50.0,7.56,46.35,18.49,38.46,2.56,46.81,19.29,45.45,0.0,37.92,435.0
3557,24,2,0,0.0,0.0,0.0,0.0,0.0,0.0,0.0,0.0,0.0,0.0,0.0,0.0,0.0,0.0,0.0,0.0,0.0,0.0,0.0,0.0,0.0,0.0,0.0,0.0,0.0,0.0,0.0,0.0,0.0,0.0,0.0,0.0,0.0,0.0,0.0
3558,24,4,0,0.0,0.0,0.0,0.0,0.0,0.0,0.0,0.0,0.0,0.0,0.0,0.0,0.0,0.0,0.0,0.0,0.0,0.0,0.0,0.0,0.0,0.0,0.0,0.0,0.0,0.0,0.0,0.0,0.0,0.0,0.0,0.0,0.0,0.0,0.0
3559,24,5,0,0.0,0.0,0.0,0.0,0.0,0.0,0.0,0.0,0.0,0.0,0.0,0.0,0.0,0.0,0.0,0.0,0.0,0.0,0.0,0.0,0.0,0.0,0.0,0.0,0.0,0.0,0.0,0.0,0.0,0.0,0.0,0.0,0.0,0.0,0.0
3560,24,7,845,1.42,39.9,17.65,48.48,20.62,41.3,73.07,6.24,0.36,54.66,7.02,33.33,84.27,39.38,17.14,38.17,0.36,36.66,8.32,66.66,0.36,55.33,5.03,66.66,7.08,37.67,20.71,49.15,1.32,34.72,16.03,9.09,0.0,0.0,439.0
3561,24,8,670,1.49,40.6,17.89,56.83,20.68,43.28,80.64,4.69,0.15,27.0,0.0,0.0,86.06,39.93,17.36,41.54,1.36,26.77,18.63,55.55,1.51,46.9,11.74,40.0,4.54,36.56,17.65,40.0,1.66,50.0,13.98,36.36,0.0,0.0,347.0
3562,24,9,746,2.81,41.8,17.63,54.53,16.9,42.76,80.76,3.58,0.0,0.0,0.0,0.0,88.27,40.74,17.2,40.62,0.96,37.85,14.76,85.71,0.41,34.33,16.19,0.0,5.37,45.15,21.41,41.02,1.37,48.4,13.55,70.0,0.0,0.0,443.0
3563,24,11,0,0.0,0.0,0.0,0.0,0.0,0.0,0.0,0.0,0.0,0.0,0.0,0.0,0.0,0.0,0.0,0.0,0.0,0.0,0.0,0.0,0.0,0.0,0.0,0.0,0.0,0.0,0.0,0.0,0.0,0.0,0.0,0.0,0.0,0.0,0.0
3564,24,12,848,1.06,41.66,18.76,33.53,25.0,40.33,76.92,1.54,0.11,78.0,0.0,0.0,88.91,41.39,18.69,39.94,2.14,35.38,15.83,66.66,0.47,53.5,17.55,0.0,5.0,41.95,17.42,35.71,1.78,52.73,13.68,20.0,0.0,0.0,499.0
3565,24,13,751,2.13,41.21,19.52,37.31,20.82,41.67,37.5,4.35,0.13,27.0,0.0,0.0,84.89,40.54,18.85,41.66,1.49,37.09,15.32,63.63,0.4,47.0,24.55,33.33,6.53,46.5,23.17,37.5,2.17,55.06,18.78,43.75,0.0,0.0,427.0
3566,24,14,706,1.13,40.66,18.73,57.6,16.66,40.79,40.0,1.43,0.28,19.0,26.87,50.0,88.53,39.81,18.22,41.1,2.0,34.78,9.76,57.14,0.42,43.66,11.93,0.0,4.72,43.96,19.52,39.39,2.57,59.33,22.56,33.33,0.0,0.0,393.0
3567,24,15,655,1.37,41.24,18.22,44.0,18.25,42.29,28.57,1.08,0.3,47.0,14.14,50.0,90.55,40.34,17.57,42.9,1.23,41.87,12.91,50.0,0.15,57.0,0.0,100.0,4.64,49.83,18.82,36.66,2.01,53.46,25.46,38.46,0.0,0.0,388.0
3568,24,16,689,1.01,40.32,17.6,42.02,17.64,44.12,48.57,5.13,0.43,41.33,4.93,66.66,86.07,39.86,17.16,43.78,0.87,34.83,18.56,66.66,1.02,48.71,19.83,42.85,4.83,46.3,22.21,33.33,1.61,36.81,26.26,45.45,0.0,0.0,417.0
3569,24,17,0,0.0,0.0,0.0,0.0,0.0,0.0,0.0,0.0,0.0,0.0,0.0,0.0,0.0,0.0,0.0,0.0,0.0,0.0,0.0,0.0,0.0,0.0,0.0,0.0,0.0,0.0,0.0,0.0,0.0,0.0,0.0,0.0,0.0,0.0,0.0
3570,24,18,0,0.0,0.0,0.0,0.0,0.0,0.0,0.0,0.0,0.0,0.0,0.0,0.0,0.0,0.0,0.0,0.0,0.0,0.0,0.0,0.0,0.0,0.0,0.0,0.0,0.0,0.0,0.0,0.0,0.0,0.0,0.0,0.0,0.0,0.0,0.0
3571,24,20,861,1.62,39.48,17.39,49.15,23.9,41.81,50.0,3.06,0.0,0.0,0.0,0.0,86.54,38.66,17.0,43.11,2.24,48.0,22.95,57.89,0.23,45.0,28.28,50.0,4.95,40.33,16.24,23.8,2.95,45.04,16.84,28.0,0.0,0.0,448.0
3572,24,21,931,2.68,41.09,18.44,37.33,20.58,40.92,27.77,1.98,0.55,46.6,15.4,40.0,84.65,40.55,18.39,40.54,1.98,39.55,12.4,38.88,0.22,49.5,17.67,50.0,7.83,41.29,17.72,53.52,2.75,50.2,21.19,24.0,0.0,0.0,490.0
3573,24,22,0,0.0,0.0,0.0,0.0,0.0,0.0,0.0,0.0,0.0,0.0,0.0,0.0,0.0,0.0,0.0,0.0,0.0,0.0,0.0,0.0,0.0,0.0,0.0,0.0,0.0,0.0,0.0,0.0,0.0,0.0,0.0,0.0,0.0,0.0,0.0
3574,24,25,732,3.68,40.76,18.53,43.36,19.08,43.3,47.27,7.8,0.7,44.6,31.94,100.0,83.26,39.45,17.69,42.41,1.84,45.76,17.35,84.61,0.28,38.5,21.92,50.0,4.11,42.86,21.46,20.68,1.98,47.42,21.17,42.85,0.0,0.0,367.0
3575,24,26,0,0.0,0.0,0.0,0.0,0.0,0.0,0.0,0.0,0.0,0.0,0.0,0.0,0.0,0.0,0.0,0.0,0.0,0.0,0.0,0.0,0.0,0.0,0.0,0.0,0.0,0.0,0.0,0.0,0.0,0.0,0.0,0.0,0.0,0.0,0.0
3576,24,27,734,0.95,43.05,19.01,43.32,18.36,42.64,52.94,4.67,0.0,0.0,0.0,0.0,82.8,42.28,18.83,43.68,1.78,44.23,20.94,61.53,1.65,40.83,20.27,25.0,7.84,49.31,18.52,28.07,0.96,52.85,29.76,28.57,0.0,0.0,415.0
3577,24,29,0,0.0,0.0,0.0,0.0,0.0,0.0,0.0,0.0,0.0,0.0,0.0,0.0,0.0,0.0,0.0,0.0,0.0,0.0,0.0,0.0,0.0,0.0,0.0,0.0,0.0,0.0,0.0,0.0,0.0,0.0,0.0,0.0,0.0,0.0,0.0
3578,24,30,0,0.0,0.0,0.0,0.0,0.0,0.0,0.0,0.0,0.0,0.0,0.0,0.0,0.0,0.0,0.0,0.0,0.0,0.0,0.0,0.0,0.0,0.0,0.0,0.0,0.0,0.0,0.0,0.0,0.0,0.0,0.0,0.0,0.0,0.0,0.0
3579,24,31,904,2.98,41.46,17.78,41.42,21.32,41.26,42.22,5.13,0.11,66.0,0.0,100.0,84.83,40.85,17.66,42.2,1.48,42.23,12.87,53.84,0.45,48.75,13.88,25.0,5.47,40.45,16.45,31.25,2.5,53.68,13.7,40.9,0.0,0.0,464.0
3580,24,32,478,2.51,38.2,16.63,37.49,18.18,41.0,36.0,16.09,1.07,49.8,12.75,20.0,73.39,37.2,15.95,41.81,0.64,38.0,7.21,100.0,1.07,45.4,28.88,40.0,5.79,40.25,18.19,33.33,1.93,54.33,8.09,55.55,0.0,0.0,246.0
3581,24,34,406,2.21,38.85,17.99,36.3,21.82,45.56,48.97,12.34,0.0,0.0,0.0,0.0,77.83,38.22,16.53,45.3,2.26,39.88,24.53,55.55,0.75,29.0,33.06,100.0,4.53,42.72,19.67,38.88,2.26,49.0,19.84,44.44,0.0,0.0,232.0
3582,24,35,776,1.8,41.18,18.43,35.0,15.85,42.78,44.44,2.36,0.0,0.0,0.0,0.0,88.32,40.1,17.48,42.94,2.23,39.41,18.97,58.82,0.78,45.66,17.95,0.0,3.54,51.62,22.49,40.74,2.75,54.57,25.56,33.33,0.0,0.0,443.0
3583,24,36,0,0.0,0.0,0.0,0.0,0.0,0.0,0.0,0.0,0.0,0.0,0.0,0.0,0.0,0.0,0.0,0.0,0.0,0.0,0.0,0.0,0.0,0.0,0.0,0.0,0.0,0.0,0.0,0.0,0.0,0.0,0.0,0.0,0.0,0.0,0.0
3584,24,37,614,0.81,41.4,18.87,42.0,15.82,45.76,57.14,1.14,0.16,36.0,0.0,100.0,93.43,41.49,18.98,45.51,1.47,42.44,11.86,55.55,0.16,25.0,0.0,100.0,2.79,34.94,20.13,35.29,0.82,47.6,19.03,40.0,0.0,0.0,196.0
3585,24,38,521,0.76,40.14,16.49,46.0,18.0,44.52,100.0,0.96,0.38,20.0,28.28,0.0,92.64,40.1,16.57,43.84,1.74,33.11,8.0,55.55,0.19,28.0,0.0,0.0,3.28,42.0,17.48,52.94,0.77,53.5,4.72,50.0,0.0,0.0,314.0
3586,24,39,0,0.0,0.0,0.0,0.0,0.0,0.0,0.0,0.0,0.0,0.0,0.0,0.0,0.0,0.0,0.0,0.0,0.0,0.0,0.0,0.0,0.0,0.0,0.0,0.0,0.0,0.0,0.0,0.0,0.0,0.0,0.0,0.0,0.0,0.0,0.0
3587,24,42,753,3.05,40.72,16.95,42.91,14.19,41.56,41.66,1.64,0.0,0.0,0.0,0.0,90.0,39.97,16.97,41.4,2.6,38.68,7.21,57.89,0.41,52.33,14.36,66.66,3.56,45.92,19.13,53.84,1.78,54.61,17.74,30.76,0.0,0.0,393.0
3588,24,43,0,0.0,0.0,0.0,0.0,0.0,0.0,0.0,0.0,0.0,0.0,0.0,0.0,0.0,0.0,0.0,0.0,0.0,0.0,0.0,0.0,0.0,0.0,0.0,0.0,0.0,0.0,0.0,0.0,0.0,0.0,0.0,0.0,0.0,0.0,0.0
3589,24,44,790,1.89,40.43,18.82,43.11,12.86,44.3,58.82,2.19,0.38,29.66,27.75,33.33,90.32,40.13,18.82,44.14,0.9,23.42,11.65,85.71,0.51,29.75,2.21,50.0,4.25,42.87,19.3,33.33,1.41,51.72,19.02,45.45,0.0,0.0,446.0
3590,24,45,616,3.24,41.42,18.6,53.47,23.2,41.07,36.84,3.18,0.16,93.0,0.0,100.0,88.25,40.15,18.25,40.68,1.17,31.28,9.63,57.14,0.16,37.0,0.0,100.0,4.69,45.21,16.27,35.71,2.34,44.0,20.21,35.71,0.0,0.0,341.0
3591,24,46,688,3.19,39.43,17.23,36.7,13.91,43.6,40.0,3.0,0.3,56.5,44.54,50.0,86.18,38.67,16.74,44.25,2.4,43.62,19.84,50.0,0.0,0.0,0.0,0.0,5.55,44.32,16.14,27.02,2.55,41.7,28.05,58.82,0.0,0.0,376.0
3592,24,48,0,0.0,0.0,0.0,0.0,0.0,0.0,0.0,0.0,0.0,0.0,0.0,0.0,0.0,0.0,0.0,0.0,0.0,0.0,0.0,0.0,0.0,0.0,0.0,0.0,0.0,0.0,0.0,0.0,0.0,0.0,0.0,0.0,0.0,0.0,0.0
3593,24,49,0,0.0,0.0,0.0,0.0,0.0,0.0,0.0,0.0,0.0,0.0,0.0,0.0,0.0,0.0,0.0,0.0,0.0,0.0,0.0,0.0,0.0,0.0,0.0,0.0,0.0,0.0,0.0,0.0,0.0,0.0,0.0,0.0,0.0,0.0,0.0
3594,24,50,579,3.62,39.95,17.07,39.66,23.42,41.96,58.33,2.15,0.0,0.0,0.0,0.0,85.66,39.27,17.1,42.05,2.15,41.58,11.49,66.66,0.89,40.4,9.91,40.0,7.52,41.07,14.73,33.33,1.61,47.88,15.07,22.22,0.0,0.0,319.0
3595,24,51,0,0.0,0.0,0.0,0.0,0.0,0.0,0.0,0.0,0.0,0.0,0.0,0.0,0.0,0.0,0.0,0.0,0.0,0.0,0.0,0.0,0.0,0.0,0.0,0.0,0.0,0.0,0.0,0.0,0.0,0.0,0.0,0.0,0.0,0.0,0.0
3596,24,52,380,4.73,39.32,18.52,43.66,16.18,40.52,50.0,3.31,0.55,13.5,19.09,50.0,83.14,38.01,17.65,39.86,1.65,38.0,12.79,66.66,1.1,35.0,27.15,25.0,8.01,43.24,19.93,34.48,2.2,45.37,23.53,50.0,0.0,0.0,237.0
3597,24,53,0,0.0,0.0,0.0,0.0,0.0,0.0,0.0,0.0,0.0,0.0,0.0,0.0,0.0,0.0,0.0,0.0,0.0,0.0,0.0,0.0,0.0,0.0,0.0,0.0,0.0,0.0,0.0,0.0,0.0,0.0,0.0,0.0,0.0,0.0,0.0
3598,24,54,822,0.72,39.22,17.77,38.61,16.85,42.82,42.3,3.18,0.0,0.0,0.0,0.0,91.54,39.03,17.93,43.1,1.34,39.27,11.78,54.54,0.0,0.0,0.0,0.0,3.06,43.56,18.56,36.0,0.85,38.0,7.5,28.57,0.0,0.0,444.0
3599,24,55,0,0.0,0.0,0.0,0.0,0.0,0.0,0.0,0.0,0.0,0.0,0.0,0.0,0.0,0.0,0.0,0.0,0.0,0.0,0.0,0.0,0.0,0.0,0.0,0.0,0.0,0.0,0.0,0.0,0.0,0.0,0.0,0.0,0.0,0.0,0.0
3600,24,57,776,0.77,38.05,17.97,39.7,20.89,43.55,47.72,5.71,0.0,0.0,0.0,0.0,87.27,37.92,17.91,42.41,0.77,39.33,15.76,100.0,0.38,26.66,23.86,66.66,4.67,36.83,15.89,47.22,1.16,42.77,15.69,44.44,0.0,0.0,273.0
3601,24,58,700,1.14,36.68,16.47,34.66,13.35,41.28,41.66,1.73,0.0,0.0,0.0,0.0,92.05,36.55,16.41,41.6,1.3,38.66,17.14,44.44,0.28,44.0,2.82,50.0,3.03,40.57,21.59,28.57,1.58,37.45,19.21,27.27,0.0,0.0,276.0
3602,24,59,0,0.0,0.0,0.0,0.0,0.0,0.0,0.0,0.0,0.0,0.0,0.0,0.0,0.0,0.0,0.0,0.0,0.0,0.0,0.0,0.0,0.0,0.0,0.0,0.0,0.0,0.0,0.0,0.0,0.0,0.0,0.0,0.0,0.0,0.0,0.0
3603,24,61,824,0.6,38.53,15.91,40.49,16.2,41.14,44.94,10.86,0.24,26.5,0.7,0.0,82.78,38.02,15.73,41.0,1.34,39.36,8.78,36.36,0.36,43.66,12.58,0.0,3.29,39.51,19.5,40.74,1.09,54.44,14.32,33.33,0.0,0.0,378.0
3604,24,62,0,0.0,0.0,0.0,0.0,0.0,0.0,0.0,0.0,0.0,0.0,0.0,0.0,0.0,0.0,0.0,0.0,0.0,0.0,0.0,0.0,0.0,0.0,0.0,0.0,0.0,0.0,0.0,0.0,0.0,0.0,0.0,0.0,0.0,0.0,0.0
3605,24,63,0,0.0,0.0,0.0,0.0,0.0,0.0,0.0,0.0,0.0,0.0,0.0,0.0,0.0,0.0,0.0,0.0,0.0,0.0,0.0,0.0,0.0,0.0,0.0,0.0,0.0,0.0,0.0,0.0,0.0,0.0,0.0,0.0,0.0,0.0,0.0
3606,24,64,0,0.0,0.0,0.0,0.0,0.0,0.0,0.0,0.0,0.0,0.0,0.0,0.0,0.0,0.0,0.0,0.0,0.0,0.0,0.0,0.0,0.0,0.0,0.0,0.0,0.0,0.0,0.0,0.0,0.0,0.0,0.0,0.0,0.0,0.0,0.0
3607,24,65,715,1.67,37.34,17.07,41.93,20.14,43.21,54.54,4.69,0.85,28.5,22.23,50.0,87.33,36.82,16.81,42.67,1.42,37.0,10.76,40.0,0.42,41.0,7.93,66.66,3.41,40.54,17.2,50.0,1.84,37.46,17.15,7.69,0.0,0.0,367.0
3608,24,66,728,1.23,38.43,16.55,36.18,9.83,42.3,44.0,6.95,0.13,53.0,0.0,0.0,86.09,38.23,16.7,41.84,0.69,33.4,10.71,40.0,0.13,56.0,0.0,100.0,4.58,36.96,19.01,57.57,1.39,53.3,12.52,30.0,0.0,0.0,304.0
3609,24,68,0,0.0,0.0,0.0,0.0,0.0,0.0,0.0,0.0,0.0,0.0,0.0,0.0,0.0,0.0,0.0,0.0,0.0,0.0,0.0,0.0,0.0,0.0,0.0,0.0,0.0,0.0,0.0,0.0,0.0,0.0,0.0,0.0,0.0,0.0,0.0
3610,24,69,1052,1.52,40.82,17.9,40.17,16.61,40.58,31.76,8.2,0.09,36.0,0.0,0.0,84.26,40.62,18.04,41.12,1.25,39.53,9.64,53.84,0.57,43.0,18.63,50.0,3.47,45.0,16.7,44.44,2.12,41.4,18.99,36.36,0.0,0.0,410.0
3611,24,71,983,1.11,40.62,16.97,40.79,16.21,41.4,46.15,4.01,0.2,44.0,31.11,0.0,89.5,40.52,16.92,40.91,1.02,28.5,12.55,40.0,0.3,28.66,24.84,33.33,3.9,44.86,16.47,57.89,1.02,45.6,21.84,30.0,0.0,0.0,502.0
3612,24,72,0,0.0,0.0,0.0,0.0,0.0,0.0,0.0,0.0,0.0,0.0,0.0,0.0,0.0,0.0,0.0,0.0,0.0,0.0,0.0,0.0,0.0,0.0,0.0,0.0,0.0,0.0,0.0,0.0,0.0,0.0,0.0,0.0,0.0,0.0,0.0
3613,24,73,0,0.0,0.0,0.0,0.0,0.0,0.0,0.0,0.0,0.0,0.0,0.0,0.0,0.0,0.0,0.0,0.0,0.0,0.0,0.0,0.0,0.0,0.0,0.0,0.0,0.0,0.0,0.0,0.0,0.0,0.0,0.0,0.0,0.0,0.0,0.0
3614,24,75,0,0.0,0.0,0.0,0.0,0.0,0.0,0.0,0.0,0.0,0.0,0.0,0.0,0.0,0.0,0.0,0.0,0.0,0.0,0.0,0.0,0.0,0.0,0.0,0.0,0.0,0.0,0.0,0.0,0.0,0.0,0.0,0.0,0.0,0.0,0.0
3615,24,76,814,1.47,34.54,15.45,34.19,13.87,39.18,50.0,5.23,0.24,38.0,5.65,50.0,87.9,34.35,15.68,39.71,1.87,31.2,10.24,26.66,0.74,37.66,8.01,33.33,2.11,37.41,15.57,23.52,1.87,40.53,19.14,20.0,0.0,0.0,244.0
3616,24,77,1004,1.09,39.73,17.82,38.59,16.55,41.53,36.69,10.97,0.4,33.75,9.6,50.0,81.67,39.82,18.17,41.8,1.4,34.85,16.68,57.14,0.6,35.33,6.37,83.33,3.42,41.14,16.85,32.35,1.51,42.6,16.31,33.33,0.0,0.0,512.0
3617,24,79,0,0.0,0.0,0.0,0.0,0.0,0.0,0.0,0.0,0.0,0.0,0.0,0.0,0.0,0.0,0.0,0.0,0.0,0.0,0.0,0.0,0.0,0.0,0.0,0.0,0.0,0.0,0.0,0.0,0.0,0.0,0.0,0.0,0.0,0.0,0.0
3618,24,80,1199,1.83,35.66,16.22,33.84,15.47,41.61,39.9,18.09,0.5,36.5,12.46,66.66,74.59,35.99,16.41,42.02,1.61,36.84,10.34,63.15,1.35,39.43,10.34,50.0,2.71,30.87,17.06,31.25,1.1,33.3,19.72,15.38,0.0,0.0,329.0
3619,24,81,999,1.5,40.07,17.77,40.02,18.59,39.53,38.88,36.58,0.4,47.5,16.62,75.0,58.53,40.02,17.13,39.75,0.71,34.71,12.55,42.85,0.5,48.6,17.93,60.0,2.03,37.54,17.14,40.0,1.21,46.5,21.84,16.66,0.0,0.0,516.0
3620,24,85,0,0.0,0.0,0.0,0.0,0.0,0.0,0.0,0.0,0.0,0.0,0.0,0.0,0.0,0.0,0.0,0.0,0.0,0.0,0.0,0.0,0.0,0.0,0.0,0.0,0.0,0.0,0.0,0.0,0.0,0.0,0.0,0.0,0.0,0.0,0.0
3621,24,86,0,0.0,0.0,0.0,0.0,0.0,0.0,0.0,0.0,0.0,0.0,0.0,0.0,0.0,0.0,0.0,0.0,0.0,0.0,0.0,0.0,0.0,0.0,0.0,0.0,0.0,0.0,0.0,0.0,0.0,0.0,0.0,0.0,0.0,0.0,0.0
3622,24,88,1026,1.46,38.51,16.8,37.1,15.61,40.74,36.17,27.89,0.29,21.0,20.07,66.66,63.4,38.86,17.22,42.43,1.38,37.14,22.0,64.28,2.17,36.13,13.61,45.45,3.26,40.75,16.89,33.33,1.58,44.56,17.89,31.25,0.0,0.0,485.0
3623,24,91,0,0.0,0.0,0.0,0.0,0.0,0.0,0.0,0.0,0.0,0.0,0.0,0.0,0.0,0.0,0.0,0.0,0.0,0.0,0.0,0.0,0.0,0.0,0.0,0.0,0.0,0.0,0.0,0.0,0.0,0.0,0.0,0.0,0.0,0.0,0.0
3624,24,92,1143,2.53,35.53,15.58,35.0,15.13,38.49,39.21,4.57,0.26,34.66,8.08,66.66,87.25,35.63,15.47,38.06,1.97,28.72,12.85,40.9,0.35,37.0,6.48,50.0,3.68,31.56,15.41,39.02,1.79,39.45,18.04,35.0,0.0,0.0,486.0
3625,24,93,1179,1.01,39.3,18.36,37.24,19.95,39.01,33.33,5.91,0.25,49.0,21.51,66.66,87.06,39.63,18.43,39.37,1.54,32.22,15.53,50.0,0.0,0.0,0.0,0.0,3.77,36.31,14.99,31.81,1.45,39.05,20.75,35.29,0.0,0.0,512.0
3626,24,94,0,0.0,0.0,0.0,0.0,0.0,0.0,0.0,0.0,0.0,0.0,0.0,0.0,0.0,0.0,0.0,0.0,0.0,0.0,0.0,0.0,0.0,0.0,0.0,0.0,0.0,0.0,0.0,0.0,0.0,0.0,0.0,0.0,0.0,0.0,0.0
3627,24,95,0,0.0,0.0,0.0,0.0,0.0,0.0,0.0,0.0,0.0,0.0,0.0,0.0,0.0,0.0,0.0,0.0,0.0,0.0,0.0,0.0,0.0,0.0,0.0,0.0,0.0,0.0,0.0,0.0,0.0,0.0,0.0,0.0,0.0,0.0,0.0
3628,24,96,0,0.0,0.0,0.0,0.0,0.0,0.0,0.0,0.0,0.0,0.0,0.0,0.0,0.0,0.0,0.0,0.0,0.0,0.0,0.0,0.0,0.0,0.0,0.0,0.0,0.0,0.0,0.0,0.0,0.0,0.0,0.0,0.0,0.0,0.0,0.0
3629,24,97,782,0.12,40.45,20.15,41.42,12.24,44.11,42.85,0.89,0.0,0.0,0.0,0.0,91.03,40.54,20.14,43.45,4.6,32.0,17.34,50.0,0.0,0.0,0.0,0.0,1.92,50.66,24.59,40.0,1.53,45.66,19.72,66.66,0.0,0.0,82.0
3630,24,99,0,0.0,0.0,0.0,0.0,0.0,0.0,0.0,0.0,0.0,0.0,0.0,0.0,0.0,0.0,0.0,0.0,0.0,0.0,0.0,0.0,0.0,0.0,0.0,0.0,0.0,0.0,0.0,0.0,0.0,0.0,0.0,0.0,0.0,0.0,0.0
3631,24,100,970,0.3,44.74,20.36,44.63,19.09,43.81,54.54,2.27,0.1,77.0,0.0,0.0,90.07,44.83,20.52,42.93,2.06,44.7,17.9,45.0,0.1,64.0,0.0,0.0,3.92,45.05,18.44,57.89,1.44,31.35,17.79,42.85,0.0,0.0,370.0
3632,24,102,1012,0.29,42.31,18.28,36.36,16.94,44.96,36.84,1.88,0.19,13.5,19.09,0.0,90.88,42.23,18.22,45.14,1.78,47.22,17.69,50.0,0.49,66.2,23.16,20.0,3.27,41.15,17.21,54.54,1.48,46.86,18.29,33.33,0.0,0.0,447.0
3633,24,105,0,0.0,0.0,0.0,0.0,0.0,0.0,0.0,0.0,0.0,0.0,0.0,0.0,0.0,0.0,0.0,0.0,0.0,0.0,0.0,0.0,0.0,0.0,0.0,0.0,0.0,0.0,0.0,0.0,0.0,0.0,0.0,0.0,0.0,0.0,0.0
3634,24,106,974,0.71,40.69,17.13,36.56,12.3,41.58,56.0,2.58,0.1,36.0,0.0,0.0,87.38,40.46,17.33,39.88,0.93,48.11,14.0,55.55,0.2,13.5,19.09,0.0,7.75,44.1,16.44,61.33,1.03,43.3,13.21,20.0,0.0,0.0,486.0
3635,24,107,961,1.14,39.41,18.16,43.55,16.5,41.83,41.66,3.78,0.21,12.5,17.67,0.0,87.89,39.18,17.96,42.03,1.68,39.81,15.19,62.5,0.63,22.5,19.72,66.66,4.31,40.41,22.49,39.02,1.47,43.64,22.58,35.71,0.0,0.0,490.0
3636,24,109,979,1.22,39.63,17.47,39.82,19.47,39.53,44.44,4.65,0.51,42.4,32.09,40.0,89.03,39.43,17.18,39.25,1.44,38.57,8.37,57.14,0.41,42.25,8.65,0.0,2.48,41.0,18.23,41.66,1.44,41.21,25.01,28.57,0.0,0.0,454.0
3637,24,110,0,0.0,0.0,0.0,0.0,0.0,0.0,0.0,0.0,0.0,0.0,0.0,0.0,0.0,0.0,0.0,0.0,0.0,0.0,0.0,0.0,0.0,0.0,0.0,0.0,0.0,0.0,0.0,0.0,0.0,0.0,0.0,0.0,0.0,0.0,0.0
3638,24,111,0,0.0,0.0,0.0,0.0,0.0,0.0,0.0,0.0,0.0,0.0,0.0,0.0,0.0,0.0,0.0,0.0,0.0,0.0,0.0,0.0,0.0,0.0,0.0,0.0,0.0,0.0,0.0,0.0,0.0,0.0,0.0,0.0,0.0,0.0,0.0
3639,24,112,0,0.0,0.0,0.0,0.0,0.0,0.0,0.0,0.0,0.0,0.0,0.0,0.0,0.0,0.0,0.0,0.0,0.0,0.0,0.0,0.0,0.0,0.0,0.0,0.0,0.0,0.0,0.0,0.0,0.0,0.0,0.0,0.0,0.0,0.0,0.0
3640,24,113,1094,1.27,38.44,15.96,41.73,15.17,41.22,39.24,7.31,1.2,36.38,18.88,38.46,83.42,37.95,15.91,41.17,1.2,36.69,13.48,61.53,0.18,42.5,9.19,50.0,3.7,37.15,16.78,52.5,2.96,45.37,18.19,28.12,0.0,0.0,206.0
3641,24,115,837,0.83,40.14,17.43,39.31,18.4,45.63,41.37,3.49,0.0,0.0,0.0,0.0,91.32,40.07,17.43,45.64,0.48,27.25,18.26,75.0,0.12,39.0,0.0,0.0,3.85,41.96,17.05,53.12,0.72,45.5,23.26,16.66,0.0,0.0,465.0
3642,24,120,0,0.0,0.0,0.0,0.0,0.0,0.0,0.0,0.0,0.0,0.0,0.0,0.0,0.0,0.0,0.0,0.0,0.0,0.0,0.0,0.0,0.0,0.0,0.0,0.0,0.0,0.0,0.0,0.0,0.0,0.0,0.0,0.0,0.0,0.0,0.0
3643,24,124,0,0.0,0.0,0.0,0.0,0.0,0.0,0.0,0.0,0.0,0.0,0.0,0.0,0.0,0.0,0.0,0.0,0.0,0.0,0.0,0.0,0.0,0.0,0.0,0.0,0.0,0.0,0.0,0.0,0.0,0.0,0.0,0.0,0.0,0.0,0.0
3644,24,126,734,0.95,40.34,17.63,33.52,14.31,40.59,36.11,4.95,0.13,79.0,0.0,100.0,90.09,40.61,17.48,40.45,0.68,34.6,22.85,60.0,0.41,46.0,18.24,33.33,3.16,38.52,21.46,47.82,0.55,51.0,6.0,25.0,0.0,0.0,376.0
3645,24,129,0,0.0,0.0,0.0,0.0,0.0,0.0,0.0,0.0,0.0,0.0,0.0,0.0,0.0,0.0,0.0,0.0,0.0,0.0,0.0,0.0,0.0,0.0,0.0,0.0,0.0,0.0,0.0,0.0,0.0,0.0,0.0,0.0,0.0,0.0,0.0
3646,24,131,803,0.62,40.77,16.47,37.24,15.89,39.1,40.0,3.13,0.12,49.0,0.0,100.0,89.72,40.66,16.42,37.98,0.75,43.5,12.53,66.66,0.0,0.0,0.0,0.0,5.51,41.68,16.98,50.0,0.75,50.83,15.74,33.33,0.0,0.0,415.0
3647,24,132,0,0.0,0.0,0.0,0.0,0.0,0.0,0.0,0.0,0.0,0.0,0.0,0.0,0.0,0.0,0.0,0.0,0.0,0.0,0.0,0.0,0.0,0.0,0.0,0.0,0.0,0.0,0.0,0.0,0.0,0.0,0.0,0.0,0.0,0.0,0.0
3648,24,133,0,0.0,0.0,0.0,0.0,0.0,0.0,0.0,0.0,0.0,0.0,0.0,0.0,0.0,0.0,0.0,0.0,0.0,0.0,0.0,0.0,0.0,0.0,0.0,0.0,0.0,0.0,0.0,0.0,0.0,0.0,0.0,0.0,0.0,0.0,0.0
3649,24,134,1025,0.78,38.3,17.19,33.9,12.02,41.17,24.0,4.91,0.19,18.0,25.45,0.0,87.7,38.39,17.2,42.48,2.16,33.5,18.49,50.0,0.19,48.0,2.82,0.0,3.34,39.58,14.08,29.41,1.47,53.13,24.79,40.0,0.0,0.0,374.0
3650,24,135,0,0.0,0.0,0.0,0.0,0.0,0.0,0.0,0.0,0.0,0.0,0.0,0.0,0.0,0.0,0.0,0.0,0.0,0.0,0.0,0.0,0.0,0.0,0.0,0.0,0.0,0.0,0.0,0.0,0.0,0.0,0.0,0.0,0.0,0.0,0.0
3651,24,136,716,4.46,39.01,18.37,41.0,20.04,38.54,60.0,2.19,0.14,33.0,0.0,100.0,82.6,37.58,17.77,38.23,1.6,37.36,12.3,54.54,1.02,36.42,18.75,14.28,9.21,45.22,18.43,28.57,3.21,44.59,21.57,50.0,0.0,0.0,412.0
3652,24,137,960,3.75,42.73,19.37,48.61,15.39,39.68,44.44,1.94,0.21,71.5,19.09,50.0,87.77,41.74,19.31,40.32,1.62,41.53,12.04,46.66,0.86,45.37,11.38,25.0,4.54,43.47,19.03,30.95,3.03,54.78,21.02,32.14,0.0,0.0,553.0
3653,24,138,0,0.0,0.0,0.0,0.0,0.0,0.0,0.0,0.0,0.0,0.0,0.0,0.0,0.0,0.0,0.0,0.0,0.0,0.0,0.0,0.0,0.0,0.0,0.0,0.0,0.0,0.0,0.0,0.0,0.0,0.0,0.0,0.0,0.0,0.0,0.0
3654,24,139,656,3.04,39.37,18.16,36.71,14.02,39.32,42.85,2.2,0.31,54.5,28.99,50.0,88.67,38.6,18.38,40.24,1.41,40.0,5.59,66.66,0.62,56.75,21.02,25.0,4.87,43.93,18.04,29.03,1.88,49.75,16.03,16.66,0.0,0.0,301.0
3655,24,140,0,0.0,0.0,0.0,0.0,0.0,0.0,0.0,0.0,0.0,0.0,0.0,0.0,0.0,0.0,0.0,0.0,0.0,0.0,0.0,0.0,0.0,0.0,0.0,0.0,0.0,0.0,0.0,0.0,0.0,0.0,0.0,0.0,0.0,0.0,0.0
3656,24,141,0,0.0,0.0,0.0,0.0,0.0,0.0,0.0,0.0,0.0,0.0,0.0,0.0,0.0,0.0,0.0,0.0,0.0,0.0,0.0,0.0,0.0,0.0,0.0,0.0,0.0,0.0,0.0,0.0,0.0,0.0,0.0,0.0,0.0,0.0,0.0
3657,24,142,0,0.0,0.0,0.0,0.0,0.0,0.0,0.0,0.0,0.0,0.0,0.0,0.0,0.0,0.0,0.0,0.0,0.0,0.0,0.0,0.0,0.0,0.0,0.0,0.0,0.0,0.0,0.0,0.0,0.0,0.0,0.0,0.0,0.0,0.0,0.0
3658,24,143,821,2.67,39.2,19.19,41.8,16.85,45.31,49.2,7.88,0.37,43.0,37.24,33.33,80.85,38.43,18.83,44.73,1.87,33.06,20.22,73.33,0.5,37.0,8.52,50.0,4.88,38.87,18.84,46.15,3.62,44.44,23.19,24.13,0.0,0.0,497.0
3659,24,145,0,0.0,0.0,0.0,0.0,0.0,0.0,0.0,0.0,0.0,0.0,0.0,0.0,0.0,0.0,0.0,0.0,0.0,0.0,0.0,0.0,0.0,0.0,0.0,0.0,0.0,0.0,0.0,0.0,0.0,0.0,0.0,0.0,0.0,0.0,0.0
3660,24,146,603,2.32,40.47,18.36,39.92,20.13,41.29,53.84,2.2,0.0,0.0,0.0,0.0,82.17,40.01,18.06,41.73,4.07,34.45,18.23,50.0,1.52,41.77,15.35,22.22,7.8,43.76,18.43,30.43,2.2,49.61,19.44,38.46,0.0,0.0,324.0
3661,24,147,570,2.28,40.62,16.41,37.6,13.01,40.52,48.0,4.48,0.17,0.0,0.0,0.0,81.14,39.86,16.2,42.03,1.61,30.22,13.34,44.44,1.97,44.9,16.26,27.27,7.71,43.46,15.79,30.23,2.87,53.06,16.94,43.75,0.0,0.0,328.0
3662,24,148,0,0.0,0.0,0.0,0.0,0.0,0.0,0.0,0.0,0.0,0.0,0.0,0.0,0.0,0.0,0.0,0.0,0.0,0.0,0.0,0.0,0.0,0.0,0.0,0.0,0.0,0.0,0.0,0.0,0.0,0.0,0.0,0.0,0.0,0.0,0.0
3663,24,149,0,0.0,0.0,0.0,0.0,0.0,0.0,0.0,0.0,0.0,0.0,0.0,0.0,0.0,0.0,0.0,0.0,0.0,0.0,0.0,0.0,0.0,0.0,0.0,0.0,0.0,0.0,0.0,0.0,0.0,0.0,0.0,0.0,0.0,0.0,0.0
3664,24,150,868,2.18,39.08,17.72,39.35,17.18,42.51,37.29,21.79,0.47,36.25,13.96,75.0,68.31,38.55,17.99,42.41,1.41,39.33,6.95,66.66,0.7,24.83,12.82,83.33,4.94,40.83,18.86,35.71,2.35,46.8,17.81,70.0,0.0,0.0,408.0
3665,24,151,878,1.25,38.51,17.31,38.48,18.56,38.04,38.15,19.95,0.57,37.6,11.54,60.0,71.39,38.34,16.75,38.28,1.96,30.0,16.14,47.05,0.57,42.0,11.59,20.0,3.22,42.21,13.35,32.14,2.19,44.21,26.02,31.57,0.0,0.0,351.0
3666,24,152,0,0.0,0.0,0.0,0.0,0.0,0.0,0.0,0.0,0.0,0.0,0.0,0.0,0.0,0.0,0.0,0.0,0.0,0.0,0.0,0.0,0.0,0.0,0.0,0.0,0.0,0.0,0.0,0.0,0.0,0.0,0.0,0.0,0.0,0.0,0.0
3667,24,154,1051,0.95,37.44,16.22,37.14,12.58,39.58,43.42,7.3,0.28,39.66,4.04,66.66,85.87,37.32,16.35,39.48,1.24,38.07,10.38,46.15,0.19,45.0,28.28,0.0,3.55,35.48,19.18,29.72,1.53,41.68,19.47,37.5,0.0,0.0,456.0
3668,24,155,784,1.53,38.37,16.84,37.44,16.23,38.9,35.22,11.39,0.77,38.83,25.18,66.66,80.44,38.6,16.77,39.61,2.59,33.85,9.62,45.0,0.12,36.0,0.0,100.0,2.84,41.09,17.51,22.72,1.68,40.0,27.54,38.46,0.0,0.0,361.0
3669,24,157,0,0.0,0.0,0.0,0.0,0.0,0.0,0.0,0.0,0.0,0.0,0.0,0.0,0.0,0.0,0.0,0.0,0.0,0.0,0.0,0.0,0.0,0.0,0.0,0.0,0.0,0.0,0.0,0.0,0.0,0.0,0.0,0.0,0.0,0.0,0.0
3670,24,158,958,3.02,39.65,18.24,38.5,18.2,44.15,52.08,5.16,0.21,24.0,33.94,50.0,84.49,39.4,17.96,44.96,1.72,34.56,20.0,50.0,0.75,47.57,25.42,42.85,5.81,39.64,19.51,29.62,1.72,51.5,20.03,31.25,0.0,0.0,312.0
3671,24,159,0,0.0,0.0,0.0,0.0,0.0,0.0,0.0,0.0,0.0,0.0,0.0,0.0,0.0,0.0,0.0,0.0,0.0,0.0,0.0,0.0,0.0,0.0,0.0,0.0,0.0,0.0,0.0,0.0,0.0,0.0,0.0,0.0,0.0,0.0,0.0
3672,24,160,997,2.7,39.04,16.22,38.81,15.73,42.22,37.83,7.62,0.0,0.0,0.0,0.0,82.37,38.91,16.01,42.67,2.37,37.47,13.73,65.21,0.41,46.75,17.34,50.0,5.56,41.31,18.57,33.33,1.64,40.93,15.45,25.0,0.0,0.0,335.0
3673,24,161,726,1.92,40.85,18.4,44.35,17.34,42.56,64.28,1.96,0.14,46.0,0.0,100.0,89.46,40.24,17.77,43.01,1.4,44.3,20.76,40.0,0.14,47.0,0.0,0.0,5.19,37.0,21.87,29.72,1.68,57.58,25.92,33.33,0.0,0.0,395.0
3674,24,162,700,1.71,40.2,18.3,41.91,24.33,39.85,66.66,1.74,0.0,0.0,0.0,0.0,88.22,39.19,17.95,39.2,1.88,42.07,16.42,61.53,0.29,45.0,25.45,0.0,5.37,47.4,17.74,40.54,2.47,48.35,20.68,29.41,0.0,0.0,377.0
3675,24,164,581,2.92,40.71,17.33,44.35,12.93,43.2,50.0,3.54,0.0,0.0,0.0,0.0,86.7,40.02,17.61,46.01,1.06,29.16,15.79,50.0,0.53,52.33,3.05,0.0,5.49,44.32,13.03,29.03,2.65,48.13,18.91,13.33,0.0,0.0,340.0
3676,24,165,0,0.0,0.0,0.0,0.0,0.0,0.0,0.0,0.0,0.0,0.0,0.0,0.0,0.0,0.0,0.0,0.0,0.0,0.0,0.0,0.0,0.0,0.0,0.0,0.0,0.0,0.0,0.0,0.0,0.0,0.0,0.0,0.0,0.0,0.0,0.0
3677,24,166,615,2.92,40.73,17.88,38.91,23.86,40.16,33.33,2.01,0.5,53.33,11.84,66.66,86.76,39.45,17.26,40.34,1.0,41.0,10.41,66.66,1.0,43.0,37.21,50.0,6.86,46.46,18.84,34.14,1.84,52.27,12.07,18.18,0.0,0.0,333.0
3678,24,167,0,0.0,0.0,0.0,0.0,0.0,0.0,0.0,0.0,0.0,0.0,0.0,0.0,0.0,0.0,0.0,0.0,0.0,0.0,0.0,0.0,0.0,0.0,0.0,0.0,0.0,0.0,0.0,0.0,0.0,0.0,0.0,0.0,0.0,0.0,0.0
3679,24,168,0,0.0,0.0,0.0,0.0,0.0,0.0,0.0,0.0,0.0,0.0,0.0,0.0,0.0,0.0,0.0,0.0,0.0,0.0,0.0,0.0,0.0,0.0,0.0,0.0,0.0,0.0,0.0,0.0,0.0,0.0,0.0,0.0,0.0,0.0,0.0
3680,24,169,0,0.0,0.0,0.0,0.0,0.0,0.0,0.0,0.0,0.0,0.0,0.0,0.0,0.0,0.0,0.0,0.0,0.0,0.0,0.0,0.0,0.0,0.0,0.0,0.0,0.0,0.0,0.0,0.0,0.0,0.0,0.0,0.0,0.0,0.0,0.0
3681,24,170,0,0.0,0.0,0.0,0.0,0.0,0.0,0.0,0.0,0.0,0.0,0.0,0.0,0.0,0.0,0.0,0.0,0.0,0.0,0.0,0.0,0.0,0.0,0.0,0.0,0.0,0.0,0.0,0.0,0.0,0.0,0.0,0.0,0.0,0.0,0.0
3682,24,172,0,0.0,0.0,0.0,0.0,0.0,0.0,0.0,0.0,0.0,0.0,0.0,0.0,0.0,0.0,0.0,0.0,0.0,0.0,0.0,0.0,0.0,0.0,0.0,0.0,0.0,0.0,0.0,0.0,0.0,0.0,0.0,0.0,0.0,0.0,0.0
3683,24,173,969,1.13,37.58,16.43,33.6,11.84,39.52,40.0,1.56,0.2,41.5,12.02,50.0,90.7,37.73,16.42,40.04,1.25,30.66,13.29,41.66,0.31,46.33,13.65,0.0,4.17,34.45,18.91,42.5,1.77,39.47,19.04,23.52,0.0,0.0,305.0
3684,24,174,847,1.88,39.79,16.43,38.87,7.58,37.78,43.75,1.92,0.36,44.66,3.05,33.33,90.73,39.8,16.38,37.66,1.44,39.75,12.63,58.33,0.0,0.0,0.0,0.0,3.36,41.14,14.69,32.14,2.16,39.55,20.79,16.66,0.0,0.0,267.0
3685,24,177,0,0.0,0.0,0.0,0.0,0.0,0.0,0.0,0.0,0.0,0.0,0.0,0.0,0.0,0.0,0.0,0.0,0.0,0.0,0.0,0.0,0.0,0.0,0.0,0.0,0.0,0.0,0.0,0.0,0.0,0.0,0.0,0.0,0.0,0.0,0.0
3686,24,178,752,1.72,39.75,16.92,41.63,15.75,40.02,36.84,10.28,0.13,38.0,0.0,0.0,83.62,39.63,17.52,39.48,1.21,42.44,6.54,77.77,0.27,39.0,1.41,0.0,3.38,34.76,7.74,48.0,1.08,45.25,11.22,37.5,0.0,0.0,307.0
3687,24,180,0,0.0,0.0,0.0,0.0,0.0,0.0,0.0,0.0,0.0,0.0,0.0,0.0,0.0,0.0,0.0,0.0,0.0,0.0,0.0,0.0,0.0,0.0,0.0,0.0,0.0,0.0,0.0,0.0,0.0,0.0,0.0,0.0,0.0,0.0,0.0
3688,24,181,0,0.0,0.0,0.0,0.0,0.0,0.0,0.0,0.0,0.0,0.0,0.0,0.0,0.0,0.0,0.0,0.0,0.0,0.0,0.0,0.0,0.0,0.0,0.0,0.0,0.0,0.0,0.0,0.0,0.0,0.0,0.0,0.0,0.0,0.0,0.0
3689,24,183,0,0.0,0.0,0.0,0.0,0.0,0.0,0.0,0.0,0.0,0.0,0.0,0.0,0.0,0.0,0.0,0.0,0.0,0.0,0.0,0.0,0.0,0.0,0.0,0.0,0.0,0.0,0.0,0.0,0.0,0.0,0.0,0.0,0.0,0.0,0.0
3690,24,185,0,0.0,0.0,0.0,0.0,0.0,0.0,0.0,0.0,0.0,0.0,0.0,0.0,0.0,0.0,0.0,0.0,0.0,0.0,0.0,0.0,0.0,0.0,0.0,0.0,0.0,0.0,0.0,0.0,0.0,0.0,0.0,0.0,0.0,0.0,0.0
3691,24,186,696,1.14,38.73,16.06,39.76,12.91,38.64,30.76,7.55,0.14,50.0,0.0,100.0,84.44,38.19,16.26,38.89,1.74,39.75,18.44,75.0,1.16,55.25,14.96,37.5,3.19,37.54,15.37,27.27,1.74,40.75,10.92,33.33,0.0,0.0,263.0
3692,24,187,643,0.93,38.88,15.78,40.52,12.18,37.01,45.83,7.53,0.15,30.0,0.0,0.0,85.55,38.37,15.5,37.06,0.94,36.83,18.94,66.66,0.0,0.0,0.0,0.0,3.76,43.58,18.47,16.66,2.04,42.3,23.71,46.15,0.0,0.0,338.0
3693,24,188,0,0.0,0.0,0.0,0.0,0.0,0.0,0.0,0.0,0.0,0.0,0.0,0.0,0.0,0.0,0.0,0.0,0.0,0.0,0.0,0.0,0.0,0.0,0.0,0.0,0.0,0.0,0.0,0.0,0.0,0.0,0.0,0.0,0.0,0.0,0.0
3694,24,189,0,0.0,0.0,0.0,0.0,0.0,0.0,0.0,0.0,0.0,0.0,0.0,0.0,0.0,0.0,0.0,0.0,0.0,0.0,0.0,0.0,0.0,0.0,0.0,0.0,0.0,0.0,0.0,0.0,0.0,0.0,0.0,0.0,0.0,0.0,0.0
3695,24,190,889,0.67,36.31,15.51,34.02,16.91,40.26,35.44,8.94,0.33,48.0,18.0,66.66,84.93,36.63,15.14,40.53,1.35,30.66,12.69,75.0,0.45,46.25,19.36,0.0,2.83,32.2,17.82,28.0,1.13,39.4,19.61,30.0,0.0,0.0,199.0
3696,24,192,354,3.1,40.12,18.51,46.66,18.75,43.78,60.0,4.37,0.0,0.0,0.0,0.0,86.88,39.71,18.4,43.62,2.33,33.87,6.87,75.0,0.29,72.0,0.0,100.0,4.95,32.88,21.26,11.76,1.16,63.0,8.12,50.0,0.0,0.0,191.0
3697,24,193,914,0.54,39.19,18.04,36.05,16.43,42.56,38.46,12.87,1.54,42.07,18.1,64.28,76.56,39.53,18.41,43.24,5.28,39.14,15.97,41.66,0.55,39.2,12.61,20.0,2.09,36.94,18.54,42.1,1.1,48.3,18.69,40.0,0.0,0.0,154.0
3698,24,195,715,2.51,39.95,16.78,38.45,15.4,43.21,54.54,1.57,0.28,30.5,4.94,50.0,82.06,39.12,16.55,44.4,3.01,38.85,10.33,66.66,1.14,45.25,15.67,12.5,10.61,45.01,17.93,31.08,1.29,48.11,21.3,66.66,0.0,0.0,416.0
3699,24,196,0,0.0,0.0,0.0,0.0,0.0,0.0,0.0,0.0,0.0,0.0,0.0,0.0,0.0,0.0,0.0,0.0,0.0,0.0,0.0,0.0,0.0,0.0,0.0,0.0,0.0,0.0,0.0,0.0,0.0,0.0,0.0,0.0,0.0,0.0,0.0
3700,24,198,965,1.76,41.8,18.16,40.27,19.51,40.72,50.0,3.79,0.1,27.0,0.0,0.0,83.64,41.6,18.12,40.6,1.79,43.41,23.44,64.7,0.31,47.0,7.0,33.33,8.12,39.75,17.42,33.76,2.21,50.61,16.18,38.09,0.0,0.0,486.0
3701,24,199,865,3.12,41.19,18.76,43.51,23.05,42.65,42.42,3.93,0.59,51.4,30.37,60.0,81.5,39.76,18.11,44.21,2.14,35.44,15.98,44.44,0.47,41.25,6.8,50.0,8.83,46.02,15.89,32.43,2.5,55.04,24.57,47.61,0.0,0.0,452.0
3702,24,200,0,0.0,0.0,0.0,0.0,0.0,0.0,0.0,0.0,0.0,0.0,0.0,0.0,0.0,0.0,0.0,0.0,0.0,0.0,0.0,0.0,0.0,0.0,0.0,0.0,0.0,0.0,0.0,0.0,0.0,0.0,0.0,0.0,0.0,0.0,0.0
3703,24,202,1092,1.09,37.95,17.23,37.17,21.55,41.11,44.23,4.81,0.18,16.0,22.62,50.0,87.31,37.98,16.72,40.82,1.66,29.33,16.92,66.66,0.18,49.5,0.7,50.0,4.62,39.92,16.91,34.0,1.2,38.23,24.73,38.46,0.0,0.0,508.0
3704,24,203,1105,0.9,40.19,17.63,41.21,17.43,40.36,44.73,3.47,0.18,65.5,16.26,0.0,89.4,39.96,17.3,39.93,1.73,37.94,19.76,42.1,0.36,47.0,14.69,25.0,3.28,43.58,21.91,50.0,1.55,40.11,21.77,29.41,0.0,0.0,376.0
3705,24,204,0,0.0,0.0,0.0,0.0,0.0,0.0,0.0,0.0,0.0,0.0,0.0,0.0,0.0,0.0,0.0,0.0,0.0,0.0,0.0,0.0,0.0,0.0,0.0,0.0,0.0,0.0,0.0,0.0,0.0,0.0,0.0,0.0,0.0,0.0,0.0
3706,24,205,0,0.0,0.0,0.0,0.0,0.0,0.0,0.0,0.0,0.0,0.0,0.0,0.0,0.0,0.0,0.0,0.0,0.0,0.0,0.0,0.0,0.0,0.0,0.0,0.0,0.0,0.0,0.0,0.0,0.0,0.0,0.0,0.0,0.0,0.0,0.0
3707,24,209,0,0.0,0.0,0.0,0.0,0.0,0.0,0.0,0.0,0.0,0.0,0.0,0.0,0.0,0.0,0.0,0.0,0.0,0.0,0.0,0.0,0.0,0.0,0.0,0.0,0.0,0.0,0.0,0.0,0.0,0.0,0.0,0.0,0.0,0.0,0.0
3708,24,210,898,3.22,41.97,18.57,41.23,19.04,42.31,61.9,2.41,0.11,93.0,0.0,0.0,83.08,40.76,18.64,42.24,0.8,42.71,10.84,100.0,0.57,40.2,9.47,40.0,12.08,48.37,16.81,37.14,0.92,45.87,11.5,37.5,0.0,0.0,521.0
3709,24,211,0,0.0,0.0,0.0,0.0,0.0,0.0,0.0,0.0,0.0,0.0,0.0,0.0,0.0,0.0,0.0,0.0,0.0,0.0,0.0,0.0,0.0,0.0,0.0,0.0,0.0,0.0,0.0,0.0,0.0,0.0,0.0,0.0,0.0,0.0,0.0
3710,24,213,0,0.0,0.0,0.0,0.0,0.0,0.0,0.0,0.0,0.0,0.0,0.0,0.0,0.0,0.0,0.0,0.0,0.0,0.0,0.0,0.0,0.0,0.0,0.0,0.0,0.0,0.0,0.0,0.0,0.0,0.0,0.0,0.0,0.0,0.0,0.0
3711,24,214,0,0.0,0.0,0.0,0.0,0.0,0.0,0.0,0.0,0.0,0.0,0.0,0.0,0.0,0.0,0.0,0.0,0.0,0.0,0.0,0.0,0.0,0.0,0.0,0.0,0.0,0.0,0.0,0.0,0.0,0.0,0.0,0.0,0.0,0.0,0.0
3712,24,215,0,0.0,0.0,0.0,0.0,0.0,0.0,0.0,0.0,0.0,0.0,0.0,0.0,0.0,0.0,0.0,0.0,0.0,0.0,0.0,0.0,0.0,0.0,0.0,0.0,0.0,0.0,0.0,0.0,0.0,0.0,0.0,0.0,0.0,0.0,0.0
3713,24,216,0,0.0,0.0,0.0,0.0,0.0,0.0,0.0,0.0,0.0,0.0,0.0,0.0,0.0,0.0,0.0,0.0,0.0,0.0,0.0,0.0,0.0,0.0,0.0,0.0,0.0,0.0,0.0,0.0,0.0,0.0,0.0,0.0,0.0,0.0,0.0
3714,24,217,0,0.0,0.0,0.0,0.0,0.0,0.0,0.0,0.0,0.0,0.0,0.0,0.0,0.0,0.0,0.0,0.0,0.0,0.0,0.0,0.0,0.0,0.0,0.0,0.0,0.0,0.0,0.0,0.0,0.0,0.0,0.0,0.0,0.0,0.0,0.0
3715,24,218,0,0.0,0.0,0.0,0.0,0.0,0.0,0.0,0.0,0.0,0.0,0.0,0.0,0.0,0.0,0.0,0.0,0.0,0.0,0.0,0.0,0.0,0.0,0.0,0.0,0.0,0.0,0.0,0.0,0.0,0.0,0.0,0.0,0.0,0.0,0.0
3716,24,219,754,1.45,38.43,17.8,48.76,19.93,43.5,68.0,3.36,0.4,38.33,9.6,66.66,89.23,37.96,17.63,41.93,1.34,29.0,6.61,80.0,0.26,35.0,7.07,50.0,3.9,38.31,17.31,44.82,1.48,53.27,23.67,27.27,0.0,0.0,441.0
3717,24,221,0,0.0,0.0,0.0,0.0,0.0,0.0,0.0,0.0,0.0,0.0,0.0,0.0,0.0,0.0,0.0,0.0,0.0,0.0,0.0,0.0,0.0,0.0,0.0,0.0,0.0,0.0,0.0,0.0,0.0,0.0,0.0,0.0,0.0,0.0,0.0
3718,24,223,0,0.0,0.0,0.0,0.0,0.0,0.0,0.0,0.0,0.0,0.0,0.0,0.0,0.0,0.0,0.0,0.0,0.0,0.0,0.0,0.0,0.0,0.0,0.0,0.0,0.0,0.0,0.0,0.0,0.0,0.0,0.0,0.0,0.0,0.0,0.0
3719,24,226,0,0.0,0.0,0.0,0.0,0.0,0.0,0.0,0.0,0.0,0.0,0.0,0.0,0.0,0.0,0.0,0.0,0.0,0.0,0.0,0.0,0.0,0.0,0.0,0.0,0.0,0.0,0.0,0.0,0.0,0.0,0.0,0.0,0.0,0.0,0.0
3720,24,227,0,0.0,0.0,0.0,0.0,0.0,0.0,0.0,0.0,0.0,0.0,0.0,0.0,0.0,0.0,0.0,0.0,0.0,0.0,0.0,0.0,0.0,0.0,0.0,0.0,0.0,0.0,0.0,0.0,0.0,0.0,0.0,0.0,0.0,0.0,0.0
3721,24,228,0,0.0,0.0,0.0,0.0,0.0,0.0,0.0,0.0,0.0,0.0,0.0,0.0,0.0,0.0,0.0,0.0,0.0,0.0,0.0,0.0,0.0,0.0,0.0,0.0,0.0,0.0,0.0,0.0,0.0,0.0,0.0,0.0,0.0,0.0,0.0
3722,24,230,0,0.0,0.0,0.0,0.0,0.0,0.0,0.0,0.0,0.0,0.0,0.0,0.0,0.0,0.0,0.0,0.0,0.0,0.0,0.0,0.0,0.0,0.0,0.0,0.0,0.0,0.0,0.0,0.0,0.0,0.0,0.0,0.0,0.0,0.0,0.0
3723,24,232,0,0.0,0.0,0.0,0.0,0.0,0.0,0.0,0.0,0.0,0.0,0.0,0.0,0.0,0.0,0.0,0.0,0.0,0.0,0.0,0.0,0.0,0.0,0.0,0.0,0.0,0.0,0.0,0.0,0.0,0.0,0.0,0.0,0.0,0.0,0.0
3724,24,234,670,3.43,41.13,18.81,45.4,15.61,40.74,60.0,0.77,0.15,83.0,0.0,100.0,87.32,40.9,18.32,41.94,2.47,31.93,16.69,43.75,0.46,41.0,13.45,0.0,6.49,41.64,20.78,40.47,2.31,52.4,25.62,13.33,0.0,0.0,385.0
3725,25,2,834,0.59,41.68,18.68,39.93,16.87,42.92,62.5,1.93,0.0,0.0,0.0,0.0,90.34,41.77,18.91,40.72,0.6,38.79,8.78,80.0,0.12,25.0,0.0,100.0,5.79,40.33,16.74,62.5,1.2,42.1,18.84,50.0,0.0,51.84,463.0
3726,25,7,849,0.11,41.08,20.03,33.07,16.03,43.46,30.76,1.53,0.0,0.0,0.0,0.0,94.1,41.12,20.08,42.98,1.06,34.88,15.6,77.77,0.0,0.0,0.0,0.0,2.12,39.33,20.0,50.0,1.17,54.7,19.49,60.0,0.0,54.2,453.0
3727,25,13,702,0.28,41.9,21.34,35.58,22.27,43.73,27.58,4.14,0.0,0.0,0.0,0.0,87.14,42.12,21.42,43.11,1.85,37.46,16.83,61.53,0.14,52.0,0.0,0.0,5.28,42.86,20.71,64.86,1.42,47.1,20.54,20.0,0.0,44.89,295.0
3728,25,15,983,0.1,38.18,21.63,37.29,31.37,44.96,60.0,1.01,0.3,39.0,33.77,33.33,93.48,38.0,21.34,43.68,0.61,52.5,11.25,66.66,0.1,76.0,0.0,100.0,2.95,41.06,22.27,65.51,1.52,38.73,28.68,60.0,0.0,46.4,515.0
3729,25,16,760,0.39,38.88,20.57,36.94,21.18,38.42,29.06,11.36,0.39,44.66,23.02,100.0,83.22,38.92,20.31,40.15,0.66,38.6,17.79,40.0,0.26,47.5,3.53,50.0,2.11,47.75,26.51,25.0,1.98,32.4,21.07,20.0,0.0,53.02,356.0
3730,25,21,827,0.96,37.46,20.44,37.77,17.94,40.5,35.81,18.07,0.48,36.5,27.04,75.0,75.09,36.85,21.09,41.62,1.34,36.54,7.09,36.36,1.83,45.33,17.8,33.33,1.22,39.2,23.55,40.0,1.95,48.81,20.86,43.75,0.0,47.75,402.0
3731,25,25,747,0.53,37.98,18.37,33.16,21.93,41.36,45.83,3.23,0.8,43.66,12.17,50.0,91.79,37.76,18.39,40.9,1.07,40.5,12.09,37.5,0.0,0.0,0.0,0.0,2.28,44.35,16.35,52.94,0.8,44.83,12.6,33.33,0.0,38.92,323.0
3732,25,28,768,0.78,40.86,17.44,38.47,15.77,35.8,30.98,18.63,1.18,47.88,13.37,33.33,75.45,41.42,18.01,37.56,0.78,33.0,21.83,33.33,1.44,44.09,10.01,36.36,1.7,36.07,11.28,7.69,0.78,41.5,19.79,50.0,0.0,58.75,352.0
3733,25,29,735,0.81,43.52,19.03,41.0,17.73,39.86,12.5,3.29,0.27,47.0,7.07,50.0,83.53,44.08,19.49,39.24,8.91,39.95,16.43,49.23,0.0,0.0,0.0,0.0,2.6,40.73,18.41,47.36,1.37,42.2,14.41,60.0,0.0,56.14,415.0
3734,25,31,973,0.92,43.01,20.41,41.21,22.27,44.19,50.0,4.77,0.51,50.0,17.9,40.0,89.62,43.13,20.36,43.98,0.93,32.0,9.87,44.44,0.1,54.0,0.0,0.0,2.9,41.75,20.15,46.42,1.14,41.45,14.96,54.54,0.0,38.14,480.0
3735,25,32,754,0.79,37.57,19.73,30.86,14.77,43.76,50.0,2.94,0.53,40.25,8.57,25.0,88.36,37.59,19.85,42.81,2.0,30.4,14.4,33.33,0.13,35.0,0.0,0.0,3.87,45.44,20.83,62.06,2.13,34.81,23.9,50.0,0.0,46.29,396.0
3736,25,38,659,0.0,42.89,20.54,43.9,26.23,42.94,50.0,1.51,0.0,0.0,0.0,0.0,94.23,43.15,20.59,41.7,1.21,35.62,16.65,100.0,0.15,57.0,0.0,0.0,2.27,38.66,15.22,53.33,0.6,26.25,19.46,75.0,0.0,43.96,350.0
3737,25,39,780,0.25,42.82,22.01,39.75,25.72,44.35,75.0,2.05,0.12,24.0,0.0,0.0,94.85,42.98,21.94,43.63,0.89,45.57,19.37,71.42,0.12,0.0,0.0,0.0,1.15,40.55,28.11,22.22,0.77,42.83,18.17,50.0,0.0,51.37,374.0
3738,25,41,690,0.28,37.63,19.61,33.57,33.05,45.65,42.85,1.01,0.43,16.0,27.71,66.66,94.18,38.14,19.36,45.67,1.16,40.12,11.24,37.5,0.0,0.0,0.0,0.0,1.74,17.58,16.22,41.66,1.45,40.7,16.58,40.0,0.0,58.53,278.0
3739,25,43,522,0.19,43.95,19.34,33.14,16.95,46.74,28.57,1.34,0.0,0.0,0.0,0.0,89.82,44.35,19.59,47.64,4.6,39.66,15.49,45.83,0.0,0.0,0.0,0.0,3.26,50.17,14.97,41.17,0.95,30.2,3.49,20.0,0.0,61.3,285.0
3740,25,44,709,0.0,39.88,20.48,41.8,10.76,43.15,66.66,2.11,0.0,0.0,0.0,0.0,91.96,40.03,20.47,42.63,2.53,31.83,17.87,44.44,0.0,0.0,0.0,0.0,1.83,47.61,22.44,46.15,1.55,32.36,28.97,36.36,0.0,52.41,353.0
3741,25,45,748,0.0,39.69,20.98,41.44,15.51,41.84,61.11,2.4,0.0,0.0,0.0,0.0,91.04,39.95,21.17,40.67,2.8,36.42,20.72,47.61,0.0,0.0,0.0,0.0,1.73,42.76,13.8,76.92,2.0,27.66,21.24,33.33,0.0,43.16,304.0
3742,25,48,964,0.1,42.1,19.99,38.27,22.33,42.94,36.36,2.28,0.0,0.0,0.0,0.0,93.56,42.14,19.85,42.39,0.72,40.85,23.28,42.85,0.0,0.0,0.0,0.0,2.69,43.11,20.18,69.23,0.72,42.14,29.79,28.57,0.0,42.41,439.0
3743,25,49,830,0.24,45.95,21.68,47.78,14.58,44.57,42.85,1.69,0.12,48.0,0.0,0.0,93.47,46.04,21.63,44.83,0.96,41.5,23.2,62.5,0.0,0.0,0.0,0.0,2.05,48.64,24.92,29.41,1.69,37.21,26.93,35.71,0.0,49.6,496.0
3744,25,55,960,1.25,38.43,21.1,34.72,23.15,41.87,37.14,7.38,0.31,54.33,10.96,66.66,85.23,38.81,21.01,41.7,1.26,36.91,10.21,58.33,0.21,42.5,17.67,100.0,3.37,34.68,22.13,46.87,2.21,39.42,21.59,38.09,0.0,43.69,470.0
3745,25,63,962,0.2,40.29,19.14,36.15,19.56,43.55,41.04,13.95,0.31,33.33,29.14,66.66,81.97,40.93,18.99,43.71,0.93,45.33,18.58,33.33,0.41,44.0,12.93,50.0,1.66,40.31,13.53,50.0,0.72,32.85,24.76,42.85,0.0,50.81,441.0
3746,25,64,838,0.35,44.05,21.09,44.19,13.73,44.51,46.15,3.11,0.0,0.0,0.0,0.0,92.45,43.93,21.2,44.3,1.79,38.73,25.38,60.0,0.0,0.0,0.0,0.0,1.79,50.13,18.99,46.66,0.83,58.85,19.46,42.85,0.0,34.27,433.0
3747,25,65,910,0.76,40.02,20.27,42.46,24.47,45.93,40.0,1.66,0.11,48.0,0.0,0.0,93.35,39.73,19.9,46.02,1.55,41.92,26.21,57.14,0.22,13.5,19.09,0.0,1.88,49.47,23.15,35.29,1.21,44.27,23.69,54.54,0.0,47.21,416.0
3748,25,68,729,0.13,39.17,21.39,43.7,37.08,40.74,70.0,1.37,0.13,37.0,0.0,100.0,94.78,38.96,21.09,40.14,0.54,51.0,27.54,50.0,0.13,56.0,0.0,0.0,1.64,36.41,18.97,58.33,1.37,47.4,26.19,30.0,0.0,46.94,344.0
3749,25,70,681,0.88,39.38,20.36,39.13,21.52,43.75,37.7,9.03,0.88,37.83,26.66,50.0,84.74,39.13,19.96,43.88,1.03,35.42,18.48,71.42,0.14,65.0,0.0,0.0,2.37,46.12,23.16,50.0,1.77,38.75,27.85,50.0,0.0,37.0,385.0
3750,25,71,636,0.15,38.18,20.81,32.46,20.34,45.12,42.85,7.71,0.31,18.0,25.45,100.0,88.18,38.49,20.78,45.0,1.1,38.28,13.93,85.71,0.0,0.0,0.0,0.0,1.73,38.45,19.65,45.45,0.94,55.16,21.98,16.66,0.0,44.93,274.0
3751,25,72,796,0.37,36.74,23.02,53.35,30.21,42.08,41.17,2.14,0.0,0.0,0.0,0.0,92.55,36.37,22.67,42.37,1.0,38.12,16.89,87.5,0.0,0.0,0.0,0.0,2.52,42.35,25.21,35.0,1.76,27.35,26.53,7.14,0.0,35.59,459.0
3752,25,74,909,0.55,42.05,20.02,33.26,21.51,44.11,52.94,3.76,0.11,28.0,0.0,0.0,89.82,42.57,19.77,44.33,0.99,42.22,28.5,66.66,0.66,35.33,9.24,16.66,3.65,41.0,20.64,36.36,0.99,40.22,26.09,22.22,0.0,46.14,458.0
3753,25,79,909,0.55,37.82,22.04,36.54,20.6,44.0,65.0,2.21,0.33,53.33,27.06,66.66,92.03,37.41,21.93,42.78,1.1,32.9,22.02,50.0,0.44,47.5,21.8,75.0,2.76,41.44,21.39,56.0,1.1,50.2,27.95,30.0,0.0,50.94,445.0
3754,25,78,883,1.35,40.21,20.36,36.72,19.25,44.05,48.48,3.78,0.34,26.0,23.06,33.33,88.97,40.45,20.02,44.64,0.68,39.33,7.03,66.66,0.11,0.0,0.0,0.0,4.01,34.31,19.64,31.42,2.06,52.83,30.73,27.77,0.0,42.88,411.0
3755,25,81,778,0.51,35.81,21.91,36.9,17.47,42.54,70.0,1.29,0.38,52.66,36.82,66.66,93.79,35.54,22.16,41.73,1.93,33.73,16.39,40.0,0.38,36.33,37.55,33.33,1.8,41.21,11.8,50.0,0.38,51.66,10.11,66.66,0.0,39.45,385.0
3756,25,82,1035,0.57,37.85,21.36,29.61,23.92,46.18,57.14,2.04,0.0,0.0,0.0,0.0,92.12,38.05,21.13,46.3,2.52,33.5,21.82,50.0,0.0,0.0,0.0,0.0,2.13,39.5,23.07,22.72,1.16,49.41,25.94,58.33,0.0,40.44,563.0
3757,25,83,784,0.12,42.62,20.99,40.93,19.68,43.49,31.25,2.04,0.12,70.0,0.0,0.0,90.54,43.0,21.2,43.15,5.49,35.72,17.95,60.46,0.0,0.0,0.0,0.0,0.89,45.85,12.5,14.28,0.89,39.57,22.22,28.57,0.0,41.36,367.0
3758,25,84,932,0.1,41.31,20.47,38.87,20.57,44.95,56.25,1.71,0.32,37.0,18.24,0.0,91.29,41.37,20.52,44.58,3.43,37.56,17.08,53.12,0.1,23.0,0.0,0.0,2.68,47.24,21.96,48.0,0.42,42.5,32.8,50.0,0.0,39.75,547.0
3759,25,85,636,0.94,39.86,19.98,25.9,28.07,42.92,40.0,1.58,0.0,0.0,0.0,0.0,90.15,39.99,19.52,42.25,2.06,37.84,22.9,38.46,0.31,57.5,28.99,50.0,3.8,40.12,20.61,58.33,2.06,41.61,24.03,53.84,0.0,47.86,277.0
3760,25,88,630,0.0,40.29,20.93,45.86,26.69,46.82,77.27,3.49,0.15,27.0,0.0,100.0,89.84,40.15,20.67,44.34,0.79,42.6,18.2,60.0,0.15,27.0,0.0,0.0,5.07,38.31,19.81,68.75,0.47,52.33,45.78,33.33,0.0,44.83,317.0
3761,25,89,691,0.28,39.23,20.05,39.44,23.01,43.12,55.55,1.3,0.0,0.0,0.0,0.0,93.9,39.16,19.79,42.19,0.29,26.0,2.82,50.0,0.14,52.0,0.0,0.0,3.48,38.87,26.78,70.83,0.87,46.5,21.32,33.33,0.0,51.02,306.0
3762,25,90,741,0.0,41.63,20.6,49.96,27.79,43.99,65.38,3.5,0.0,0.0,0.0,0.0,88.79,41.27,20.41,41.64,1.48,37.72,9.4,63.63,0.0,0.0,0.0,0.0,4.85,40.36,18.28,69.44,1.34,53.0,23.93,30.0,0.0,48.14,341.0
3763,25,91,519,0.19,39.67,20.2,47.33,24.71,42.58,77.77,1.73,0.0,0.0,0.0,0.0,91.69,39.23,19.89,41.05,0.57,33.0,10.53,66.66,0.19,47.0,0.0,0.0,5.01,43.53,24.73,53.84,0.77,46.5,21.18,75.0,0.0,46.49,210.0
3764,25,92,741,0.26,43.91,18.73,41.92,18.74,46.69,57.14,1.89,0.27,33.0,18.38,100.0,89.71,44.64,18.47,45.85,2.97,34.86,20.14,72.72,0.13,50.0,0.0,100.0,3.24,38.08,16.68,37.5,1.75,35.92,28.28,46.15,0.0,51.05,407.0
3765,25,94,712,0.84,39.58,20.98,41.86,17.73,43.25,33.33,2.12,0.42,9.66,16.74,0.0,90.5,39.82,20.99,42.87,1.41,27.5,21.1,70.0,0.7,35.79,23.54,20.0,3.39,40.12,16.59,54.16,1.41,34.2,25.45,40.0,0.0,55.02,401.0
3766,25,95,979,0.81,40.28,17.74,35.88,13.41,44.84,44.0,2.57,0.3,38.33,14.57,0.0,90.83,40.45,17.85,43.99,1.54,38.0,18.21,73.33,0.0,0.0,0.0,0.0,3.29,37.56,17.21,50.0,1.44,40.35,16.09,57.14,0.0,46.96,562.0
3767,25,96,760,0.78,42.19,21.32,40.93,16.45,42.76,31.25,2.12,0.26,32.5,0.7,50.0,91.11,42.18,21.66,43.23,2.12,38.93,21.39,56.25,0.13,64.0,0.0,0.0,2.91,43.68,15.98,27.27,1.32,44.5,23.39,40.0,0.0,57.37,408.0
3768,25,99,1042,0.28,39.5,21.87,37.31,25.61,45.68,43.75,1.53,0.38,28.75,20.15,0.0,91.62,39.82,21.75,45.69,2.02,34.42,22.16,33.33,0.0,0.0,0.0,0.0,3.36,38.68,24.37,54.28,1.05,34.63,19.86,54.54,0.0,40.76,493.0
3769,25,103,895,0.33,41.85,21.94,40.88,10.75,43.12,33.33,1.0,0.78,45.42,8.16,42.85,91.81,42.12,22.09,42.24,2.13,41.31,15.97,68.42,0.56,23.6,35.56,60.0,2.8,41.48,19.46,60.0,0.89,38.12,28.6,12.5,0.0,43.21,480.0
3770,25,104,900,0.44,44.99,20.38,47.46,19.87,43.11,60.0,1.67,0.22,45.5,12.02,100.0,91.85,44.9,20.37,41.06,1.78,45.31,17.51,81.25,0.0,0.0,0.0,0.0,3.01,48.55,22.4,55.55,1.45,39.76,22.87,61.53,0.0,43.89,507.0
3771,25,108,841,0.11,42.76,21.13,42.81,29.29,45.3,36.36,1.3,0.11,26.0,0.0,100.0,93.69,42.96,21.09,45.1,1.42,35.58,20.36,58.33,0.0,0.0,0.0,0.0,1.78,45.26,21.75,40.0,1.66,37.78,17.78,57.14,0.0,44.41,393.0
3772,25,111,990,0.7,42.9,19.1,42.15,18.48,44.24,52.63,3.86,0.2,39.0,5.65,50.0,88.6,43.08,19.1,43.39,1.32,40.84,20.09,53.84,0.1,53.0,0.0,0.0,3.15,40.03,18.16,51.61,2.74,41.29,21.66,48.14,0.0,45.6,474.0
3773,25,115,896,0.55,37.87,17.68,37.85,17.5,43.63,56.45,6.95,0.56,29.6,21.13,20.0,86.98,37.97,17.81,43.22,2.02,32.66,8.81,55.55,0.44,34.25,18.94,0.0,1.79,35.31,13.48,31.25,1.23,41.09,20.16,36.36,0.0,40.77,281.0
3774,25,113,938,0.31,42.52,19.38,37.86,16.5,43.17,36.36,2.35,0.21,40.0,28.28,100.0,90.48,42.5,19.41,42.9,1.06,49.6,23.99,40.0,0.42,52.0,13.95,25.0,3.63,44.2,20.63,61.76,1.81,38.35,17.48,35.29,0.0,41.88,387.0
3775,25,118,779,0.38,41.53,23.27,27.29,19.0,48.13,35.29,2.19,0.12,24.0,0.0,0.0,87.11,41.73,23.59,46.0,2.19,39.7,19.61,58.82,0.0,0.0,0.0,0.0,6.44,43.22,22.05,74.0,1.93,45.13,19.22,53.33,0.0,44.23,377.0
3776,25,119,980,1.02,38.2,19.23,33.97,16.74,44.79,45.78,8.55,0.61,44.0,7.37,66.66,83.29,38.36,19.76,43.93,2.47,33.0,9.78,62.5,1.13,40.18,26.58,27.27,3.29,43.75,16.99,46.87,0.61,43.66,11.02,33.33,0.0,43.15,458.0
3777,25,123,895,1.34,36.84,19.05,34.65,18.73,44.24,40.0,12.45,1.13,37.2,15.01,60.0,81.2,36.81,18.99,43.65,0.79,40.0,13.14,71.42,0.22,19.0,26.87,50.0,2.6,42.0,22.93,43.47,1.47,42.84,16.25,76.92,0.0,36.47,447.0
3778,25,126,1019,0.98,36.49,19.34,37.0,19.53,41.41,35.53,11.99,0.39,43.5,34.78,50.0,81.16,36.3,19.29,42.36,1.68,33.35,12.58,52.94,0.39,39.75,10.56,100.0,2.37,42.25,20.39,20.83,1.98,32.25,19.65,40.0,0.0,36.31,513.0
3779,25,127,921,0.32,39.41,19.36,39.18,14.89,42.67,36.11,7.84,0.0,0.0,0.0,0.0,86.81,39.46,19.84,42.91,1.85,31.7,12.6,52.94,0.43,34.5,2.38,25.0,1.52,39.5,18.23,28.57,1.52,47.92,20.93,57.14,0.0,42.14,471.0
3780,25,128,981,0.4,40.45,19.91,39.5,15.06,44.24,50.0,4.5,0.2,42.0,16.97,100.0,88.02,40.97,20.09,43.6,2.96,29.75,14.35,62.06,0.4,34.75,6.8,0.0,2.55,32.64,22.26,36.0,1.33,44.0,24.12,38.46,0.0,39.18,508.0
3781,25,129,1012,1.48,37.18,19.67,33.04,18.69,38.73,29.41,17.05,1.2,33.33,26.41,25.0,77.23,38.04,19.47,40.25,1.0,32.9,14.22,70.0,0.3,32.0,6.08,100.0,1.2,33.66,22.75,66.66,2.0,35.45,24.43,25.0,0.0,35.82,532.0
3782,25,130,813,1.35,38.15,19.16,39.1,19.67,37.02,29.46,25.81,1.49,33.58,20.51,41.66,64.83,37.3,18.97,40.0,3.99,39.43,20.7,46.87,0.49,41.25,12.36,0.0,1.87,50.0,14.51,33.33,1.49,44.0,17.43,16.66,0.0,29.42,425.0
3783,25,135,814,0.49,37.36,17.59,37.88,15.5,42.26,35.71,5.18,0.24,64.5,17.67,50.0,88.76,37.21,17.43,43.25,2.09,32.88,20.07,47.05,0.24,33.0,9.89,50.0,2.22,41.0,16.03,16.66,1.23,42.4,28.13,30.0,0.0,50.18,347.0
3784,25,138,846,0.82,41.82,18.98,39.78,21.26,44.2,52.63,2.26,0.11,44.0,0.0,0.0,91.89,41.84,18.95,43.06,1.31,42.9,20.03,81.81,0.0,0.0,0.0,0.0,3.09,40.0,16.97,53.84,1.31,49.36,22.4,63.63,0.0,51.93,339.0
3785,25,132,823,0.36,43.1,19.5,37.07,18.83,41.91,46.15,1.58,0.12,32.0,0.0,100.0,92.07,43.32,19.67,41.58,2.43,32.9,11.29,55.0,0.0,0.0,0.0,0.0,3.17,46.23,16.48,46.15,0.6,54.4,28.5,20.0,0.0,47.24,471.0
3786,25,142,605,0.66,38.23,20.8,46.76,31.29,43.8,70.58,2.82,0.0,0.0,0.0,0.0,89.68,38.36,20.41,41.37,1.49,31.0,23.0,55.55,0.0,0.0,0.0,0.0,5.82,34.05,19.37,65.71,0.16,27.0,0.0,0.0,0.0,60.22,374.0
3787,25,145,803,0.0,38.85,21.31,29.94,19.54,45.7,44.44,2.24,0.0,0.0,0.0,0.0,92.02,39.33,21.35,45.06,2.61,25.76,13.87,47.61,0.12,79.0,0.0,100.0,1.99,42.06,20.48,68.75,0.99,38.12,24.0,50.0,0.0,42.1,301.0
3788,25,146,764,0.52,40.87,21.66,45.53,19.49,43.84,61.53,1.71,0.13,73.0,0.0,0.0,92.63,41.04,21.61,42.75,1.57,26.16,18.81,58.33,0.0,0.0,0.0,0.0,3.28,37.68,22.49,60.0,0.65,44.4,17.21,20.0,0.0,37.83,359.0
3789,25,149,923,0.1,39.79,21.5,42.66,25.42,43.66,47.61,2.27,0.1,32.0,0.0,100.0,89.91,39.61,21.36,43.54,3.9,40.36,21.13,52.77,0.21,62.0,21.21,0.0,1.84,34.05,18.74,29.41,1.73,45.18,25.19,43.75,0.0,54.62,260.0
3790,25,156,896,0.33,43.48,21.17,40.68,26.83,44.64,52.63,2.12,0.22,45.5,0.7,100.0,91.82,43.82,20.92,43.65,2.12,30.1,17.78,73.68,0.11,0.0,0.0,0.0,2.01,39.38,19.3,50.0,1.56,50.14,27.22,42.85,0.0,47.87,348.0
3791,25,158,869,0.34,40.36,21.94,44.6,21.02,44.87,51.51,3.81,0.57,35.6,25.52,60.0,87.52,40.79,22.13,44.59,4.04,33.77,18.69,48.57,0.0,0.0,0.0,0.0,2.3,32.2,20.25,40.0,1.73,34.73,20.51,40.0,0.0,43.05,375.0
3792,25,159,786,0.12,41.84,21.19,34.88,21.53,47.07,58.82,2.16,0.12,45.0,0.0,0.0,91.59,42.28,21.12,47.42,2.16,40.0,21.86,52.94,0.12,67.0,0.0,100.0,2.03,39.18,19.42,37.5,1.78,30.14,24.28,21.42,0.0,44.72,267.0
3793,25,161,856,1.86,43.71,21.05,43.6,20.92,37.14,36.92,71.9,1.3,45.36,20.54,36.36,21.3,44.12,21.41,35.19,0.23,55.0,18.38,0.0,1.3,48.45,18.07,45.45,1.9,37.75,22.0,62.5,2.02,49.29,21.32,29.41,0.0,52.52,459.0
3794,25,163,642,0.46,39.78,18.66,36.63,21.04,39.56,39.39,5.16,0.62,58.25,12.71,25.0,88.1,40.0,18.4,39.43,3.75,39.25,18.75,41.66,0.15,20.0,0.0,0.0,1.09,40.71,23.34,42.85,1.09,33.57,27.02,42.85,0.0,47.8,263.0
3795,25,165,914,0.43,39.65,18.75,42.0,18.47,43.87,46.75,8.46,0.65,32.0,4.38,33.33,83.84,39.59,18.87,43.51,3.29,34.33,12.88,60.0,0.32,53.66,4.93,33.33,2.19,43.35,20.35,15.0,1.2,33.27,27.55,54.54,0.0,44.43,392.0
3796,25,166,1028,0.29,39.69,17.09,37.35,15.61,40.46,42.25,13.85,0.58,37.0,26.3,50.0,78.43,40.09,17.22,39.92,2.82,37.72,17.05,44.82,0.97,47.0,10.59,30.0,1.75,42.33,15.16,44.44,1.56,36.06,22.4,37.5,0.0,36.22,483.0
3797,25,167,1029,0.48,41.44,19.35,37.03,19.68,41.78,46.87,3.12,0.09,75.0,0.0,0.0,91.6,41.47,19.25,41.89,1.36,36.78,17.8,28.57,0.19,47.0,9.89,50.0,2.24,47.86,23.19,30.43,1.36,39.07,20.6,42.85,0.0,43.43,536.0
3798,25,171,910,0.87,39.49,17.51,34.75,15.31,41.2,37.03,5.98,0.33,23.66,23.02,66.66,88.24,39.88,17.3,41.33,0.22,18.5,26.16,50.0,0.77,47.28,25.1,42.85,2.43,38.63,22.53,36.36,1.99,38.38,17.91,38.88,0.0,41.92,390.0
3799,25,172,913,0.43,41.33,17.35,43.76,16.37,38.44,29.41,3.74,0.33,59.33,14.01,33.33,90.2,40.97,17.28,39.14,1.32,33.75,13.51,50.0,0.44,39.25,27.03,75.0,2.31,51.95,14.33,28.57,1.65,38.93,17.83,13.33,0.0,45.62,422.0
3800,25,173,980,0.71,40.26,17.16,35.61,16.05,44.08,52.38,2.15,0.1,34.0,0.0,100.0,93.62,40.43,17.18,44.12,0.82,39.12,14.05,87.5,0.41,51.75,14.79,25.0,1.54,38.66,20.55,40.0,1.33,38.92,15.54,7.69,0.0,35.9,524.0
3801,25,174,1031,0.0,42.78,21.12,54.3,32.03,44.22,46.15,1.26,0.0,0.0,0.0,0.0,93.79,42.6,20.98,44.15,0.19,36.0,14.14,50.0,0.38,33.75,23.66,25.0,3.1,44.96,19.07,62.5,1.26,42.76,23.29,7.69,0.0,41.81,567.0
3802,25,175,933,0.32,38.82,20.24,25.61,16.22,41.37,46.15,1.39,0.86,60.37,16.61,37.5,92.15,38.76,20.27,41.54,1.07,39.7,7.61,60.0,0.0,0.0,0.0,0.0,3.33,38.83,22.33,29.03,1.18,39.0,17.54,27.27,0.0,41.06,507.0
3803,25,176,953,0.83,37.55,18.56,36.83,19.02,40.71,50.0,3.17,0.21,21.5,30.4,50.0,91.42,37.78,18.53,40.5,1.05,31.2,12.99,40.0,0.63,29.66,7.86,16.66,2.64,29.64,21.52,40.0,0.84,47.0,18.45,37.5,0.0,41.96,380.0
3804,25,177,1029,0.29,38.7,19.08,33.08,13.97,39.55,34.78,2.24,0.48,25.8,25.54,40.0,90.74,38.95,19.01,40.17,1.85,32.68,9.78,57.89,0.68,51.14,25.18,0.0,2.72,37.14,21.81,21.42,1.26,38.23,23.89,38.46,0.0,38.42,497.0
3805,25,180,1029,0.87,36.4,18.45,36.6,18.26,40.03,36.36,3.23,0.39,37.25,29.56,50.0,90.0,36.38,18.28,40.08,2.15,39.09,16.65,54.54,0.29,26.0,26.51,0.0,3.03,33.09,19.45,32.25,0.88,40.44,32.95,55.55,0.0,47.71,353.0
3806,25,182,931,0.53,41.7,19.41,37.7,19.74,40.81,33.33,3.23,1.51,63.85,20.3,35.71,86.82,41.18,19.29,41.16,1.29,40.58,14.73,75.0,0.64,47.0,9.2,33.33,3.99,42.83,16.63,29.72,2.48,47.56,23.71,43.47,0.0,49.53,432.0
3807,25,183,771,1.29,41.2,19.45,41.17,16.48,41.11,40.0,4.59,0.91,47.14,8.02,42.85,88.96,40.71,19.38,41.35,0.91,41.71,13.4,71.42,0.39,50.33,25.1,33.33,2.36,47.88,24.22,11.11,1.83,40.07,24.53,42.85,0.0,58.14,378.0
3808,25,185,957,1.04,38.81,18.73,37.77,21.62,41.06,38.88,3.8,0.52,55.2,28.01,20.0,90.07,38.67,18.63,41.73,1.05,32.6,10.51,50.0,0.52,46.2,12.39,20.0,2.85,38.25,20.53,37.03,1.16,38.09,16.02,36.36,0.0,50.94,416.0
3809,25,187,527,0.18,35.65,18.52,34.28,11.36,40.98,50.0,2.66,0.19,53.0,0.0,0.0,89.92,35.84,18.67,40.8,2.28,33.08,17.93,66.66,0.19,62.0,0.0,0.0,3.23,29.0,22.51,41.17,1.52,41.0,6.82,12.5,0.0,69.41,210.0
3810,25,188,641,0.78,43.85,19.69,45.06,18.64,43.52,43.33,4.71,0.94,59.33,5.0,66.66,89.77,43.34,19.85,42.73,0.94,46.33,14.12,50.0,0.15,64.0,0.0,0.0,2.83,49.27,18.49,61.11,0.62,50.75,16.11,50.0,0.0,55.42,361.0
3811,25,191,833,1.2,38.4,20.11,43.38,12.73,44.77,53.84,1.57,0.6,62.2,17.54,40.0,91.0,37.91,19.87,44.59,1.45,35.41,18.81,41.66,0.24,65.5,26.16,50.0,4.0,44.3,24.67,45.45,1.09,30.88,24.25,33.33,0.0,49.54,471.0
3812,25,193,902,0.33,43.33,18.32,40.62,18.54,38.02,37.5,3.55,0.22,68.0,2.82,50.0,89.87,42.92,18.3,38.24,1.44,48.61,16.15,46.15,0.44,51.75,16.82,25.0,2.66,50.12,18.66,37.5,1.77,48.37,19.02,31.25,0.0,42.25,463.0
3813,25,194,919,0.54,38.89,19.61,34.61,21.48,40.8,51.61,3.39,0.1,57.0,0.0,0.0,91.79,38.87,19.59,40.16,0.98,29.33,12.5,55.55,0.0,0.0,0.0,0.0,2.51,39.3,18.52,30.43,1.2,56.81,16.99,63.63,0.0,43.06,425.0
3814,25,1,720,0.13,40.78,21.22,47.41,20.88,44.02,58.33,1.66,0.41,42.33,32.8,33.33,93.04,40.42,21.2,43.34,0.83,24.33,12.78,50.0,0.0,0.0,0.0,0.0,2.5,49.88,18.13,50.0,1.52,44.63,19.4,54.54,0.0,0.0,337.0
3815,25,3,977,0.2,39.7,19.34,43.42,19.01,46.05,42.85,2.15,0.0,0.0,0.0,0.0,92.2,39.8,19.24,45.6,1.23,31.41,19.02,66.66,0.3,52.66,29.77,33.33,2.97,42.1,21.02,48.27,1.12,27.27,14.62,63.63,0.0,0.0,457.0
3816,25,4,954,0.0,43.72,18.85,43.0,8.4,42.55,60.0,1.04,0.0,0.0,0.0,0.0,92.13,43.87,19.12,40.61,1.04,38.5,14.25,40.0,0.0,0.0,0.0,0.0,5.13,43.34,16.76,71.42,0.62,34.16,11.3,66.66,0.0,0.0,554.0
3817,25,5,0,0.0,0.0,0.0,0.0,0.0,0.0,0.0,0.0,0.0,0.0,0.0,0.0,0.0,0.0,0.0,0.0,0.0,0.0,0.0,0.0,0.0,0.0,0.0,0.0,0.0,0.0,0.0,0.0,0.0,0.0,0.0,0.0,0.0,0.0,0.0
3818,25,6,0,0.0,0.0,0.0,0.0,0.0,0.0,0.0,0.0,0.0,0.0,0.0,0.0,0.0,0.0,0.0,0.0,0.0,0.0,0.0,0.0,0.0,0.0,0.0,0.0,0.0,0.0,0.0,0.0,0.0,0.0,0.0,0.0,0.0,0.0,0.0
3819,25,8,963,0.1,39.73,20.61,38.85,20.41,44.85,55.0,2.07,0.2,30.0,42.42,0.0,91.89,39.76,20.51,43.32,1.03,38.6,16.23,80.0,0.31,28.33,28.5,33.33,3.84,41.75,20.02,67.56,0.62,35.33,40.01,50.0,0.0,0.0,407.0
3820,25,9,0,0.0,0.0,0.0,0.0,0.0,0.0,0.0,0.0,0.0,0.0,0.0,0.0,0.0,0.0,0.0,0.0,0.0,0.0,0.0,0.0,0.0,0.0,0.0,0.0,0.0,0.0,0.0,0.0,0.0,0.0,0.0,0.0,0.0,0.0,0.0
3821,25,10,0,0.0,0.0,0.0,0.0,0.0,0.0,0.0,0.0,0.0,0.0,0.0,0.0,0.0,0.0,0.0,0.0,0.0,0.0,0.0,0.0,0.0,0.0,0.0,0.0,0.0,0.0,0.0,0.0,0.0,0.0,0.0,0.0,0.0,0.0,0.0
3822,25,11,1006,0.19,39.24,21.17,52.52,18.79,43.04,52.38,2.09,0.09,44.0,0.0,100.0,92.92,38.91,21.33,41.8,0.89,40.55,15.92,66.66,0.0,0.0,0.0,0.0,3.08,44.16,15.82,61.29,0.89,24.44,20.06,44.44,0.0,0.0,534.0
3823,25,12,0,0.0,0.0,0.0,0.0,0.0,0.0,0.0,0.0,0.0,0.0,0.0,0.0,0.0,0.0,0.0,0.0,0.0,0.0,0.0,0.0,0.0,0.0,0.0,0.0,0.0,0.0,0.0,0.0,0.0,0.0,0.0,0.0,0.0,0.0,0.0
3824,25,14,0,0.0,0.0,0.0,0.0,0.0,0.0,0.0,0.0,0.0,0.0,0.0,0.0,0.0,0.0,0.0,0.0,0.0,0.0,0.0,0.0,0.0,0.0,0.0,0.0,0.0,0.0,0.0,0.0,0.0,0.0,0.0,0.0,0.0,0.0,0.0
3825,25,17,0,0.0,0.0,0.0,0.0,0.0,0.0,0.0,0.0,0.0,0.0,0.0,0.0,0.0,0.0,0.0,0.0,0.0,0.0,0.0,0.0,0.0,0.0,0.0,0.0,0.0,0.0,0.0,0.0,0.0,0.0,0.0,0.0,0.0,0.0,0.0
3826,25,18,0,0.0,0.0,0.0,0.0,0.0,0.0,0.0,0.0,0.0,0.0,0.0,0.0,0.0,0.0,0.0,0.0,0.0,0.0,0.0,0.0,0.0,0.0,0.0,0.0,0.0,0.0,0.0,0.0,0.0,0.0,0.0,0.0,0.0,0.0,0.0
3827,25,19,0,0.0,0.0,0.0,0.0,0.0,0.0,0.0,0.0,0.0,0.0,0.0,0.0,0.0,0.0,0.0,0.0,0.0,0.0,0.0,0.0,0.0,0.0,0.0,0.0,0.0,0.0,0.0,0.0,0.0,0.0,0.0,0.0,0.0,0.0,0.0
3828,25,20,0,0.0,0.0,0.0,0.0,0.0,0.0,0.0,0.0,0.0,0.0,0.0,0.0,0.0,0.0,0.0,0.0,0.0,0.0,0.0,0.0,0.0,0.0,0.0,0.0,0.0,0.0,0.0,0.0,0.0,0.0,0.0,0.0,0.0,0.0,0.0
3829,25,22,965,0.31,40.57,18.93,43.76,18.14,42.69,37.25,5.3,0.1,34.0,0.0,0.0,90.74,40.31,19.0,43.06,0.51,42.6,11.45,40.0,0.1,30.0,0.0,0.0,2.28,40.63,18.95,45.45,0.93,42.77,20.8,44.44,0.0,0.0,478.0
3830,25,23,963,0.31,38.33,20.42,35.54,17.6,45.48,45.45,1.14,0.0,0.0,0.0,0.0,95.52,38.65,20.5,45.25,0.72,43.85,10.28,100.0,0.0,0.0,0.0,0.0,1.66,30.37,18.93,37.5,0.93,19.44,16.21,44.44,0.0,0.0,493.0
3831,25,24,808,0.12,37.39,19.38,33.37,17.05,43.06,50.0,1.98,0.24,0.0,0.0,0.0,93.8,37.69,19.21,43.19,0.74,37.33,15.42,50.0,0.24,22.0,31.11,50.0,1.61,39.61,28.79,30.76,1.36,28.45,16.77,36.36,0.0,0.0,429.0
3832,25,26,0,0.0,0.0,0.0,0.0,0.0,0.0,0.0,0.0,0.0,0.0,0.0,0.0,0.0,0.0,0.0,0.0,0.0,0.0,0.0,0.0,0.0,0.0,0.0,0.0,0.0,0.0,0.0,0.0,0.0,0.0,0.0,0.0,0.0,0.0,0.0
3833,25,27,0,0.0,0.0,0.0,0.0,0.0,0.0,0.0,0.0,0.0,0.0,0.0,0.0,0.0,0.0,0.0,0.0,0.0,0.0,0.0,0.0,0.0,0.0,0.0,0.0,0.0,0.0,0.0,0.0,0.0,0.0,0.0,0.0,0.0,0.0,0.0
3834,25,30,858,0.81,38.15,19.95,33.43,17.45,45.92,52.17,2.7,0.82,39.71,11.19,42.85,89.3,38.27,20.13,45.39,3.87,36.12,16.01,42.42,0.23,41.5,7.77,0.0,1.88,47.93,19.42,68.75,1.17,29.1,25.19,50.0,0.0,0.0,313.0
3835,25,33,0,0.0,0.0,0.0,0.0,0.0,0.0,0.0,0.0,0.0,0.0,0.0,0.0,0.0,0.0,0.0,0.0,0.0,0.0,0.0,0.0,0.0,0.0,0.0,0.0,0.0,0.0,0.0,0.0,0.0,0.0,0.0,0.0,0.0,0.0,0.0
3836,25,36,973,0.1,37.84,19.24,39.2,16.68,39.26,40.0,1.54,0.3,44.66,11.23,66.66,93.1,37.72,19.36,38.56,0.72,44.71,21.82,57.14,0.0,0.0,0.0,0.0,3.18,40.19,14.57,58.06,1.13,31.45,24.71,27.27,0.0,0.0,496.0
3837,25,37,0,0.0,0.0,0.0,0.0,0.0,0.0,0.0,0.0,0.0,0.0,0.0,0.0,0.0,0.0,0.0,0.0,0.0,0.0,0.0,0.0,0.0,0.0,0.0,0.0,0.0,0.0,0.0,0.0,0.0,0.0,0.0,0.0,0.0,0.0,0.0
3838,25,40,990,0.6,40.76,21.88,31.42,33.58,43.53,42.85,1.42,0.0,0.0,0.0,0.0,93.08,40.7,21.65,43.66,0.81,38.37,18.5,62.5,0.1,52.0,0.0,100.0,2.64,43.92,22.84,46.15,1.93,47.73,23.57,31.57,0.0,0.0,512.0
3839,25,42,0,0.0,0.0,0.0,0.0,0.0,0.0,0.0,0.0,0.0,0.0,0.0,0.0,0.0,0.0,0.0,0.0,0.0,0.0,0.0,0.0,0.0,0.0,0.0,0.0,0.0,0.0,0.0,0.0,0.0,0.0,0.0,0.0,0.0,0.0,0.0
3840,25,46,0,0.0,0.0,0.0,0.0,0.0,0.0,0.0,0.0,0.0,0.0,0.0,0.0,0.0,0.0,0.0,0.0,0.0,0.0,0.0,0.0,0.0,0.0,0.0,0.0,0.0,0.0,0.0,0.0,0.0,0.0,0.0,0.0,0.0,0.0,0.0
3841,25,47,0,0.0,0.0,0.0,0.0,0.0,0.0,0.0,0.0,0.0,0.0,0.0,0.0,0.0,0.0,0.0,0.0,0.0,0.0,0.0,0.0,0.0,0.0,0.0,0.0,0.0,0.0,0.0,0.0,0.0,0.0,0.0,0.0,0.0,0.0,0.0
3842,25,50,0,0.0,0.0,0.0,0.0,0.0,0.0,0.0,0.0,0.0,0.0,0.0,0.0,0.0,0.0,0.0,0.0,0.0,0.0,0.0,0.0,0.0,0.0,0.0,0.0,0.0,0.0,0.0,0.0,0.0,0.0,0.0,0.0,0.0,0.0,0.0
3843,25,51,0,0.0,0.0,0.0,0.0,0.0,0.0,0.0,0.0,0.0,0.0,0.0,0.0,0.0,0.0,0.0,0.0,0.0,0.0,0.0,0.0,0.0,0.0,0.0,0.0,0.0,0.0,0.0,0.0,0.0,0.0,0.0,0.0,0.0,0.0,0.0
3844,25,52,0,0.0,0.0,0.0,0.0,0.0,0.0,0.0,0.0,0.0,0.0,0.0,0.0,0.0,0.0,0.0,0.0,0.0,0.0,0.0,0.0,0.0,0.0,0.0,0.0,0.0,0.0,0.0,0.0,0.0,0.0,0.0,0.0,0.0,0.0,0.0
3845,25,53,0,0.0,0.0,0.0,0.0,0.0,0.0,0.0,0.0,0.0,0.0,0.0,0.0,0.0,0.0,0.0,0.0,0.0,0.0,0.0,0.0,0.0,0.0,0.0,0.0,0.0,0.0,0.0,0.0,0.0,0.0,0.0,0.0,0.0,0.0,0.0
3846,25,54,0,0.0,0.0,0.0,0.0,0.0,0.0,0.0,0.0,0.0,0.0,0.0,0.0,0.0,0.0,0.0,0.0,0.0,0.0,0.0,0.0,0.0,0.0,0.0,0.0,0.0,0.0,0.0,0.0,0.0,0.0,0.0,0.0,0.0,0.0,0.0
3847,25,56,1060,1.13,34.47,18.39,34.11,18.31,40.75,38.7,26.62,0.85,32.11,13.56,22.22,67.08,34.32,18.17,42.24,0.28,32.0,1.73,66.66,0.85,43.22,28.02,11.11,2.76,33.55,20.4,31.03,1.52,39.68,17.76,31.25,0.0,0.0,376.0
3848,25,58,0,0.0,0.0,0.0,0.0,0.0,0.0,0.0,0.0,0.0,0.0,0.0,0.0,0.0,0.0,0.0,0.0,0.0,0.0,0.0,0.0,0.0,0.0,0.0,0.0,0.0,0.0,0.0,0.0,0.0,0.0,0.0,0.0,0.0,0.0,0.0
3849,25,59,704,0.42,39.08,20.11,29.75,23.84,44.88,50.0,1.14,0.0,0.0,0.0,0.0,94.29,39.34,20.06,44.17,0.57,30.25,8.8,50.0,0.14,0.0,0.0,0.0,3.28,36.39,21.28,60.86,0.57,45.75,19.93,50.0,0.0,0.0,336.0
3850,25,60,0,0.0,0.0,0.0,0.0,0.0,0.0,0.0,0.0,0.0,0.0,0.0,0.0,0.0,0.0,0.0,0.0,0.0,0.0,0.0,0.0,0.0,0.0,0.0,0.0,0.0,0.0,0.0,0.0,0.0,0.0,0.0,0.0,0.0,0.0,0.0
3851,25,61,654,0.15,41.13,21.31,42.94,19.68,41.59,58.82,2.6,0.15,27.0,0.0,0.0,94.79,41.15,21.54,41.19,0.76,43.4,15.19,40.0,0.0,0.0,0.0,0.0,1.53,39.0,16.15,50.0,0.15,32.0,0.0,0.0,0.0,0.0,360.0
3852,25,62,902,0.33,38.93,20.17,40.65,20.6,42.68,48.78,4.56,0.33,42.33,11.59,66.66,89.32,38.88,20.17,42.09,2.78,37.92,19.64,52.0,0.11,0.0,0.0,0.0,2.22,44.4,17.99,45.0,0.66,19.16,21.56,16.66,0.0,0.0,386.0
3853,25,66,860,0.11,41.18,19.51,43.18,19.85,43.72,68.75,1.86,0.11,26.0,0.0,100.0,93.71,41.44,19.43,42.36,1.04,36.11,18.57,77.77,0.11,26.0,0.0,100.0,1.97,35.17,24.76,52.94,1.16,34.1,18.51,60.0,0.0,0.0,422.0
3854,25,67,865,0.23,40.02,21.5,45.13,27.73,45.43,80.0,1.73,0.11,24.0,0.0,0.0,92.46,40.0,21.3,44.11,0.57,31.4,18.2,60.0,0.34,33.33,12.22,0.0,2.66,47.56,16.91,65.21,1.96,32.17,29.16,52.94,0.0,0.0,392.0
3855,25,69,912,0.32,38.9,21.14,34.84,18.7,43.2,60.0,2.75,0.11,38.0,0.0,0.0,92.07,39.16,21.13,42.41,0.99,29.77,14.14,55.55,0.22,34.5,0.7,50.0,2.42,33.18,19.52,45.45,1.43,47.69,28.91,46.15,0.0,0.0,429.0
3856,25,73,0,0.0,0.0,0.0,0.0,0.0,0.0,0.0,0.0,0.0,0.0,0.0,0.0,0.0,0.0,0.0,0.0,0.0,0.0,0.0,0.0,0.0,0.0,0.0,0.0,0.0,0.0,0.0,0.0,0.0,0.0,0.0,0.0,0.0,0.0,0.0
3857,25,75,0,0.0,0.0,0.0,0.0,0.0,0.0,0.0,0.0,0.0,0.0,0.0,0.0,0.0,0.0,0.0,0.0,0.0,0.0,0.0,0.0,0.0,0.0,0.0,0.0,0.0,0.0,0.0,0.0,0.0,0.0,0.0,0.0,0.0,0.0,0.0
3858,25,76,0,0.0,0.0,0.0,0.0,0.0,0.0,0.0,0.0,0.0,0.0,0.0,0.0,0.0,0.0,0.0,0.0,0.0,0.0,0.0,0.0,0.0,0.0,0.0,0.0,0.0,0.0,0.0,0.0,0.0,0.0,0.0,0.0,0.0,0.0,0.0
3859,25,77,0,0.0,0.0,0.0,0.0,0.0,0.0,0.0,0.0,0.0,0.0,0.0,0.0,0.0,0.0,0.0,0.0,0.0,0.0,0.0,0.0,0.0,0.0,0.0,0.0,0.0,0.0,0.0,0.0,0.0,0.0,0.0,0.0,0.0,0.0,0.0
3860,25,80,1044,0.95,34.99,17.9,34.07,16.37,43.29,41.75,8.8,0.38,43.25,15.56,75.0,83.65,35.03,17.87,43.35,1.35,31.85,20.75,64.28,0.38,37.75,12.76,50.0,3.96,32.73,19.1,29.26,1.45,44.0,19.29,53.33,0.0,0.0,443.0
3861,25,86,0,0.0,0.0,0.0,0.0,0.0,0.0,0.0,0.0,0.0,0.0,0.0,0.0,0.0,0.0,0.0,0.0,0.0,0.0,0.0,0.0,0.0,0.0,0.0,0.0,0.0,0.0,0.0,0.0,0.0,0.0,0.0,0.0,0.0,0.0,0.0
3862,25,87,0,0.0,0.0,0.0,0.0,0.0,0.0,0.0,0.0,0.0,0.0,0.0,0.0,0.0,0.0,0.0,0.0,0.0,0.0,0.0,0.0,0.0,0.0,0.0,0.0,0.0,0.0,0.0,0.0,0.0,0.0,0.0,0.0,0.0,0.0,0.0
3863,25,93,658,0.6,38.95,19.31,30.89,21.72,42.7,31.57,2.9,0.15,48.0,0.0,100.0,88.83,39.29,19.12,43.02,4.74,37.93,17.5,41.93,0.15,68.0,0.0,100.0,1.37,30.88,21.9,55.55,1.83,39.16,22.09,25.0,0.0,0.0,323.0
3864,25,97,767,1.04,41.33,21.47,39.08,19.98,43.93,35.13,4.87,0.65,45.2,34.01,40.0,87.74,41.5,21.58,44.74,0.92,34.85,10.6,57.14,0.52,35.0,32.43,0.0,3.68,39.32,18.93,25.0,1.58,41.75,26.9,83.33,0.0,0.0,377.0
3865,25,98,0,0.0,0.0,0.0,0.0,0.0,0.0,0.0,0.0,0.0,0.0,0.0,0.0,0.0,0.0,0.0,0.0,0.0,0.0,0.0,0.0,0.0,0.0,0.0,0.0,0.0,0.0,0.0,0.0,0.0,0.0,0.0,0.0,0.0,0.0,0.0
3866,25,100,0,0.0,0.0,0.0,0.0,0.0,0.0,0.0,0.0,0.0,0.0,0.0,0.0,0.0,0.0,0.0,0.0,0.0,0.0,0.0,0.0,0.0,0.0,0.0,0.0,0.0,0.0,0.0,0.0,0.0,0.0,0.0,0.0,0.0,0.0,0.0
3867,25,101,0,0.0,0.0,0.0,0.0,0.0,0.0,0.0,0.0,0.0,0.0,0.0,0.0,0.0,0.0,0.0,0.0,0.0,0.0,0.0,0.0,0.0,0.0,0.0,0.0,0.0,0.0,0.0,0.0,0.0,0.0,0.0,0.0,0.0,0.0,0.0
3868,25,102,0,0.0,0.0,0.0,0.0,0.0,0.0,0.0,0.0,0.0,0.0,0.0,0.0,0.0,0.0,0.0,0.0,0.0,0.0,0.0,0.0,0.0,0.0,0.0,0.0,0.0,0.0,0.0,0.0,0.0,0.0,0.0,0.0,0.0,0.0,0.0
3869,25,105,0,0.0,0.0,0.0,0.0,0.0,0.0,0.0,0.0,0.0,0.0,0.0,0.0,0.0,0.0,0.0,0.0,0.0,0.0,0.0,0.0,0.0,0.0,0.0,0.0,0.0,0.0,0.0,0.0,0.0,0.0,0.0,0.0,0.0,0.0,0.0
3870,25,107,0,0.0,0.0,0.0,0.0,0.0,0.0,0.0,0.0,0.0,0.0,0.0,0.0,0.0,0.0,0.0,0.0,0.0,0.0,0.0,0.0,0.0,0.0,0.0,0.0,0.0,0.0,0.0,0.0,0.0,0.0,0.0,0.0,0.0,0.0,0.0
3871,25,110,1081,0.18,38.17,19.52,37.71,13.6,43.84,35.89,3.61,0.09,26.0,0.0,0.0,91.19,38.15,19.75,44.0,1.29,40.71,21.34,42.85,0.27,55.0,11.35,33.33,2.03,40.77,19.25,63.63,1.48,33.93,16.1,31.25,0.0,0.0,312.0
3872,25,112,0,0.0,0.0,0.0,0.0,0.0,0.0,0.0,0.0,0.0,0.0,0.0,0.0,0.0,0.0,0.0,0.0,0.0,0.0,0.0,0.0,0.0,0.0,0.0,0.0,0.0,0.0,0.0,0.0,0.0,0.0,0.0,0.0,0.0,0.0,0.0
3873,25,114,0,0.0,0.0,0.0,0.0,0.0,0.0,0.0,0.0,0.0,0.0,0.0,0.0,0.0,0.0,0.0,0.0,0.0,0.0,0.0,0.0,0.0,0.0,0.0,0.0,0.0,0.0,0.0,0.0,0.0,0.0,0.0,0.0,0.0,0.0,0.0
3874,25,116,0,0.0,0.0,0.0,0.0,0.0,0.0,0.0,0.0,0.0,0.0,0.0,0.0,0.0,0.0,0.0,0.0,0.0,0.0,0.0,0.0,0.0,0.0,0.0,0.0,0.0,0.0,0.0,0.0,0.0,0.0,0.0,0.0,0.0,0.0,0.0
3875,25,117,0,0.0,0.0,0.0,0.0,0.0,0.0,0.0,0.0,0.0,0.0,0.0,0.0,0.0,0.0,0.0,0.0,0.0,0.0,0.0,0.0,0.0,0.0,0.0,0.0,0.0,0.0,0.0,0.0,0.0,0.0,0.0,0.0,0.0,0.0,0.0
3876,25,120,1087,1.01,38.3,17.98,33.32,21.1,41.49,41.66,10.03,0.55,46.66,28.84,66.66,82.15,38.55,17.31,40.83,1.11,28.16,23.4,33.33,0.74,51.0,18.72,50.0,3.62,40.89,18.7,46.15,1.76,44.05,13.56,52.63,0.0,0.0,510.0
3877,25,121,0,0.0,0.0,0.0,0.0,0.0,0.0,0.0,0.0,0.0,0.0,0.0,0.0,0.0,0.0,0.0,0.0,0.0,0.0,0.0,0.0,0.0,0.0,0.0,0.0,0.0,0.0,0.0,0.0,0.0,0.0,0.0,0.0,0.0,0.0,0.0
3878,25,122,837,1.19,38.54,19.64,38.58,20.44,39.9,32.11,13.18,0.24,15.0,21.21,100.0,79.68,38.78,19.49,40.81,1.08,25.66,15.64,77.77,0.72,45.0,10.93,66.66,3.26,38.88,17.7,40.74,1.81,37.46,26.33,26.66,0.0,0.0,400.0
3879,25,124,0,0.0,0.0,0.0,0.0,0.0,0.0,0.0,0.0,0.0,0.0,0.0,0.0,0.0,0.0,0.0,0.0,0.0,0.0,0.0,0.0,0.0,0.0,0.0,0.0,0.0,0.0,0.0,0.0,0.0,0.0,0.0,0.0,0.0,0.0,0.0
3880,25,125,0,0.0,0.0,0.0,0.0,0.0,0.0,0.0,0.0,0.0,0.0,0.0,0.0,0.0,0.0,0.0,0.0,0.0,0.0,0.0,0.0,0.0,0.0,0.0,0.0,0.0,0.0,0.0,0.0,0.0,0.0,0.0,0.0,0.0,0.0,0.0
3881,25,131,0,0.0,0.0,0.0,0.0,0.0,0.0,0.0,0.0,0.0,0.0,0.0,0.0,0.0,0.0,0.0,0.0,0.0,0.0,0.0,0.0,0.0,0.0,0.0,0.0,0.0,0.0,0.0,0.0,0.0,0.0,0.0,0.0,0.0,0.0,0.0
3882,25,134,0,0.0,0.0,0.0,0.0,0.0,0.0,0.0,0.0,0.0,0.0,0.0,0.0,0.0,0.0,0.0,0.0,0.0,0.0,0.0,0.0,0.0,0.0,0.0,0.0,0.0,0.0,0.0,0.0,0.0,0.0,0.0,0.0,0.0,0.0,0.0
3883,25,136,0,0.0,0.0,0.0,0.0,0.0,0.0,0.0,0.0,0.0,0.0,0.0,0.0,0.0,0.0,0.0,0.0,0.0,0.0,0.0,0.0,0.0,0.0,0.0,0.0,0.0,0.0,0.0,0.0,0.0,0.0,0.0,0.0,0.0,0.0,0.0
3884,25,137,512,0.39,35.51,16.58,32.1,18.3,44.33,31.57,3.72,0.78,43.25,24.39,25.0,91.56,35.48,16.61,45.61,0.58,36.33,10.06,33.33,0.0,0.0,0.0,0.0,1.96,39.1,11.94,60.0,1.37,32.85,10.46,0.0,0.0,0.0,138.0
3885,25,139,0,0.0,0.0,0.0,0.0,0.0,0.0,0.0,0.0,0.0,0.0,0.0,0.0,0.0,0.0,0.0,0.0,0.0,0.0,0.0,0.0,0.0,0.0,0.0,0.0,0.0,0.0,0.0,0.0,0.0,0.0,0.0,0.0,0.0,0.0,0.0
3886,25,140,0,0.0,0.0,0.0,0.0,0.0,0.0,0.0,0.0,0.0,0.0,0.0,0.0,0.0,0.0,0.0,0.0,0.0,0.0,0.0,0.0,0.0,0.0,0.0,0.0,0.0,0.0,0.0,0.0,0.0,0.0,0.0,0.0,0.0,0.0,0.0
3887,25,141,0,0.0,0.0,0.0,0.0,0.0,0.0,0.0,0.0,0.0,0.0,0.0,0.0,0.0,0.0,0.0,0.0,0.0,0.0,0.0,0.0,0.0,0.0,0.0,0.0,0.0,0.0,0.0,0.0,0.0,0.0,0.0,0.0,0.0,0.0,0.0
3888,25,144,0,0.0,0.0,0.0,0.0,0.0,0.0,0.0,0.0,0.0,0.0,0.0,0.0,0.0,0.0,0.0,0.0,0.0,0.0,0.0,0.0,0.0,0.0,0.0,0.0,0.0,0.0,0.0,0.0,0.0,0.0,0.0,0.0,0.0,0.0,0.0
3889,25,147,0,0.0,0.0,0.0,0.0,0.0,0.0,0.0,0.0,0.0,0.0,0.0,0.0,0.0,0.0,0.0,0.0,0.0,0.0,0.0,0.0,0.0,0.0,0.0,0.0,0.0,0.0,0.0,0.0,0.0,0.0,0.0,0.0,0.0,0.0,0.0
3890,25,148,629,0.0,41.88,19.96,38.86,24.63,43.4,26.66,2.38,0.0,0.0,0.0,0.0,91.09,42.25,19.98,43.63,3.97,35.84,12.69,60.0,0.15,46.0,0.0,0.0,1.11,41.42,14.53,28.57,1.27,40.0,31.9,25.0,0.0,0.0,258.0
3891,25,150,0,0.0,0.0,0.0,0.0,0.0,0.0,0.0,0.0,0.0,0.0,0.0,0.0,0.0,0.0,0.0,0.0,0.0,0.0,0.0,0.0,0.0,0.0,0.0,0.0,0.0,0.0,0.0,0.0,0.0,0.0,0.0,0.0,0.0,0.0,0.0
3892,25,151,879,0.11,39.64,20.87,39.33,8.29,45.16,55.55,1.02,0.0,0.0,0.0,0.0,89.52,40.15,21.09,44.91,4.78,32.71,16.74,42.85,0.0,0.0,0.0,0.0,3.64,37.18,21.15,53.12,1.02,35.77,24.5,44.44,0.0,0.0,117.0
3893,25,152,973,0.2,39.56,21.3,45.72,17.37,43.98,66.66,1.85,0.0,0.0,0.0,0.0,90.21,39.07,21.39,43.72,3.29,39.46,18.21,46.87,0.2,51.0,1.41,0.0,2.67,44.57,24.73,50.0,1.75,49.64,19.17,23.52,0.0,0.0,201.0
3894,25,153,0,0.0,0.0,0.0,0.0,0.0,0.0,0.0,0.0,0.0,0.0,0.0,0.0,0.0,0.0,0.0,0.0,0.0,0.0,0.0,0.0,0.0,0.0,0.0,0.0,0.0,0.0,0.0,0.0,0.0,0.0,0.0,0.0,0.0,0.0,0.0
3895,25,154,0,0.0,0.0,0.0,0.0,0.0,0.0,0.0,0.0,0.0,0.0,0.0,0.0,0.0,0.0,0.0,0.0,0.0,0.0,0.0,0.0,0.0,0.0,0.0,0.0,0.0,0.0,0.0,0.0,0.0,0.0,0.0,0.0,0.0,0.0,0.0
3896,25,155,0,0.0,0.0,0.0,0.0,0.0,0.0,0.0,0.0,0.0,0.0,0.0,0.0,0.0,0.0,0.0,0.0,0.0,0.0,0.0,0.0,0.0,0.0,0.0,0.0,0.0,0.0,0.0,0.0,0.0,0.0,0.0,0.0,0.0,0.0,0.0
3897,25,157,0,0.0,0.0,0.0,0.0,0.0,0.0,0.0,0.0,0.0,0.0,0.0,0.0,0.0,0.0,0.0,0.0,0.0,0.0,0.0,0.0,0.0,0.0,0.0,0.0,0.0,0.0,0.0,0.0,0.0,0.0,0.0,0.0,0.0,0.0,0.0
3898,25,160,0,0.0,0.0,0.0,0.0,0.0,0.0,0.0,0.0,0.0,0.0,0.0,0.0,0.0,0.0,0.0,0.0,0.0,0.0,0.0,0.0,0.0,0.0,0.0,0.0,0.0,0.0,0.0,0.0,0.0,0.0,0.0,0.0,0.0,0.0,0.0
3899,25,162,0,0.0,0.0,0.0,0.0,0.0,0.0,0.0,0.0,0.0,0.0,0.0,0.0,0.0,0.0,0.0,0.0,0.0,0.0,0.0,0.0,0.0,0.0,0.0,0.0,0.0,0.0,0.0,0.0,0.0,0.0,0.0,0.0,0.0,0.0,0.0
3900,25,164,0,0.0,0.0,0.0,0.0,0.0,0.0,0.0,0.0,0.0,0.0,0.0,0.0,0.0,0.0,0.0,0.0,0.0,0.0,0.0,0.0,0.0,0.0,0.0,0.0,0.0,0.0,0.0,0.0,0.0,0.0,0.0,0.0,0.0,0.0,0.0
3901,25,168,0,0.0,0.0,0.0,0.0,0.0,0.0,0.0,0.0,0.0,0.0,0.0,0.0,0.0,0.0,0.0,0.0,0.0,0.0,0.0,0.0,0.0,0.0,0.0,0.0,0.0,0.0,0.0,0.0,0.0,0.0,0.0,0.0,0.0,0.0,0.0
3902,25,170,0,0.0,0.0,0.0,0.0,0.0,0.0,0.0,0.0,0.0,0.0,0.0,0.0,0.0,0.0,0.0,0.0,0.0,0.0,0.0,0.0,0.0,0.0,0.0,0.0,0.0,0.0,0.0,0.0,0.0,0.0,0.0,0.0,0.0,0.0,0.0
3903,25,178,0,0.0,0.0,0.0,0.0,0.0,0.0,0.0,0.0,0.0,0.0,0.0,0.0,0.0,0.0,0.0,0.0,0.0,0.0,0.0,0.0,0.0,0.0,0.0,0.0,0.0,0.0,0.0,0.0,0.0,0.0,0.0,0.0,0.0,0.0,0.0
3904,25,179,0,0.0,0.0,0.0,0.0,0.0,0.0,0.0,0.0,0.0,0.0,0.0,0.0,0.0,0.0,0.0,0.0,0.0,0.0,0.0,0.0,0.0,0.0,0.0,0.0,0.0,0.0,0.0,0.0,0.0,0.0,0.0,0.0,0.0,0.0,0.0
3905,25,181,0,0.0,0.0,0.0,0.0,0.0,0.0,0.0,0.0,0.0,0.0,0.0,0.0,0.0,0.0,0.0,0.0,0.0,0.0,0.0,0.0,0.0,0.0,0.0,0.0,0.0,0.0,0.0,0.0,0.0,0.0,0.0,0.0,0.0,0.0,0.0
3906,25,184,918,0.76,37.05,18.18,35.86,15.89,39.86,42.0,5.48,0.43,27.25,20.9,50.0,87.26,36.91,17.96,40.75,2.85,41.11,20.67,26.92,0.0,0.0,0.0,0.0,2.63,41.91,18.48,16.66,1.31,40.25,24.7,58.33,0.0,0.0,409.0
3907,25,186,860,1.16,38.08,18.04,31.51,13.05,41.39,43.24,4.35,0.58,36.0,9.05,20.0,90.35,38.28,18.21,42.31,1.17,36.29,11.46,40.0,0.35,39.0,10.14,0.0,1.88,43.75,22.52,37.5,1.29,34.27,19.84,9.09,0.0,0.0,352.0
3908,25,189,0,0.0,0.0,0.0,0.0,0.0,0.0,0.0,0.0,0.0,0.0,0.0,0.0,0.0,0.0,0.0,0.0,0.0,0.0,0.0,0.0,0.0,0.0,0.0,0.0,0.0,0.0,0.0,0.0,0.0,0.0,0.0,0.0,0.0,0.0,0.0
3909,25,190,0,0.0,0.0,0.0,0.0,0.0,0.0,0.0,0.0,0.0,0.0,0.0,0.0,0.0,0.0,0.0,0.0,0.0,0.0,0.0,0.0,0.0,0.0,0.0,0.0,0.0,0.0,0.0,0.0,0.0,0.0,0.0,0.0,0.0,0.0,0.0
3910,25,192,971,0.3,36.49,17.87,29.4,16.85,42.84,50.0,4.13,0.61,52.66,28.64,66.66,90.39,36.79,17.86,42.17,1.13,34.9,14.94,45.45,0.0,0.0,0.0,0.0,2.89,34.14,14.6,42.85,0.82,34.75,20.54,50.0,0.0,0.0,212.0
3911,26,4,817,0.85,38.61,19.51,41.37,22.55,43.32,62.5,0.98,1.35,44.0,23.27,63.63,88.39,38.11,19.39,43.29,1.23,28.7,14.62,50.0,0.24,27.0,0.0,50.0,5.06,42.48,18.6,46.34,2.71,41.45,19.25,22.72,0.0,51.36,432.0
3912,26,7,636,0.78,44.39,19.9,30.57,8.48,43.08,28.57,1.1,0.95,61.33,24.29,16.66,81.93,44.28,20.02,39.26,0.15,26.0,0.0,100.0,0.15,0.0,0.0,0.0,14.1,44.31,19.1,70.78,1.58,54.2,17.64,20.0,0.0,46.1,320.0
3913,26,10,704,0.56,43.0,17.99,53.75,13.37,42.47,75.0,0.57,1.85,42.69,22.38,53.84,84.85,42.15,17.79,39.73,0.57,48.5,15.0,75.0,0.42,46.66,7.57,0.0,9.85,43.6,16.49,65.21,1.85,64.23,16.59,15.38,0.0,44.39,426.0
3914,26,35,9,0.0,65.55,12.52,73.5,6.36,55.55,100.0,22.22,33.33,56.33,17.95,33.33,33.33,68.0,8.66,33.33,0.0,0.0,0.0,0.0,11.11,70.0,0.0,100.0,0.0,0.0,0.0,0.0,0.0,0.0,0.0,0.0,0.0,76.31,2.0
3915,26,38,666,1.8,41.3,17.84,38.95,20.21,41.14,40.42,7.18,3.21,53.95,19.14,42.85,83.02,40.51,17.04,41.43,0.61,43.25,27.1,75.0,0.15,0.0,0.0,100.0,3.21,52.38,15.99,38.09,2.59,38.64,21.72,23.52,0.0,37.52,371.0
3916,26,39,576,0.17,43.19,18.71,43.8,16.39,40.45,46.66,2.6,0.34,24.5,6.36,50.0,91.82,43.07,18.87,39.96,0.52,37.66,12.89,66.66,0.0,0.0,0.0,0.0,2.6,54.46,12.68,60.0,2.08,36.83,18.4,25.0,0.0,63.63,290.0
3917,26,41,539,0.55,41.28,17.6,42.72,12.93,41.55,27.27,2.05,1.49,52.25,10.84,75.0,86.94,41.02,17.7,41.41,1.3,43.85,13.58,28.57,1.49,52.37,20.83,0.0,4.29,38.39,19.58,60.86,2.42,40.15,16.58,38.46,0.0,39.16,342.0
3918,26,52,906,1.32,40.35,19.25,41.14,14.78,40.94,52.38,2.34,2.01,49.72,26.74,44.44,87.69,40.01,19.08,40.56,1.23,36.09,22.0,45.45,0.78,43.85,16.46,14.28,4.8,39.76,18.64,32.55,1.11,35.6,25.25,40.0,0.0,34.58,538.0
3919,26,58,355,2.25,41.01,18.06,40.88,21.66,47.04,44.44,2.59,3.74,43.53,18.55,61.53,82.13,39.99,17.49,49.12,2.3,39.12,13.08,50.0,0.28,37.0,0.0,100.0,7.49,43.11,18.38,23.07,1.44,62.8,16.91,40.0,0.0,61.41,223.0
3920,26,64,645,0.46,41.2,18.49,40.54,15.62,41.55,63.63,1.71,1.55,37.2,19.91,40.0,87.53,40.77,18.05,43.59,1.09,37.71,7.8,57.14,0.31,48.5,26.16,50.0,5.91,42.55,18.82,15.78,1.86,62.58,25.98,8.33,0.0,52.91,387.0
3921,26,97,612,2.12,38.75,18.52,37.4,16.02,41.33,35.38,10.85,2.33,50.0,21.2,50.0,73.45,37.66,18.44,36.81,0.83,32.6,20.11,60.0,1.0,48.66,16.07,66.66,9.18,41.92,19.57,78.18,2.33,39.07,12.35,42.85,0.0,50.44,353.0
3922,26,100,790,2.27,41.45,18.82,44.0,23.09,41.77,66.66,1.16,2.07,54.62,24.79,31.25,84.32,41.03,18.8,36.71,0.38,36.66,10.5,66.66,0.12,48.0,0.0,0.0,11.13,40.54,17.44,79.06,0.77,47.83,15.02,16.66,0.0,31.06,504.0
3923,26,101,777,1.15,42.43,20.12,40.66,15.64,39.12,44.44,2.34,3.12,56.5,24.39,41.66,87.1,41.67,19.98,39.01,0.78,25.33,13.47,66.66,0.39,46.0,2.64,66.66,4.29,45.66,19.12,45.45,1.95,56.06,16.04,13.33,0.0,43.85,467.0
3924,26,106,784,2.93,40.13,18.42,45.28,23.59,43.23,47.61,2.75,3.67,48.21,18.82,42.85,85.28,39.67,17.98,44.37,1.57,32.41,5.43,66.66,0.65,42.8,11.3,40.0,4.86,39.37,20.97,32.43,1.18,43.77,22.63,22.22,0.0,30.49,424.0
3925,26,114,779,2.69,43.61,19.83,39.85,19.94,39.92,57.14,0.92,3.69,56.71,22.29,25.0,88.12,42.47,19.57,42.21,0.79,51.66,19.3,50.0,0.26,35.5,3.53,50.0,4.08,43.16,18.57,29.03,2.11,55.93,12.25,12.5,0.0,46.27,526.0
3926,26,120,291,1.03,42.29,19.51,45.48,21.01,45.7,37.83,12.84,2.77,40.87,33.6,25.0,76.04,42.09,18.76,48.85,1.04,32.66,34.07,100.0,0.69,34.5,10.6,50.0,5.2,33.33,7.26,26.66,1.38,57.25,25.9,25.0,0.0,43.05,184.0
3927,26,140,816,4.04,42.54,18.64,40.66,23.36,43.01,41.02,4.98,5.1,49.62,23.97,47.5,79.31,41.41,17.51,44.28,1.27,35.2,14.16,80.0,0.63,57.0,17.29,40.0,7.02,44.1,18.57,32.72,1.66,48.46,22.55,38.46,0.0,37.18,494.0
3928,26,141,517,1.54,38.73,19.83,41.71,19.59,45.26,42.85,2.75,2.16,55.27,28.89,63.63,83.3,37.67,19.53,44.57,2.55,37.53,13.82,76.92,0.0,0.0,0.0,0.0,6.28,40.53,20.44,31.25,2.94,45.86,21.42,53.33,0.0,38.45,301.0
3929,26,142,560,1.25,41.63,18.14,37.91,17.93,43.75,41.66,2.16,1.62,52.33,27.61,66.66,90.59,41.25,17.91,44.11,0.9,39.4,8.5,60.0,0.54,53.0,14.79,33.33,2.89,42.43,15.09,25.0,1.26,45.71,21.25,28.57,0.0,37.7,325.0
3930,26,145,609,3.44,44.19,20.72,33.25,21.34,43.51,25.0,2.04,3.74,57.18,18.66,54.54,86.39,44.29,20.67,44.09,1.7,32.2,12.36,80.0,0.34,41.5,2.12,50.0,3.57,34.95,14.63,19.04,2.21,40.76,17.68,46.15,0.0,54.0,356.0
3931,26,146,828,3.5,42.99,18.75,43.97,20.63,40.82,52.5,5.0,2.5,49.4,24.74,30.0,82.47,42.16,18.3,41.57,1.37,35.63,16.05,63.63,0.37,42.66,11.01,0.0,6.38,41.94,16.91,23.52,1.87,62.4,12.15,40.0,0.0,45.59,454.0
3932,26,148,577,1.9,44.1,20.87,44.85,24.37,40.38,50.0,3.53,2.65,55.06,26.98,33.33,82.68,43.36,20.26,39.74,1.06,35.33,11.03,66.66,0.0,0.0,0.0,0.0,7.95,46.77,21.44,44.44,2.12,41.33,25.16,25.0,0.0,64.51,349.0
3933,26,151,458,0.87,39.03,19.81,45.5,31.14,42.79,33.33,1.32,1.76,41.0,25.96,12.5,91.85,38.94,19.48,44.84,0.88,38.5,7.54,50.0,0.0,0.0,0.0,0.0,2.86,32.23,19.92,30.76,1.32,50.5,26.55,0.0,0.0,32.74,300.0
3934,26,unclear,1399,9.22,43.07,16.8,50.66,17.7,46.31,59.52,3.3,0.0,0.0,0.0,0.0,88.11,41.69,16.3,45.93,0.7,33.22,15.73,88.88,0.15,39.5,17.67,0.0,5.35,40.76,13.22,33.82,2.36,52.36,17.7,50.0,,,
3935,26,159,809,3.21,39.55,17.99,51.7,20.62,42.02,64.7,2.17,4.21,55.57,19.95,60.6,84.29,37.89,16.92,41.51,1.53,32.58,8.4,75.0,0.89,45.57,13.42,42.85,5.23,33.14,15.96,26.82,1.66,48.3,28.37,38.46,0.0,35.99,453.0
3936,26,161,914,3.61,43.22,18.77,50.73,18.46,43.1,47.36,2.15,3.29,52.06,24.57,58.62,85.69,42.29,18.33,42.64,1.02,35.55,9.51,77.77,0.56,44.2,13.82,40.0,5.67,42.26,18.51,38.0,1.58,48.78,16.22,35.71,0.0,32.99,534.0
3937,26,162,876,3.88,43.6,19.88,50.34,22.5,38.92,52.17,2.73,4.75,58.2,21.63,40.0,83.72,42.24,19.02,38.15,1.66,35.35,19.0,92.85,0.71,38.0,7.82,33.33,4.39,41.27,20.78,24.32,2.01,46.0,24.69,41.17,0.0,35.63,548.0
3938,26,163,570,3.68,42.17,17.28,46.1,15.64,43.68,40.0,1.82,3.27,54.16,21.54,38.88,87.06,41.25,16.79,44.97,1.09,39.16,5.87,83.33,0.54,32.0,12.0,33.33,4.18,36.73,21.14,30.43,2.0,53.63,13.16,27.27,0.0,55.36,344.0
3939,26,165,626,2.07,41.35,17.75,38.31,17.21,42.33,47.36,3.09,2.61,56.12,21.14,37.5,85.31,40.25,17.44,43.78,0.48,34.0,6.92,66.66,0.97,61.33,17.03,33.33,5.7,43.02,16.01,31.42,1.79,56.09,14.45,27.27,0.0,51.35,359.0
3940,26,167,844,4.38,42.98,18.98,46.51,27.27,42.53,40.74,3.34,4.46,51.25,22.73,66.66,80.17,41.04,17.63,42.65,0.99,25.25,21.7,50.0,0.49,61.25,17.96,0.0,8.67,46.1,19.98,30.0,1.85,55.66,14.93,40.0,0.0,38.57,508.0
3941,26,168,302,3.97,39.7,16.99,40.11,16.35,42.71,55.55,3.1,6.89,56.6,13.25,25.0,81.03,38.02,16.46,42.55,2.06,34.33,11.05,66.66,0.0,0.0,0.0,0.0,5.17,35.53,16.53,46.66,1.72,51.0,26.22,60.0,0.0,36.01,179.0
3942,26,unclear,1262,11.01,43.93,16.75,46.41,15.96,45.32,44.18,3.82,0.0,0.0,0.0,0.0,84.68,41.95,16.36,45.0,1.15,43.15,20.72,76.92,1.06,46.5,12.36,50.0,7.65,44.32,12.48,34.88,1.6,58.83,19.01,44.44,,,
3943,26,171,655,1.06,41.1,18.52,35.13,22.18,42.59,66.66,2.31,1.69,45.27,30.35,27.27,88.27,40.76,17.93,42.65,0.46,52.66,23.0,66.66,0.15,30.0,0.0,0.0,5.09,47.69,18.64,30.3,2.0,39.3,22.45,30.76,0.0,51.48,385.0
3944,26,174,445,1.34,40.54,17.17,36.07,13.25,43.82,61.53,2.96,3.18,50.57,17.71,28.57,84.28,40.08,16.9,44.05,2.05,33.44,9.65,77.77,0.22,36.0,0.0,0.0,5.69,46.44,18.98,44.0,1.59,49.14,26.95,14.28,0.0,38.28,261.0
3945,26,173,698,1.86,43.64,19.52,46.92,20.51,42.83,33.33,3.94,1.89,50.53,27.14,76.92,81.16,42.41,19.57,42.62,3.5,45.87,16.61,50.0,0.43,29.66,9.5,33.33,7.29,49.68,14.11,40.0,1.75,52.41,24.93,58.33,0.0,47.59,440.0
3946,26,175,820,4.26,41.45,18.37,35.84,14.12,43.53,41.66,10.7,4.2,47.6,21.41,45.45,71.08,41.38,18.69,44.44,3.31,38.88,15.19,73.07,0.5,44.5,14.1,0.0,8.02,42.19,18.1,30.15,2.16,46.64,16.53,41.17,0.0,45.26,471.0
3947,26,177,788,2.28,37.28,17.94,33.82,16.82,42.63,60.86,2.98,5.58,43.16,21.7,27.9,82.07,36.58,17.17,44.46,1.16,34.66,9.28,44.44,0.9,41.85,20.45,14.28,5.45,38.92,22.92,35.71,1.81,36.57,20.91,28.57,0.0,36.4,451.0
3948,26,179,761,2.62,42.55,19.13,35.42,18.37,43.49,46.42,3.77,5.12,50.28,25.59,47.36,79.48,41.13,18.13,43.97,3.91,40.13,21.13,58.62,0.53,49.5,4.2,25.0,5.8,52.74,18.99,32.55,1.34,55.2,19.7,60.0,0.0,38.72,412.0
3949,26,180,740,3.78,42.71,19.68,44.0,23.98,41.62,31.11,6.32,4.07,56.72,19.07,62.06,78.79,40.54,18.69,43.67,1.68,42.66,17.54,50.0,0.42,37.33,33.08,33.33,6.6,48.31,19.19,27.65,2.1,56.06,24.29,26.66,0.0,37.18,410.0
3950,26,185,609,2.29,43.32,19.9,48.11,21.18,44.49,77.77,1.51,2.85,57.23,13.89,47.05,84.7,41.96,19.83,43.45,2.35,44.07,16.92,64.28,0.33,76.0,28.28,50.0,5.88,45.2,18.8,48.57,2.35,54.64,22.48,28.57,0.0,59.37,348.0
3951,26,unclear,1025,11.02,42.2,16.64,55.94,18.73,45.26,58.82,3.72,0.0,0.0,0.0,0.0,84.21,39.81,15.89,45.05,1.09,30.6,7.05,90.0,1.86,48.35,11.59,47.05,7.23,41.93,10.76,33.33,1.86,54.64,20.25,35.29,,,
3952,26,188,778,2.82,41.66,18.79,46.09,18.39,42.93,63.63,1.45,3.3,57.68,14.85,60.0,85.44,40.06,18.34,41.79,1.85,44.35,12.17,64.28,0.39,15.0,13.0,33.33,5.95,50.33,18.47,35.55,1.58,39.66,21.23,50.0,0.0,36.43,470.0
3953,26,189,135,1.48,43.01,18.95,53.75,16.5,40.0,50.0,3.0,7.51,52.3,15.65,30.0,78.94,41.59,19.39,44.76,2.25,39.0,12.28,0.0,0.75,35.0,0.0,0.0,6.01,43.62,20.33,12.5,1.5,44.5,24.74,50.0,0.0,46.64,69.0
3954,26,191,806,2.6,43.53,19.0,31.68,16.21,43.05,43.75,2.03,2.16,50.41,25.79,47.05,82.54,42.97,18.62,44.75,1.4,37.45,11.33,45.45,0.25,16.0,22.62,50.0,10.82,46.48,19.77,36.47,0.76,50.66,14.52,33.33,0.0,47.42,509.0
3955,26,193,354,2.82,42.93,19.98,33.0,21.36,41.52,33.33,2.61,4.94,59.47,19.0,47.05,82.55,41.37,19.77,40.14,2.32,38.12,18.97,75.0,0.87,46.33,17.92,33.33,4.94,51.64,19.17,41.17,1.74,51.5,18.75,83.33,0.0,37.01,210.0
3956,26,194,567,2.46,42.11,19.48,38.33,25.46,42.32,66.66,1.08,3.97,49.9,26.65,72.72,83.54,41.09,18.55,40.04,1.98,36.81,19.95,54.54,0.72,49.5,18.85,75.0,7.59,48.4,21.11,42.85,1.08,44.0,30.74,33.33,0.0,65.36,348.0
3957,26,199,444,3.6,41.0,18.46,26.87,20.12,40.31,37.5,1.86,5.37,46.69,23.62,47.82,80.37,40.01,17.72,40.4,2.1,30.55,5.24,66.66,0.7,43.0,5.29,33.33,8.17,43.91,17.98,31.42,1.4,56.0,12.34,16.66,0.0,41.8,269.0
3958,26,200,462,3.89,36.25,17.92,37.94,25.22,45.02,52.63,4.27,2.92,40.84,22.88,53.84,79.05,35.96,16.17,40.74,1.12,38.0,7.9,60.0,0.9,51.5,20.24,50.0,10.58,32.08,21.75,63.82,1.12,41.0,26.55,60.0,0.0,35.65,244.0
3959,26,201,673,2.67,41.7,19.78,38.25,17.26,42.05,40.0,3.05,3.35,55.59,18.38,59.09,81.98,40.3,19.39,41.89,1.22,32.62,7.98,75.0,0.15,38.0,0.0,0.0,8.09,43.88,19.78,32.07,2.13,58.14,23.63,42.85,0.0,40.01,386.0
3960,26,202,219,2.73,41.15,19.62,40.66,24.13,41.55,33.33,2.81,3.75,62.37,22.07,50.0,81.22,39.44,18.7,42.19,1.4,31.0,9.53,33.33,0.0,0.0,0.0,0.0,9.85,40.04,19.8,42.85,0.93,67.0,12.72,50.0,0.0,40.97,132.0
3961,26,1,813,0.98,37.77,17.23,34.15,17.22,42.92,52.63,2.36,2.11,44.52,25.74,41.17,86.7,37.92,16.89,43.26,2.73,30.31,13.94,50.0,0.49,16.75,11.35,25.0,3.35,31.48,18.05,25.92,2.23,49.94,16.27,38.88,0.0,0.0,465.0
3962,26,2,802,0.74,40.6,18.11,42.0,24.56,42.39,57.14,1.75,1.25,44.8,23.97,30.0,90.82,40.68,18.21,42.32,1.38,31.36,9.89,63.63,0.25,38.0,14.14,50.0,3.51,37.35,13.31,39.28,1.0,48.87,13.5,12.5,0.0,0.0,407.0
3963,26,3,775,0.77,40.94,17.65,48.37,17.51,43.87,75.0,1.04,1.69,59.07,22.02,61.53,88.29,40.44,17.26,42.56,1.17,31.77,18.86,77.77,0.78,48.0,9.93,33.33,5.2,38.95,18.01,60.0,1.82,46.64,18.74,21.42,0.0,0.0,379.0
3964,26,5,666,0.45,39.67,18.02,37.33,19.05,43.09,44.44,1.35,1.35,45.44,21.72,66.66,89.14,39.11,17.67,40.43,0.75,44.2,21.58,60.0,0.3,49.0,7.07,50.0,5.88,44.87,19.88,76.92,1.2,47.5,22.44,25.0,0.0,0.0,361.0
3965,26,6,647,0.92,38.8,16.52,56.5,16.26,45.13,50.0,0.31,2.34,46.4,15.44,46.66,83.93,37.96,16.17,42.75,1.24,28.12,14.16,50.0,0.62,33.75,24.06,25.0,10.29,41.71,17.16,63.63,1.24,48.25,10.33,50.0,0.0,0.0,346.0
3966,26,8,600,2.33,39.3,18.68,49.5,32.31,42.83,75.0,1.36,2.38,49.35,23.51,35.71,86.86,38.09,17.78,43.81,0.68,56.75,30.19,75.0,0.34,52.0,2.82,50.0,6.48,43.13,19.67,26.31,1.87,42.45,19.27,45.45,0.0,0.0,357.0
3967,26,9,477,2.72,39.54,15.9,45.33,10.49,38.99,50.0,2.58,3.44,49.87,24.57,56.25,86.85,38.43,15.48,37.96,1.72,34.37,3.73,75.0,0.0,0.0,0.0,0.0,3.66,38.94,14.25,35.29,1.72,50.25,12.55,50.0,0.0,0.0,291.0
3968,26,11,818,1.95,40.94,17.4,40.33,22.07,42.9,55.55,1.12,3.24,51.26,20.14,34.61,84.78,39.88,17.03,43.08,1.99,36.0,9.07,68.75,0.49,33.25,24.94,50.0,5.86,42.02,17.98,29.78,2.49,54.35,13.99,65.0,0.0,0.0,466.0
3969,26,12,916,1.63,40.66,19.15,46.61,21.82,41.48,61.11,1.99,1.88,53.76,18.38,35.29,87.45,40.0,18.83,41.62,1.66,39.6,11.3,66.66,0.66,43.16,25.3,33.33,4.55,38.95,23.26,31.7,1.77,46.87,13.04,18.75,0.0,0.0,476.0
3970,26,14,641,1.71,41.06,19.3,51.62,27.01,42.58,62.5,1.26,2.06,51.76,23.39,53.84,91.26,40.38,18.32,42.26,0.15,47.0,0.0,100.0,0.79,58.0,23.81,40.0,3.33,31.09,18.9,28.57,1.11,53.42,29.49,42.85,0.0,0.0,379.0
3971,26,15,662,1.81,41.41,19.87,39.12,17.0,41.99,43.75,2.46,1.69,40.18,19.26,36.36,89.23,41.4,19.34,42.06,1.38,31.77,14.68,88.88,0.61,45.25,13.93,50.0,3.38,38.18,22.53,22.72,1.23,50.5,29.58,12.5,0.0,0.0,374.0
3972,26,16,816,2.57,41.73,20.65,49.6,24.48,41.29,26.66,1.88,3.27,56.26,26.04,61.53,83.52,40.61,20.36,42.92,2.51,35.65,16.72,65.0,0.12,33.0,0.0,0.0,6.54,39.51,19.19,23.07,2.13,56.0,16.92,5.88,0.0,0.0,495.0
3973,26,17,772,2.33,41.23,18.06,42.16,13.29,41.32,32.0,3.31,3.31,49.92,23.29,48.0,81.83,40.65,18.34,43.76,2.51,34.63,13.77,63.15,0.53,48.0,9.83,0.0,6.89,42.63,16.58,17.3,1.59,43.33,11.3,41.66,0.0,0.0,445.0
3974,26,18,798,2.0,42.23,20.13,42.24,20.08,41.22,36.58,5.24,3.58,48.42,24.11,46.42,80.43,41.67,20.18,43.4,1.4,37.72,16.49,63.63,1.15,48.55,22.56,22.22,6.39,42.7,16.17,22.0,1.79,52.14,26.0,21.42,0.0,0.0,485.0
3975,26,19,0,0.0,0.0,0.0,0.0,0.0,0.0,0.0,0.0,0.0,0.0,0.0,0.0,0.0,0.0,0.0,0.0,0.0,0.0,0.0,0.0,0.0,0.0,0.0,0.0,0.0,0.0,0.0,0.0,0.0,0.0,0.0,0.0,0.0,0.0,0.0
3976,26,20,842,1.42,44.16,20.22,44.66,26.63,41.56,50.0,2.16,1.68,64.28,26.0,57.14,85.06,43.76,19.81,42.77,1.32,34.36,18.22,81.81,1.08,53.77,19.16,11.11,6.62,42.03,18.92,25.45,2.04,46.58,21.54,5.88,0.0,0.0,465.0
3977,26,21,0,0.0,0.0,0.0,0.0,0.0,0.0,0.0,0.0,0.0,0.0,0.0,0.0,0.0,0.0,0.0,0.0,0.0,0.0,0.0,0.0,0.0,0.0,0.0,0.0,0.0,0.0,0.0,0.0,0.0,0.0,0.0,0.0,0.0,0.0,0.0
3978,26,22,813,1.96,42.12,19.75,41.24,23.91,43.17,48.48,4.14,2.63,54.61,17.29,57.14,86.44,41.5,19.6,43.97,0.75,35.83,10.55,33.33,0.25,28.0,39.59,50.0,4.51,40.58,15.3,25.0,1.25,55.7,22.57,20.0,0.0,0.0,479.0
3979,26,23,770,1.29,42.45,18.87,51.1,22.58,42.07,40.0,1.31,1.84,46.28,17.24,42.85,88.81,42.04,18.9,44.0,1.18,42.55,13.65,33.33,0.13,24.0,0.0,100.0,4.07,41.0,15.86,29.03,2.63,50.55,19.23,10.0,0.0,0.0,441.0
3980,26,24,0,0.0,0.0,0.0,0.0,0.0,0.0,0.0,0.0,0.0,0.0,0.0,0.0,0.0,0.0,0.0,0.0,0.0,0.0,0.0,0.0,0.0,0.0,0.0,0.0,0.0,0.0,0.0,0.0,0.0,0.0,0.0,0.0,0.0,0.0,0.0
3981,26,25,525,2.28,41.56,19.75,45.36,17.24,43.8,47.36,3.7,3.7,48.21,27.17,57.89,81.87,39.96,19.16,42.85,2.14,42.18,13.22,81.81,0.77,36.75,12.03,50.0,4.67,51.12,15.26,41.66,3.11,46.31,27.62,18.75,0.0,0.0,314.0
3982,26,26,0,0.0,0.0,0.0,0.0,0.0,0.0,0.0,0.0,0.0,0.0,0.0,0.0,0.0,0.0,0.0,0.0,0.0,0.0,0.0,0.0,0.0,0.0,0.0,0.0,0.0,0.0,0.0,0.0,0.0,0.0,0.0,0.0,0.0,0.0,0.0
3983,26,27,558,1.07,41.19,19.38,52.14,22.26,42.83,28.57,3.8,2.17,54.0,27.37,50.0,84.23,40.45,18.73,44.3,1.26,37.71,10.51,71.42,0.54,34.33,29.77,33.33,7.06,40.35,21.14,33.33,0.9,44.0,10.31,20.0,0.0,0.0,294.0
3984,26,28,904,2.1,39.42,18.73,40.38,20.66,37.83,48.38,3.5,5.08,49.4,22.4,46.66,81.8,38.29,17.85,38.81,1.8,29.93,8.49,50.0,1.35,41.83,18.84,25.0,3.5,43.87,20.44,29.03,2.93,45.07,22.22,11.53,0.0,0.0,536.0
3985,26,29,873,2.86,40.05,17.83,51.87,17.49,40.89,50.0,1.88,2.71,48.3,19.92,43.47,85.02,38.43,16.84,41.74,1.88,30.68,17.14,50.0,0.94,49.87,24.33,37.5,4.83,44.04,17.42,26.82,2.71,48.47,19.56,34.78,0.0,0.0,532.0
3986,26,30,840,2.02,38.33,15.85,37.79,17.43,40.23,45.83,5.83,4.37,45.0,15.32,52.77,81.53,37.69,15.69,40.53,1.7,36.07,7.92,35.71,0.97,48.87,12.81,12.5,4.73,41.94,15.33,17.94,0.85,32.14,23.47,57.14,0.0,0.0,542.0
3987,26,31,869,1.95,39.89,17.19,44.3,15.55,42.46,43.47,2.69,3.4,49.89,18.51,37.93,83.09,39.4,17.45,43.64,2.11,36.94,14.05,66.66,0.46,36.75,11.17,50.0,6.1,37.78,13.27,26.92,2.11,42.66,17.78,22.22,0.0,0.0,473.0
3988,26,32,642,2.49,40.92,16.5,38.72,16.85,40.49,33.33,2.87,4.31,46.0,12.34,55.55,84.5,40.54,16.75,39.69,1.27,40.5,11.66,62.5,0.15,38.0,0.0,0.0,4.95,38.93,14.65,35.48,1.91,40.58,18.0,58.33,0.0,0.0,401.0
3989,26,33,626,2.55,38.07,17.94,37.07,17.13,41.53,36.7,12.95,3.44,54.14,22.97,57.14,73.44,37.56,17.76,40.4,2.45,26.26,12.37,60.0,0.49,41.0,9.64,66.66,5.4,36.06,13.71,39.39,1.8,50.81,18.48,72.72,0.0,0.0,369.0
3990,26,34,657,1.21,36.65,16.76,44.65,18.75,40.63,44.82,4.46,1.54,42.7,11.87,60.0,87.21,36.28,16.7,39.39,1.38,29.44,13.77,55.55,0.46,37.0,10.44,33.33,4.46,34.13,18.63,41.37,0.46,43.66,5.77,66.66,0.0,0.0,363.0
3991,26,36,579,4.31,41.66,18.75,37.0,26.76,44.38,37.5,1.44,2.88,50.93,29.67,37.5,86.64,40.19,17.97,45.62,1.8,37.79,16.32,30.0,0.0,0.0,0.0,0.0,5.23,46.72,14.07,37.93,1.98,47.09,20.1,36.36,0.0,0.0,327.0
3992,26,37,559,2.5,41.09,19.46,39.94,20.24,42.21,50.0,3.3,4.77,59.03,16.26,46.15,83.11,39.76,19.15,43.48,1.1,37.0,8.92,66.66,0.55,38.66,11.84,33.33,5.87,36.5,17.99,18.75,1.28,43.57,14.53,57.14,0.0,0.0,353.0
3993,26,40,0,0.0,0.0,0.0,0.0,0.0,0.0,0.0,0.0,0.0,0.0,0.0,0.0,0.0,0.0,0.0,0.0,0.0,0.0,0.0,0.0,0.0,0.0,0.0,0.0,0.0,0.0,0.0,0.0,0.0,0.0,0.0,0.0,0.0,0.0,0.0
3994,26,42,0,0.0,0.0,0.0,0.0,0.0,0.0,0.0,0.0,0.0,0.0,0.0,0.0,0.0,0.0,0.0,0.0,0.0,0.0,0.0,0.0,0.0,0.0,0.0,0.0,0.0,0.0,0.0,0.0,0.0,0.0,0.0,0.0,0.0,0.0,0.0
3995,26,43,798,0.87,41.18,17.37,49.05,16.54,43.48,58.82,2.14,2.78,52.77,18.63,50.0,87.98,40.14,17.22,44.25,1.13,40.44,9.22,66.66,0.5,54.25,13.09,25.0,4.04,45.43,17.76,25.0,1.39,47.72,16.42,0.0,0.0,0.0,430.0
3996,26,44,738,1.76,39.25,19.15,43.14,18.25,41.46,57.14,1.93,2.75,59.15,19.63,45.0,87.17,38.14,18.63,41.93,1.24,37.11,22.93,55.55,0.68,36.0,7.17,40.0,4.41,36.43,19.6,31.25,1.79,53.23,20.35,30.76,0.0,0.0,423.0
3997,26,45,0,0.0,0.0,0.0,0.0,0.0,0.0,0.0,0.0,0.0,0.0,0.0,0.0,0.0,0.0,0.0,0.0,0.0,0.0,0.0,0.0,0.0,0.0,0.0,0.0,0.0,0.0,0.0,0.0,0.0,0.0,0.0,0.0,0.0,0.0,0.0
3998,26,46,514,1.55,39.32,17.36,38.0,15.88,42.8,50.0,1.58,2.37,48.83,20.75,33.33,87.94,38.94,17.24,43.82,1.38,34.28,6.47,85.71,0.59,44.33,16.25,33.33,3.95,34.75,12.69,25.0,2.17,53.45,20.07,27.27,0.0,0.0,309.0
3999,26,47,867,2.99,43.26,18.22,43.74,23.14,42.9,44.44,3.21,4.51,55.21,21.68,52.63,82.52,41.52,17.12,42.5,1.07,37.44,12.54,55.55,1.18,47.2,14.54,30.0,6.53,48.12,20.26,36.36,0.95,53.62,16.06,62.5,0.0,0.0,511.0
4000,26,48,924,3.03,40.75,19.74,38.65,19.66,41.34,52.27,4.91,3.34,50.13,24.42,46.66,83.37,40.47,19.2,41.36,2.34,41.04,24.2,52.38,0.44,45.25,9.74,50.0,4.57,38.6,18.56,26.82,1.0,36.77,17.28,44.44,0.0,0.0,557.0
4001,26,49,0,0.0,0.0,0.0,0.0,0.0,0.0,0.0,0.0,0.0,0.0,0.0,0.0,0.0,0.0,0.0,0.0,0.0,0.0,0.0,0.0,0.0,0.0,0.0,0.0,0.0,0.0,0.0,0.0,0.0,0.0,0.0,0.0,0.0,0.0,0.0
4002,26,50,716,1.81,40.04,17.93,39.82,16.43,43.15,42.85,3.98,3.27,46.34,17.04,60.86,84.06,39.47,18.04,42.63,1.56,36.54,9.74,81.81,0.85,54.66,12.58,33.33,3.69,40.65,20.03,38.46,2.56,44.38,15.66,27.77,0.0,0.0,428.0
4003,26,51,817,4.77,39.77,19.29,45.93,20.63,42.22,39.39,4.24,4.62,49.05,24.02,44.44,79.82,38.14,18.59,43.96,1.67,43.92,12.88,61.53,0.89,43.57,14.79,42.85,7.06,39.87,17.0,29.09,1.67,42.76,18.92,38.46,0.0,0.0,482.0
4004,26,53,0,0.0,0.0,0.0,0.0,0.0,0.0,0.0,0.0,0.0,0.0,0.0,0.0,0.0,0.0,0.0,0.0,0.0,0.0,0.0,0.0,0.0,0.0,0.0,0.0,0.0,0.0,0.0,0.0,0.0,0.0,0.0,0.0,0.0,0.0,0.0
4005,26,54,808,0.86,42.43,19.19,36.92,18.29,39.85,76.92,1.62,1.24,40.7,26.03,20.0,86.64,42.04,18.78,39.48,6.61,42.86,19.83,39.62,0.37,34.33,29.93,0.0,2.24,51.77,16.17,33.33,1.24,46.2,31.27,60.0,0.0,0.0,460.0
4006,26,55,854,1.87,39.74,18.65,34.17,22.55,41.33,35.29,2.02,1.55,38.15,22.08,38.46,88.66,39.37,18.51,41.58,1.67,32.64,13.89,71.42,0.59,41.6,13.01,20.0,4.53,43.52,16.59,31.57,0.95,52.75,17.52,62.5,0.0,0.0,512.0
4007,26,56,800,1.5,41.35,17.8,41.17,14.84,41.75,47.82,2.91,2.03,46.56,16.45,37.5,85.65,40.55,18.1,42.96,1.14,44.22,14.96,77.77,0.88,50.28,8.57,42.85,5.58,43.9,15.44,15.9,1.77,51.92,18.68,42.85,0.0,0.0,482.0
4008,26,57,773,3.36,41.85,19.64,39.92,18.05,43.72,52.63,7.63,5.48,53.19,13.48,39.02,75.63,40.36,19.65,43.18,0.8,40.5,18.69,66.66,1.2,48.66,10.44,33.33,6.82,42.64,19.45,47.05,2.4,43.88,23.33,27.77,0.0,0.0,396.0
4009,26,60,814,2.21,39.18,18.19,37.0,19.89,39.55,25.92,3.39,4.14,45.48,19.19,57.57,80.15,38.96,17.79,38.24,2.13,34.52,20.14,76.47,0.5,50.75,11.17,25.0,6.9,35.12,17.07,34.54,2.76,40.9,19.37,50.0,0.0,0.0,479.0
4010,26,61,0,0.0,0.0,0.0,0.0,0.0,0.0,0.0,0.0,0.0,0.0,0.0,0.0,0.0,0.0,0.0,0.0,0.0,0.0,0.0,0.0,0.0,0.0,0.0,0.0,0.0,0.0,0.0,0.0,0.0,0.0,0.0,0.0,0.0,0.0,0.0
4011,26,62,838,3.57,41.98,18.19,41.33,18.83,43.07,41.66,2.97,3.83,50.83,17.01,41.93,78.46,41.01,17.9,43.69,1.98,37.0,18.94,75.0,1.73,33.71,14.71,14.28,8.53,40.13,17.13,39.13,2.47,54.8,20.18,45.0,0.0,0.0,467.0
4012,26,63,401,2.24,43.03,18.58,52.28,14.42,40.39,21.42,3.57,6.12,53.29,19.65,37.5,75.76,41.53,18.59,43.09,3.06,41.83,10.93,66.66,1.02,36.25,24.44,0.0,9.43,41.32,18.61,24.32,1.02,46.5,11.35,50.0,0.0,0.0,228.0
4013,26,65,0,0.0,0.0,0.0,0.0,0.0,0.0,0.0,0.0,0.0,0.0,0.0,0.0,0.0,0.0,0.0,0.0,0.0,0.0,0.0,0.0,0.0,0.0,0.0,0.0,0.0,0.0,0.0,0.0,0.0,0.0,0.0,0.0,0.0,0.0,0.0
4014,26,66,606,1.32,44.02,18.26,50.2,19.62,45.21,60.0,0.83,2.5,48.26,20.58,53.33,84.61,43.5,18.04,46.24,1.83,38.18,12.27,72.72,0.5,36.33,15.3,66.66,6.85,44.75,17.39,29.26,2.84,55.82,21.71,17.64,0.0,0.0,336.0
4015,26,68,0,0.0,0.0,0.0,0.0,0.0,0.0,0.0,0.0,0.0,0.0,0.0,0.0,0.0,0.0,0.0,0.0,0.0,0.0,0.0,0.0,0.0,0.0,0.0,0.0,0.0,0.0,0.0,0.0,0.0,0.0,0.0,0.0,0.0,0.0,0.0
4016,26,69,732,2.04,41.46,18.29,41.1,25.3,41.25,60.0,1.39,1.95,64.5,14.51,35.71,89.4,40.47,17.51,41.34,0.83,33.5,16.63,83.33,0.83,50.33,14.2,50.0,3.62,36.92,23.33,34.61,1.95,60.57,19.31,28.57,0.0,0.0,433.0
4017,26,70,713,1.82,42.97,18.69,49.82,23.81,41.93,41.17,2.42,1.57,54.54,16.34,54.54,88.57,42.11,18.32,42.58,0.85,34.83,12.33,66.66,0.0,0.0,0.0,0.0,4.42,43.16,21.04,25.8,2.14,52.93,20.82,33.33,0.0,0.0,399.0
4018,26,71,467,1.28,40.28,19.48,40.62,12.8,43.46,75.0,1.73,2.38,58.72,30.01,54.54,87.63,39.37,18.72,42.07,1.3,50.66,23.19,66.66,0.43,24.0,33.94,50.0,5.42,40.44,21.46,44.0,1.08,45.2,21.46,60.0,0.0,0.0,257.0
4019,26,72,0,0.0,0.0,0.0,0.0,0.0,0.0,0.0,0.0,0.0,0.0,0.0,0.0,0.0,0.0,0.0,0.0,0.0,0.0,0.0,0.0,0.0,0.0,0.0,0.0,0.0,0.0,0.0,0.0,0.0,0.0,0.0,0.0,0.0,0.0,0.0
4020,26,73,789,2.78,39.33,17.77,33.81,20.11,40.17,51.85,3.52,2.73,46.52,20.43,47.61,83.96,38.51,16.79,40.06,1.17,31.77,8.49,33.33,1.04,41.0,23.71,25.0,4.3,39.87,21.29,42.42,3.25,52.08,19.12,36.0,0.0,0.0,434.0
4021,26,74,707,1.27,40.7,17.5,38.92,16.58,42.43,44.44,3.86,2.86,49.0,25.51,40.0,85.53,39.82,16.95,42.54,0.85,41.33,22.75,66.66,1.28,53.33,16.71,22.22,4.01,42.89,14.6,46.42,1.57,53.45,21.83,27.27,0.0,0.0,398.0
4022,26,75,0,0.0,0.0,0.0,0.0,0.0,0.0,0.0,0.0,0.0,0.0,0.0,0.0,0.0,0.0,0.0,0.0,0.0,0.0,0.0,0.0,0.0,0.0,0.0,0.0,0.0,0.0,0.0,0.0,0.0,0.0,0.0,0.0,0.0,0.0,0.0
4023,26,76,543,1.28,38.13,19.69,26.6,19.95,42.17,60.0,0.93,3.35,46.38,26.69,50.0,87.68,37.81,19.65,42.55,1.11,24.5,13.32,50.0,1.11,37.66,13.66,16.66,4.1,42.09,15.63,31.81,1.67,32.55,17.41,33.33,0.0,0.0,314.0
4024,26,77,848,3.18,40.67,19.45,44.38,21.64,42.68,55.55,2.19,4.38,59.5,23.16,44.44,85.62,39.06,18.53,42.95,1.09,27.22,17.2,66.66,0.73,32.5,8.91,16.66,4.75,41.53,16.17,28.2,1.21,37.0,19.32,30.0,0.0,0.0,469.0
4025,26,78,0,0.0,0.0,0.0,0.0,0.0,0.0,0.0,0.0,0.0,0.0,0.0,0.0,0.0,0.0,0.0,0.0,0.0,0.0,0.0,0.0,0.0,0.0,0.0,0.0,0.0,0.0,0.0,0.0,0.0,0.0,0.0,0.0,0.0,0.0,0.0
4026,26,79,211,3.31,42.04,19.25,42.0,32.75,45.49,75.0,1.96,3.92,39.62,19.24,37.5,87.25,41.69,19.71,44.38,2.94,38.0,8.46,50.0,0.98,49.0,1.41,50.0,1.47,40.33,5.85,33.33,1.47,45.66,21.0,100.0,0.0,0.0,103.0
4027,26,80,783,3.32,42.4,20.07,49.56,16.8,42.4,36.0,3.3,4.22,60.65,21.11,43.75,86.12,40.13,19.28,43.25,0.92,47.14,13.55,57.14,0.26,43.5,12.02,0.0,3.96,45.06,22.85,33.33,1.18,61.66,11.48,33.33,0.0,0.0,420.0
4028,26,81,273,2.19,41.63,17.64,54.0,0.0,39.19,100.0,0.37,4.11,61.45,18.94,63.63,88.38,40.6,17.36,38.13,1.49,31.0,9.62,25.0,0.0,0.0,0.0,0.0,4.11,40.27,14.11,45.45,1.49,41.0,12.98,25.0,0.0,0.0,176.0
4029,26,82,761,3.02,42.86,19.29,47.27,19.06,39.42,45.45,1.49,3.11,68.47,16.64,56.52,87.39,41.16,18.88,39.68,1.08,36.37,11.67,25.0,0.54,48.0,14.44,50.0,5.28,47.87,17.72,30.76,1.08,44.5,23.33,12.5,0.0,0.0,455.0
4030,26,83,454,2.2,40.98,19.16,49.54,11.45,43.83,81.81,2.47,1.12,45.8,12.33,60.0,84.23,39.55,19.45,43.31,1.35,38.33,9.7,33.33,0.67,51.0,19.05,33.33,8.1,47.69,15.48,41.66,2.02,41.33,27.14,44.44,0.0,0.0,274.0
4031,26,84,514,1.16,40.17,19.68,36.58,19.66,41.82,41.17,3.34,3.34,55.0,19.37,52.94,84.25,39.16,19.75,40.88,1.18,32.0,16.88,66.66,1.57,37.62,8.45,50.0,5.7,45.1,15.07,41.37,0.59,63.33,11.01,33.33,0.0,0.0,270.0
4032,26,85,455,1.97,42.47,19.73,51.4,21.73,40.43,40.0,4.48,2.01,68.88,16.74,44.44,80.94,41.14,19.26,41.27,1.56,29.14,13.2,42.85,0.44,53.0,1.41,50.0,8.29,43.4,20.44,32.43,2.24,51.2,17.88,30.0,0.0,0.0,237.0
4033,26,86,601,2.49,39.07,18.82,44.62,15.74,41.59,50.0,2.73,2.55,67.06,20.82,53.33,87.2,37.76,18.01,40.9,1.02,38.0,6.84,100.0,1.02,40.83,20.95,33.33,4.43,34.84,21.13,38.46,1.02,53.66,20.32,50.0,0.0,0.0,387.0
4034,26,87,600,2.33,39.6,17.65,51.0,19.01,41.0,38.46,2.21,2.9,55.58,20.35,58.82,85.32,37.93,17.23,41.2,1.53,44.33,17.15,77.77,1.36,45.25,8.58,25.0,5.29,43.54,13.32,29.03,1.36,47.12,25.03,37.5,0.0,0.0,330.0
4035,26,88,627,2.71,42.79,19.37,42.29,19.64,41.94,29.41,2.78,3.6,61.86,22.95,54.54,83.27,41.32,19.0,42.12,2.29,41.64,13.85,64.28,1.31,56.0,15.59,25.0,5.4,43.06,17.01,36.36,1.31,47.5,20.15,37.5,0.0,0.0,401.0
4036,26,89,204,2.45,40.05,17.24,35.66,14.22,41.66,100.0,1.5,5.52,62.36,22.06,54.54,83.41,38.03,16.43,39.15,0.5,56.0,0.0,100.0,0.5,46.0,0.0,0.0,6.03,40.41,12.75,50.0,2.51,43.8,16.67,40.0,0.0,0.0,128.0
4037,26,90,810,2.22,40.69,19.02,32.85,15.18,40.0,42.85,1.76,4.04,48.21,25.71,37.5,82.82,40.43,18.73,41.92,1.38,33.63,13.87,90.9,0.5,53.25,17.17,0.0,7.95,38.34,17.4,25.39,1.51,49.58,24.5,16.66,0.0,0.0,438.0
4038,26,91,815,1.59,41.87,19.38,39.6,20.06,42.69,50.0,1.24,3.24,58.38,22.01,34.61,86.65,40.95,19.16,42.58,1.62,38.3,19.79,76.92,0.24,59.5,13.43,0.0,5.73,43.3,16.22,41.3,1.24,42.9,19.47,20.0,0.0,0.0,427.0
4039,26,92,788,2.79,43.02,19.03,48.08,23.31,41.87,50.0,1.56,3.52,53.18,23.28,48.14,86.16,42.66,18.38,41.66,1.56,35.41,9.22,75.0,0.39,44.33,38.42,0.0,4.96,41.5,21.6,42.1,1.82,44.92,25.89,21.42,0.0,0.0,438.0
4040,26,93,0,0.0,0.0,0.0,0.0,0.0,0.0,0.0,0.0,0.0,0.0,0.0,0.0,0.0,0.0,0.0,0.0,0.0,0.0,0.0,0.0,0.0,0.0,0.0,0.0,0.0,0.0,0.0,0.0,0.0,0.0,0.0,0.0,0.0,0.0,0.0
4041,26,94,790,2.78,41.13,19.33,45.0,19.78,40.5,50.0,1.82,3.77,48.06,19.77,37.93,82.81,40.87,19.31,40.88,2.6,31.75,15.71,60.0,0.39,26.0,1.73,0.0,6.51,39.28,15.05,40.0,2.08,52.25,21.06,25.0,0.0,0.0,475.0
4042,26,96,534,3.93,41.0,18.53,41.66,13.14,42.69,16.66,1.16,3.5,54.05,14.33,61.11,86.93,40.37,18.66,42.37,0.19,20.0,0.0,100.0,0.77,36.5,12.12,50.0,6.82,40.77,16.49,54.28,0.58,62.66,6.65,33.33,0.0,0.0,279.0
4043,26,98,564,1.77,39.62,18.01,40.71,24.17,42.19,32.14,5.05,1.8,59.8,22.41,80.0,80.86,38.85,16.77,37.94,1.08,57.16,27.08,83.33,0.9,54.8,16.64,40.0,9.56,36.2,18.79,73.58,0.72,42.25,11.95,25.0,0.0,0.0,308.0
4044,26,99,0,0.0,0.0,0.0,0.0,0.0,0.0,0.0,0.0,0.0,0.0,0.0,0.0,0.0,0.0,0.0,0.0,0.0,0.0,0.0,0.0,0.0,0.0,0.0,0.0,0.0,0.0,0.0,0.0,0.0,0.0,0.0,0.0,0.0,0.0,0.0
4045,26,102,564,3.19,40.43,18.38,45.85,25.01,43.26,71.42,1.28,5.49,55.63,24.3,46.66,84.98,38.38,17.17,43.53,1.83,48.8,15.6,70.0,0.36,42.5,9.19,50.0,4.57,45.84,17.58,32.0,1.46,42.87,25.82,50.0,0.0,0.0,330.0
4046,26,103,833,1.56,39.22,19.09,45.83,27.03,44.17,66.66,0.73,2.92,48.2,21.54,58.33,86.34,38.49,18.75,42.37,1.46,39.33,16.05,75.0,0.0,0.0,0.0,0.0,6.82,39.17,18.6,53.57,1.7,46.21,27.26,42.85,0.0,0.0,483.0
4047,26,104,864,2.08,41.84,18.49,55.16,24.04,42.7,50.0,1.41,1.89,58.43,26.18,56.25,87.11,40.54,17.54,42.46,1.3,43.72,18.07,45.45,0.47,34.25,15.71,50.0,5.91,49.46,20.56,50.0,1.89,48.81,18.45,18.75,0.0,0.0,519.0
4048,26,105,0,0.0,0.0,0.0,0.0,0.0,0.0,0.0,0.0,0.0,0.0,0.0,0.0,0.0,0.0,0.0,0.0,0.0,0.0,0.0,0.0,0.0,0.0,0.0,0.0,0.0,0.0,0.0,0.0,0.0,0.0,0.0,0.0,0.0,0.0,0.0
4049,26,107,0,0.0,0.0,0.0,0.0,0.0,0.0,0.0,0.0,0.0,0.0,0.0,0.0,0.0,0.0,0.0,0.0,0.0,0.0,0.0,0.0,0.0,0.0,0.0,0.0,0.0,0.0,0.0,0.0,0.0,0.0,0.0,0.0,0.0,0.0,0.0
4050,26,108,805,3.97,42.69,18.31,44.1,14.32,41.61,47.36,2.45,4.52,57.74,20.49,48.57,81.24,40.24,17.37,41.4,0.77,36.33,5.53,83.33,0.51,46.5,12.47,25.0,7.5,49.2,17.58,32.75,2.97,51.39,22.95,43.47,0.0,0.0,494.0
4051,26,109,0,0.0,0.0,0.0,0.0,0.0,0.0,0.0,0.0,0.0,0.0,0.0,0.0,0.0,0.0,0.0,0.0,0.0,0.0,0.0,0.0,0.0,0.0,0.0,0.0,0.0,0.0,0.0,0.0,0.0,0.0,0.0,0.0,0.0,0.0,0.0
4052,26,110,702,4.13,42.82,18.59,37.78,24.46,42.59,71.42,2.08,4.01,49.03,24.15,48.14,83.95,41.7,18.03,42.3,1.63,32.27,8.71,72.72,0.89,53.16,10.72,16.66,6.09,45.73,15.63,26.82,1.33,52.33,24.55,55.55,0.0,0.0,413.0
4053,26,111,0,0.0,0.0,0.0,0.0,0.0,0.0,0.0,0.0,0.0,0.0,0.0,0.0,0.0,0.0,0.0,0.0,0.0,0.0,0.0,0.0,0.0,0.0,0.0,0.0,0.0,0.0,0.0,0.0,0.0,0.0,0.0,0.0,0.0,0.0,0.0
4054,26,112,827,0.48,41.97,18.66,42.47,23.27,40.87,63.15,2.3,2.3,45.84,22.62,52.63,88.09,42.17,18.12,41.65,0.72,43.66,23.65,100.0,0.36,37.66,8.14,33.33,4.13,35.23,21.05,20.58,2.06,45.0,25.07,0.0,0.0,0.0,493.0
4055,26,113,789,2.53,41.0,19.5,60.81,14.53,40.93,18.18,1.43,2.6,49.45,24.1,70.0,87.9,39.88,19.08,42.01,1.43,33.0,22.38,45.45,0.65,38.4,11.37,40.0,4.03,42.83,19.66,22.58,1.95,50.93,20.51,20.0,0.0,0.0,472.0
4056,26,115,808,3.21,41.52,17.72,45.5,19.46,41.46,46.15,3.32,2.17,55.52,24.11,82.35,82.22,40.37,17.55,40.59,2.17,39.7,12.07,82.35,0.25,23.5,4.94,100.0,8.56,44.34,16.18,28.35,1.27,49.7,13.81,40.0,0.0,0.0,482.0
4057,26,116,831,3.73,42.55,19.01,38.45,17.13,43.44,41.93,3.87,3.25,46.8,20.12,46.15,80.12,42.08,18.78,43.68,1.75,36.5,15.48,57.14,1.37,30.81,21.25,36.36,6.87,40.47,18.95,34.54,2.75,54.27,25.67,22.72,0.0,0.0,467.0
4058,26,117,482,1.45,39.05,18.38,40.6,28.42,39.21,60.0,2.1,3.36,42.75,23.58,31.25,85.26,38.65,17.86,40.0,2.1,39.0,17.06,40.0,0.42,45.0,2.82,50.0,5.26,39.96,22.09,32.0,1.47,40.85,20.36,14.28,0.0,0.0,276.0
4059,26,118,0,0.0,0.0,0.0,0.0,0.0,0.0,0.0,0.0,0.0,0.0,0.0,0.0,0.0,0.0,0.0,0.0,0.0,0.0,0.0,0.0,0.0,0.0,0.0,0.0,0.0,0.0,0.0,0.0,0.0,0.0,0.0,0.0,0.0,0.0,0.0
4060,26,119,803,2.11,42.74,21.19,36.11,24.48,41.46,35.29,2.16,2.03,49.93,17.39,68.75,85.36,42.17,21.08,41.72,1.9,40.79,17.21,46.66,0.5,28.75,22.55,25.0,6.74,43.45,19.79,28.3,1.27,59.8,23.27,40.0,0.0,0.0,518.0
4061,26,121,195,2.56,39.46,18.2,32.25,23.89,44.61,50.0,2.1,2.63,48.2,18.84,60.0,85.26,40.25,18.14,46.29,1.57,27.33,5.5,100.0,0.0,0.0,0.0,0.0,5.78,27.54,19.54,18.18,2.63,43.6,12.89,0.0,0.0,0.0,112.0
4062,26,122,782,2.17,40.47,18.9,42.53,15.33,42.96,46.15,1.69,2.22,43.35,23.61,35.29,85.09,40.25,18.6,42.54,2.22,28.94,11.48,64.7,0.13,54.0,0.0,100.0,6.79,38.88,19.12,38.46,1.83,43.35,22.1,57.14,0.0,0.0,465.0
4063,26,123,786,1.78,41.76,17.81,45.4,15.74,44.02,100.0,0.64,2.72,55.9,24.63,52.38,87.56,40.87,17.46,42.75,2.2,34.05,11.77,76.47,0.38,48.0,7.81,66.66,5.82,46.17,16.85,37.77,0.64,44.2,25.7,60.0,0.0,0.0,440.0
4064,26,124,781,2.68,40.05,18.9,41.4,26.6,42.63,80.0,1.31,1.97,58.93,24.39,80.0,87.36,39.34,18.09,42.01,0.92,32.57,17.96,57.14,1.05,37.0,17.84,37.5,5.78,45.2,16.13,25.0,1.57,42.75,27.52,50.0,0.0,0.0,470.0
4065,26,125,773,2.32,40.42,19.67,37.86,24.46,41.26,45.45,2.91,2.64,51.45,24.87,40.0,82.64,39.47,19.29,41.02,1.72,39.38,9.49,69.23,1.19,49.55,13.07,44.44,7.28,41.14,19.81,41.81,1.58,45.41,19.23,41.66,0.0,0.0,477.0
4066,26,126,0,0.0,0.0,0.0,0.0,0.0,0.0,0.0,0.0,0.0,0.0,0.0,0.0,0.0,0.0,0.0,0.0,0.0,0.0,0.0,0.0,0.0,0.0,0.0,0.0,0.0,0.0,0.0,0.0,0.0,0.0,0.0,0.0,0.0,0.0,0.0
4067,26,127,734,2.45,42.03,19.3,49.31,18.91,42.5,50.0,2.23,1.95,56.57,17.43,64.28,84.07,41.25,19.03,41.69,1.95,38.14,8.82,71.42,0.55,47.25,9.81,50.0,8.1,43.89,18.41,37.93,1.11,52.25,29.05,25.0,0.0,0.0,445.0
4068,26,128,873,1.03,40.67,18.75,45.55,17.33,44.55,55.55,1.04,2.43,52.8,19.69,61.9,87.03,39.75,18.59,44.41,1.85,35.68,16.23,81.25,0.34,43.66,10.01,33.33,6.48,45.17,17.99,35.71,0.81,57.14,22.24,14.28,0.0,0.0,502.0
4069,26,129,887,1.91,40.25,18.19,42.93,16.92,41.26,46.66,1.72,2.52,40.27,18.56,50.0,84.13,39.5,18.14,42.34,1.72,35.33,17.54,53.33,0.57,44.2,21.58,20.0,7.81,43.5,18.46,30.88,1.49,47.76,12.37,38.46,0.0,0.0,506.0
4070,26,130,739,3.51,43.28,18.19,41.91,22.35,39.51,83.33,1.68,2.66,53.26,22.57,36.84,85.55,42.69,18.07,38.85,2.1,32.79,8.68,46.66,0.28,49.5,38.89,50.0,6.31,44.13,16.94,40.0,1.4,48.6,15.77,30.0,0.0,0.0,431.0
4071,26,131,0,0.0,0.0,0.0,0.0,0.0,0.0,0.0,0.0,0.0,0.0,0.0,0.0,0.0,0.0,0.0,0.0,0.0,0.0,0.0,0.0,0.0,0.0,0.0,0.0,0.0,0.0,0.0,0.0,0.0,0.0,0.0,0.0,0.0,0.0,0.0
4072,26,132,417,3.59,41.96,19.8,38.25,22.94,38.6,43.75,3.98,5.22,52.85,24.46,33.33,80.09,40.88,18.55,40.06,1.24,37.2,12.43,40.0,0.24,38.0,0.0,0.0,7.46,40.1,19.92,26.66,1.74,52.0,36.35,57.14,0.0,0.0,270.0
4073,26,133,0,0.0,0.0,0.0,0.0,0.0,0.0,0.0,0.0,0.0,0.0,0.0,0.0,0.0,0.0,0.0,0.0,0.0,0.0,0.0,0.0,0.0,0.0,0.0,0.0,0.0,0.0,0.0,0.0,0.0,0.0,0.0,0.0,0.0,0.0,0.0
4074,26,134,0,0.0,0.0,0.0,0.0,0.0,0.0,0.0,0.0,0.0,0.0,0.0,0.0,0.0,0.0,0.0,0.0,0.0,0.0,0.0,0.0,0.0,0.0,0.0,0.0,0.0,0.0,0.0,0.0,0.0,0.0,0.0,0.0,0.0,0.0,0.0
4075,26,135,774,2.58,40.71,17.96,42.35,18.47,42.76,58.82,2.25,3.05,52.3,20.93,47.82,84.88,39.99,17.53,41.56,1.98,37.33,14.84,53.33,0.26,56.0,2.82,50.0,5.17,39.74,16.86,35.89,2.38,53.5,19.61,44.44,0.0,0.0,472.0
4076,26,136,874,1.71,40.28,17.25,38.13,14.26,43.24,43.33,3.49,1.97,46.29,22.66,41.17,83.7,39.97,16.99,42.55,3.14,34.77,17.65,77.77,0.34,41.66,11.93,33.33,6.16,41.9,19.62,41.5,1.16,46.9,17.22,30.0,0.0,0.0,492.0
4077,26,137,748,1.6,42.25,19.01,38.16,20.99,42.91,66.66,1.63,2.58,48.05,20.1,57.89,84.64,41.73,18.97,43.17,1.9,36.28,8.15,50.0,0.4,37.33,5.85,0.0,7.6,47.35,18.78,33.92,1.22,52.33,28.56,33.33,0.0,0.0,462.0
4078,26,138,751,2.92,38.77,18.79,28.88,16.6,43.27,33.33,4.93,2.46,47.66,24.36,61.11,82.16,38.53,18.39,42.9,2.19,38.5,10.31,56.25,0.27,30.0,2.82,50.0,6.31,40.69,20.31,39.13,1.64,43.58,21.41,50.0,0.0,0.0,459.0
4079,26,139,830,3.01,39.51,19.75,48.75,21.31,44.45,41.66,1.49,1.86,43.0,26.34,66.66,84.84,38.8,19.36,43.63,1.36,31.9,15.93,81.81,0.24,42.0,25.45,0.0,7.45,39.54,20.92,46.66,2.73,48.0,15.07,36.36,0.0,0.0,486.0
4080,26,143,628,1.59,40.37,19.85,60.14,15.56,43.31,57.14,1.13,2.26,63.14,17.74,57.14,85.76,39.33,19.5,43.58,1.61,32.2,18.07,80.0,0.97,38.66,10.01,50.0,5.98,42.78,19.16,29.72,2.26,43.35,27.7,42.85,0.0,0.0,366.0
4081,26,144,629,2.06,39.97,17.52,40.43,17.06,44.67,56.25,2.59,1.78,51.72,29.58,45.45,84.41,39.39,16.96,45.19,1.94,33.16,5.6,66.66,1.46,35.55,15.75,33.33,5.19,38.65,16.75,43.75,2.59,49.0,22.48,18.75,0.0,0.0,382.0
4082,26,147,794,3.27,41.18,18.95,39.15,20.56,43.07,60.0,2.6,2.86,42.18,26.48,54.54,83.85,41.09,18.7,42.54,1.56,36.25,6.73,66.66,0.52,31.5,1.91,50.0,5.46,40.02,18.34,42.85,3.12,50.2,17.43,33.33,0.0,0.0,476.0
4083,26,149,0,0.0,0.0,0.0,0.0,0.0,0.0,0.0,0.0,0.0,0.0,0.0,0.0,0.0,0.0,0.0,0.0,0.0,0.0,0.0,0.0,0.0,0.0,0.0,0.0,0.0,0.0,0.0,0.0,0.0,0.0,0.0,0.0,0.0,0.0,0.0
4084,26,150,0,0.0,0.0,0.0,0.0,0.0,0.0,0.0,0.0,0.0,0.0,0.0,0.0,0.0,0.0,0.0,0.0,0.0,0.0,0.0,0.0,0.0,0.0,0.0,0.0,0.0,0.0,0.0,0.0,0.0,0.0,0.0,0.0,0.0,0.0,0.0
4085,26,152,711,2.53,42.61,19.5,36.7,17.09,42.75,33.33,3.46,2.74,50.84,23.63,57.89,82.97,41.77,18.84,44.17,1.44,50.3,17.41,40.0,1.01,47.14,14.27,42.85,6.06,39.73,22.03,30.95,2.3,54.0,25.42,18.75,0.0,0.0,391.0
4086,26,153,0,0.0,0.0,0.0,0.0,0.0,0.0,0.0,0.0,0.0,0.0,0.0,0.0,0.0,0.0,0.0,0.0,0.0,0.0,0.0,0.0,0.0,0.0,0.0,0.0,0.0,0.0,0.0,0.0,0.0,0.0,0.0,0.0,0.0,0.0,0.0
4087,26,154,698,3.58,45.01,19.92,43.58,27.85,42.83,47.05,2.52,4.01,64.33,18.13,51.85,75.78,42.6,19.2,43.52,2.08,46.71,22.45,57.14,0.0,0.0,0.0,0.0,13.22,49.49,17.68,29.21,2.37,52.68,18.03,62.5,0.0,0.0,405.0
4088,26,155,668,4.19,45.33,18.95,37.16,20.47,41.46,25.0,1.87,3.43,55.0,20.44,40.9,80.0,44.49,18.67,41.21,2.03,34.07,8.27,61.53,0.93,51.83,21.68,33.33,9.68,42.43,16.7,32.25,2.03,63.0,15.57,53.84,0.0,0.0,408.0
4089,26,156,527,3.6,43.12,18.39,42.89,16.1,44.02,57.89,3.74,3.14,53.43,17.31,37.5,81.88,41.76,18.24,46.15,2.16,36.0,13.89,72.72,0.19,37.0,0.0,0.0,6.69,46.0,17.76,29.41,2.16,54.45,15.72,9.09,0.0,0.0,327.0
4090,26,160,710,2.25,42.95,19.02,38.25,24.94,41.69,25.0,1.72,2.44,53.7,18.2,47.05,85.01,42.12,18.82,42.37,1.15,36.5,15.54,75.0,1.72,47.75,11.9,41.66,6.05,42.52,18.18,35.71,1.87,51.23,15.57,38.46,0.0,0.0,396.0
4091,26,164,608,3.94,42.53,19.63,37.83,20.27,43.25,56.75,6.33,3.25,44.05,27.04,47.36,84.24,42.18,19.33,43.9,0.68,38.75,7.32,75.0,0.85,52.4,16.56,40.0,2.39,45.64,11.52,21.42,2.22,46.61,17.35,38.46,0.0,0.0,359.0
4092,26,172,551,2.35,42.76,19.48,46.07,17.88,43.92,30.76,2.41,2.6,57.28,26.64,78.57,86.98,41.69,19.12,43.8,1.48,39.75,22.69,50.0,0.55,48.0,9.16,0.0,5.39,48.06,19.27,37.93,0.55,35.33,15.27,33.33,0.0,0.0,357.0
4093,26,176,780,2.3,40.87,17.61,38.02,14.59,42.05,50.0,4.72,3.41,50.88,21.17,53.84,80.7,40.23,17.61,42.27,1.57,39.16,11.13,58.33,0.26,37.5,16.26,0.0,6.43,43.06,18.41,26.53,2.88,44.04,17.13,36.36,0.0,0.0,468.0
4094,26,181,0,0.0,0.0,0.0,0.0,0.0,0.0,0.0,0.0,0.0,0.0,0.0,0.0,0.0,0.0,0.0,0.0,0.0,0.0,0.0,0.0,0.0,0.0,0.0,0.0,0.0,0.0,0.0,0.0,0.0,0.0,0.0,0.0,0.0,0.0,0.0
4095,26,182,800,3.12,44.6,18.6,45.76,18.58,45.25,35.29,2.19,3.87,48.36,25.89,56.66,81.54,43.05,17.92,46.51,2.83,45.5,20.46,54.54,0.25,68.0,7.07,50.0,7.87,49.4,17.54,31.14,1.41,60.9,12.15,45.45,0.0,0.0,494.0
4096,26,183,635,3.77,43.88,20.22,39.41,18.92,41.57,47.05,2.78,3.6,59.36,19.01,45.45,82.65,42.18,19.81,42.57,1.63,30.2,6.82,40.0,0.32,61.0,8.48,0.0,8.01,49.83,20.11,36.73,0.98,68.16,17.54,16.66,0.0,0.0,387.0
4097,26,184,614,3.9,41.08,18.77,41.4,20.16,41.2,33.33,2.54,2.2,54.53,21.88,38.46,79.15,39.09,17.7,43.46,2.03,37.33,17.22,58.33,0.5,29.66,25.81,66.66,11.52,46.69,19.65,36.76,2.03,55.91,16.04,16.66,0.0,0.0,367.0
4098,26,192,842,2.96,42.26,19.47,40.58,19.56,43.23,58.33,2.93,1.46,46.91,26.95,75.0,82.86,42.16,19.31,42.24,2.69,40.04,10.68,77.27,0.61,40.6,12.66,20.0,7.83,44.75,21.14,32.81,1.59,37.76,25.06,30.76,0.0,0.0,523.0
4099,26,195,897,2.78,44.3,20.16,40.88,13.96,40.69,43.18,5.04,5.84,52.25,25.56,43.13,74.42,43.1,19.9,41.29,2.06,37.55,18.19,66.66,0.45,37.75,28.8,25.0,10.43,46.0,18.4,30.76,1.72,57.33,22.79,26.66,0.0,0.0,569.0
4100,26,196,657,2.43,41.33,19.51,47.46,25.53,42.16,80.0,2.34,3.74,52.45,27.44,45.83,83.3,39.57,18.6,41.57,2.96,40.1,11.75,52.63,0.15,56.0,0.0,0.0,6.55,44.85,17.92,33.33,0.93,59.5,24.68,33.33,0.0,0.0,420.0
4101,26,197,768,2.73,44.95,19.63,36.33,16.05,41.4,33.33,3.61,5.08,56.63,22.91,55.26,77.1,43.09,18.81,42.53,2.27,45.58,12.43,52.94,0.26,78.0,1.41,50.0,9.9,47.83,20.5,27.02,1.74,63.53,20.87,38.46,0.0,0.0,486.0
4102,26,198,529,3.96,41.88,19.62,44.33,19.36,37.99,37.5,4.72,7.08,55.97,23.03,47.22,78.34,39.65,18.17,36.43,2.55,39.69,23.05,61.53,0.39,60.5,36.06,50.0,4.13,49.85,18.9,33.33,2.75,51.85,21.59,50.0,0.0,0.0,329.0
4103,27,1,1033,3.19,38.42,16.55,37.62,16.5,42.69,42.85,54.6,1.5,35.6,14.74,46.66,36.1,38.92,15.84,43.21,0.2,23.5,2.12,100.0,2.1,34.61,17.85,42.85,2.7,45.85,18.15,22.22,2.8,40.1,22.83,46.42,0.0,42.48,534.0
4104,27,4,598,5.85,39.44,19.41,38.45,19.74,42.14,41.0,67.14,1.06,50.33,25.29,16.66,25.75,40.53,18.79,44.13,0.17,23.0,0.0,0.0,0.88,40.79,20.12,100.0,3.01,37.05,18.04,35.29,1.95,36.27,10.32,54.54,0.0,52.87,295.0
4105,27,unclear,1388,5.25,37.81,15.11,36.89,14.13,45.74,43.21,66.15,0.0,0.0,0.0,0.0,29.27,38.25,16.28,53.5,0.15,61.5,54.44,100.0,0.98,36.46,16.65,38.46,1.36,34.88,11.98,44.44,2.05,47.18,19.28,51.85,,,
4106,27,unclear,1354,5.16,38.95,15.9,39.2,16.02,44.68,40.93,61.83,0.0,0.0,0.0,0.0,35.12,37.78,15.17,52.54,0.15,64.5,50.2,100.0,0.7,32.88,12.51,77.77,0.46,36.0,13.81,16.66,1.71,41.0,15.75,54.54,,,
4107,27,unclear,1361,4.26,40.7,15.39,40.33,14.92,44.89,41.28,78.81,0.0,0.0,0.0,0.0,17.8,38.86,14.85,59.05,0.0,0.0,0.0,0.0,1.38,38.61,12.68,61.11,0.15,23.5,2.12,50.0,1.84,52.79,21.13,50.0,,,
4108,27,29,590,5.76,37.92,18.09,36.2,15.79,44.06,45.32,36.51,1.07,62.66,17.47,16.66,51.43,37.69,18.25,42.65,3.23,32.66,15.51,66.66,0.53,42.66,26.38,33.33,3.77,46.23,21.15,42.85,3.41,33.05,20.5,47.36,0.0,19.83,269.0
4109,27,33,758,2.77,36.81,17.65,34.88,16.13,43.79,41.48,36.63,0.54,34.75,28.82,100.0,56.98,37.78,17.93,43.33,0.94,41.14,22.43,57.14,0.94,35.14,12.83,28.57,1.89,38.5,22.53,35.71,2.03,33.79,20.12,66.66,0.0,42.22,377.0
4110,27,45,905,2.43,42.25,17.98,41.25,16.07,41.32,41.17,5.77,0.22,29.0,5.65,50.0,85.73,42.17,18.19,41.34,1.92,39.47,18.71,52.94,0.0,0.0,0.0,0.0,4.64,39.8,18.64,31.7,1.69,49.6,12.69,40.0,0.0,22.04,492.0
4111,27,52,1151,3.12,37.14,17.38,35.74,17.19,42.91,40.81,37.57,0.17,62.5,10.6,50.0,54.17,36.75,16.73,43.04,1.34,35.33,9.26,73.33,1.97,39.86,13.53,54.54,2.51,45.17,24.67,35.71,2.24,48.84,20.72,48.0,0.0,22.59,554.0
4112,27,57,725,3.03,41.83,17.5,39.26,18.62,40.27,42.02,9.81,0.0,0.0,0.0,0.0,81.5,41.24,16.96,42.58,1.13,34.37,13.26,50.0,0.14,32.0,0.0,100.0,4.4,42.03,16.27,29.03,2.98,43.95,16.61,19.04,0.0,53.79,458.0
4113,27,60,1017,3.73,40.42,17.79,39.85,18.01,40.7,38.35,37.28,0.4,72.25,16.76,50.0,54.54,39.72,17.47,40.63,1.22,32.0,15.42,66.66,2.14,41.28,14.14,57.14,2.34,48.04,13.44,56.52,2.04,52.5,17.91,55.0,0.0,21.82,560.0
4114,27,62,907,2.53,42.37,19.83,46.05,20.69,40.46,47.22,4.07,0.11,53.0,0.0,100.0,88.0,41.95,19.69,40.61,2.03,33.0,16.72,50.0,0.0,0.0,0.0,0.0,3.84,40.0,21.27,23.52,1.92,57.0,17.97,52.94,0.0,38.92,548.0
4115,27,81,772,1.29,40.2,17.35,42.59,18.6,44.17,42.55,12.33,0.0,0.0,0.0,0.0,80.97,39.84,17.13,44.4,1.57,39.08,14.38,91.66,0.65,31.4,9.81,20.0,2.49,35.52,18.29,26.31,1.96,49.06,20.56,33.33,0.0,31.62,381.0
4116,27,86,969,6.81,43.96,19.97,51.73,17.13,39.11,45.23,4.65,0.55,44.4,25.19,80.0,82.28,42.32,19.74,38.76,2.65,40.83,12.34,75.0,0.88,56.37,21.36,25.0,5.86,46.07,18.95,35.84,3.1,48.32,18.01,32.14,0.0,42.25,562.0
4117,27,95,304,3.61,40.87,18.47,33.79,25.34,39.47,100.0,1.7,0.68,46.5,65.76,100.0,87.03,39.96,17.42,37.25,0.34,38.0,0.0,0.0,0.34,36.0,0.0,0.0,8.19,44.04,16.36,50.0,1.7,55.4,17.71,40.0,0.0,67.72,163.0
4118,27,98,450,2.44,37.68,17.6,46.4,31.69,44.0,80.0,1.13,0.0,0.0,0.0,0.0,92.02,36.89,17.28,45.04,0.68,30.0,9.16,100.0,0.22,48.0,0.0,0.0,4.55,45.0,14.81,30.0,1.36,33.0,19.05,0.0,0.0,61.24,255.0
4119,27,109,641,2.8,41.5,17.47,42.25,15.71,42.12,44.44,4.33,0.0,0.0,0.0,0.0,83.46,40.21,17.14,41.34,0.96,33.83,19.74,83.33,0.48,27.66,29.09,66.66,8.5,46.84,16.46,37.73,2.24,49.64,18.86,42.85,0.0,50.46,351.0
4120,27,126,423,1.89,40.02,17.05,46.94,16.56,43.26,50.0,4.33,0.24,44.0,0.0,0.0,84.33,39.04,16.94,44.28,1.44,39.5,20.18,66.66,0.72,55.66,2.51,33.33,6.5,44.11,13.46,29.62,2.4,42.4,24.33,20.0,0.0,31.99,244.0
4121,27,128,849,1.06,39.07,20.18,30.72,14.9,41.22,36.36,1.3,0.11,25.0,0.0,0.0,91.07,39.18,20.36,43.39,0.71,45.0,20.14,83.33,0.23,65.0,1.41,50.0,5.35,34.22,16.89,15.55,1.19,50.9,20.92,10.0,0.0,29.71,492.0
4122,27,136,403,0.99,42.94,18.93,35.28,10.01,42.67,28.57,1.75,0.0,0.0,0.0,0.0,89.97,43.26,18.71,44.01,1.0,29.75,20.56,75.0,0.25,22.0,0.0,100.0,4.76,34.89,16.33,26.31,2.25,52.11,25.51,11.11,0.0,60.6,221.0
4123,27,138,625,1.28,40.87,17.5,42.52,21.94,39.68,52.94,2.75,0.0,0.0,0.0,0.0,88.81,40.44,17.24,39.41,2.1,41.3,14.8,38.46,0.32,49.0,21.21,50.0,4.53,44.07,19.64,39.28,1.45,50.44,19.79,22.22,0.0,55.95,309.0
4124,27,142,914,0.32,40.2,18.26,29.64,16.64,42.23,28.57,3.07,0.32,32.66,14.15,33.33,88.36,40.67,18.45,42.23,2.3,36.42,12.79,61.9,0.0,0.0,0.0,0.0,4.39,40.04,15.02,52.5,1.53,40.07,21.4,7.14,0.0,45.59,418.0
4125,27,143,1310,1.22,39.59,17.35,38.62,16.16,41.22,41.5,4.09,0.15,27.5,6.36,100.0,89.56,39.34,17.45,41.24,1.08,35.0,13.99,57.14,0.07,62.0,0.0,0.0,3.47,44.42,18.07,35.55,1.54,46.8,16.11,35.0,0.0,39.01,604.0
4126,27,145,1269,0.7,38.73,17.38,36.89,17.53,44.99,50.45,8.65,0.31,41.75,18.19,50.0,84.6,38.7,17.2,44.55,1.34,34.11,14.88,58.82,0.39,38.6,6.06,40.0,3.65,44.39,18.98,36.95,1.03,40.07,23.75,30.76,0.0,35.08,554.0
4127,27,146,873,0.68,40.47,17.73,37.2,16.87,43.29,41.02,4.49,0.11,22.0,0.0,100.0,89.5,40.48,17.8,43.55,1.84,41.5,23.03,56.25,0.46,33.25,9.1,75.0,2.07,41.55,12.03,27.77,1.49,43.0,16.9,30.76,0.0,25.19,426.0
4128,27,147,608,0.98,43.8,18.12,39.25,14.18,42.92,58.33,1.99,0.0,0.0,0.0,0.0,92.52,43.66,18.1,43.26,0.83,41.2,16.14,20.0,0.16,95.0,0.0,0.0,3.48,49.04,16.39,38.09,0.99,37.5,21.37,50.0,0.0,56.0,320.0
4129,27,150,966,0.93,42.59,17.39,42.09,13.37,41.2,48.38,3.23,0.1,20.0,0.0,0.0,89.65,42.24,17.34,40.44,1.46,43.71,23.85,57.14,0.41,43.5,4.43,75.0,2.82,43.66,19.83,44.44,2.29,52.72,18.47,27.27,0.0,34.64,579.0
4130,27,152,1113,1.7,43.05,17.64,44.61,18.49,42.76,38.7,2.83,0.09,37.0,0.0,0.0,88.57,42.85,17.42,43.24,2.01,36.22,15.83,45.45,0.09,70.0,0.0,100.0,3.93,41.11,18.85,37.2,2.46,50.25,22.24,29.62,0.0,30.48,619.0
4131,27,153,1078,1.39,38.91,16.37,35.87,15.27,40.9,51.02,4.6,0.09,68.0,0.0,0.0,87.86,38.62,16.32,41.86,1.12,34.08,13.87,33.33,0.37,34.5,5.97,50.0,3.95,43.88,16.58,26.19,1.97,51.8,17.28,9.52,0.0,35.68,564.0
4132,27,155,799,0.5,41.29,19.21,43.3,25.11,43.42,46.15,1.63,0.12,42.0,0.0,0.0,92.07,41.21,19.32,43.3,2.64,34.52,10.67,52.38,0.37,40.66,9.29,66.66,2.01,42.25,12.85,31.25,1.13,51.33,27.22,44.44,0.0,49.17,464.0
4133,27,unclear,1262,0.0,42.44,15.18,33.38,11.93,46.59,61.9,1.66,0.0,0.0,0.0,0.0,93.58,43.13,15.13,46.06,3.56,31.0,11.38,51.11,0.07,55.0,0.0,0.0,0.55,36.0,14.0,71.42,0.55,32.42,15.07,42.85,,,
4134,27,160,978,0.61,43.22,19.2,47.41,22.1,42.12,70.58,1.74,0.0,0.0,0.0,0.0,91.66,42.79,19.18,40.96,1.64,42.31,18.18,62.5,0.61,53.83,13.61,16.66,2.88,49.75,14.23,42.85,1.44,45.57,26.6,78.57,0.0,28.19,577.0
4135,27,unclear,1272,0.39,39.98,14.34,40.7,15.65,46.69,30.0,1.57,0.0,0.0,0.0,0.0,94.0,40.0,14.38,46.43,0.55,31.71,3.03,85.71,0.15,46.5,10.6,0.0,1.97,33.6,10.51,40.0,1.73,42.81,13.5,72.72,,,
4136,27,168,1031,1.64,40.91,17.98,38.14,14.44,43.16,57.14,2.07,0.0,0.0,0.0,0.0,89.74,40.93,18.05,43.62,1.67,32.0,12.88,64.7,0.09,36.0,0.0,0.0,4.73,42.02,18.38,27.08,1.67,45.64,22.38,52.94,0.0,37.51,614.0
4137,27,172,738,1.62,43.8,18.52,50.5,14.82,41.46,50.0,0.82,0.0,0.0,0.0,0.0,88.42,43.3,18.5,42.05,0.96,38.71,4.3,71.42,0.13,53.0,0.0,0.0,7.16,44.9,19.09,36.53,2.47,48.27,16.79,22.22,0.0,48.24,450.0
4138,27,174,846,1.77,42.17,19.87,47.41,17.17,41.48,58.82,2.04,0.0,0.0,0.0,0.0,87.96,41.53,19.48,40.9,2.04,32.7,15.6,64.7,1.08,56.77,12.83,44.44,4.09,37.61,23.57,35.29,2.76,58.13,17.87,30.43,0.0,42.64,469.0
4139,27,180,752,4.52,40.52,18.52,31.69,17.01,44.54,42.3,3.62,0.0,0.0,0.0,0.0,85.93,39.52,17.95,44.08,1.94,41.0,16.05,78.57,0.41,53.0,18.52,66.66,5.71,46.63,17.81,36.58,2.36,49.11,18.98,58.82,0.0,30.75,406.0
4140,27,181,640,2.96,41.18,18.61,42.04,21.02,40.31,40.19,16.42,0.8,54.0,30.6,80.0,75.68,40.27,17.6,40.21,0.96,42.33,11.11,66.66,0.48,30.33,26.31,66.66,3.86,43.45,20.28,33.33,1.77,44.54,17.78,45.45,0.0,57.47,356.0
4141,27,183,810,3.08,38.98,18.91,39.63,19.61,40.74,47.82,5.85,0.25,48.0,1.41,100.0,84.33,38.66,18.63,40.33,1.91,36.33,19.3,46.66,0.5,42.75,19.05,25.0,5.85,38.52,16.0,30.43,1.27,37.9,23.14,30.0,0.0,29.31,471.0
4142,27,184,955,0.73,41.69,19.28,41.87,21.8,41.57,50.0,0.84,0.1,87.0,0.0,0.0,94.3,41.71,19.16,42.5,0.84,34.0,8.0,62.5,0.0,0.0,0.0,0.0,2.0,39.52,19.72,31.57,1.89,46.27,24.9,5.55,0.0,43.49,510.0
4143,27,187,871,4.36,44.27,19.45,45.2,24.73,40.41,40.0,3.0,0.24,48.0,14.14,100.0,85.59,43.29,18.87,42.21,0.96,33.62,12.47,62.5,0.6,45.2,25.7,20.0,7.32,45.0,21.86,27.86,2.28,58.89,19.81,31.57,0.0,45.52,492.0
4144,27,189,853,3.39,41.05,17.88,39.76,20.79,42.9,71.42,2.54,0.24,72.0,21.21,100.0,87.01,40.25,17.85,43.79,1.45,36.33,10.93,50.0,1.45,42.83,9.97,33.33,5.82,43.6,16.76,20.83,1.45,56.16,13.41,58.33,0.0,46.45,500.0
4145,27,199,629,3.17,43.23,18.03,45.23,21.69,41.65,61.9,3.44,0.0,0.0,0.0,0.0,89.65,42.87,17.93,40.1,1.64,37.7,9.33,60.0,0.32,41.0,11.31,0.0,3.28,40.45,15.89,55.0,1.64,50.6,26.8,40.0,0.0,49.59,397.0
4146,27,202,916,2.83,43.82,19.51,38.45,23.34,40.61,35.0,2.24,0.0,0.0,0.0,0.0,89.77,43.69,19.11,42.05,1.01,46.77,18.36,55.55,0.0,0.0,0.0,0.0,3.48,40.12,20.61,22.58,3.48,49.9,17.96,32.25,0.0,41.98,533.0
4147,27,204,919,1.63,41.79,17.99,45.47,18.81,42.0,64.7,1.88,0.0,0.0,0.0,0.0,86.72,41.24,17.79,41.45,1.43,36.46,17.23,69.23,0.66,40.66,21.18,33.33,6.96,44.8,17.54,33.33,2.32,48.09,21.59,52.38,0.0,46.13,572.0
4148,27,206,463,1.51,42.34,19.61,43.27,21.36,41.03,45.45,2.41,0.21,73.0,0.0,100.0,87.93,42.63,19.53,41.14,1.31,32.66,20.06,50.0,0.43,48.0,28.28,50.0,7.23,35.66,18.65,27.27,0.43,40.5,10.6,50.0,0.0,62.2,246.0
4149,27,207,933,2.25,40.01,19.48,26.93,18.72,40.19,33.33,1.64,0.0,0.0,0.0,0.0,85.08,39.61,19.3,41.1,2.3,38.47,10.49,47.61,1.2,43.81,18.9,27.27,7.67,43.15,20.31,34.28,2.08,40.68,17.01,42.1,0.0,39.05,558.0
4150,27,209,1021,2.84,41.86,20.37,36.21,26.45,41.23,42.1,1.91,0.0,0.0,0.0,0.0,84.97,41.05,20.16,41.63,2.31,41.95,16.45,39.13,0.5,41.2,26.74,40.0,7.76,43.37,18.42,37.66,2.52,54.76,20.5,36.0,0.0,26.81,603.0
4151,27,210,790,2.15,40.32,18.13,57.35,23.74,42.78,42.85,1.81,0.0,0.0,0.0,0.0,86.02,39.46,17.86,42.25,2.19,37.88,12.18,76.47,1.03,39.62,12.02,12.5,6.59,40.39,17.29,45.09,2.32,47.22,21.68,33.33,0.0,44.4,443.0
4152,27,211,800,2.37,44.19,20.88,44.05,21.0,42.37,51.42,4.48,0.38,23.66,23.02,100.0,83.61,44.16,20.22,42.87,2.04,40.12,23.97,37.5,0.89,41.14,13.74,28.57,7.29,45.49,24.16,31.57,1.28,45.0,28.51,60.0,0.0,48.05,454.0
4153,27,213,818,3.91,40.51,17.92,41.4,13.15,42.78,60.0,1.9,0.12,20.0,0.0,0.0,87.15,39.45,17.77,43.06,2.54,39.75,11.32,40.0,0.5,47.0,11.8,25.0,6.1,42.91,20.69,39.58,1.65,56.92,12.53,46.15,0.0,30.56,469.0
4154,27,214,821,1.94,39.8,17.99,37.71,16.67,42.63,43.45,26.58,0.74,47.66,22.81,50.0,62.98,39.91,18.03,41.61,1.73,40.85,17.24,57.14,0.74,26.33,15.25,16.66,3.85,40.45,17.84,45.16,3.35,47.85,19.77,44.44,0.0,30.77,484.0
4155,27,216,859,2.67,41.48,17.75,39.72,18.61,42.6,42.85,10.04,0.0,0.0,0.0,0.0,79.66,41.41,17.46,43.69,1.79,44.73,12.81,53.33,0.47,35.25,7.63,25.0,6.22,41.55,21.28,28.84,1.79,40.13,16.05,46.66,0.0,40.34,525.0
4156,27,217,944,1.58,43.77,18.92,39.0,19.84,40.57,43.58,4.19,0.21,60.0,0.0,100.0,87.62,43.71,18.32,40.41,2.04,38.0,14.47,42.1,0.53,46.4,17.98,20.0,3.87,45.22,24.08,36.11,1.5,45.28,28.19,50.0,0.0,46.33,524.0
4157,27,220,677,0.44,39.77,18.21,44.44,21.14,43.42,62.22,6.67,0.44,48.0,3.46,33.33,86.49,39.06,17.7,40.48,1.03,40.85,14.66,28.57,0.29,44.5,62.93,50.0,3.7,41.36,18.85,80.0,1.33,44.11,14.86,44.44,0.0,32.5,406.0
4158,27,224,746,1.87,39.79,19.1,40.11,14.79,40.61,44.11,4.64,0.0,0.0,0.0,0.0,86.61,39.0,18.9,38.64,0.95,40.85,12.82,71.42,0.95,37.28,21.46,14.28,5.87,44.79,22.5,62.79,0.95,60.57,23.85,42.85,0.0,56.06,419.0
4159,27,226,257,2.72,39.8,17.67,51.5,19.83,39.68,66.66,2.4,0.0,0.0,0.0,0.0,92.0,39.2,17.79,38.26,0.8,32.5,9.19,100.0,0.0,0.0,0.0,0.0,4.4,38.36,13.12,54.54,0.4,63.0,0.0,0.0,0.0,30.91,143.0
4160,27,229,1012,2.56,41.35,18.81,37.63,25.49,42.68,31.81,2.23,0.1,20.0,0.0,100.0,85.59,40.66,18.62,43.12,2.33,35.95,12.45,65.21,0.6,38.83,25.45,50.0,7.4,46.68,16.47,36.98,1.72,57.47,20.39,35.29,0.0,42.85,590.0
4161,27,unclear,1171,1.7,42.12,16.06,44.47,15.34,45.6,58.33,3.12,0.0,0.0,0.0,0.0,93.22,41.44,15.59,45.1,0.78,35.22,10.48,77.77,0.34,51.5,6.6,50.0,1.47,35.05,9.68,23.52,1.04,61.25,9.91,41.66,,,
4162,27,2,0,0.0,0.0,0.0,0.0,0.0,0.0,0.0,0.0,0.0,0.0,0.0,0.0,0.0,0.0,0.0,0.0,0.0,0.0,0.0,0.0,0.0,0.0,0.0,0.0,0.0,0.0,0.0,0.0,0.0,0.0,0.0,0.0,0.0,0.0,0.0
4163,27,3,0,0.0,0.0,0.0,0.0,0.0,0.0,0.0,0.0,0.0,0.0,0.0,0.0,0.0,0.0,0.0,0.0,0.0,0.0,0.0,0.0,0.0,0.0,0.0,0.0,0.0,0.0,0.0,0.0,0.0,0.0,0.0,0.0,0.0,0.0,0.0
4164,27,9,0,0.0,0.0,0.0,0.0,0.0,0.0,0.0,0.0,0.0,0.0,0.0,0.0,0.0,0.0,0.0,0.0,0.0,0.0,0.0,0.0,0.0,0.0,0.0,0.0,0.0,0.0,0.0,0.0,0.0,0.0,0.0,0.0,0.0,0.0,0.0
4165,27,12,0,0.0,0.0,0.0,0.0,0.0,0.0,0.0,0.0,0.0,0.0,0.0,0.0,0.0,0.0,0.0,0.0,0.0,0.0,0.0,0.0,0.0,0.0,0.0,0.0,0.0,0.0,0.0,0.0,0.0,0.0,0.0,0.0,0.0,0.0,0.0
4166,27,13,0,0.0,0.0,0.0,0.0,0.0,0.0,0.0,0.0,0.0,0.0,0.0,0.0,0.0,0.0,0.0,0.0,0.0,0.0,0.0,0.0,0.0,0.0,0.0,0.0,0.0,0.0,0.0,0.0,0.0,0.0,0.0,0.0,0.0,0.0,0.0
4167,27,14,350,3.14,39.51,17.29,55.33,15.38,42.85,40.0,4.42,0.29,83.0,0.0,100.0,80.82,37.59,16.34,45.62,2.65,40.55,7.26,66.66,1.17,52.75,6.8,25.0,8.84,41.13,21.23,23.33,1.76,42.16,15.57,33.33,0.0,0.0,211.0
4168,27,15,0,0.0,0.0,0.0,0.0,0.0,0.0,0.0,0.0,0.0,0.0,0.0,0.0,0.0,0.0,0.0,0.0,0.0,0.0,0.0,0.0,0.0,0.0,0.0,0.0,0.0,0.0,0.0,0.0,0.0,0.0,0.0,0.0,0.0,0.0,0.0
4169,27,16,929,5.7,38.98,18.37,35.9,16.24,44.45,51.35,12.67,0.22,68.5,6.36,100.0,72.26,38.59,18.21,44.07,1.48,29.07,15.3,76.92,1.59,45.85,14.35,57.14,9.47,38.53,18.33,30.12,2.28,48.85,20.38,60.0,0.0,0.0,477.0
4170,27,17,0,0.0,0.0,0.0,0.0,0.0,0.0,0.0,0.0,0.0,0.0,0.0,0.0,0.0,0.0,0.0,0.0,0.0,0.0,0.0,0.0,0.0,0.0,0.0,0.0,0.0,0.0,0.0,0.0,0.0,0.0,0.0,0.0,0.0,0.0,0.0
4171,27,18,0,0.0,0.0,0.0,0.0,0.0,0.0,0.0,0.0,0.0,0.0,0.0,0.0,0.0,0.0,0.0,0.0,0.0,0.0,0.0,0.0,0.0,0.0,0.0,0.0,0.0,0.0,0.0,0.0,0.0,0.0,0.0,0.0,0.0,0.0,0.0
4172,27,19,0,0.0,0.0,0.0,0.0,0.0,0.0,0.0,0.0,0.0,0.0,0.0,0.0,0.0,0.0,0.0,0.0,0.0,0.0,0.0,0.0,0.0,0.0,0.0,0.0,0.0,0.0,0.0,0.0,0.0,0.0,0.0,0.0,0.0,0.0,0.0
4173,27,20,0,0.0,0.0,0.0,0.0,0.0,0.0,0.0,0.0,0.0,0.0,0.0,0.0,0.0,0.0,0.0,0.0,0.0,0.0,0.0,0.0,0.0,0.0,0.0,0.0,0.0,0.0,0.0,0.0,0.0,0.0,0.0,0.0,0.0,0.0,0.0
4174,27,21,0,0.0,0.0,0.0,0.0,0.0,0.0,0.0,0.0,0.0,0.0,0.0,0.0,0.0,0.0,0.0,0.0,0.0,0.0,0.0,0.0,0.0,0.0,0.0,0.0,0.0,0.0,0.0,0.0,0.0,0.0,0.0,0.0,0.0,0.0,0.0
4175,27,22,884,2.6,40.75,17.59,34.63,18.73,41.96,47.22,4.18,0.11,77.0,0.0,100.0,86.64,40.25,16.88,42.76,1.27,39.45,19.64,45.45,0.58,45.2,25.64,40.0,4.99,43.88,20.88,27.9,2.2,51.73,16.07,42.1,0.0,0.0,448.0
4176,27,23,675,3.25,39.32,18.91,48.95,15.32,39.85,47.82,3.52,0.3,77.0,1.41,100.0,85.45,37.85,18.4,39.42,0.91,33.83,5.38,66.66,0.45,58.0,2.0,66.66,6.43,39.26,21.7,28.57,2.9,54.47,20.67,52.63,0.0,0.0,403.0
4177,27,24,651,3.84,39.43,17.51,35.33,15.99,43.01,48.48,10.54,0.31,28.0,11.31,50.0,77.47,39.22,17.48,42.68,2.07,39.15,15.6,61.53,1.59,35.0,17.64,50.0,5.91,40.21,14.68,27.02,2.07,52.0,22.42,61.53,0.0,0.0,379.0
4178,27,25,0,0.0,0.0,0.0,0.0,0.0,0.0,0.0,0.0,0.0,0.0,0.0,0.0,0.0,0.0,0.0,0.0,0.0,0.0,0.0,0.0,0.0,0.0,0.0,0.0,0.0,0.0,0.0,0.0,0.0,0.0,0.0,0.0,0.0,0.0,0.0
4179,27,26,0,0.0,0.0,0.0,0.0,0.0,0.0,0.0,0.0,0.0,0.0,0.0,0.0,0.0,0.0,0.0,0.0,0.0,0.0,0.0,0.0,0.0,0.0,0.0,0.0,0.0,0.0,0.0,0.0,0.0,0.0,0.0,0.0,0.0,0.0,0.0
4180,27,27,0,0.0,0.0,0.0,0.0,0.0,0.0,0.0,0.0,0.0,0.0,0.0,0.0,0.0,0.0,0.0,0.0,0.0,0.0,0.0,0.0,0.0,0.0,0.0,0.0,0.0,0.0,0.0,0.0,0.0,0.0,0.0,0.0,0.0,0.0,0.0
4181,27,28,0,0.0,0.0,0.0,0.0,0.0,0.0,0.0,0.0,0.0,0.0,0.0,0.0,0.0,0.0,0.0,0.0,0.0,0.0,0.0,0.0,0.0,0.0,0.0,0.0,0.0,0.0,0.0,0.0,0.0,0.0,0.0,0.0,0.0,0.0,0.0
4182,27,30,0,0.0,0.0,0.0,0.0,0.0,0.0,0.0,0.0,0.0,0.0,0.0,0.0,0.0,0.0,0.0,0.0,0.0,0.0,0.0,0.0,0.0,0.0,0.0,0.0,0.0,0.0,0.0,0.0,0.0,0.0,0.0,0.0,0.0,0.0,0.0
4183,27,31,671,3.42,40.73,17.0,37.75,16.88,42.77,44.82,4.47,0.46,42.33,6.42,66.66,85.49,39.92,16.36,42.41,1.38,42.44,10.9,77.77,1.08,39.42,23.39,42.85,4.93,49.68,20.22,31.25,2.16,51.14,18.64,57.14,0.0,0.0,351.0
4184,27,32,767,2.34,38.99,18.18,39.39,17.06,42.24,40.19,40.18,1.06,48.5,23.76,37.5,53.4,38.11,17.94,43.25,0.8,17.83,19.9,33.33,0.93,30.28,13.96,57.14,2.13,50.56,24.44,50.0,1.46,52.0,19.26,45.45,0.0,0.0,439.0
4185,27,34,0,0.0,0.0,0.0,0.0,0.0,0.0,0.0,0.0,0.0,0.0,0.0,0.0,0.0,0.0,0.0,0.0,0.0,0.0,0.0,0.0,0.0,0.0,0.0,0.0,0.0,0.0,0.0,0.0,0.0,0.0,0.0,0.0,0.0,0.0,0.0
4186,27,35,0,0.0,0.0,0.0,0.0,0.0,0.0,0.0,0.0,0.0,0.0,0.0,0.0,0.0,0.0,0.0,0.0,0.0,0.0,0.0,0.0,0.0,0.0,0.0,0.0,0.0,0.0,0.0,0.0,0.0,0.0,0.0,0.0,0.0,0.0,0.0
4187,27,36,776,3.35,40.18,18.01,38.17,19.72,42.13,41.17,2.26,0.13,76.0,0.0,100.0,88.4,38.98,17.64,43.43,1.33,44.4,16.74,50.0,0.53,38.5,11.38,0.0,4.13,41.51,15.83,12.9,3.2,52.95,18.83,62.5,0.0,0.0,438.0
4188,27,37,942,2.22,40.65,17.39,50.62,20.76,43.2,58.62,3.14,0.1,84.0,0.0,0.0,87.94,39.7,17.04,43.2,2.28,39.52,10.4,61.9,0.32,28.33,25.65,33.33,3.8,44.28,12.38,31.42,2.38,46.22,22.36,31.81,0.0,0.0,496.0
4189,27,38,1002,3.89,41.73,18.5,40.0,13.68,42.51,53.84,2.69,0.2,82.5,20.5,50.0,87.95,40.67,18.07,41.79,1.66,33.68,15.1,68.75,0.2,45.0,16.97,50.0,4.88,45.38,19.52,40.42,2.38,51.21,18.66,52.17,0.0,0.0,587.0
4190,27,39,0,0.0,0.0,0.0,0.0,0.0,0.0,0.0,0.0,0.0,0.0,0.0,0.0,0.0,0.0,0.0,0.0,0.0,0.0,0.0,0.0,0.0,0.0,0.0,0.0,0.0,0.0,0.0,0.0,0.0,0.0,0.0,0.0,0.0,0.0,0.0
4191,27,40,1020,4.5,43.82,19.97,43.67,18.56,39.01,54.83,3.18,0.2,84.5,2.12,0.0,86.13,42.84,19.42,39.57,1.74,36.47,15.28,70.58,0.82,48.75,22.16,25.0,3.9,40.71,14.58,23.68,4.0,55.61,20.21,28.2,0.0,0.0,567.0
4192,27,41,611,3.76,43.39,19.61,38.71,22.55,39.11,42.85,2.38,0.34,26.0,36.76,100.0,82.48,42.09,19.14,39.58,2.21,36.38,15.04,46.15,1.36,44.25,14.58,62.5,7.48,49.61,18.16,34.09,3.74,51.68,22.04,22.72,0.0,0.0,323.0
4193,27,42,0,0.0,0.0,0.0,0.0,0.0,0.0,0.0,0.0,0.0,0.0,0.0,0.0,0.0,0.0,0.0,0.0,0.0,0.0,0.0,0.0,0.0,0.0,0.0,0.0,0.0,0.0,0.0,0.0,0.0,0.0,0.0,0.0,0.0,0.0,0.0
4194,27,43,1012,5.83,40.36,19.6,47.77,17.95,40.71,62.96,2.83,0.0,0.0,0.0,0.0,85.83,39.11,19.2,39.73,2.93,43.39,10.64,60.71,0.31,24.66,21.45,33.33,5.77,37.78,17.67,32.72,2.3,47.13,28.44,54.54,0.0,0.0,571.0
4195,27,44,1089,2.29,38.23,17.95,46.71,19.17,39.3,43.33,5.63,0.18,39.5,0.7,50.0,84.3,37.37,17.43,39.35,1.78,38.15,18.15,26.31,0.09,35.0,0.0,0.0,6.01,35.43,18.49,32.81,1.97,45.19,19.9,42.85,0.0,0.0,456.0
4196,27,46,0,0.0,0.0,0.0,0.0,0.0,0.0,0.0,0.0,0.0,0.0,0.0,0.0,0.0,0.0,0.0,0.0,0.0,0.0,0.0,0.0,0.0,0.0,0.0,0.0,0.0,0.0,0.0,0.0,0.0,0.0,0.0,0.0,0.0,0.0,0.0
4197,27,47,735,2.17,41.19,16.66,36.89,15.3,42.72,46.15,5.42,0.41,55.0,25.51,66.66,80.8,40.61,16.06,42.34,2.36,38.35,17.43,64.7,1.39,55.1,11.62,20.0,7.09,40.31,17.32,41.17,2.5,54.5,21.75,44.44,0.0,0.0,437.0
4198,27,48,0,0.0,0.0,0.0,0.0,0.0,0.0,0.0,0.0,0.0,0.0,0.0,0.0,0.0,0.0,0.0,0.0,0.0,0.0,0.0,0.0,0.0,0.0,0.0,0.0,0.0,0.0,0.0,0.0,0.0,0.0,0.0,0.0,0.0,0.0,0.0
4199,27,49,668,3.89,40.3,19.13,37.25,23.33,43.26,60.0,6.23,0.0,0.0,0.0,0.0,84.73,40.29,18.95,43.38,1.55,35.2,15.2,60.0,0.31,53.0,4.24,50.0,5.45,37.62,16.58,22.85,1.71,50.36,16.87,36.36,0.0,0.0,381.0
4200,27,51,931,4.94,42.81,19.32,43.17,21.36,41.24,65.51,3.27,0.33,71.33,6.42,66.66,86.77,41.2,18.58,39.84,2.03,37.94,10.21,77.77,0.67,57.5,13.39,16.66,3.95,45.71,20.2,40.0,2.93,48.0,25.15,46.15,0.0,0.0,541.0
4201,27,53,1062,5.46,40.96,18.57,39.56,19.61,40.01,49.09,5.47,0.09,0.0,0.0,0.0,85.35,39.5,17.88,40.37,1.19,39.66,18.52,58.33,0.69,43.14,11.72,57.14,4.68,46.25,16.91,19.14,2.49,52.88,26.22,40.0,0.0,0.0,599.0
4202,27,54,0,0.0,0.0,0.0,0.0,0.0,0.0,0.0,0.0,0.0,0.0,0.0,0.0,0.0,0.0,0.0,0.0,0.0,0.0,0.0,0.0,0.0,0.0,0.0,0.0,0.0,0.0,0.0,0.0,0.0,0.0,0.0,0.0,0.0,0.0,0.0
4203,27,55,0,0.0,0.0,0.0,0.0,0.0,0.0,0.0,0.0,0.0,0.0,0.0,0.0,0.0,0.0,0.0,0.0,0.0,0.0,0.0,0.0,0.0,0.0,0.0,0.0,0.0,0.0,0.0,0.0,0.0,0.0,0.0,0.0,0.0,0.0,0.0
4204,27,56,694,2.88,38.44,16.93,34.48,16.61,39.62,46.55,8.6,0.14,0.0,0.0,0.0,82.34,38.44,16.31,41.98,1.63,30.9,16.74,36.36,0.14,27.0,0.0,100.0,4.15,39.82,22.94,14.28,2.96,43.9,16.38,5.0,0.0,0.0,409.0
4205,27,58,915,4.37,42.64,19.64,42.92,16.99,38.36,34.61,2.97,0.0,0.0,0.0,0.0,85.25,41.17,19.1,39.0,1.82,41.87,9.55,68.75,1.25,39.54,15.78,36.36,6.05,46.67,19.05,22.64,2.62,61.3,18.86,47.82,0.0,0.0,529.0
4206,27,59,795,4.65,45.01,19.88,46.62,23.69,39.87,62.5,3.16,0.79,76.66,24.49,33.33,81.0,43.69,19.5,38.27,3.03,39.78,15.11,60.86,0.92,54.14,6.12,71.42,7.78,44.86,18.92,23.72,3.29,57.12,19.37,56.0,0.0,0.0,465.0
4207,27,61,0,0.0,0.0,0.0,0.0,0.0,0.0,0.0,0.0,0.0,0.0,0.0,0.0,0.0,0.0,0.0,0.0,0.0,0.0,0.0,0.0,0.0,0.0,0.0,0.0,0.0,0.0,0.0,0.0,0.0,0.0,0.0,0.0,0.0,0.0,0.0
4208,27,63,942,3.07,43.23,19.04,47.9,17.03,41.5,40.0,2.19,0.21,66.0,9.89,100.0,88.93,42.43,18.82,41.99,2.4,33.22,19.44,59.09,0.1,39.0,0.0,100.0,3.72,47.64,13.05,32.35,2.4,52.0,22.48,31.81,0.0,0.0,553.0
4209,27,64,968,2.58,44.9,19.94,44.68,22.66,39.97,54.54,4.66,0.1,0.0,0.0,100.0,85.57,43.89,19.57,40.02,2.65,38.92,12.6,48.0,0.31,56.66,4.72,66.66,4.77,59.66,20.62,22.22,1.9,49.16,19.31,38.88,0.0,0.0,600.0
4210,27,65,988,4.55,40.26,18.47,42.51,20.93,40.28,57.69,5.51,0.1,93.0,0.0,100.0,84.41,38.92,17.84,40.32,2.54,35.7,14.06,62.5,0.95,52.44,14.65,11.11,3.81,44.27,19.23,27.77,2.65,50.0,18.94,24.0,0.0,0.0,534.0
4211,27,66,0,0.0,0.0,0.0,0.0,0.0,0.0,0.0,0.0,0.0,0.0,0.0,0.0,0.0,0.0,0.0,0.0,0.0,0.0,0.0,0.0,0.0,0.0,0.0,0.0,0.0,0.0,0.0,0.0,0.0,0.0,0.0,0.0,0.0,0.0,0.0
4212,27,68,837,4.89,39.42,20.0,42.06,22.02,39.42,40.9,5.52,0.5,34.75,37.07,100.0,82.16,39.05,19.66,40.97,1.75,33.5,15.86,64.28,0.37,48.0,20.07,33.33,6.28,40.46,17.76,28.0,3.39,39.03,18.04,29.62,0.0,0.0,408.0
4213,27,69,804,4.47,42.36,19.74,39.38,21.56,39.8,43.18,5.72,0.13,67.0,0.0,100.0,85.02,40.91,18.33,40.12,1.17,41.44,17.12,66.66,0.91,46.57,29.32,42.85,5.33,51.85,25.32,29.26,1.69,47.61,20.44,53.84,0.0,0.0,461.0
4214,27,70,774,4.52,40.08,20.52,33.22,20.1,42.11,50.0,7.84,0.13,94.0,0.0,0.0,82.94,39.78,20.04,43.39,1.48,28.72,8.29,18.18,0.81,49.16,18.28,16.66,5.54,39.78,19.32,26.82,1.21,48.33,15.57,44.44,0.0,0.0,420.0
4215,27,71,709,2.39,37.37,17.78,41.2,21.49,41.18,45.0,2.89,0.28,25.0,1.41,0.0,84.97,36.85,17.34,40.98,3.75,41.92,13.1,65.38,0.57,37.25,8.57,0.0,4.19,34.82,23.03,37.93,3.32,39.39,19.75,30.43,0.0,0.0,389.0
4216,27,72,648,3.08,39.3,17.68,40.29,20.87,42.59,58.82,2.7,0.15,66.0,0.0,100.0,87.1,38.89,17.53,43.51,3.18,33.6,16.09,50.0,0.63,49.25,9.91,25.0,4.45,42.71,15.1,32.14,1.75,32.27,24.22,18.18,0.0,0.0,388.0
4217,27,73,0,0.0,0.0,0.0,0.0,0.0,0.0,0.0,0.0,0.0,0.0,0.0,0.0,0.0,0.0,0.0,0.0,0.0,0.0,0.0,0.0,0.0,0.0,0.0,0.0,0.0,0.0,0.0,0.0,0.0,0.0,0.0,0.0,0.0,0.0,0.0
4218,27,74,1007,2.28,43.66,19.07,44.04,16.57,39.02,45.45,2.23,0.1,67.0,0.0,0.0,89.22,42.96,18.78,38.49,1.42,36.5,15.06,28.57,0.4,34.25,9.21,50.0,3.15,50.06,20.39,41.93,3.45,52.17,23.65,38.23,0.0,0.0,575.0
4219,27,75,0,0.0,0.0,0.0,0.0,0.0,0.0,0.0,0.0,0.0,0.0,0.0,0.0,0.0,0.0,0.0,0.0,0.0,0.0,0.0,0.0,0.0,0.0,0.0,0.0,0.0,0.0,0.0,0.0,0.0,0.0,0.0,0.0,0.0,0.0,0.0
4220,27,76,852,2.46,40.26,18.61,42.51,18.04,39.67,33.92,6.73,0.48,48.0,21.41,50.0,82.91,39.8,18.14,40.63,2.76,36.82,11.24,73.91,0.48,20.75,14.22,25.0,4.21,38.22,22.38,25.71,2.4,45.7,24.01,15.0,0.0,0.0,428.0
4221,27,77,833,3.12,40.31,18.62,39.72,18.12,41.17,44.06,29.24,0.74,43.83,10.34,83.33,62.32,40.06,18.38,40.95,0.86,40.0,28.13,42.85,1.23,42.8,19.34,50.0,3.09,41.28,20.4,32.0,2.47,44.9,22.51,30.0,0.0,0.0,440.0
4222,27,78,1022,3.22,42.43,17.73,47.86,18.41,41.58,54.0,5.05,0.2,37.5,10.6,50.0,85.13,41.48,17.44,42.16,2.73,38.44,16.18,62.96,0.2,35.0,16.97,0.0,5.25,49.53,17.71,23.07,1.41,48.07,21.51,28.57,0.0,0.0,544.0
4223,27,79,1072,3.63,40.93,18.01,38.83,18.93,41.41,39.5,7.84,0.19,44.5,24.74,100.0,79.96,39.9,17.35,43.22,2.03,36.85,15.01,52.38,0.48,50.8,15.05,0.0,6.67,44.59,19.65,30.43,2.8,49.37,15.85,34.48,0.0,0.0,538.0
4224,27,80,892,2.69,43.24,19.16,39.01,19.32,40.8,34.92,7.25,0.23,50.5,31.81,100.0,83.75,42.69,18.58,42.64,2.3,47.1,21.41,45.0,0.46,72.0,21.55,25.0,4.14,43.3,19.86,16.66,1.84,57.31,19.62,25.0,0.0,0.0,443.0
4225,27,82,985,1.62,38.72,18.27,36.17,16.97,41.42,41.93,9.59,0.0,0.0,0.0,0.0,84.41,38.69,18.08,42.17,1.34,34.92,15.26,76.92,0.51,43.6,14.36,20.0,2.88,43.89,18.98,25.0,1.23,43.83,30.23,25.0,0.0,0.0,443.0
4226,27,83,949,4.63,41.62,18.16,42.01,17.46,40.67,47.67,9.5,0.22,40.0,8.48,50.0,80.0,40.66,17.58,40.46,2.09,41.1,12.45,47.36,0.66,39.0,26.88,16.66,5.74,45.3,22.2,26.92,1.76,47.68,19.09,68.75,0.0,0.0,537.0
4227,27,84,923,6.93,39.6,17.71,37.47,17.29,41.82,43.11,12.68,0.34,48.66,21.19,33.33,75.08,38.44,17.09,43.1,2.67,37.47,13.81,73.91,0.69,38.83,10.04,16.66,5.93,44.88,20.43,27.45,2.56,49.54,18.41,27.27,0.0,0.0,483.0
4228,27,85,0,0.0,0.0,0.0,0.0,0.0,0.0,0.0,0.0,0.0,0.0,0.0,0.0,0.0,0.0,0.0,0.0,0.0,0.0,0.0,0.0,0.0,0.0,0.0,0.0,0.0,0.0,0.0,0.0,0.0,0.0,0.0,0.0,0.0,0.0,0.0
4229,27,87,985,1.92,41.68,18.06,43.34,11.62,40.2,43.47,2.38,0.0,0.0,0.0,0.0,84.26,41.51,17.87,42.62,1.13,33.27,16.05,18.18,1.24,39.25,12.62,16.66,8.28,43.05,19.56,23.75,2.69,49.34,19.76,42.3,0.0,0.0,579.0
4230,27,88,0,0.0,0.0,0.0,0.0,0.0,0.0,0.0,0.0,0.0,0.0,0.0,0.0,0.0,0.0,0.0,0.0,0.0,0.0,0.0,0.0,0.0,0.0,0.0,0.0,0.0,0.0,0.0,0.0,0.0,0.0,0.0,0.0,0.0,0.0,0.0
4231,27,89,1042,4.31,40.49,18.68,37.97,19.03,40.88,44.94,8.92,0.9,43.33,31.53,44.44,79.73,40.03,18.66,41.76,1.7,38.64,21.18,52.94,1.1,43.45,11.5,27.27,5.11,42.94,12.36,31.37,2.5,49.16,20.59,36.0,0.0,0.0,571.0
4232,27,90,0,0.0,0.0,0.0,0.0,0.0,0.0,0.0,0.0,0.0,0.0,0.0,0.0,0.0,0.0,0.0,0.0,0.0,0.0,0.0,0.0,0.0,0.0,0.0,0.0,0.0,0.0,0.0,0.0,0.0,0.0,0.0,0.0,0.0,0.0,0.0
4233,27,91,892,2.35,39.47,17.21,39.21,17.94,42.71,45.88,9.75,0.0,0.0,0.0,0.0,83.81,38.95,16.87,42.73,1.26,31.18,10.69,54.54,0.57,37.6,11.28,40.0,3.55,47.32,19.72,45.16,1.03,51.22,17.76,33.33,0.0,0.0,515.0
4234,27,92,564,2.12,40.9,17.01,39.2,13.7,42.73,60.0,0.9,0.0,0.0,0.0,0.0,91.3,40.53,16.96,42.26,2.53,39.21,6.43,64.28,0.54,44.33,17.78,33.33,3.62,41.5,17.53,30.0,1.08,51.16,22.93,16.66,0.0,0.0,314.0
4235,27,93,0,0.0,0.0,0.0,0.0,0.0,0.0,0.0,0.0,0.0,0.0,0.0,0.0,0.0,0.0,0.0,0.0,0.0,0.0,0.0,0.0,0.0,0.0,0.0,0.0,0.0,0.0,0.0,0.0,0.0,0.0,0.0,0.0,0.0,0.0,0.0
4236,27,94,0,0.0,0.0,0.0,0.0,0.0,0.0,0.0,0.0,0.0,0.0,0.0,0.0,0.0,0.0,0.0,0.0,0.0,0.0,0.0,0.0,0.0,0.0,0.0,0.0,0.0,0.0,0.0,0.0,0.0,0.0,0.0,0.0,0.0,0.0,0.0
4237,27,96,0,0.0,0.0,0.0,0.0,0.0,0.0,0.0,0.0,0.0,0.0,0.0,0.0,0.0,0.0,0.0,0.0,0.0,0.0,0.0,0.0,0.0,0.0,0.0,0.0,0.0,0.0,0.0,0.0,0.0,0.0,0.0,0.0,0.0,0.0,0.0
4238,27,97,0,0.0,0.0,0.0,0.0,0.0,0.0,0.0,0.0,0.0,0.0,0.0,0.0,0.0,0.0,0.0,0.0,0.0,0.0,0.0,0.0,0.0,0.0,0.0,0.0,0.0,0.0,0.0,0.0,0.0,0.0,0.0,0.0,0.0,0.0,0.0
4239,27,99,941,3.71,40.38,19.35,41.65,21.98,42.18,60.0,2.2,0.44,64.25,27.08,50.0,84.87,39.21,18.83,42.39,1.54,40.0,10.69,78.57,0.77,45.14,20.62,42.85,5.84,38.92,19.06,32.07,4.3,48.82,20.58,35.89,0.0,0.0,504.0
4240,27,100,0,0.0,0.0,0.0,0.0,0.0,0.0,0.0,0.0,0.0,0.0,0.0,0.0,0.0,0.0,0.0,0.0,0.0,0.0,0.0,0.0,0.0,0.0,0.0,0.0,0.0,0.0,0.0,0.0,0.0,0.0,0.0,0.0,0.0,0.0,0.0
4241,27,101,0,0.0,0.0,0.0,0.0,0.0,0.0,0.0,0.0,0.0,0.0,0.0,0.0,0.0,0.0,0.0,0.0,0.0,0.0,0.0,0.0,0.0,0.0,0.0,0.0,0.0,0.0,0.0,0.0,0.0,0.0,0.0,0.0,0.0,0.0,0.0
4242,27,102,767,2.47,41.31,17.88,46.07,22.48,42.37,64.28,1.87,0.0,0.0,0.0,0.0,88.63,40.86,17.67,43.43,2.0,41.06,9.55,66.66,1.6,36.58,21.79,25.0,4.14,39.54,12.75,12.9,1.73,53.84,24.0,38.46,0.0,0.0,427.0
4243,27,103,714,3.22,41.87,18.74,42.0,18.72,40.75,34.61,3.76,0.28,58.0,19.79,50.0,84.8,41.03,18.76,41.12,1.59,43.81,19.55,63.63,1.15,38.37,14.95,25.0,6.8,43.65,19.85,42.55,1.59,51.18,12.56,36.36,0.0,0.0,426.0
4244,27,104,678,3.39,40.99,18.1,41.14,26.57,39.23,50.0,2.13,0.0,0.0,0.0,0.0,83.51,40.14,17.51,39.67,1.52,45.4,12.75,80.0,0.45,36.66,33.0,66.66,10.99,43.87,18.77,29.16,1.37,44.77,20.14,44.44,0.0,0.0,361.0
4245,27,105,738,3.25,39.56,16.51,40.5,16.44,40.51,52.38,5.88,0.0,0.0,0.0,0.0,82.91,38.8,15.97,40.7,1.68,29.66,18.25,33.33,0.28,38.0,0.0,0.0,6.44,43.45,19.31,34.78,2.8,47.05,17.82,30.0,0.0,0.0,407.0
4246,27,106,758,2.9,41.75,17.54,42.29,19.5,41.55,36.17,6.38,0.27,60.0,11.31,100.0,82.6,40.75,17.34,42.92,0.95,29.0,14.32,71.42,1.22,50.77,12.12,44.44,6.11,45.93,14.44,24.44,2.44,52.44,24.32,44.44,0.0,0.0,386.0
4247,27,107,750,2.4,43.14,18.82,43.85,21.27,38.4,38.09,2.86,0.0,0.0,0.0,0.0,87.7,42.6,18.62,38.31,1.91,46.0,25.07,35.71,0.54,60.5,3.41,25.0,5.46,44.05,20.19,40.0,1.5,46.63,21.78,54.54,0.0,0.0,437.0
4248,27,108,0,0.0,0.0,0.0,0.0,0.0,0.0,0.0,0.0,0.0,0.0,0.0,0.0,0.0,0.0,0.0,0.0,0.0,0.0,0.0,0.0,0.0,0.0,0.0,0.0,0.0,0.0,0.0,0.0,0.0,0.0,0.0,0.0,0.0,0.0,0.0
4249,27,110,0,0.0,0.0,0.0,0.0,0.0,0.0,0.0,0.0,0.0,0.0,0.0,0.0,0.0,0.0,0.0,0.0,0.0,0.0,0.0,0.0,0.0,0.0,0.0,0.0,0.0,0.0,0.0,0.0,0.0,0.0,0.0,0.0,0.0,0.0,0.0
4250,27,112,0,0.0,0.0,0.0,0.0,0.0,0.0,0.0,0.0,0.0,0.0,0.0,0.0,0.0,0.0,0.0,0.0,0.0,0.0,0.0,0.0,0.0,0.0,0.0,0.0,0.0,0.0,0.0,0.0,0.0,0.0,0.0,0.0,0.0,0.0,0.0
4251,27,113,0,0.0,0.0,0.0,0.0,0.0,0.0,0.0,0.0,0.0,0.0,0.0,0.0,0.0,0.0,0.0,0.0,0.0,0.0,0.0,0.0,0.0,0.0,0.0,0.0,0.0,0.0,0.0,0.0,0.0,0.0,0.0,0.0,0.0,0.0,0.0
4252,27,114,992,2.01,41.25,19.51,45.52,14.26,37.9,47.36,1.95,0.2,64.0,42.42,50.0,87.75,40.47,19.33,38.45,1.33,43.53,18.58,46.15,0.3,42.66,19.13,0.0,6.99,41.98,21.01,26.47,1.44,52.35,17.26,42.85,0.0,0.0,565.0
4253,27,115,1025,1.95,41.31,17.79,42.89,15.69,41.95,48.27,2.88,0.0,0.0,0.0,0.0,82.98,40.1,17.65,41.36,2.68,40.4,11.29,62.96,0.49,33.0,32.54,40.0,7.76,46.64,17.16,37.17,3.18,55.68,15.44,37.5,0.0,0.0,594.0
4254,27,116,928,1.83,42.24,18.42,40.61,18.08,42.78,57.14,2.3,0.0,0.0,0.0,0.0,87.92,42.15,17.96,41.57,1.31,37.5,12.63,91.66,0.32,51.33,13.65,100.0,6.91,43.9,22.15,36.5,1.2,42.54,30.79,54.54,0.0,0.0,512.0
4255,27,117,942,3.5,39.35,17.16,37.4,15.55,42.35,40.74,2.97,0.22,37.5,21.92,50.0,84.37,38.59,17.21,42.76,1.98,34.44,9.81,61.11,0.77,52.28,14.17,14.28,7.92,41.29,17.38,31.94,1.76,46.62,13.5,50.0,0.0,0.0,576.0
4256,27,118,0,0.0,0.0,0.0,0.0,0.0,0.0,0.0,0.0,0.0,0.0,0.0,0.0,0.0,0.0,0.0,0.0,0.0,0.0,0.0,0.0,0.0,0.0,0.0,0.0,0.0,0.0,0.0,0.0,0.0,0.0,0.0,0.0,0.0,0.0,0.0
4257,27,119,0,0.0,0.0,0.0,0.0,0.0,0.0,0.0,0.0,0.0,0.0,0.0,0.0,0.0,0.0,0.0,0.0,0.0,0.0,0.0,0.0,0.0,0.0,0.0,0.0,0.0,0.0,0.0,0.0,0.0,0.0,0.0,0.0,0.0,0.0,0.0
4258,27,120,665,1.2,43.38,18.99,39.62,10.16,41.5,37.5,1.21,0.0,0.0,0.0,0.0,89.04,42.89,19.11,41.7,1.21,39.37,24.23,87.5,0.45,62.0,12.16,66.66,7.0,48.78,17.88,28.26,1.06,45.28,21.56,57.14,0.0,0.0,364.0
4259,27,121,697,1.57,42.49,20.03,32.08,16.77,43.61,50.0,1.74,0.0,0.0,0.0,0.0,87.9,42.08,20.07,43.44,2.47,47.58,17.77,52.94,0.72,36.0,23.47,60.0,5.68,46.0,18.47,35.89,1.45,54.7,27.41,30.0,0.0,0.0,441.0
4260,27,122,0,0.0,0.0,0.0,0.0,0.0,0.0,0.0,0.0,0.0,0.0,0.0,0.0,0.0,0.0,0.0,0.0,0.0,0.0,0.0,0.0,0.0,0.0,0.0,0.0,0.0,0.0,0.0,0.0,0.0,0.0,0.0,0.0,0.0,0.0,0.0
4261,27,123,935,2.13,39.72,18.15,40.17,14.18,42.45,55.17,3.16,0.1,24.0,0.0,100.0,84.48,39.32,18.13,42.17,1.63,33.93,17.2,66.66,1.09,39.0,19.14,20.0,7.75,41.11,18.72,33.8,1.74,44.56,19.21,50.0,0.0,0.0,534.0
4262,27,124,921,1.3,40.44,17.35,31.9,21.98,42.12,63.63,1.21,0.0,0.0,0.0,0.0,90.53,40.28,17.19,43.37,1.21,34.45,14.79,63.63,0.55,34.0,7.31,20.0,5.17,41.53,17.01,23.4,1.32,55.0,23.04,16.66,0.0,0.0,486.0
4263,27,125,0,0.0,0.0,0.0,0.0,0.0,0.0,0.0,0.0,0.0,0.0,0.0,0.0,0.0,0.0,0.0,0.0,0.0,0.0,0.0,0.0,0.0,0.0,0.0,0.0,0.0,0.0,0.0,0.0,0.0,0.0,0.0,0.0,0.0,0.0,0.0
4264,27,127,730,1.64,39.13,18.54,32.85,16.33,44.79,42.85,1.94,0.13,38.0,0.0,0.0,88.16,39.02,18.46,46.6,1.53,30.18,15.29,63.63,0.27,44.5,27.57,50.0,6.12,40.02,19.01,27.27,1.81,51.07,17.13,23.07,0.0,0.0,428.0
4265,27,129,822,1.94,41.59,18.22,39.0,16.05,42.7,35.29,2.1,0.0,0.0,0.0,0.0,85.35,40.82,18.02,44.18,2.1,37.52,16.89,52.94,0.0,0.0,0.0,0.0,8.18,44.06,17.93,28.78,2.23,57.72,15.88,33.33,0.0,0.0,447.0
4266,27,130,829,3.61,42.09,18.97,46.61,22.58,42.58,69.23,1.62,0.25,31.5,10.6,50.0,87.23,41.27,19.09,43.75,2.12,30.41,16.37,41.17,0.25,46.0,1.41,50.0,6.5,46.53,15.08,38.46,2.0,49.81,19.94,12.5,0.0,0.0,436.0
4267,27,131,0,0.0,0.0,0.0,0.0,0.0,0.0,0.0,0.0,0.0,0.0,0.0,0.0,0.0,0.0,0.0,0.0,0.0,0.0,0.0,0.0,0.0,0.0,0.0,0.0,0.0,0.0,0.0,0.0,0.0,0.0,0.0,0.0,0.0,0.0,0.0
4268,27,132,934,2.46,43.46,18.86,32.35,16.21,42.5,58.82,1.86,0.1,66.0,0.0,100.0,86.27,42.62,18.67,43.51,1.53,44.14,19.37,57.14,0.21,56.5,2.12,50.0,7.46,48.16,15.58,29.41,2.52,59.95,18.55,43.47,0.0,0.0,527.0
4269,27,133,0,0.0,0.0,0.0,0.0,0.0,0.0,0.0,0.0,0.0,0.0,0.0,0.0,0.0,0.0,0.0,0.0,0.0,0.0,0.0,0.0,0.0,0.0,0.0,0.0,0.0,0.0,0.0,0.0,0.0,0.0,0.0,0.0,0.0,0.0,0.0
4270,27,134,786,1.9,42.23,19.39,68.25,13.32,41.73,50.0,0.51,0.12,27.0,0.0,0.0,89.75,41.27,19.29,41.61,1.42,50.63,18.77,72.72,0.25,32.5,7.77,0.0,6.61,48.88,17.12,37.25,1.29,56.1,17.75,30.0,0.0,0.0,460.0
4271,27,135,0,0.0,0.0,0.0,0.0,0.0,0.0,0.0,0.0,0.0,0.0,0.0,0.0,0.0,0.0,0.0,0.0,0.0,0.0,0.0,0.0,0.0,0.0,0.0,0.0,0.0,0.0,0.0,0.0,0.0,0.0,0.0,0.0,0.0,0.0,0.0
4272,27,137,0,0.0,0.0,0.0,0.0,0.0,0.0,0.0,0.0,0.0,0.0,0.0,0.0,0.0,0.0,0.0,0.0,0.0,0.0,0.0,0.0,0.0,0.0,0.0,0.0,0.0,0.0,0.0,0.0,0.0,0.0,0.0,0.0,0.0,0.0,0.0
4273,27,139,0,0.0,0.0,0.0,0.0,0.0,0.0,0.0,0.0,0.0,0.0,0.0,0.0,0.0,0.0,0.0,0.0,0.0,0.0,0.0,0.0,0.0,0.0,0.0,0.0,0.0,0.0,0.0,0.0,0.0,0.0,0.0,0.0,0.0,0.0,0.0
4274,27,140,0,0.0,0.0,0.0,0.0,0.0,0.0,0.0,0.0,0.0,0.0,0.0,0.0,0.0,0.0,0.0,0.0,0.0,0.0,0.0,0.0,0.0,0.0,0.0,0.0,0.0,0.0,0.0,0.0,0.0,0.0,0.0,0.0,0.0,0.0,0.0
4275,27,141,1028,1.07,39.03,18.27,43.52,17.0,41.53,41.17,1.67,0.58,18.83,15.93,50.0,92.52,39.03,18.07,41.87,0.58,46.0,19.15,83.33,0.09,24.0,0.0,0.0,2.94,38.53,19.65,30.0,1.47,38.46,22.54,20.0,0.0,0.0,415.0
4276,27,144,0,0.0,0.0,0.0,0.0,0.0,0.0,0.0,0.0,0.0,0.0,0.0,0.0,0.0,0.0,0.0,0.0,0.0,0.0,0.0,0.0,0.0,0.0,0.0,0.0,0.0,0.0,0.0,0.0,0.0,0.0,0.0,0.0,0.0,0.0,0.0
4277,27,148,1007,0.59,43.09,18.26,36.17,21.53,44.48,48.27,2.89,0.19,31.0,43.84,50.0,89.61,43.41,18.14,45.15,1.69,35.29,10.32,58.82,0.0,0.0,0.0,0.0,4.09,44.46,17.22,24.39,1.39,41.71,21.73,35.71,0.0,0.0,523.0
4278,27,149,0,0.0,0.0,0.0,0.0,0.0,0.0,0.0,0.0,0.0,0.0,0.0,0.0,0.0,0.0,0.0,0.0,0.0,0.0,0.0,0.0,0.0,0.0,0.0,0.0,0.0,0.0,0.0,0.0,0.0,0.0,0.0,0.0,0.0,0.0,0.0
4279,27,151,0,0.0,0.0,0.0,0.0,0.0,0.0,0.0,0.0,0.0,0.0,0.0,0.0,0.0,0.0,0.0,0.0,0.0,0.0,0.0,0.0,0.0,0.0,0.0,0.0,0.0,0.0,0.0,0.0,0.0,0.0,0.0,0.0,0.0,0.0,0.0
4280,27,154,0,0.0,0.0,0.0,0.0,0.0,0.0,0.0,0.0,0.0,0.0,0.0,0.0,0.0,0.0,0.0,0.0,0.0,0.0,0.0,0.0,0.0,0.0,0.0,0.0,0.0,0.0,0.0,0.0,0.0,0.0,0.0,0.0,0.0,0.0,0.0
4281,27,156,0,0.0,0.0,0.0,0.0,0.0,0.0,0.0,0.0,0.0,0.0,0.0,0.0,0.0,0.0,0.0,0.0,0.0,0.0,0.0,0.0,0.0,0.0,0.0,0.0,0.0,0.0,0.0,0.0,0.0,0.0,0.0,0.0,0.0,0.0,0.0
4282,27,157,0,0.0,0.0,0.0,0.0,0.0,0.0,0.0,0.0,0.0,0.0,0.0,0.0,0.0,0.0,0.0,0.0,0.0,0.0,0.0,0.0,0.0,0.0,0.0,0.0,0.0,0.0,0.0,0.0,0.0,0.0,0.0,0.0,0.0,0.0,0.0
4283,27,158,0,0.0,0.0,0.0,0.0,0.0,0.0,0.0,0.0,0.0,0.0,0.0,0.0,0.0,0.0,0.0,0.0,0.0,0.0,0.0,0.0,0.0,0.0,0.0,0.0,0.0,0.0,0.0,0.0,0.0,0.0,0.0,0.0,0.0,0.0,0.0
4284,27,159,0,0.0,0.0,0.0,0.0,0.0,0.0,0.0,0.0,0.0,0.0,0.0,0.0,0.0,0.0,0.0,0.0,0.0,0.0,0.0,0.0,0.0,0.0,0.0,0.0,0.0,0.0,0.0,0.0,0.0,0.0,0.0,0.0,0.0,0.0,0.0
4285,27,161,0,0.0,0.0,0.0,0.0,0.0,0.0,0.0,0.0,0.0,0.0,0.0,0.0,0.0,0.0,0.0,0.0,0.0,0.0,0.0,0.0,0.0,0.0,0.0,0.0,0.0,0.0,0.0,0.0,0.0,0.0,0.0,0.0,0.0,0.0,0.0
4286,27,164,1109,1.44,39.38,16.55,35.75,10.09,43.28,56.25,1.46,0.18,67.0,0.0,50.0,89.93,39.13,16.47,43.84,1.55,34.0,10.27,58.82,0.18,28.5,2.12,0.0,4.84,41.94,16.59,26.41,1.82,45.2,22.16,30.0,0.0,0.0,464.0
4287,27,165,0,0.0,0.0,0.0,0.0,0.0,0.0,0.0,0.0,0.0,0.0,0.0,0.0,0.0,0.0,0.0,0.0,0.0,0.0,0.0,0.0,0.0,0.0,0.0,0.0,0.0,0.0,0.0,0.0,0.0,0.0,0.0,0.0,0.0,0.0,0.0
4288,27,169,0,0.0,0.0,0.0,0.0,0.0,0.0,0.0,0.0,0.0,0.0,0.0,0.0,0.0,0.0,0.0,0.0,0.0,0.0,0.0,0.0,0.0,0.0,0.0,0.0,0.0,0.0,0.0,0.0,0.0,0.0,0.0,0.0,0.0,0.0,0.0
4289,27,170,0,0.0,0.0,0.0,0.0,0.0,0.0,0.0,0.0,0.0,0.0,0.0,0.0,0.0,0.0,0.0,0.0,0.0,0.0,0.0,0.0,0.0,0.0,0.0,0.0,0.0,0.0,0.0,0.0,0.0,0.0,0.0,0.0,0.0,0.0,0.0
4290,27,171,0,0.0,0.0,0.0,0.0,0.0,0.0,0.0,0.0,0.0,0.0,0.0,0.0,0.0,0.0,0.0,0.0,0.0,0.0,0.0,0.0,0.0,0.0,0.0,0.0,0.0,0.0,0.0,0.0,0.0,0.0,0.0,0.0,0.0,0.0,0.0
4291,27,173,0,0.0,0.0,0.0,0.0,0.0,0.0,0.0,0.0,0.0,0.0,0.0,0.0,0.0,0.0,0.0,0.0,0.0,0.0,0.0,0.0,0.0,0.0,0.0,0.0,0.0,0.0,0.0,0.0,0.0,0.0,0.0,0.0,0.0,0.0,0.0
4292,27,175,0,0.0,0.0,0.0,0.0,0.0,0.0,0.0,0.0,0.0,0.0,0.0,0.0,0.0,0.0,0.0,0.0,0.0,0.0,0.0,0.0,0.0,0.0,0.0,0.0,0.0,0.0,0.0,0.0,0.0,0.0,0.0,0.0,0.0,0.0,0.0
4293,27,176,0,0.0,0.0,0.0,0.0,0.0,0.0,0.0,0.0,0.0,0.0,0.0,0.0,0.0,0.0,0.0,0.0,0.0,0.0,0.0,0.0,0.0,0.0,0.0,0.0,0.0,0.0,0.0,0.0,0.0,0.0,0.0,0.0,0.0,0.0,0.0
4294,27,177,0,0.0,0.0,0.0,0.0,0.0,0.0,0.0,0.0,0.0,0.0,0.0,0.0,0.0,0.0,0.0,0.0,0.0,0.0,0.0,0.0,0.0,0.0,0.0,0.0,0.0,0.0,0.0,0.0,0.0,0.0,0.0,0.0,0.0,0.0,0.0
4295,27,178,0,0.0,0.0,0.0,0.0,0.0,0.0,0.0,0.0,0.0,0.0,0.0,0.0,0.0,0.0,0.0,0.0,0.0,0.0,0.0,0.0,0.0,0.0,0.0,0.0,0.0,0.0,0.0,0.0,0.0,0.0,0.0,0.0,0.0,0.0,0.0
4296,27,179,0,0.0,0.0,0.0,0.0,0.0,0.0,0.0,0.0,0.0,0.0,0.0,0.0,0.0,0.0,0.0,0.0,0.0,0.0,0.0,0.0,0.0,0.0,0.0,0.0,0.0,0.0,0.0,0.0,0.0,0.0,0.0,0.0,0.0,0.0,0.0
4297,27,182,0,0.0,0.0,0.0,0.0,0.0,0.0,0.0,0.0,0.0,0.0,0.0,0.0,0.0,0.0,0.0,0.0,0.0,0.0,0.0,0.0,0.0,0.0,0.0,0.0,0.0,0.0,0.0,0.0,0.0,0.0,0.0,0.0,0.0,0.0,0.0
4298,27,185,1010,0.79,40.86,18.11,29.37,9.88,40.39,37.5,0.79,0.0,0.0,0.0,0.0,92.51,41.06,18.11,41.53,0.69,39.28,13.73,85.71,0.0,0.0,0.0,0.0,3.49,34.62,17.11,28.57,2.49,51.0,17.98,12.0,0.0,0.0,595.0
4299,27,186,0,0.0,0.0,0.0,0.0,0.0,0.0,0.0,0.0,0.0,0.0,0.0,0.0,0.0,0.0,0.0,0.0,0.0,0.0,0.0,0.0,0.0,0.0,0.0,0.0,0.0,0.0,0.0,0.0,0.0,0.0,0.0,0.0,0.0,0.0,0.0
4300,27,188,0,0.0,0.0,0.0,0.0,0.0,0.0,0.0,0.0,0.0,0.0,0.0,0.0,0.0,0.0,0.0,0.0,0.0,0.0,0.0,0.0,0.0,0.0,0.0,0.0,0.0,0.0,0.0,0.0,0.0,0.0,0.0,0.0,0.0,0.0,0.0
4301,27,190,0,0.0,0.0,0.0,0.0,0.0,0.0,0.0,0.0,0.0,0.0,0.0,0.0,0.0,0.0,0.0,0.0,0.0,0.0,0.0,0.0,0.0,0.0,0.0,0.0,0.0,0.0,0.0,0.0,0.0,0.0,0.0,0.0,0.0,0.0,0.0
4302,27,191,0,0.0,0.0,0.0,0.0,0.0,0.0,0.0,0.0,0.0,0.0,0.0,0.0,0.0,0.0,0.0,0.0,0.0,0.0,0.0,0.0,0.0,0.0,0.0,0.0,0.0,0.0,0.0,0.0,0.0,0.0,0.0,0.0,0.0,0.0,0.0
4303,27,193,0,0.0,0.0,0.0,0.0,0.0,0.0,0.0,0.0,0.0,0.0,0.0,0.0,0.0,0.0,0.0,0.0,0.0,0.0,0.0,0.0,0.0,0.0,0.0,0.0,0.0,0.0,0.0,0.0,0.0,0.0,0.0,0.0,0.0,0.0,0.0
4304,27,195,794,3.52,41.18,17.63,51.46,25.44,44.83,53.33,1.95,0.0,0.0,0.0,0.0,90.86,40.74,17.35,44.1,2.87,36.77,13.29,59.09,0.0,0.0,0.0,0.0,2.21,40.29,19.92,29.41,2.08,49.81,16.33,68.75,0.0,0.0,451.0
4305,27,196,0,0.0,0.0,0.0,0.0,0.0,0.0,0.0,0.0,0.0,0.0,0.0,0.0,0.0,0.0,0.0,0.0,0.0,0.0,0.0,0.0,0.0,0.0,0.0,0.0,0.0,0.0,0.0,0.0,0.0,0.0,0.0,0.0,0.0,0.0,0.0
4306,27,197,0,0.0,0.0,0.0,0.0,0.0,0.0,0.0,0.0,0.0,0.0,0.0,0.0,0.0,0.0,0.0,0.0,0.0,0.0,0.0,0.0,0.0,0.0,0.0,0.0,0.0,0.0,0.0,0.0,0.0,0.0,0.0,0.0,0.0,0.0,0.0
4307,27,198,651,2.76,42.49,18.64,49.75,16.37,43.62,65.0,3.15,0.15,40.0,0.0,100.0,87.67,41.31,18.63,44.32,1.89,39.58,18.96,58.33,0.31,45.0,15.55,50.0,5.37,49.2,17.32,32.35,1.42,57.44,19.78,33.33,0.0,0.0,423.0
4308,27,200,950,1.89,39.25,18.09,39.58,21.26,40.0,37.5,2.57,0.21,51.0,33.94,50.0,86.9,38.65,17.93,41.11,1.82,34.82,13.23,47.05,0.75,58.57,17.83,42.85,6.11,43.03,16.84,22.8,1.6,44.8,11.63,33.33,0.0,0.0,530.0
4309,27,201,0,0.0,0.0,0.0,0.0,0.0,0.0,0.0,0.0,0.0,0.0,0.0,0.0,0.0,0.0,0.0,0.0,0.0,0.0,0.0,0.0,0.0,0.0,0.0,0.0,0.0,0.0,0.0,0.0,0.0,0.0,0.0,0.0,0.0,0.0,0.0
4310,27,203,0,0.0,0.0,0.0,0.0,0.0,0.0,0.0,0.0,0.0,0.0,0.0,0.0,0.0,0.0,0.0,0.0,0.0,0.0,0.0,0.0,0.0,0.0,0.0,0.0,0.0,0.0,0.0,0.0,0.0,0.0,0.0,0.0,0.0,0.0,0.0
4311,27,205,0,0.0,0.0,0.0,0.0,0.0,0.0,0.0,0.0,0.0,0.0,0.0,0.0,0.0,0.0,0.0,0.0,0.0,0.0,0.0,0.0,0.0,0.0,0.0,0.0,0.0,0.0,0.0,0.0,0.0,0.0,0.0,0.0,0.0,0.0,0.0
4312,27,208,930,1.5,42.15,18.5,40.71,11.54,42.47,57.14,2.29,0.0,0.0,0.0,0.0,88.2,41.73,18.65,43.31,1.09,41.5,6.46,50.0,0.65,47.33,11.91,50.0,6.11,42.92,16.82,23.21,1.63,52.4,22.52,40.0,0.0,0.0,526.0
4313,27,212,715,3.91,42.91,18.33,39.21,20.37,42.37,36.84,2.76,0.29,59.5,31.81,50.0,82.67,42.37,18.34,43.83,1.74,39.41,13.44,41.66,0.87,38.83,12.51,33.33,9.02,42.69,16.68,35.48,2.62,56.61,17.87,27.77,0.0,0.0,413.0
4314,27,215,0,0.0,0.0,0.0,0.0,0.0,0.0,0.0,0.0,0.0,0.0,0.0,0.0,0.0,0.0,0.0,0.0,0.0,0.0,0.0,0.0,0.0,0.0,0.0,0.0,0.0,0.0,0.0,0.0,0.0,0.0,0.0,0.0,0.0,0.0,0.0
4315,27,218,0,0.0,0.0,0.0,0.0,0.0,0.0,0.0,0.0,0.0,0.0,0.0,0.0,0.0,0.0,0.0,0.0,0.0,0.0,0.0,0.0,0.0,0.0,0.0,0.0,0.0,0.0,0.0,0.0,0.0,0.0,0.0,0.0,0.0,0.0,0.0
4316,27,219,0,0.0,0.0,0.0,0.0,0.0,0.0,0.0,0.0,0.0,0.0,0.0,0.0,0.0,0.0,0.0,0.0,0.0,0.0,0.0,0.0,0.0,0.0,0.0,0.0,0.0,0.0,0.0,0.0,0.0,0.0,0.0,0.0,0.0,0.0,0.0
4317,27,221,0,0.0,0.0,0.0,0.0,0.0,0.0,0.0,0.0,0.0,0.0,0.0,0.0,0.0,0.0,0.0,0.0,0.0,0.0,0.0,0.0,0.0,0.0,0.0,0.0,0.0,0.0,0.0,0.0,0.0,0.0,0.0,0.0,0.0,0.0,0.0
4318,27,222,0,0.0,0.0,0.0,0.0,0.0,0.0,0.0,0.0,0.0,0.0,0.0,0.0,0.0,0.0,0.0,0.0,0.0,0.0,0.0,0.0,0.0,0.0,0.0,0.0,0.0,0.0,0.0,0.0,0.0,0.0,0.0,0.0,0.0,0.0,0.0
4319,27,223,0,0.0,0.0,0.0,0.0,0.0,0.0,0.0,0.0,0.0,0.0,0.0,0.0,0.0,0.0,0.0,0.0,0.0,0.0,0.0,0.0,0.0,0.0,0.0,0.0,0.0,0.0,0.0,0.0,0.0,0.0,0.0,0.0,0.0,0.0,0.0
4320,27,225,0,0.0,0.0,0.0,0.0,0.0,0.0,0.0,0.0,0.0,0.0,0.0,0.0,0.0,0.0,0.0,0.0,0.0,0.0,0.0,0.0,0.0,0.0,0.0,0.0,0.0,0.0,0.0,0.0,0.0,0.0,0.0,0.0,0.0,0.0,0.0
4321,27,227,0,0.0,0.0,0.0,0.0,0.0,0.0,0.0,0.0,0.0,0.0,0.0,0.0,0.0,0.0,0.0,0.0,0.0,0.0,0.0,0.0,0.0,0.0,0.0,0.0,0.0,0.0,0.0,0.0,0.0,0.0,0.0,0.0,0.0,0.0,0.0
4322,27,228,0,0.0,0.0,0.0,0.0,0.0,0.0,0.0,0.0,0.0,0.0,0.0,0.0,0.0,0.0,0.0,0.0,0.0,0.0,0.0,0.0,0.0,0.0,0.0,0.0,0.0,0.0,0.0,0.0,0.0,0.0,0.0,0.0,0.0,0.0,0.0
4323,28,unclear,930,3.54,39.35,14.23,37.74,13.59,45.37,43.28,29.87,0.0,0.0,0.0,0.0,67.44,39.9,14.44,45.45,0.55,31.6,10.16,60.0,0.55,31.4,6.8,60.0,0.66,35.0,8.67,33.33,0.89,56.87,18.92,75.0,,,
4324,28,12,1072,2.05,42.18,16.78,41.7,16.9,40.11,41.62,21.04,5.71,46.23,17.62,43.33,66.85,41.48,16.41,38.6,0.47,44.0,16.43,60.0,1.04,42.0,8.36,45.45,3.04,41.21,18.42,34.37,1.8,49.84,20.08,36.84,0.0,21.63,641.0
4325,28,15,671,0.29,39.89,16.69,52.2,21.47,43.07,79.41,5.08,2.39,41.56,8.92,50.0,88.49,39.2,16.39,41.04,0.74,33.4,21.51,60.0,0.29,36.0,1.41,50.0,2.39,39.75,13.82,25.0,0.59,45.75,15.19,25.0,0.0,22.87,387.0
4326,28,16,463,0.0,41.02,17.77,35.66,8.73,42.33,33.33,0.64,6.69,51.29,19.43,41.93,87.9,40.24,17.72,42.5,1.94,34.66,5.02,66.66,0.0,0.0,0.0,0.0,1.72,41.75,12.23,25.0,1.07,54.2,14.18,20.0,0.0,24.71,240.0
4327,28,18,653,0.76,35.65,15.54,36.89,16.39,42.72,40.84,21.91,8.33,41.68,17.72,44.44,60.18,33.98,14.29,43.33,1.23,26.37,13.55,50.0,0.92,37.5,7.58,83.33,5.4,36.2,15.68,25.71,2.0,41.07,19.4,53.84,0.0,21.51,352.0
4328,28,21,871,0.8,37.6,15.56,38.14,17.65,38.69,34.92,7.29,7.4,48.07,15.84,42.18,75.0,36.67,14.71,39.35,1.85,28.68,10.28,62.5,0.81,44.85,25.9,42.85,6.01,38.38,16.09,23.07,1.62,32.21,21.11,35.71,0.0,41.97,486.0
4329,28,23,983,0.4,41.62,18.16,36.95,13.93,40.48,47.61,2.14,2.75,47.55,13.94,44.44,87.53,41.5,18.29,40.6,2.55,37.96,17.82,44.0,0.2,56.0,14.14,0.0,3.37,41.9,18.4,30.3,1.43,45.21,13.38,35.71,0.0,44.14,589.0
4330,28,25,962,0.41,40.92,19.32,40.75,21.82,40.02,58.33,1.25,1.46,49.07,24.98,42.85,90.7,40.85,19.19,40.16,1.77,37.29,9.97,41.17,0.0,0.0,0.0,0.0,3.23,39.29,21.33,29.03,1.46,41.0,23.35,21.42,0.0,42.84,591.0
4331,28,27,838,0.35,43.24,19.11,31.0,14.41,41.76,45.45,1.31,1.55,48.15,22.48,38.46,89.58,43.57,18.95,42.51,1.67,36.57,14.23,42.85,0.83,32.71,23.32,42.85,3.83,36.25,17.7,34.37,1.19,61.3,19.84,20.0,0.0,51.7,458.0
4332,28,40,661,2.57,39.78,16.97,38.1,23.2,40.54,52.63,2.95,8.07,48.11,19.71,42.3,80.12,38.7,16.07,42.24,1.7,32.18,14.35,54.54,0.0,0.0,0.0,0.0,5.27,39.0,17.75,14.7,1.86,45.33,13.66,33.33,0.0,57.43,386.0
4333,28,42,1062,1.12,41.43,17.57,44.58,16.58,39.35,41.93,2.95,7.04,51.56,16.52,35.13,82.28,40.44,17.3,39.81,1.8,33.0,11.98,63.15,0.47,47.4,12.5,20.0,2.66,37.35,15.32,39.28,2.66,45.67,20.07,25.0,0.0,43.39,555.0
4334,28,43,1075,1.76,39.84,17.51,37.64,17.75,38.41,38.46,14.77,7.19,44.96,17.14,43.42,69.98,39.19,17.3,38.43,0.85,33.33,10.22,77.77,1.23,40.15,17.59,30.76,3.88,40.75,17.26,34.14,2.08,44.77,16.02,27.27,0.0,38.71,609.0
4335,28,46,589,2.88,39.05,17.87,39.23,17.34,44.65,41.02,20.45,8.04,41.6,15.75,43.47,61.18,37.41,17.82,47.71,1.39,30.62,9.17,75.0,0.87,36.6,13.33,60.0,5.59,46.46,19.3,18.75,2.44,44.5,16.36,42.85,0.0,17.15,299.0
4336,28,48,638,2.03,40.95,17.98,38.13,15.58,37.14,35.92,16.48,6.4,45.57,20.03,47.5,63.68,40.21,17.09,37.43,2.72,35.7,19.22,52.94,1.91,35.33,20.49,8.33,4.0,40.24,17.19,32.0,4.8,55.96,19.34,30.0,0.0,53.26,361.0
4337,28,80,1121,0.08,41.45,18.01,36.03,20.24,43.44,60.71,2.5,1.33,49.13,17.66,46.66,90.71,41.26,17.93,43.5,1.42,40.68,17.03,56.25,0.17,60.0,24.04,0.0,2.23,45.36,20.1,32.0,1.6,48.11,13.8,22.22,0.0,39.14,501.0
4338,28,95,628,0.15,42.03,15.44,39.78,16.02,40.6,30.0,9.56,2.71,42.29,16.23,47.05,81.97,42.13,15.4,41.63,1.75,43.27,11.41,54.54,0.15,25.0,0.0,0.0,3.18,43.45,16.93,35.0,0.63,53.25,10.24,25.0,0.0,60.0,347.0
4339,28,99,799,0.0,41.61,17.74,36.69,19.94,41.05,53.84,1.62,1.12,55.11,17.45,11.11,89.73,41.51,17.46,41.14,3.12,30.28,11.77,60.0,0.12,33.0,0.0,100.0,3.0,46.95,19.92,33.33,1.25,59.5,21.16,10.0,0.0,48.97,403.0
4340,28,113,822,0.72,40.77,18.01,52.75,21.85,39.05,25.0,0.49,2.94,44.91,22.31,41.66,88.97,40.48,17.87,39.11,1.83,32.33,13.28,66.66,0.36,43.66,18.92,33.33,3.92,44.03,15.48,31.25,1.47,43.33,18.12,33.33,0.0,33.38,457.0
4341,28,114,530,1.32,41.92,17.46,48.18,15.63,39.81,45.45,2.1,3.44,48.33,13.92,50.0,89.67,41.43,17.65,39.65,0.95,31.2,7.19,40.0,0.19,93.0,0.0,0.0,3.25,43.94,11.99,35.29,0.38,32.0,5.65,100.0,0.0,33.5,322.0
4342,28,115,731,0.27,39.65,17.7,48.6,21.69,43.09,66.66,2.05,3.97,50.31,17.48,62.06,87.51,38.65,17.09,42.47,0.68,38.6,9.01,80.0,0.27,37.0,7.07,0.0,3.15,36.78,21.82,26.08,2.33,54.94,21.09,29.41,0.0,58.97,396.0
4343,28,117,676,0.88,40.45,18.49,40.31,19.52,42.75,47.18,21.19,5.07,43.7,20.9,44.11,67.31,39.8,18.09,41.01,0.74,34.79,26.33,60.0,0.59,29.25,8.95,75.0,4.17,47.0,16.32,35.71,0.89,50.66,12.95,50.0,0.0,33.0,386.0
4344,28,119,892,1.12,41.94,18.28,39.99,18.31,41.59,41.12,24.26,6.8,45.31,19.49,45.0,61.67,41.87,18.12,41.91,1.13,49.6,18.57,70.0,0.79,34.0,7.16,57.14,3.06,46.07,17.41,22.22,2.26,46.95,19.79,40.0,0.0,31.17,474.0
4345,28,120,142,0.7,40.32,16.38,48.0,28.92,41.54,100.0,2.83,5.67,63.37,12.76,12.5,81.56,38.69,15.77,46.08,4.25,42.66,5.85,16.66,0.7,29.0,0.0,0.0,4.96,36.71,9.81,0.0,0.0,0.0,0.0,0.0,0.0,30.73,81.0
4346,28,130,919,0.21,40.12,17.58,38.23,9.03,43.19,69.23,1.41,1.85,49.82,12.19,64.7,90.4,40.01,17.81,42.09,1.19,40.09,15.95,54.54,0.1,38.0,0.0,100.0,3.38,36.48,18.0,38.7,1.63,46.0,14.1,53.33,0.0,33.01,459.0
4347,28,131,849,0.7,38.53,17.53,29.0,21.63,41.1,54.54,1.3,2.84,42.54,22.38,33.33,88.84,38.13,17.31,40.72,2.01,39.41,17.37,58.82,0.0,0.0,0.0,0.0,3.91,45.84,16.22,33.33,1.06,38.66,14.15,66.66,0.0,32.02,428.0
4348,28,138,765,0.65,40.6,18.49,39.29,19.77,43.0,44.44,3.55,3.94,47.6,22.79,50.0,81.97,39.18,17.9,43.17,1.18,44.88,17.44,66.66,0.39,48.0,13.07,33.33,6.97,43.54,15.85,33.96,1.97,61.46,16.26,40.0,0.0,50.29,435.0
4349,28,141,713,0.14,41.39,19.14,43.77,24.43,41.79,55.55,1.26,4.91,56.31,19.02,60.0,84.55,40.22,18.63,40.69,1.68,37.83,11.72,50.0,0.0,0.0,0.0,0.0,6.88,42.71,20.53,38.77,0.7,64.2,16.61,20.0,0.0,50.55,443.0
4350,28,143,586,0.34,40.43,17.32,40.6,22.2,41.46,70.0,1.71,3.08,46.05,14.06,38.88,89.04,40.2,17.19,41.73,1.02,29.33,16.7,50.0,0.0,0.0,0.0,0.0,3.76,37.18,15.69,22.72,1.36,58.25,20.74,37.5,0.0,35.67,333.0
4351,28,149,553,0.18,40.87,19.06,37.31,14.88,38.51,26.31,3.44,2.17,47.16,22.79,41.66,84.96,41.17,19.14,39.65,1.44,37.87,17.06,37.5,1.44,43.75,14.88,25.0,6.15,35.41,19.79,29.41,0.36,62.5,0.7,100.0,0.0,60.61,320.0
4352,28,151,821,0.24,41.69,17.81,44.22,18.43,42.63,55.55,2.19,2.68,38.4,15.54,31.81,87.05,41.25,17.75,42.07,1.58,35.3,10.51,46.15,0.24,60.0,0.0,0.0,4.39,44.8,18.06,44.44,1.83,60.33,17.58,73.33,0.0,34.32,434.0
4353,28,153,354,1.41,41.52,19.41,39.75,30.12,41.52,37.5,2.29,5.15,53.33,18.01,50.0,82.52,40.44,18.64,40.97,3.15,37.54,18.95,45.45,0.85,31.0,26.96,0.0,4.87,40.94,17.24,41.17,1.14,54.75,18.83,75.0,0.0,35.04,186.0
4354,28,154,626,0.95,44.05,18.72,49.41,16.68,41.69,25.0,1.93,4.19,52.84,19.22,50.0,84.03,43.42,18.16,42.8,0.64,29.0,4.32,50.0,0.16,25.0,0.0,100.0,7.25,42.73,19.94,22.22,1.77,50.9,25.68,63.63,0.0,31.58,404.0
4355,28,163,613,0.16,45.1,18.67,48.09,17.67,42.08,48.48,5.39,4.9,49.96,13.95,33.33,75.49,44.54,19.25,43.29,2.77,38.94,12.98,70.58,0.98,54.33,19.5,16.66,9.31,43.42,15.43,24.56,1.14,64.28,23.33,57.14,0.0,51.88,380.0
4356,28,165,272,0.73,40.71,16.91,32.11,10.99,43.75,33.33,3.33,6.29,45.0,19.16,47.05,81.48,40.27,17.18,43.63,3.33,38.88,11.18,66.66,0.37,43.0,0.0,0.0,3.33,43.55,12.74,22.22,1.85,56.0,15.6,60.0,0.0,37.89,145.0
4357,28,170,517,0.0,45.91,18.02,49.3,22.15,41.97,20.0,1.93,6.38,54.54,14.34,42.42,83.94,45.0,17.83,41.01,1.54,38.87,19.29,100.0,0.38,53.0,24.04,0.0,4.83,45.48,18.94,44.0,0.96,72.0,8.57,80.0,0.0,61.58,296.0
4358,28,unclear,1185,4.05,42.28,15.06,46.82,16.71,45.56,64.1,3.43,0.0,0.0,0.0,0.0,87.77,41.71,14.9,44.18,1.4,43.25,20.19,68.75,0.87,46.9,17.53,30.0,5.01,42.47,14.49,35.08,1.49,46.94,10.21,70.58,,,
4359,28,175,834,0.23,43.35,17.42,45.9,19.66,41.96,27.27,1.32,3.0,49.92,20.03,56.0,87.74,42.69,17.07,41.91,0.96,33.62,15.62,62.5,0.48,51.5,20.55,0.0,4.44,48.08,19.97,32.43,2.04,50.47,16.21,58.82,0.0,35.04,485.0
4360,28,176,312,0.0,38.42,16.74,36.5,12.91,40.06,33.33,1.92,3.52,49.09,12.81,45.45,83.97,38.0,16.44,40.83,0.64,31.0,43.84,50.0,0.32,38.0,0.0,0.0,8.33,37.11,18.18,30.76,1.28,51.75,24.55,50.0,0.0,31.42,204.0
4361,28,177,784,0.76,42.37,18.47,43.4,21.53,43.49,50.0,2.82,5.39,55.78,16.56,47.61,80.84,40.9,18.01,41.65,2.82,36.77,10.88,54.54,0.25,55.0,4.24,50.0,6.68,49.46,18.65,48.07,1.15,33.88,21.19,55.55,0.0,35.52,496.0
4362,28,179,908,0.33,42.15,18.98,41.37,19.84,41.62,44.82,3.2,1.87,48.23,23.69,35.29,84.19,42.35,18.8,43.83,0.99,45.11,16.24,66.66,0.11,35.0,0.0,0.0,4.3,46.3,19.73,20.51,5.3,32.2,16.42,20.83,0.0,34.81,493.0
4363,28,180,368,0.0,40.66,18.03,31.35,11.97,42.93,52.94,4.61,2.71,39.5,17.0,70.0,85.05,41.17,18.11,42.49,1.35,34.79,11.45,60.0,0.0,0.0,0.0,0.0,2.98,49.63,22.18,27.27,3.26,35.75,18.25,25.0,0.0,35.66,215.0
4364,28,181,194,0.0,40.24,16.86,39.75,11.08,43.81,50.0,2.06,2.06,28.25,20.75,50.0,90.2,39.94,16.8,43.42,0.0,0.0,0.0,0.0,0.51,72.0,0.0,100.0,2.57,45.2,12.51,20.0,2.57,49.4,18.31,60.0,0.0,34.23,108.0
4365,28,182,944,0.42,40.99,18.4,38.29,18.96,42.9,51.61,3.29,4.46,52.97,19.65,38.09,85.1,40.21,18.1,42.25,2.76,33.07,15.04,73.07,0.1,28.0,0.0,0.0,3.51,47.9,15.64,33.33,0.74,59.85,24.54,57.14,0.0,32.52,517.0
4366,28,184,547,0.0,41.46,18.84,50.13,19.82,38.2,33.33,2.74,3.29,45.66,17.69,50.0,84.09,40.5,19.08,39.34,2.01,35.27,9.65,54.54,0.18,67.0,0.0,0.0,7.12,46.84,15.32,20.51,0.54,64.33,14.18,0.0,0.0,34.01,309.0
4367,28,185,123,0.0,40.56,17.63,38.0,0.0,40.65,0.0,0.81,7.31,47.0,28.24,33.33,86.17,40.31,16.35,42.45,0.81,30.0,0.0,100.0,0.81,66.0,0.0,0.0,3.25,25.0,18.36,0.0,0.81,59.0,0.0,100.0,0.0,36.59,70.0
4368,28,186,718,0.41,40.41,19.3,42.81,16.19,40.94,50.0,2.23,3.21,48.52,20.93,30.43,83.35,40.13,19.28,40.93,3.07,33.54,12.32,63.63,0.0,0.0,0.0,0.0,6.15,39.27,18.22,34.09,1.95,48.07,27.46,35.71,0.0,44.64,433.0
4369,28,187,532,0.0,38.09,16.43,41.6,11.03,42.66,50.0,1.87,3.57,46.89,21.97,36.84,81.76,37.44,16.12,42.75,2.63,35.07,13.16,71.42,0.0,0.0,0.0,0.0,8.08,38.11,14.84,32.55,2.06,48.81,24.55,45.45,0.0,30.0,313.0
4370,28,188,724,0.41,41.15,17.81,40.33,27.21,42.67,53.33,2.08,3.74,50.22,20.3,48.14,85.99,40.54,17.48,42.09,1.8,38.07,8.65,69.23,0.41,52.66,6.8,33.33,5.4,41.69,16.72,33.33,0.55,51.0,12.19,75.0,0.0,50.94,407.0
4371,28,190,812,0.24,43.37,18.36,34.81,15.8,43.34,47.36,4.69,1.72,44.42,19.93,42.85,87.9,43.67,18.23,42.69,1.6,50.07,18.72,84.61,0.37,37.0,17.0,0.0,2.71,43.18,19.22,31.81,0.98,53.75,23.23,62.5,0.0,50.63,458.0
4372,28,191,810,0.0,43.27,19.37,28.0,12.71,42.22,44.44,1.11,2.96,53.95,24.33,58.33,89.25,43.0,19.16,41.63,0.98,35.12,16.71,100.0,0.37,59.33,9.01,33.33,4.32,43.97,16.95,25.71,0.98,51.62,26.75,62.5,0.0,48.96,442.0
4373,28,193,333,0.0,41.13,17.64,51.0,16.57,43.84,100.0,1.8,2.7,42.55,34.34,22.22,87.68,40.95,16.92,43.49,2.1,28.85,17.85,28.57,0.0,0.0,0.0,0.0,5.1,44.05,15.77,47.05,0.6,49.0,36.76,50.0,0.0,30.04,202.0
4374,28,195,569,0.0,41.3,18.32,34.16,12.44,40.77,50.0,1.05,1.93,41.18,20.7,27.27,90.86,41.1,18.4,40.61,1.58,40.55,23.44,66.66,0.17,20.0,0.0,0.0,2.98,48.35,14.3,29.41,1.4,48.12,13.62,62.5,0.0,63.09,320.0
4375,28,198,676,0.44,44.51,19.82,41.9,15.22,40.97,45.45,1.63,5.79,55.17,17.07,46.15,81.42,43.95,19.85,41.78,1.04,30.28,16.01,42.85,0.0,0.0,0.0,0.0,8.61,43.75,19.74,27.58,1.48,57.3,16.83,40.0,0.0,49.51,408.0
4376,28,201,861,0.81,43.47,19.42,40.18,20.79,44.36,45.45,1.28,2.34,49.25,19.12,35.0,84.89,42.87,19.21,44.27,3.16,40.85,18.31,81.48,0.11,64.0,0.0,100.0,6.55,46.5,21.39,35.71,1.63,53.85,18.35,28.57,0.0,34.42,516.0
4377,28,202,514,0.58,42.14,20.27,44.5,15.89,42.99,80.0,1.95,4.3,56.0,19.84,54.54,85.9,41.83,19.95,41.91,1.95,34.4,16.09,60.0,0.0,0.0,0.0,0.0,5.08,36.92,21.25,30.76,0.78,40.0,34.98,50.0,0.0,31.19,306.0
4378,28,203,171,0.58,38.07,17.54,46.66,16.0,44.44,66.66,3.52,7.64,42.76,21.92,53.84,82.94,36.91,16.97,43.97,1.17,29.0,12.72,100.0,0.0,0.0,0.0,0.0,4.11,38.28,14.96,14.28,0.58,64.0,0.0,0.0,0.0,40.2,107.0
4379,28,204,791,0.5,42.75,18.99,31.89,18.38,41.59,57.89,2.41,5.08,51.1,22.57,35.0,83.22,42.52,18.47,41.06,1.9,31.33,16.63,60.0,0.12,57.0,0.0,0.0,5.71,47.06,17.84,40.0,1.52,34.58,23.37,41.66,0.0,34.08,426.0
4380,28,205,217,0.92,40.18,18.16,40.25,13.45,38.7,25.0,1.86,6.51,39.5,25.0,50.0,81.86,40.23,17.51,39.77,0.93,29.0,7.07,50.0,0.46,37.0,0.0,0.0,5.11,44.09,17.75,18.18,3.25,33.42,25.01,28.57,0.0,35.6,116.0
4381,28,206,920,0.54,42.82,19.26,39.38,15.41,40.0,46.0,5.46,2.51,42.34,23.61,34.78,86.01,43.02,19.54,41.16,0.76,37.42,5.99,57.14,0.1,62.0,0.0,0.0,2.51,35.73,16.49,21.73,2.62,49.79,16.34,16.66,0.0,29.33,536.0
4382,28,207,676,0.14,40.56,19.53,26.62,13.23,41.42,62.5,1.18,2.66,44.33,20.42,50.0,89.18,40.53,19.43,40.86,1.18,40.75,9.22,87.5,0.14,50.0,0.0,0.0,3.55,36.95,19.43,37.5,2.07,48.0,26.37,28.57,0.0,32.86,379.0
4383,28,208,476,0.21,39.7,18.57,36.37,12.74,40.75,40.62,6.73,5.47,47.88,14.99,42.3,80.0,39.16,19.13,43.15,0.63,28.33,7.57,66.66,0.0,0.0,0.0,0.0,4.21,34.6,14.48,10.0,2.94,55.28,16.76,14.28,0.0,30.2,293.0
4384,28,210,932,0.64,40.93,17.97,34.0,18.15,39.27,62.5,1.72,3.99,49.59,20.36,35.13,84.88,40.38,17.49,38.04,2.37,36.18,12.24,72.72,1.07,37.79,23.52,20.0,3.99,41.02,22.23,32.43,1.94,51.5,13.35,44.44,0.0,27.91,552.0
4385,28,212,831,3.36,38.97,17.59,37.5,17.0,41.63,39.4,58.77,13.82,41.01,18.79,45.04,22.16,40.1,16.44,43.82,0.49,36.5,8.85,25.0,1.86,28.33,13.93,53.33,1.24,48.2,17.84,20.0,1.61,55.0,21.94,46.15,0.0,30.69,486.0
4386,28,215,253,0.39,40.75,18.79,46.75,14.15,43.87,25.0,1.58,4.36,60.18,26.52,45.45,84.12,39.41,17.55,42.92,2.77,24.85,18.72,71.42,0.39,26.0,0.0,0.0,4.76,44.33,20.23,58.33,1.98,62.8,4.02,40.0,0.0,35.45,128.0
4387,28,217,720,0.27,39.92,19.12,36.94,14.26,42.77,52.63,2.64,4.59,54.15,20.33,39.39,79.38,38.91,18.48,43.68,2.92,37.61,16.28,61.9,0.13,76.0,0.0,100.0,8.35,42.45,21.21,26.66,1.94,40.42,26.64,28.57,0.0,45.28,423.0
4388,28,219,879,0.91,41.24,16.52,43.83,16.82,41.97,37.93,9.98,6.31,43.81,20.19,54.54,75.43,40.52,16.22,41.85,1.26,34.18,10.71,72.72,1.6,49.92,13.82,28.57,4.01,38.74,15.58,22.85,1.37,46.0,13.43,66.66,0.0,32.54,484.0
4389,28,220,654,1.52,39.7,16.39,37.96,14.04,43.42,45.0,18.63,8.22,42.81,19.11,47.16,66.77,39.47,16.43,43.95,0.77,34.2,6.09,40.0,1.86,42.91,16.71,25.0,2.01,43.15,10.58,15.38,1.7,34.63,17.2,45.45,0.0,30.93,300.0
4390,28,221,676,0.59,43.59,19.94,44.1,24.74,41.56,60.0,1.48,6.54,58.38,14.97,47.72,75.44,41.39,20.06,40.43,2.52,43.35,9.75,52.94,0.14,64.0,0.0,0.0,11.75,45.7,17.57,37.97,2.08,56.71,20.85,64.28,0.0,51.15,411.0
4391,28,222,692,0.72,45.06,19.21,39.0,7.81,42.77,37.5,1.16,3.49,55.79,16.91,66.66,85.44,44.38,19.32,42.24,1.74,41.5,8.41,66.66,0.0,0.0,0.0,0.0,7.13,45.44,17.88,32.65,1.01,58.71,25.45,28.57,0.0,48.04,413.0
4392,28,1,0,0.0,0.0,0.0,0.0,0.0,0.0,0.0,0.0,0.0,0.0,0.0,0.0,0.0,0.0,0.0,0.0,0.0,0.0,0.0,0.0,0.0,0.0,0.0,0.0,0.0,0.0,0.0,0.0,0.0,0.0,0.0,0.0,0.0,0.0,0.0
4393,28,2,945,0.52,41.77,17.98,36.14,18.7,41.16,35.71,1.48,5.21,54.59,15.75,53.06,82.44,40.46,17.64,40.9,1.48,39.78,10.45,92.85,0.31,51.0,20.66,0.0,7.87,45.31,19.46,28.37,1.17,51.45,16.51,45.45,0.0,0.0,521.0
4394,28,3,155,0.64,43.47,18.07,58.16,23.09,38.06,83.33,3.89,7.79,53.75,16.46,33.33,80.51,41.41,17.83,37.09,2.59,41.5,12.6,50.0,0.64,54.0,0.0,0.0,3.24,48.2,20.17,20.0,1.29,48.5,0.7,0.0,0.0,0.0,86.0
4395,28,4,1048,0.57,42.47,17.41,44.82,19.02,42.46,34.78,2.2,4.89,51.56,19.26,50.98,80.99,41.38,17.1,42.89,2.39,40.52,10.82,56.0,0.28,30.0,6.92,0.0,7.29,43.85,16.82,34.21,1.91,57.45,18.2,30.0,0.0,0.0,586.0
4396,28,5,1078,1.39,40.45,16.65,39.82,17.34,40.53,45.09,4.79,5.83,45.67,16.7,46.77,78.26,39.91,16.32,40.62,1.22,35.76,6.57,61.53,0.18,29.5,13.43,0.0,7.99,40.77,17.36,34.11,1.69,40.5,20.45,16.66,0.0,0.0,646.0
4397,28,6,618,1.29,37.48,16.76,43.11,26.76,41.9,33.33,1.47,5.9,44.13,22.02,44.44,82.13,36.61,15.63,43.11,1.63,39.5,15.68,80.0,0.16,34.0,0.0,0.0,7.37,37.13,20.3,26.66,1.31,42.37,19.79,25.0,0.0,0.0,341.0
4398,28,7,1165,0.94,42.61,19.03,48.28,21.31,40.34,28.57,1.81,3.55,47.85,22.88,34.14,81.28,41.33,18.13,41.25,1.47,33.11,13.53,76.47,0.17,50.0,5.65,50.0,8.14,43.22,18.8,30.85,3.46,59.5,24.27,32.5,0.0,0.0,655.0
4399,28,8,759,1.18,40.35,17.87,41.04,20.19,40.18,26.19,5.6,6.13,48.86,15.76,47.82,79.86,39.28,17.48,40.56,1.46,28.63,19.79,63.63,0.8,38.5,17.68,50.0,4.0,40.13,15.04,23.33,2.13,57.06,19.65,56.25,0.0,0.0,428.0
4400,28,9,727,2.33,41.23,18.46,41.04,16.06,40.02,50.0,3.38,6.76,48.85,19.27,37.5,83.38,39.85,17.98,38.51,0.84,34.0,19.9,100.0,0.0,0.0,0.0,0.0,3.52,46.32,15.3,44.0,2.11,52.66,23.24,40.0,0.0,0.0,418.0
4401,28,13,630,1.74,42.18,18.6,44.97,18.3,40.79,29.54,7.1,5.33,54.84,16.35,45.45,79.96,41.37,18.33,41.21,1.93,29.66,17.22,41.66,0.64,32.0,23.77,75.0,3.39,44.09,17.84,28.57,1.61,37.2,17.13,60.0,0.0,0.0,389.0
4402,28,14,222,0.9,39.42,17.69,22.0,2.82,42.34,50.0,0.9,4.54,32.79,19.67,40.0,85.0,39.14,17.65,43.85,0.9,29.0,1.41,0.0,0.45,46.0,0.0,0.0,5.9,45.38,16.49,38.46,2.27,46.6,15.12,20.0,0.0,0.0,115.0
4403,28,17,0,0.0,0.0,0.0,0.0,0.0,0.0,0.0,0.0,0.0,0.0,0.0,0.0,0.0,0.0,0.0,0.0,0.0,0.0,0.0,0.0,0.0,0.0,0.0,0.0,0.0,0.0,0.0,0.0,0.0,0.0,0.0,0.0,0.0,0.0,0.0
4404,28,19,711,0.42,41.7,18.65,46.58,17.86,38.25,58.33,1.69,2.68,55.1,17.61,31.57,85.87,40.58,18.55,38.48,1.27,30.55,16.65,44.44,1.12,54.62,15.9,25.0,5.22,45.91,14.87,29.72,2.11,47.73,14.89,40.0,0.0,0.0,392.0
4405,28,22,873,1.83,37.86,16.9,34.86,15.78,41.12,40.69,20.07,7.23,44.64,17.43,40.32,64.29,37.74,16.35,40.47,2.33,35.79,17.19,45.0,0.7,48.0,17.48,66.66,2.56,34.22,20.86,36.36,2.8,44.58,22.44,41.66,0.0,0.0,475.0
4406,28,24,239,0.83,40.19,16.55,34.87,12.76,40.16,62.5,3.37,2.95,32.28,20.21,28.57,86.91,40.27,16.92,40.29,1.26,33.0,11.78,100.0,0.84,46.0,19.79,0.0,3.37,43.75,6.84,25.0,1.26,54.66,4.93,33.33,0.0,0.0,152.0
4407,28,28,809,0.49,41.03,18.33,35.38,27.28,41.9,46.15,3.22,3.1,46.76,20.0,52.0,86.33,40.93,17.71,42.3,1.86,35.53,9.12,46.66,0.74,52.33,9.72,16.66,4.09,39.66,21.34,36.36,0.62,62.6,9.42,0.0,0.0,0.0,482.0
4408,28,29,343,0.29,41.24,17.23,43.88,13.36,41.1,55.55,2.63,3.21,52.27,29.5,9.09,83.33,40.92,16.6,42.8,2.92,34.7,18.26,60.0,1.16,41.5,11.03,0.0,5.55,45.73,17.3,26.31,1.16,33.0,8.12,50.0,0.0,0.0,206.0
4409,28,30,955,1.25,38.93,17.88,41.29,21.06,41.15,58.33,2.54,5.93,47.33,21.51,32.14,82.29,37.59,16.71,40.72,1.48,39.64,12.32,78.57,0.84,45.62,27.24,25.0,5.3,42.98,18.45,32.0,1.59,46.93,29.28,73.33,0.0,0.0,483.0
4410,28,31,957,1.14,39.89,17.54,48.12,15.41,42.84,62.5,0.84,6.87,54.56,18.34,33.84,82.45,38.32,16.82,44.1,2.32,34.13,15.83,59.09,0.21,46.5,14.84,50.0,6.34,39.06,17.23,31.66,0.95,48.55,12.61,44.44,0.0,0.0,479.0
4411,28,32,849,1.06,40.09,18.11,38.0,15.75,41.57,58.53,4.88,7.61,48.25,18.34,26.56,80.59,39.07,17.98,41.8,1.19,32.1,8.04,90.0,0.35,43.66,11.93,0.0,3.45,44.89,18.96,41.37,1.9,39.5,18.5,31.25,0.0,0.0,423.0
4412,28,33,0,0.0,0.0,0.0,0.0,0.0,0.0,0.0,0.0,0.0,0.0,0.0,0.0,0.0,0.0,0.0,0.0,0.0,0.0,0.0,0.0,0.0,0.0,0.0,0.0,0.0,0.0,0.0,0.0,0.0,0.0,0.0,0.0,0.0,0.0,0.0
4413,28,34,997,1.3,39.57,18.94,47.56,24.26,42.02,62.5,1.62,4.26,48.35,24.41,45.23,83.84,38.59,18.09,42.66,2.13,33.23,19.59,47.61,0.3,40.33,12.5,33.33,5.18,35.88,15.97,33.33,2.64,55.07,18.48,34.61,0.0,0.0,533.0
4414,28,35,830,0.6,38.37,16.9,43.44,25.51,42.53,61.11,2.18,5.57,47.84,16.44,36.95,86.3,37.2,16.47,43.82,1.33,31.54,14.67,54.54,0.0,0.0,0.0,0.0,2.9,42.29,12.54,29.16,1.69,50.21,13.19,0.0,0.0,0.0,422.0
4415,28,36,717,0.83,40.73,15.73,48.88,16.6,41.56,41.17,2.39,4.78,47.41,19.88,41.17,81.01,40.03,15.23,42.18,1.96,38.78,9.36,71.42,0.28,35.0,2.82,0.0,7.59,37.16,14.09,27.77,1.96,48.92,21.0,35.71,0.0,0.0,396.0
4416,28,37,1134,1.05,40.32,17.79,40.03,16.15,40.47,33.33,2.4,4.45,51.0,17.96,46.0,82.79,39.11,17.29,40.79,1.96,34.18,18.83,72.72,0.17,50.0,18.38,50.0,6.14,41.94,17.57,31.88,2.04,52.43,18.75,21.73,0.0,0.0,611.0
4417,28,38,246,1.21,41.6,16.03,42.85,20.12,41.46,28.57,2.88,6.58,52.93,21.06,31.25,77.77,39.73,15.01,44.44,0.82,41.0,8.48,50.0,0.82,47.5,17.67,50.0,7.81,40.68,11.62,31.57,3.29,54.62,19.13,12.5,0.0,0.0,142.0
4418,28,39,0,0.0,0.0,0.0,0.0,0.0,0.0,0.0,0.0,0.0,0.0,0.0,0.0,0.0,0.0,0.0,0.0,0.0,0.0,0.0,0.0,0.0,0.0,0.0,0.0,0.0,0.0,0.0,0.0,0.0,0.0,0.0,0.0,0.0,0.0,0.0
4419,28,44,1028,1.26,39.25,16.76,37.02,15.07,41.05,37.17,15.36,6.4,47.29,19.41,46.15,69.45,38.54,16.41,42.97,1.18,38.16,16.06,66.66,0.98,44.0,14.44,40.0,4.63,41.17,19.5,19.14,1.97,41.85,18.99,25.0,0.0,0.0,565.0
4420,28,45,937,0.85,38.6,16.93,43.25,17.24,41.08,50.0,2.15,3.12,50.96,18.36,44.82,86.32,37.45,16.61,41.52,1.18,33.63,11.96,63.63,0.86,33.12,17.25,25.0,4.73,40.45,14.4,34.09,1.61,57.26,10.47,20.0,0.0,0.0,596.0
4421,28,47,0,0.0,0.0,0.0,0.0,0.0,0.0,0.0,0.0,0.0,0.0,0.0,0.0,0.0,0.0,0.0,0.0,0.0,0.0,0.0,0.0,0.0,0.0,0.0,0.0,0.0,0.0,0.0,0.0,0.0,0.0,0.0,0.0,0.0,0.0,0.0
4422,28,49,711,0.42,44.23,18.09,52.76,17.75,40.5,69.23,1.83,4.51,53.43,18.98,43.75,82.62,42.9,17.66,40.51,1.27,41.88,18.27,77.77,0.28,49.5,20.5,50.0,8.05,47.24,19.01,28.07,1.41,54.9,13.59,40.0,0.0,0.0,455.0
4423,28,50,707,0.56,41.56,18.63,44.3,22.21,41.58,70.0,1.42,5.68,50.1,21.27,37.5,80.36,39.8,18.28,42.65,1.56,47.18,20.29,63.63,0.56,60.5,9.11,25.0,9.1,45.82,13.97,28.12,1.28,54.11,24.32,33.33,0.0,0.0,393.0
4424,28,51,203,0.98,41.85,17.76,29.0,7.87,41.37,50.0,1.99,6.46,52.76,19.09,61.53,85.57,41.16,17.06,39.53,0.99,33.0,7.07,100.0,0.99,17.5,24.74,0.0,2.98,47.16,17.32,50.0,0.99,33.5,7.77,0.0,0.0,0.0,118.0
4425,28,52,0,0.0,0.0,0.0,0.0,0.0,0.0,0.0,0.0,0.0,0.0,0.0,0.0,0.0,0.0,0.0,0.0,0.0,0.0,0.0,0.0,0.0,0.0,0.0,0.0,0.0,0.0,0.0,0.0,0.0,0.0,0.0,0.0,0.0,0.0,0.0
4426,28,53,602,0.99,41.1,18.06,50.18,22.97,39.03,31.25,2.68,3.52,49.66,14.69,38.09,85.06,40.4,17.69,39.64,1.34,36.87,8.35,75.0,0.0,0.0,0.0,0.0,5.7,42.44,18.84,23.52,1.67,44.2,23.96,40.0,0.0,0.0,354.0
4427,28,54,822,0.48,43.14,18.89,39.57,19.85,39.17,45.45,4.03,4.4,48.11,19.76,38.88,80.19,42.66,19.06,39.32,1.58,41.46,9.5,53.84,0.36,50.0,33.04,33.33,7.7,43.38,16.34,30.15,1.71,53.57,15.95,50.0,0.0,0.0,478.0
4428,28,55,766,0.26,41.56,18.15,31.0,14.7,40.07,55.55,1.17,3.79,50.27,19.25,48.27,85.99,41.1,17.73,39.57,1.17,30.11,20.03,88.88,0.78,46.16,28.15,16.66,5.1,43.15,16.92,33.33,1.96,47.33,23.85,33.33,0.0,0.0,464.0
4429,28,57,365,2.46,41.02,19.82,52.75,29.19,43.56,100.0,1.12,3.65,54.0,15.64,30.76,85.95,39.87,18.42,43.79,2.52,31.88,26.33,55.55,0.0,0.0,0.0,0.0,5.05,34.16,20.46,33.33,1.68,59.33,18.05,50.0,0.0,0.0,241.0
4430,28,58,952,0.73,41.01,18.28,38.64,19.22,42.22,42.0,5.29,5.07,47.81,21.33,37.5,78.73,40.47,17.9,42.6,2.11,40.0,14.62,70.0,0.74,28.42,4.99,14.28,6.66,40.79,18.27,31.74,1.37,54.3,18.49,53.84,0.0,0.0,505.0
4431,28,59,873,1.03,40.45,17.68,44.64,11.09,39.74,50.0,1.62,5.9,46.21,22.88,33.33,84.02,39.77,17.4,39.66,1.5,33.07,14.78,69.23,0.46,40.75,30.14,25.0,4.51,39.61,15.48,30.76,1.96,46.82,13.84,58.82,0.0,0.0,473.0
4432,28,60,305,1.31,39.84,16.77,48.0,7.07,39.01,50.0,0.66,3.98,56.75,17.44,33.33,87.37,38.75,16.32,40.3,1.66,27.8,5.44,40.0,0.33,58.0,0.0,100.0,5.64,41.35,16.37,23.52,0.33,28.0,0.0,0.0,0.0,0.0,185.0
4433,28,62,254,0.39,39.11,16.65,45.2,21.74,38.18,40.0,1.97,5.13,43.15,17.95,30.76,83.79,38.3,16.12,40.09,0.39,63.0,0.0,100.0,0.0,0.0,0.0,0.0,7.9,39.79,19.17,20.0,0.79,47.5,13.43,0.0,0.0,0.0,149.0
4434,28,63,0,0.0,0.0,0.0,0.0,0.0,0.0,0.0,0.0,0.0,0.0,0.0,0.0,0.0,0.0,0.0,0.0,0.0,0.0,0.0,0.0,0.0,0.0,0.0,0.0,0.0,0.0,0.0,0.0,0.0,0.0,0.0,0.0,0.0,0.0,0.0
4435,28,64,1133,0.44,41.51,17.38,37.71,17.37,39.89,37.5,2.83,3.45,53.0,12.47,20.51,83.59,41.09,17.32,41.35,1.15,31.15,11.45,61.53,0.88,34.1,16.23,40.0,6.2,42.17,16.96,28.57,1.86,51.8,19.68,42.85,0.0,0.0,682.0
4436,28,65,1110,0.63,40.59,19.04,44.65,16.74,41.98,52.17,2.08,4.53,48.94,25.22,58.0,84.22,39.76,18.4,41.87,1.72,34.0,19.56,42.1,0.09,78.0,0.0,100.0,6.61,41.65,17.55,28.76,0.72,50.87,20.6,50.0,0.0,0.0,620.0
4437,28,66,186,0.53,39.08,18.15,33.0,29.3,40.86,0.0,1.62,4.86,51.33,22.53,44.44,88.64,38.35,17.38,43.29,1.62,36.66,0.57,33.33,0.0,0.0,0.0,0.0,2.16,53.0,24.37,0.0,1.08,48.0,11.31,0.0,0.0,0.0,111.0
4438,28,67,0,0.0,0.0,0.0,0.0,0.0,0.0,0.0,0.0,0.0,0.0,0.0,0.0,0.0,0.0,0.0,0.0,0.0,0.0,0.0,0.0,0.0,0.0,0.0,0.0,0.0,0.0,0.0,0.0,0.0,0.0,0.0,0.0,0.0,0.0,0.0
4439,28,68,903,0.22,44.09,18.66,35.66,15.51,41.74,25.0,1.33,2.1,50.57,16.97,47.36,90.23,44.47,18.51,42.31,0.44,41.0,27.83,100.0,0.66,36.0,11.64,50.0,3.32,35.73,16.31,40.0,1.88,46.29,26.02,5.88,0.0,0.0,561.0
4440,28,69,0,0.0,0.0,0.0,0.0,0.0,0.0,0.0,0.0,0.0,0.0,0.0,0.0,0.0,0.0,0.0,0.0,0.0,0.0,0.0,0.0,0.0,0.0,0.0,0.0,0.0,0.0,0.0,0.0,0.0,0.0,0.0,0.0,0.0,0.0,0.0
4441,28,70,863,0.11,44.57,19.33,44.33,24.07,41.01,44.44,3.13,3.24,48.57,22.61,35.71,85.26,44.6,19.07,41.63,1.39,31.66,8.85,66.66,0.34,42.33,15.04,33.33,4.4,43.31,17.01,26.31,2.2,47.26,24.05,31.57,0.0,0.0,515.0
4442,28,71,132,0.75,41.48,17.39,44.5,14.84,42.42,50.0,1.52,6.87,43.66,16.47,77.77,87.78,40.9,17.65,41.73,0.76,57.0,0.0,0.0,0.0,0.0,0.0,0.0,3.05,41.75,16.27,0.0,0.0,0.0,0.0,0.0,0.0,0.0,70.0
4443,28,72,0,0.0,0.0,0.0,0.0,0.0,0.0,0.0,0.0,0.0,0.0,0.0,0.0,0.0,0.0,0.0,0.0,0.0,0.0,0.0,0.0,0.0,0.0,0.0,0.0,0.0,0.0,0.0,0.0,0.0,0.0,0.0,0.0,0.0,0.0,0.0
4444,28,73,813,0.12,41.89,17.06,42.1,20.54,42.55,80.0,1.23,1.1,66.77,16.19,66.66,89.53,41.58,16.81,42.09,1.72,38.85,10.02,71.42,0.24,39.5,3.53,0.0,4.43,39.16,19.14,33.33,1.72,53.0,15.34,21.42,0.0,0.0,483.0
4445,28,74,0,0.0,0.0,0.0,0.0,0.0,0.0,0.0,0.0,0.0,0.0,0.0,0.0,0.0,0.0,0.0,0.0,0.0,0.0,0.0,0.0,0.0,0.0,0.0,0.0,0.0,0.0,0.0,0.0,0.0,0.0,0.0,0.0,0.0,0.0,0.0
4446,28,75,818,0.24,40.23,17.83,44.44,20.06,42.9,44.44,1.1,2.2,44.38,13.67,27.77,89.7,40.32,18.04,43.57,2.2,31.77,15.57,55.55,0.0,0.0,0.0,0.0,3.67,37.73,14.94,30.0,1.1,43.88,11.37,22.22,0.0,0.0,456.0
4447,28,76,0,0.0,0.0,0.0,0.0,0.0,0.0,0.0,0.0,0.0,0.0,0.0,0.0,0.0,0.0,0.0,0.0,0.0,0.0,0.0,0.0,0.0,0.0,0.0,0.0,0.0,0.0,0.0,0.0,0.0,0.0,0.0,0.0,0.0,0.0,0.0
4448,28,78,1065,0.09,41.83,18.12,43.42,14.76,40.28,52.63,1.78,3.38,44.27,20.08,38.88,86.18,41.6,18.01,40.67,1.4,29.53,10.86,66.66,0.0,0.0,0.0,0.0,5.73,42.42,18.71,26.22,1.5,56.0,18.91,37.5,0.0,0.0,574.0
4449,28,79,1174,0.08,41.25,17.8,52.61,18.33,40.37,57.14,1.79,3.06,51.13,14.56,47.22,89.0,40.46,17.55,40.03,0.93,36.9,12.82,54.54,0.42,44.8,11.25,40.0,3.66,42.69,21.06,30.23,1.1,55.53,21.26,46.15,0.0,0.0,569.0
4450,28,81,0,0.0,0.0,0.0,0.0,0.0,0.0,0.0,0.0,0.0,0.0,0.0,0.0,0.0,0.0,0.0,0.0,0.0,0.0,0.0,0.0,0.0,0.0,0.0,0.0,0.0,0.0,0.0,0.0,0.0,0.0,0.0,0.0,0.0,0.0,0.0
4451,28,83,851,0.11,38.37,18.15,33.0,16.98,40.89,28.0,2.94,3.29,45.85,22.41,57.14,84.94,38.39,18.15,40.99,2.11,36.11,13.87,61.11,0.23,43.0,8.48,0.0,5.05,39.48,17.74,30.23,1.29,30.36,14.5,45.45,0.0,0.0,328.0
4452,28,84,400,0.5,40.6,19.04,37.33,17.03,43.0,35.0,15.07,5.27,55.47,20.57,47.61,72.11,40.66,18.35,44.59,0.75,18.0,17.08,0.0,1.5,32.33,10.44,66.66,4.27,43.23,27.59,41.17,1.0,26.75,18.31,50.0,0.0,0.0,115.0
4453,28,85,867,0.57,41.32,18.21,42.41,17.19,41.17,49.01,5.91,4.17,46.88,19.22,38.88,83.41,40.94,18.17,41.58,0.92,35.25,17.58,50.0,0.46,29.5,23.68,50.0,3.71,44.65,19.25,21.87,1.39,42.66,19.62,25.0,0.0,0.0,461.0
4454,28,86,0,0.0,0.0,0.0,0.0,0.0,0.0,0.0,0.0,0.0,0.0,0.0,0.0,0.0,0.0,0.0,0.0,0.0,0.0,0.0,0.0,0.0,0.0,0.0,0.0,0.0,0.0,0.0,0.0,0.0,0.0,0.0,0.0,0.0,0.0,0.0
4455,28,87,0,0.0,0.0,0.0,0.0,0.0,0.0,0.0,0.0,0.0,0.0,0.0,0.0,0.0,0.0,0.0,0.0,0.0,0.0,0.0,0.0,0.0,0.0,0.0,0.0,0.0,0.0,0.0,0.0,0.0,0.0,0.0,0.0,0.0,0.0,0.0
4456,28,88,1307,0.38,42.52,18.0,42.04,16.74,40.62,45.65,3.53,4.53,53.37,18.42,44.06,83.02,41.9,17.97,40.05,2.15,42.14,14.51,57.14,0.23,45.66,6.35,66.66,4.83,42.74,16.02,28.57,1.38,45.66,21.55,66.66,0.0,0.0,698.0
4457,28,89,1039,0.19,41.38,18.07,34.24,23.59,42.92,52.0,2.41,2.12,48.27,20.93,59.09,89.0,41.21,17.78,42.57,2.21,30.82,13.18,39.13,0.77,59.87,16.63,25.0,2.6,47.4,13.99,37.03,0.86,50.22,20.29,44.44,0.0,0.0,545.0
4458,28,90,928,0.21,42.9,18.93,51.65,21.02,44.71,60.0,2.15,3.45,50.28,20.28,53.12,87.58,42.08,18.63,43.77,1.07,43.8,20.12,50.0,0.21,37.5,24.74,0.0,3.34,45.19,22.42,48.38,2.15,51.65,15.74,45.0,0.0,0.0,491.0
4459,28,91,1144,1.31,41.62,17.56,38.16,16.67,42.65,44.53,10.54,3.45,45.64,22.4,61.53,78.56,41.67,17.18,42.61,1.06,34.16,13.57,58.33,0.44,36.79,11.3,60.0,4.51,40.45,18.35,21.56,1.41,55.43,23.18,37.5,0.0,0.0,639.0
4460,28,92,0,0.0,0.0,0.0,0.0,0.0,0.0,0.0,0.0,0.0,0.0,0.0,0.0,0.0,0.0,0.0,0.0,0.0,0.0,0.0,0.0,0.0,0.0,0.0,0.0,0.0,0.0,0.0,0.0,0.0,0.0,0.0,0.0,0.0,0.0,0.0
4461,28,93,894,0.89,41.35,17.28,39.61,17.1,43.62,36.52,18.84,4.85,46.74,18.15,37.2,70.88,41.26,17.21,45.06,1.35,40.66,18.22,91.66,0.33,43.33,7.23,33.33,2.7,45.25,16.42,45.83,1.01,41.11,20.78,44.44,0.0,0.0,510.0
4462,28,94,633,0.15,42.81,17.98,43.17,13.47,40.75,34.78,3.63,1.89,48.25,15.61,41.66,87.34,42.48,18.44,41.48,1.1,46.42,23.5,71.42,0.0,0.0,0.0,0.0,4.74,44.96,12.84,26.66,1.26,45.0,14.89,25.0,0.0,0.0,359.0
4463,28,96,766,0.13,39.88,17.25,41.85,22.87,43.6,52.38,2.74,1.56,47.91,17.62,33.33,90.45,39.68,17.04,43.78,1.04,34.62,13.22,50.0,0.26,33.0,12.72,0.0,2.48,38.94,16.6,26.31,1.43,47.72,22.12,63.63,0.0,0.0,393.0
4464,28,97,713,0.42,39.08,17.03,38.47,15.4,41.65,52.63,2.67,1.4,55.2,14.03,50.0,84.78,39.31,17.03,39.86,5.63,32.82,15.8,60.0,0.14,74.0,0.0,0.0,3.52,35.52,16.15,48.0,1.83,37.76,17.21,30.76,0.0,0.0,318.0
4465,28,98,0,0.0,0.0,0.0,0.0,0.0,0.0,0.0,0.0,0.0,0.0,0.0,0.0,0.0,0.0,0.0,0.0,0.0,0.0,0.0,0.0,0.0,0.0,0.0,0.0,0.0,0.0,0.0,0.0,0.0,0.0,0.0,0.0,0.0,0.0,0.0
4466,28,100,0,0.0,0.0,0.0,0.0,0.0,0.0,0.0,0.0,0.0,0.0,0.0,0.0,0.0,0.0,0.0,0.0,0.0,0.0,0.0,0.0,0.0,0.0,0.0,0.0,0.0,0.0,0.0,0.0,0.0,0.0,0.0,0.0,0.0,0.0,0.0
4467,28,101,959,0.1,42.57,17.83,43.93,20.86,41.91,31.25,1.67,2.29,44.31,20.42,36.36,87.68,42.88,17.82,42.5,3.86,33.51,15.35,48.64,0.1,53.0,0.0,0.0,3.02,40.44,16.6,37.93,1.35,48.0,15.58,23.07,0.0,0.0,525.0
4468,28,102,843,0.11,42.32,17.8,31.87,17.09,40.92,12.5,0.95,1.42,44.91,24.72,33.33,87.52,42.68,17.89,41.24,7.24,37.39,15.37,45.9,0.23,35.5,14.84,0.0,1.78,47.46,15.05,40.0,0.83,44.0,17.03,14.28,0.0,0.0,469.0
4469,28,103,665,0.0,43.55,17.67,45.7,15.69,41.2,40.0,1.5,0.9,55.0,16.73,50.0,90.37,43.7,17.73,40.59,4.81,37.75,14.5,56.25,0.15,24.0,0.0,100.0,0.9,37.16,16.78,33.33,1.35,50.77,22.73,22.22,0.0,0.0,363.0
4470,28,104,630,0.31,40.94,19.43,28.77,17.16,41.9,55.55,1.43,0.95,30.0,17.69,50.0,92.03,41.83,19.26,41.52,2.86,25.27,9.78,50.0,0.31,45.5,2.12,50.0,1.43,46.11,23.26,22.22,0.95,32.0,27.93,33.33,0.0,0.0,312.0
4471,28,105,749,0.4,41.05,17.9,42.76,17.73,43.52,35.29,2.27,2.41,43.77,21.67,33.33,89.54,40.69,17.86,44.16,0.8,40.0,5.51,66.66,0.26,29.0,1.41,50.0,3.35,44.92,16.05,40.0,1.34,50.9,24.82,30.0,0.0,0.0,387.0
4472,28,106,863,0.34,40.66,17.37,39.15,20.16,41.59,36.84,2.2,2.67,48.91,17.35,34.78,88.13,40.69,17.45,42.48,2.67,38.47,12.66,56.52,0.11,33.0,0.0,0.0,3.6,36.25,13.49,19.35,0.58,40.0,29.35,40.0,0.0,0.0,440.0
4473,28,107,0,0.0,0.0,0.0,0.0,0.0,0.0,0.0,0.0,0.0,0.0,0.0,0.0,0.0,0.0,0.0,0.0,0.0,0.0,0.0,0.0,0.0,0.0,0.0,0.0,0.0,0.0,0.0,0.0,0.0,0.0,0.0,0.0,0.0,0.0,0.0
4474,28,108,546,0.36,39.8,18.25,46.93,20.34,43.58,37.5,2.94,3.3,58.61,16.7,38.88,88.6,38.86,17.66,43.77,2.2,39.91,16.28,75.0,0.0,0.0,0.0,0.0,2.02,31.63,16.01,36.36,0.91,50.0,35.44,20.0,0.0,0.0,283.0
4475,28,109,431,0.23,39.87,17.39,41.81,22.52,45.24,54.54,2.55,4.41,43.1,18.13,31.57,87.67,39.54,17.21,46.68,0.93,33.5,10.37,50.0,0.23,68.0,0.0,0.0,2.55,40.72,15.67,18.18,1.62,45.28,23.94,42.85,0.0,0.0,237.0
4476,28,110,444,0.0,42.74,16.35,41.25,11.23,41.21,75.0,0.9,6.53,52.82,17.45,31.03,85.81,41.99,16.27,41.2,1.12,37.2,13.31,100.0,0.45,51.0,11.31,50.0,3.82,38.88,10.53,35.29,1.35,55.5,17.62,33.33,0.0,0.0,249.0
4477,28,111,914,0.21,42.56,17.88,48.81,19.71,42.66,54.54,1.2,2.19,58.1,21.19,30.0,86.51,42.19,17.64,43.85,1.64,32.13,7.28,40.0,0.32,49.0,15.13,0.0,6.35,41.05,16.12,32.75,1.64,51.2,21.8,40.0,0.0,0.0,497.0
4478,28,116,0,0.0,0.0,0.0,0.0,0.0,0.0,0.0,0.0,0.0,0.0,0.0,0.0,0.0,0.0,0.0,0.0,0.0,0.0,0.0,0.0,0.0,0.0,0.0,0.0,0.0,0.0,0.0,0.0,0.0,0.0,0.0,0.0,0.0,0.0,0.0
4479,28,118,453,1.32,39.52,16.92,37.7,20.78,40.39,47.05,3.8,4.92,45.22,17.34,31.81,79.19,39.18,16.62,40.67,2.23,28.4,12.13,80.0,0.0,0.0,0.0,0.0,7.38,38.45,17.97,33.33,2.46,47.36,12.41,45.45,0.0,0.0,283.0
4480,28,121,680,0.14,41.17,16.65,47.6,19.47,42.64,80.0,1.47,3.09,51.14,18.26,57.14,89.83,40.76,16.37,41.31,0.58,33.5,7.18,75.0,0.0,0.0,0.0,0.0,3.97,41.11,19.79,40.74,1.03,40.71,15.67,57.14,0.0,0.0,398.0
4481,28,122,643,0.31,39.5,17.01,37.68,17.65,41.21,47.54,9.51,4.99,44.09,20.17,46.87,77.22,38.97,16.42,40.6,1.56,31.0,14.98,70.0,0.62,31.0,35.42,0.0,4.99,47.43,14.59,31.25,1.09,44.14,23.0,28.57,0.0,0.0,375.0
4482,28,123,203,1.47,40.88,16.74,48.5,27.47,42.36,25.0,2.0,4.0,58.0,9.14,50.0,84.5,39.26,15.68,40.23,1.0,39.5,7.77,100.0,0.5,37.0,0.0,0.0,5.0,33.6,18.18,40.0,3.0,61.33,7.06,66.66,0.0,0.0,129.0
4483,28,124,0,0.0,0.0,0.0,0.0,0.0,0.0,0.0,0.0,0.0,0.0,0.0,0.0,0.0,0.0,0.0,0.0,0.0,0.0,0.0,0.0,0.0,0.0,0.0,0.0,0.0,0.0,0.0,0.0,0.0,0.0,0.0,0.0,0.0,0.0,0.0
4484,28,125,833,0.72,41.85,19.16,58.81,23.51,41.29,54.54,1.33,4.47,56.1,21.51,35.13,81.74,40.43,18.75,43.19,2.41,38.79,11.66,45.0,0.12,40.0,0.0,0.0,7.73,40.46,16.09,20.31,2.17,54.88,17.31,38.88,0.0,0.0,492.0
4485,28,126,0,0.0,0.0,0.0,0.0,0.0,0.0,0.0,0.0,0.0,0.0,0.0,0.0,0.0,0.0,0.0,0.0,0.0,0.0,0.0,0.0,0.0,0.0,0.0,0.0,0.0,0.0,0.0,0.0,0.0,0.0,0.0,0.0,0.0,0.0,0.0
4486,28,127,945,0.95,42.9,17.69,46.72,16.8,42.01,47.27,5.87,4.16,55.51,16.29,51.28,77.88,41.63,17.55,42.66,1.49,32.35,11.57,50.0,0.1,54.0,0.0,0.0,9.4,45.44,17.05,31.81,1.06,46.2,14.9,30.0,0.0,0.0,547.0
4487,28,128,928,0.32,39.24,17.89,39.36,19.97,42.99,54.54,2.37,3.56,45.09,21.79,39.39,82.48,38.86,17.39,42.98,1.29,26.08,21.73,58.33,0.1,36.0,0.0,0.0,8.97,41.73,17.4,38.55,1.18,40.9,22.22,54.54,0.0,0.0,525.0
4488,28,129,208,1.44,40.12,18.72,20.66,18.87,44.71,33.33,1.46,5.36,42.45,30.17,54.54,83.41,40.83,17.91,42.69,2.92,35.66,10.87,83.33,0.0,0.0,0.0,0.0,4.39,32.88,25.15,33.33,2.43,39.79,3.89,40.0,0.0,0.0,132.0
4489,28,132,482,1.03,39.7,16.49,31.85,25.04,41.49,57.14,1.46,3.35,40.0,16.4,50.0,88.88,39.37,16.41,42.21,1.04,36.0,10.02,20.0,0.0,0.0,0.0,0.0,2.93,41.42,13.26,21.42,2.3,51.9,11.71,18.18,0.0,0.0,248.0
4490,28,133,0,0.0,0.0,0.0,0.0,0.0,0.0,0.0,0.0,0.0,0.0,0.0,0.0,0.0,0.0,0.0,0.0,0.0,0.0,0.0,0.0,0.0,0.0,0.0,0.0,0.0,0.0,0.0,0.0,0.0,0.0,0.0,0.0,0.0,0.0,0.0
4491,28,134,486,1.02,42.12,17.89,50.72,13.4,46.91,81.81,2.28,3.74,52.33,19.92,44.44,84.82,40.62,17.21,45.83,0.83,43.25,17.96,75.0,0.0,0.0,0.0,0.0,6.44,48.0,19.34,41.93,1.87,48.0,24.85,44.44,0.0,0.0,275.0
4492,28,135,0,0.0,0.0,0.0,0.0,0.0,0.0,0.0,0.0,0.0,0.0,0.0,0.0,0.0,0.0,0.0,0.0,0.0,0.0,0.0,0.0,0.0,0.0,0.0,0.0,0.0,0.0,0.0,0.0,0.0,0.0,0.0,0.0,0.0,0.0,0.0
4493,28,136,796,0.87,42.79,18.13,39.57,19.77,40.95,45.71,4.43,3.67,51.17,20.88,58.62,81.74,42.5,18.31,40.62,1.9,36.73,10.78,40.0,0.76,43.0,11.08,16.66,6.21,44.97,12.72,26.53,1.26,47.0,21.81,80.0,0.0,0.0,428.0
4494,28,137,0,0.0,0.0,0.0,0.0,0.0,0.0,0.0,0.0,0.0,0.0,0.0,0.0,0.0,0.0,0.0,0.0,0.0,0.0,0.0,0.0,0.0,0.0,0.0,0.0,0.0,0.0,0.0,0.0,0.0,0.0,0.0,0.0,0.0,0.0,0.0
4495,28,139,762,0.52,40.45,18.71,39.58,15.48,41.46,45.83,3.16,5.54,54.0,18.39,45.23,83.5,39.59,18.28,41.23,1.45,29.81,18.92,72.72,0.26,38.5,2.12,0.0,5.01,39.23,22.07,28.94,1.05,46.75,10.01,37.5,0.0,0.0,448.0
4496,28,140,705,0.85,42.56,17.7,52.66,12.41,43.12,58.33,1.71,3.86,50.18,21.21,40.74,85.69,41.17,17.2,42.4,1.71,38.16,10.45,83.33,0.0,0.0,0.0,0.0,6.0,49.0,17.54,30.95,1.0,65.28,19.47,85.71,0.0,0.0,396.0
4497,28,142,0,0.0,0.0,0.0,0.0,0.0,0.0,0.0,0.0,0.0,0.0,0.0,0.0,0.0,0.0,0.0,0.0,0.0,0.0,0.0,0.0,0.0,0.0,0.0,0.0,0.0,0.0,0.0,0.0,0.0,0.0,0.0,0.0,0.0,0.0,0.0
4498,28,144,727,0.41,43.83,18.19,53.84,20.02,38.51,46.15,1.79,4.41,50.31,22.45,40.62,81.9,42.74,17.53,38.78,2.07,44.93,13.54,46.66,1.24,51.11,23.72,22.22,7.32,44.56,16.67,37.73,1.24,52.66,31.75,22.22,0.0,0.0,446.0
4499,28,145,193,0.0,39.14,15.65,35.0,15.55,40.93,50.0,1.03,6.73,56.3,11.04,46.15,85.49,38.09,15.18,41.21,2.59,33.0,7.41,60.0,0.51,44.0,0.0,0.0,3.1,31.33,18.79,0.0,0.51,70.0,0.0,100.0,0.0,0.0,93.0
4500,28,146,746,0.4,42.22,19.23,46.58,16.0,42.62,35.29,2.28,3.36,48.04,21.52,44.0,82.5,41.17,18.89,40.61,2.82,35.9,12.44,76.19,0.0,0.0,0.0,0.0,6.59,47.16,20.41,46.93,2.42,57.16,22.31,66.66,0.0,0.0,453.0
4501,28,147,687,1.01,42.58,19.66,53.42,19.3,41.77,52.63,2.79,2.79,55.21,15.77,57.89,81.17,40.91,19.21,40.39,0.88,26.5,13.47,66.66,0.44,51.66,24.66,33.33,9.41,46.03,18.74,43.75,2.5,56.17,21.74,41.17,0.0,0.0,423.0
4502,28,148,0,0.0,0.0,0.0,0.0,0.0,0.0,0.0,0.0,0.0,0.0,0.0,0.0,0.0,0.0,0.0,0.0,0.0,0.0,0.0,0.0,0.0,0.0,0.0,0.0,0.0,0.0,0.0,0.0,0.0,0.0,0.0,0.0,0.0,0.0,0.0
4503,28,150,535,1.49,42.63,18.01,44.8,14.79,43.73,45.0,3.79,6.83,49.08,18.67,38.88,79.12,41.58,17.77,43.16,2.65,29.14,18.9,57.14,0.94,50.2,15.22,40.0,5.12,47.03,14.64,44.44,1.51,55.87,10.32,62.5,0.0,0.0,288.0
4504,28,152,746,0.67,41.91,18.35,41.86,17.59,40.48,33.33,2.02,4.58,44.23,12.55,47.05,80.97,41.79,18.3,40.83,1.34,25.2,18.27,60.0,0.13,37.0,0.0,0.0,8.77,40.1,18.9,29.23,2.15,50.18,16.38,62.5,0.0,0.0,405.0
4505,28,155,311,0.64,42.12,17.65,55.5,14.39,42.76,83.33,1.94,6.14,50.05,9.81,42.1,83.81,40.95,17.93,42.08,1.29,36.5,15.15,100.0,0.0,0.0,0.0,0.0,4.85,39.4,16.82,20.0,1.94,54.0,8.46,50.0,0.0,0.0,189.0
4506,28,156,667,1.04,41.78,17.55,40.44,18.93,43.92,44.44,2.72,5.6,51.83,17.61,37.83,78.03,41.38,17.4,45.43,2.42,33.56,11.18,50.0,0.15,72.0,0.0,100.0,9.54,40.11,17.85,33.33,1.51,49.2,11.29,50.0,0.0,0.0,383.0
4507,28,157,711,1.4,41.51,18.27,37.46,17.74,41.2,48.78,5.84,2.42,51.52,16.66,52.94,81.16,41.05,17.63,40.42,2.28,34.06,17.42,56.25,0.71,46.2,20.84,20.0,6.27,41.72,19.78,31.81,1.28,56.55,23.06,66.66,0.0,0.0,404.0
4508,28,158,0,0.0,0.0,0.0,0.0,0.0,0.0,0.0,0.0,0.0,0.0,0.0,0.0,0.0,0.0,0.0,0.0,0.0,0.0,0.0,0.0,0.0,0.0,0.0,0.0,0.0,0.0,0.0,0.0,0.0,0.0,0.0,0.0,0.0,0.0,0.0
4509,28,159,0,0.0,0.0,0.0,0.0,0.0,0.0,0.0,0.0,0.0,0.0,0.0,0.0,0.0,0.0,0.0,0.0,0.0,0.0,0.0,0.0,0.0,0.0,0.0,0.0,0.0,0.0,0.0,0.0,0.0,0.0,0.0,0.0,0.0,0.0,0.0
4510,28,160,531,0.75,43.88,17.8,42.83,18.75,41.05,50.0,1.13,2.84,55.93,15.22,53.33,85.0,43.39,17.58,41.07,1.51,43.0,20.15,50.0,0.0,0.0,0.0,0.0,7.4,41.71,16.88,38.46,2.08,54.81,18.1,27.27,0.0,0.0,276.0
4511,28,161,476,0.42,39.76,16.9,34.79,13.28,41.8,30.0,2.1,1.47,44.42,27.44,42.85,85.02,38.94,16.84,42.18,1.05,44.4,14.63,60.0,0.63,36.0,14.0,0.0,6.75,44.81,15.65,40.62,2.95,50.71,14.85,42.85,0.0,0.0,254.0
4512,28,162,126,0.79,38.51,15.9,40.5,9.19,38.09,100.0,1.6,6.4,37.62,19.37,0.0,84.8,38.35,15.59,38.67,4.0,29.8,5.67,60.0,0.0,0.0,0.0,0.0,2.4,35.33,8.73,33.33,0.8,77.0,0.0,0.0,0.0,0.0,81.0
4513,28,164,747,0.26,43.46,19.22,50.47,21.17,42.43,36.84,2.55,4.02,51.33,15.83,50.0,83.08,42.82,19.35,42.48,1.34,35.7,14.11,60.0,0.67,62.4,13.04,40.0,7.38,42.54,17.61,32.72,0.8,57.33,19.17,83.33,0.0,0.0,477.0
4514,28,166,597,0.16,42.19,18.9,39.0,35.59,40.53,40.0,0.83,3.69,53.04,20.57,54.54,86.07,41.34,18.49,40.15,1.84,43.9,18.92,54.54,0.16,28.0,0.0,0.0,5.53,48.6,16.48,36.36,1.84,38.18,22.66,27.27,0.0,0.0,332.0
4515,28,167,526,0.95,42.17,17.82,44.9,14.53,43.15,81.81,2.11,6.52,50.23,14.85,35.29,77.92,41.13,17.76,43.1,2.87,40.13,14.4,53.33,0.57,40.0,14.42,33.33,7.86,41.12,18.29,31.7,2.11,45.63,20.97,54.54,0.0,0.0,268.0
4516,28,168,169,0.0,41.65,17.28,58.33,20.42,39.05,33.33,1.77,6.5,56.54,18.17,27.27,80.47,39.8,16.97,41.17,1.18,42.0,5.65,100.0,0.0,0.0,0.0,0.0,8.28,42.14,12.96,21.42,1.77,51.66,21.22,33.33,0.0,0.0,102.0
4517,28,169,0,0.0,0.0,0.0,0.0,0.0,0.0,0.0,0.0,0.0,0.0,0.0,0.0,0.0,0.0,0.0,0.0,0.0,0.0,0.0,0.0,0.0,0.0,0.0,0.0,0.0,0.0,0.0,0.0,0.0,0.0,0.0,0.0,0.0,0.0,0.0
4518,28,171,343,0.58,41.26,18.16,51.0,18.54,41.1,50.0,1.75,6.15,51.71,17.1,42.85,83.87,40.32,18.12,40.9,1.75,27.83,14.1,66.66,0.0,0.0,0.0,0.0,5.57,44.05,16.76,31.57,0.87,56.66,11.71,33.33,0.0,0.0,191.0
4519,28,174,0,0.0,0.0,0.0,0.0,0.0,0.0,0.0,0.0,0.0,0.0,0.0,0.0,0.0,0.0,0.0,0.0,0.0,0.0,0.0,0.0,0.0,0.0,0.0,0.0,0.0,0.0,0.0,0.0,0.0,0.0,0.0,0.0,0.0,0.0,0.0
4520,28,178,0,0.0,0.0,0.0,0.0,0.0,0.0,0.0,0.0,0.0,0.0,0.0,0.0,0.0,0.0,0.0,0.0,0.0,0.0,0.0,0.0,0.0,0.0,0.0,0.0,0.0,0.0,0.0,0.0,0.0,0.0,0.0,0.0,0.0,0.0,0.0
4521,28,183,0,0.0,0.0,0.0,0.0,0.0,0.0,0.0,0.0,0.0,0.0,0.0,0.0,0.0,0.0,0.0,0.0,0.0,0.0,0.0,0.0,0.0,0.0,0.0,0.0,0.0,0.0,0.0,0.0,0.0,0.0,0.0,0.0,0.0,0.0,0.0
4522,28,189,634,0.63,40.24,18.43,34.66,24.67,42.27,33.33,1.42,5.71,54.58,14.86,38.88,79.2,38.76,18.38,43.48,3.65,42.0,13.96,60.86,0.15,60.0,0.0,0.0,7.46,39.87,17.08,36.17,2.38,52.6,17.03,6.66,0.0,0.0,369.0
4523,28,192,759,0.26,41.3,18.89,37.09,17.84,41.89,63.63,1.45,3.56,51.25,18.77,51.85,87.84,41.12,18.63,41.2,1.45,28.72,16.67,54.54,0.0,0.0,0.0,0.0,3.96,40.96,22.06,26.66,1.71,41.84,18.6,61.53,0.0,0.0,462.0
4524,28,194,0,0.0,0.0,0.0,0.0,0.0,0.0,0.0,0.0,0.0,0.0,0.0,0.0,0.0,0.0,0.0,0.0,0.0,0.0,0.0,0.0,0.0,0.0,0.0,0.0,0.0,0.0,0.0,0.0,0.0,0.0,0.0,0.0,0.0,0.0,0.0
4525,28,196,0,0.0,0.0,0.0,0.0,0.0,0.0,0.0,0.0,0.0,0.0,0.0,0.0,0.0,0.0,0.0,0.0,0.0,0.0,0.0,0.0,0.0,0.0,0.0,0.0,0.0,0.0,0.0,0.0,0.0,0.0,0.0,0.0,0.0,0.0,0.0
4526,28,197,0,0.0,0.0,0.0,0.0,0.0,0.0,0.0,0.0,0.0,0.0,0.0,0.0,0.0,0.0,0.0,0.0,0.0,0.0,0.0,0.0,0.0,0.0,0.0,0.0,0.0,0.0,0.0,0.0,0.0,0.0,0.0,0.0,0.0,0.0,0.0
4527,28,199,0,0.0,0.0,0.0,0.0,0.0,0.0,0.0,0.0,0.0,0.0,0.0,0.0,0.0,0.0,0.0,0.0,0.0,0.0,0.0,0.0,0.0,0.0,0.0,0.0,0.0,0.0,0.0,0.0,0.0,0.0,0.0,0.0,0.0,0.0,0.0
4528,28,200,0,0.0,0.0,0.0,0.0,0.0,0.0,0.0,0.0,0.0,0.0,0.0,0.0,0.0,0.0,0.0,0.0,0.0,0.0,0.0,0.0,0.0,0.0,0.0,0.0,0.0,0.0,0.0,0.0,0.0,0.0,0.0,0.0,0.0,0.0,0.0
4529,28,209,0,0.0,0.0,0.0,0.0,0.0,0.0,0.0,0.0,0.0,0.0,0.0,0.0,0.0,0.0,0.0,0.0,0.0,0.0,0.0,0.0,0.0,0.0,0.0,0.0,0.0,0.0,0.0,0.0,0.0,0.0,0.0,0.0,0.0,0.0,0.0
4530,28,211,0,0.0,0.0,0.0,0.0,0.0,0.0,0.0,0.0,0.0,0.0,0.0,0.0,0.0,0.0,0.0,0.0,0.0,0.0,0.0,0.0,0.0,0.0,0.0,0.0,0.0,0.0,0.0,0.0,0.0,0.0,0.0,0.0,0.0,0.0,0.0
4531,28,214,757,0.26,41.31,18.66,49.26,14.68,39.76,53.33,1.98,3.17,56.83,17.92,45.83,87.81,40.29,18.6,39.51,1.05,29.5,18.89,87.5,0.13,37.0,0.0,100.0,4.76,45.55,12.1,22.22,1.05,49.37,25.47,50.0,0.0,0.0,409.0
4532,28,216,0,0.0,0.0,0.0,0.0,0.0,0.0,0.0,0.0,0.0,0.0,0.0,0.0,0.0,0.0,0.0,0.0,0.0,0.0,0.0,0.0,0.0,0.0,0.0,0.0,0.0,0.0,0.0,0.0,0.0,0.0,0.0,0.0,0.0,0.0,0.0
4533,28,218,0,0.0,0.0,0.0,0.0,0.0,0.0,0.0,0.0,0.0,0.0,0.0,0.0,0.0,0.0,0.0,0.0,0.0,0.0,0.0,0.0,0.0,0.0,0.0,0.0,0.0,0.0,0.0,0.0,0.0,0.0,0.0,0.0,0.0,0.0,0.0
4534,28,223,616,1.13,40.68,18.66,42.2,17.57,44.8,30.0,1.64,5.25,56.03,16.85,59.37,81.77,39.1,18.19,44.17,2.29,34.07,13.2,71.42,0.49,41.33,13.57,66.66,6.73,42.58,19.47,29.26,1.8,53.63,23.29,54.54,0.0,0.0,356.0
4535,29,4,1002,0.89,44.19,18.57,42.25,17.38,39.02,41.66,2.41,4.02,45.75,20.33,37.5,84.79,43.92,18.51,39.9,2.21,40.18,15.48,40.9,0.3,53.66,33.5,0.0,4.43,46.4,17.55,27.27,1.81,47.44,17.86,33.33,0.0,21.96,622.0
4536,29,9,855,1.52,41.89,18.38,37.51,17.28,40.7,41.07,6.65,4.51,50.89,19.61,44.73,83.01,41.39,18.3,40.34,1.06,47.44,13.16,88.88,0.0,0.0,0.0,0.0,3.56,43.83,16.87,40.0,1.18,41.8,19.27,30.0,0.0,40.58,419.0
4537,29,15,496,0.2,40.86,16.97,39.5,28.44,44.55,16.66,1.21,1.81,47.88,15.51,66.66,89.09,40.65,16.78,44.44,1.21,27.33,16.63,66.66,0.0,0.0,0.0,0.0,5.65,42.03,15.96,35.71,1.01,60.0,14.14,60.0,0.0,25.52,278.0
4538,29,unclear,1144,1.39,43.46,16.62,43.76,14.67,44.14,47.05,1.5,0.0,0.0,0.0,0.0,94.06,43.35,16.58,45.05,0.7,30.25,7.12,50.0,0.08,44.0,0.0,0.0,1.86,38.71,15.56,19.04,1.77,58.0,18.39,40.0,,,
4539,29,48,930,0.43,40.78,17.52,37.19,12.9,41.72,38.7,3.34,2.8,47.23,14.77,53.84,89.41,40.36,17.67,41.42,0.64,48.0,21.85,50.0,0.1,38.0,0.0,100.0,2.59,42.08,16.51,33.33,0.97,52.0,13.73,44.44,0.0,48.44,405.0
4540,29,58,706,0.14,42.27,18.59,44.61,24.16,40.65,16.66,2.55,2.26,61.93,18.46,37.5,85.95,41.25,17.95,42.07,1.7,51.58,18.96,66.66,0.28,42.0,21.21,0.0,5.53,40.38,18.55,30.76,1.7,57.75,18.61,16.66,0.0,57.8,404.0
4541,29,60,558,0.53,43.24,17.95,38.87,14.76,44.98,41.46,7.38,4.32,55.0,20.34,54.16,79.81,42.53,17.7,45.37,1.08,39.5,12.17,16.66,0.72,43.5,20.74,50.0,4.14,43.73,18.88,34.78,2.52,54.64,18.54,50.0,0.0,52.99,251.0
4542,29,72,453,2.42,39.96,18.13,40.0,24.47,39.29,66.66,2.03,8.14,41.86,22.78,27.77,72.85,39.58,17.57,40.06,4.97,35.63,18.36,36.36,0.67,41.66,16.19,33.33,8.14,40.97,17.44,30.55,3.16,44.28,20.7,57.14,0.0,70.07,215.0
4543,29,unclear,1378,6.45,40.75,15.3,37.47,14.46,45.21,51.23,15.74,0.0,0.0,0.0,0.0,79.59,40.69,15.19,45.32,0.31,37.25,16.8,50.0,0.38,49.8,20.41,80.0,2.17,38.53,15.21,14.28,1.78,50.52,15.77,34.78,,,
4544,29,75,912,0.65,40.15,16.97,53.23,20.52,42.98,84.61,2.86,3.86,43.0,13.68,34.28,83.22,39.56,16.72,41.9,1.54,36.35,16.26,64.28,0.55,27.4,19.28,40.0,6.4,39.39,15.48,39.65,1.54,50.57,23.78,42.85,0.0,27.73,460.0
4545,29,76,714,0.56,41.45,18.1,36.29,25.9,39.63,40.0,1.4,8.87,48.36,18.69,41.26,82.25,40.64,17.73,40.41,1.4,38.7,15.77,60.0,0.14,43.0,0.0,0.0,4.78,44.73,17.24,14.7,1.12,42.5,21.2,62.5,0.0,51.95,381.0
4546,29,85,831,0.36,40.61,17.04,34.88,7.84,41.03,77.77,1.08,1.93,50.06,18.15,43.75,91.06,40.31,17.17,41.37,1.81,37.86,15.45,46.66,0.72,42.66,10.93,0.0,2.53,45.9,14.09,23.8,0.84,47.14,20.72,42.85,0.0,46.55,436.0
4547,29,88,1146,0.26,42.42,17.19,39.45,14.34,43.89,45.71,3.06,2.53,48.31,17.37,31.03,88.18,42.16,17.0,44.74,1.04,34.25,13.04,50.0,0.17,47.5,3.53,50.0,3.84,42.4,19.37,38.63,1.13,60.07,23.18,15.38,0.0,35.1,612.0
4548,29,95,1207,0.49,42.12,18.34,40.22,16.42,43.33,38.88,2.99,1.66,48.55,17.5,55.0,86.76,42.02,18.02,44.14,1.91,33.65,15.22,56.52,0.0,0.0,0.0,0.0,5.24,44.84,21.64,25.39,1.41,45.64,26.08,35.29,0.0,24.56,672.0
4549,29,96,1098,0.27,41.04,17.38,42.25,21.93,40.25,50.0,2.19,2.92,42.12,17.78,37.5,86.84,41.13,17.54,40.69,2.37,36.46,12.48,50.0,0.27,45.0,6.24,0.0,3.65,37.0,14.15,27.5,1.73,46.42,13.09,31.57,0.0,24.17,625.0
4550,29,97,965,0.62,39.1,17.49,41.15,16.43,41.86,47.36,1.98,2.81,39.03,14.16,29.62,88.11,39.02,17.43,42.48,1.77,28.41,15.54,52.94,0.41,41.5,8.66,25.0,2.6,33.88,17.88,36.0,2.29,50.81,20.42,31.81,0.0,26.27,524.0
4551,29,99,616,0.97,44.95,19.44,47.55,25.9,43.83,66.66,1.47,2.62,57.25,15.25,18.75,87.86,43.81,19.24,44.77,1.96,40.75,19.03,58.33,0.16,57.0,0.0,0.0,4.59,51.96,18.99,32.14,1.31,57.87,17.2,50.0,0.0,61.78,304.0
4552,29,unclear,1273,2.59,43.95,15.8,48.55,16.71,42.02,50.0,3.06,0.0,0.0,0.0,0.0,92.58,43.59,15.78,41.98,1.29,37.12,11.55,62.5,0.24,38.0,26.0,66.66,1.93,40.66,11.98,20.83,0.88,62.72,16.82,54.54,,,
4553,29,unclear,1300,5.61,42.51,14.78,43.02,14.83,43.3,51.85,6.6,0.0,0.0,0.0,0.0,86.79,41.67,14.34,42.25,1.54,35.78,13.55,31.57,0.4,43.8,16.99,60.0,2.28,36.64,11.97,35.71,2.36,54.2,16.25,75.86,,,
4554,29,106,200,0.5,41.05,16.39,50.4,18.03,37.5,40.0,2.51,2.01,47.5,21.36,0.0,85.92,40.54,16.6,39.18,1.5,40.66,18.58,100.0,0.0,0.0,0.0,0.0,6.03,41.91,12.6,16.66,2.01,42.0,17.04,25.0,0.0,29.82,114.0
4555,29,107,607,0.49,42.12,17.62,42.66,27.1,41.51,16.66,0.99,3.31,53.25,14.65,30.0,89.07,41.94,17.16,42.19,0.82,26.4,16.72,40.0,0.16,65.0,0.0,100.0,3.97,41.5,18.14,41.66,1.65,38.4,31.4,40.0,0.0,31.72,349.0
4556,29,108,889,0.44,42.15,17.94,59.0,19.81,42.63,31.25,1.8,3.95,51.94,21.02,45.71,84.74,40.78,17.02,42.93,1.58,42.0,22.34,42.85,0.22,57.5,45.96,0.0,6.32,44.37,19.32,41.07,1.35,56.25,13.83,25.0,0.0,38.26,498.0
4557,29,110,292,0.68,39.62,16.58,67.0,0.0,43.49,100.0,0.34,2.75,48.12,19.17,50.0,88.27,39.1,16.37,43.35,1.72,42.2,20.17,60.0,0.68,46.5,2.12,50.0,3.44,34.7,9.53,30.0,2.75,42.62,22.03,37.5,0.0,37.06,150.0
4558,29,unclear,1213,3.38,42.5,15.71,44.16,17.4,44.68,45.28,4.52,0.0,0.0,0.0,0.0,90.18,42.09,15.61,45.41,1.02,36.25,10.4,50.0,0.34,39.25,18.4,50.0,2.21,41.53,14.22,19.23,1.7,49.9,18.06,55.0,,,
4559,29,114,739,0.27,42.26,19.28,38.71,14.93,44.92,42.37,8.0,2.17,46.12,14.71,50.0,81.27,42.46,19.45,45.74,3.12,41.04,21.46,34.78,0.13,33.0,0.0,100.0,3.93,41.82,19.15,37.93,1.35,54.6,27.95,50.0,0.0,58.55,193.0
4560,29,115,959,0.41,41.97,18.26,37.57,16.49,43.16,36.84,1.98,2.51,46.04,20.55,45.83,88.06,42.04,18.21,43.28,1.67,34.62,17.6,56.25,0.52,44.8,13.66,20.0,3.87,44.1,17.36,35.13,1.36,35.07,22.64,69.23,0.0,33.07,383.0
4561,29,116,974,0.61,41.24,17.74,40.0,12.62,44.96,44.44,1.85,1.65,43.43,18.31,31.25,91.11,41.03,17.67,44.67,1.23,36.83,16.95,75.0,0.1,33.0,0.0,0.0,3.2,44.06,19.65,45.16,0.82,43.0,11.86,50.0,0.0,37.52,529.0
4562,29,117,960,0.0,40.09,17.97,42.16,14.66,34.68,32.0,5.2,1.87,52.33,18.78,22.22,88.02,39.46,17.97,35.38,0.93,38.0,18.56,66.66,0.1,36.0,0.0,0.0,2.39,43.04,19.68,17.39,1.45,51.57,17.94,28.57,0.0,31.28,460.0
4563,29,120,955,1.04,42.29,18.25,40.29,17.91,40.73,37.23,9.94,2.43,53.91,21.5,65.21,80.31,41.96,18.05,40.71,0.74,32.71,9.26,42.85,0.1,0.0,0.0,0.0,4.65,42.75,15.59,27.27,1.79,50.41,21.22,52.94,0.0,39.48,521.0
4564,29,121,874,0.0,44.57,18.75,43.36,21.2,43.02,47.36,2.17,2.4,47.9,22.57,42.85,83.86,44.08,19.1,43.38,2.4,45.09,15.32,61.9,0.11,42.0,0.0,100.0,7.09,47.04,13.94,30.64,1.94,53.41,13.57,41.17,0.0,38.75,454.0
4565,29,122,665,0.3,43.22,19.15,43.66,12.17,42.1,22.22,1.35,2.71,43.61,23.87,33.33,86.12,43.12,19.18,43.6,2.26,34.6,14.0,40.0,0.0,0.0,0.0,0.0,6.18,43.07,19.45,24.39,1.35,57.33,9.3,55.55,0.0,39.32,326.0
4566,29,123,279,1.43,40.03,18.11,55.8,14.95,42.29,80.0,1.81,3.63,43.3,21.6,50.0,86.18,39.28,18.15,42.19,1.45,33.0,5.35,75.0,0.36,42.0,0.0,0.0,5.45,38.2,9.18,6.66,1.09,62.33,14.01,66.66,0.0,36.44,157.0
4567,29,124,901,0.44,44.22,18.92,38.0,10.35,40.62,64.28,1.56,2.45,48.9,19.25,50.0,87.62,44.55,19.02,41.22,0.78,43.14,11.83,57.14,0.55,48.4,8.96,20.0,5.12,35.45,18.76,26.08,1.89,46.7,18.7,23.52,0.0,34.04,515.0
4568,29,126,584,0.17,41.21,19.58,49.71,28.9,41.09,57.14,2.4,1.37,45.37,27.95,62.5,90.05,41.08,19.34,40.76,0.68,44.75,15.73,50.0,0.0,0.0,0.0,0.0,3.6,34.23,10.45,9.52,1.88,45.63,24.15,72.72,0.0,30.72,278.0
4569,29,128,892,0.44,41.34,18.48,41.94,21.09,42.71,58.82,1.91,1.57,50.21,18.87,57.14,89.52,40.94,18.4,42.26,1.35,32.41,13.09,58.33,0.33,39.33,17.89,0.0,3.82,40.41,17.72,32.35,1.46,63.07,8.74,53.84,0.0,47.34,495.0
4570,29,131,648,0.3,39.91,16.71,45.66,14.44,43.05,41.66,1.85,1.85,46.25,16.41,33.33,87.15,39.75,16.31,43.33,2.63,27.29,14.38,35.29,0.0,0.0,0.0,0.0,5.1,37.33,17.38,39.39,1.39,65.11,20.02,66.66,0.0,28.94,329.0
4571,29,132,198,0.0,38.56,16.56,33.0,0.0,42.42,100.0,1.01,2.52,40.6,28.84,60.0,87.87,38.37,16.41,43.1,1.51,22.0,3.46,33.33,0.0,0.0,0.0,0.0,6.56,42.53,12.78,23.07,0.5,70.0,0.0,0.0,0.0,36.12,101.0
4572,29,130,891,0.22,42.93,19.58,45.22,24.89,44.66,57.14,3.93,1.57,46.71,23.97,71.42,87.06,42.39,18.91,44.44,0.89,37.62,22.03,37.5,0.22,55.0,31.11,0.0,4.27,46.94,19.66,34.21,2.02,51.11,29.25,44.44,0.0,43.13,422.0
4573,29,unclear,973,1.43,44.4,15.48,47.22,11.81,44.39,68.18,2.29,0.0,0.0,0.0,0.0,91.86,44.18,15.54,43.92,1.56,40.26,13.71,73.33,0.0,0.0,0.0,0.0,2.5,44.37,12.94,37.5,1.77,54.23,18.77,41.17,,,
4574,29,136,670,0.0,42.78,19.65,46.33,21.44,41.64,47.61,6.26,2.08,52.5,27.56,57.14,84.92,41.97,19.32,40.94,3.28,47.81,20.23,40.9,0.14,38.0,0.0,100.0,1.94,47.84,18.97,46.15,1.34,43.22,14.22,22.22,0.0,61.04,202.0
4575,29,137,253,0.0,41.04,18.43,45.83,11.53,47.03,33.33,2.37,0.79,40.5,7.77,50.0,88.93,41.0,18.97,48.0,2.76,30.14,11.27,42.85,0.0,0.0,0.0,0.0,4.34,46.81,14.04,36.36,0.79,38.5,14.84,50.0,0.0,32.71,153.0
4576,29,138,731,0.0,40.92,16.81,38.55,14.3,44.45,47.29,10.12,2.87,46.95,15.18,52.38,81.12,40.52,17.07,44.85,0.95,37.28,19.18,57.14,0.0,0.0,0.0,0.0,2.87,43.85,12.42,28.57,2.05,57.53,15.03,20.0,0.0,34.2,401.0
4577,29,140,888,0.56,41.42,18.75,39.34,17.9,42.79,38.57,7.92,3.73,49.6,23.24,45.45,82.55,40.87,18.41,43.62,2.03,36.22,17.22,50.0,0.22,36.0,2.82,0.0,2.37,49.19,20.86,33.33,1.13,54.3,16.51,20.0,0.0,44.74,471.0
4578,29,142,573,0.69,42.16,19.75,42.83,18.66,42.75,58.33,2.1,2.63,63.93,18.72,66.66,87.17,41.26,19.62,42.54,2.46,35.85,13.48,50.0,0.0,0.0,0.0,0.0,4.04,41.47,11.7,26.08,1.58,64.22,16.57,33.33,0.0,62.91,305.0
4579,29,145,869,0.92,40.66,17.67,37.95,16.46,43.61,46.8,5.45,2.32,41.65,19.84,45.0,84.66,40.79,17.16,42.93,1.04,42.0,9.17,44.44,0.0,0.0,0.0,0.0,4.64,32.6,20.65,45.0,1.85,49.0,13.65,62.5,0.0,49.56,421.0
4580,29,147,743,0.4,42.4,18.58,51.75,23.69,43.33,75.0,0.54,2.7,56.15,21.08,50.0,89.18,42.03,18.26,42.42,1.35,37.9,19.16,70.0,0.13,0.0,0.0,0.0,5.13,43.42,15.82,44.73,0.94,42.0,25.8,42.85,0.0,52.64,405.0
4581,29,148,575,0.34,41.12,17.91,33.79,3.27,43.3,60.0,0.87,3.49,50.95,14.11,35.0,87.6,40.41,17.91,44.22,1.39,29.87,15.01,75.0,0.0,0.0,0.0,0.0,4.53,48.73,13.15,30.76,2.09,49.25,26.11,25.0,0.0,35.32,323.0
4582,29,150,915,2.18,43.4,18.43,49.72,19.17,40.54,50.0,2.01,6.25,48.51,18.71,35.71,81.45,42.42,17.63,40.87,2.01,37.88,19.8,66.66,0.22,32.0,11.31,0.0,5.92,45.15,23.14,30.18,2.12,51.15,17.73,47.36,0.0,31.4,460.0
4583,29,151,906,0.22,40.82,17.64,42.3,14.18,45.47,38.46,1.43,2.98,50.55,14.39,33.33,89.15,40.16,17.79,46.89,1.65,34.13,13.64,53.33,0.33,57.0,26.96,0.0,2.76,44.32,13.99,20.0,1.65,53.66,14.0,46.66,0.0,28.26,481.0
4584,29,152,761,0.78,40.4,18.31,45.55,17.74,41.52,22.22,1.19,5.03,45.23,21.78,34.21,84.76,39.45,17.67,43.28,1.58,32.66,16.48,66.66,0.13,87.0,0.0,0.0,5.03,46.55,20.61,18.42,2.25,44.58,19.95,47.05,0.0,50.19,372.0
4585,29,155,795,0.12,41.0,18.21,41.2,14.8,41.88,52.0,3.14,1.63,55.84,24.71,38.46,89.42,40.41,18.09,41.97,1.63,38.23,17.69,53.84,0.5,51.0,12.11,0.0,2.77,43.4,16.64,27.27,0.88,64.28,14.72,57.14,0.0,34.56,455.0
4586,29,156,585,1.02,44.01,17.83,45.4,10.9,42.9,70.0,1.72,3.28,51.1,23.64,36.84,87.56,42.68,17.35,43.39,1.38,48.62,24.02,62.5,0.17,44.0,0.0,0.0,3.45,50.0,15.04,30.0,2.41,62.0,12.72,21.42,0.0,33.21,341.0
4587,29,157,952,0.73,40.99,18.01,45.6,14.92,41.07,46.66,1.58,4.76,53.71,19.47,51.11,85.92,39.81,17.51,40.64,1.58,33.66,20.46,46.66,0.0,0.0,0.0,0.0,4.12,43.1,18.0,30.76,2.01,50.68,18.57,47.36,0.0,30.35,513.0
4588,29,158,847,1.41,41.81,18.96,34.18,16.13,42.62,47.91,5.74,3.23,48.18,23.62,44.44,84.91,41.41,18.54,43.15,1.67,39.21,15.34,57.14,0.47,52.25,32.15,25.0,2.51,43.71,18.34,14.28,1.43,57.66,16.25,25.0,0.0,29.59,436.0
4589,29,159,970,0.1,43.2,18.12,54.25,18.14,44.63,50.0,0.82,1.65,54.93,21.91,50.0,90.29,42.58,17.76,45.14,1.54,43.4,20.98,60.0,0.3,53.33,20.79,0.0,4.12,44.07,19.68,35.0,1.23,57.58,17.02,25.0,0.0,31.0,565.0
4590,29,161,530,0.0,40.19,18.22,32.25,23.18,42.07,50.0,0.75,2.07,53.81,13.97,54.54,89.24,39.76,18.16,41.01,1.69,28.77,21.0,66.66,0.56,67.66,12.7,33.33,5.28,43.25,15.15,46.42,0.37,51.0,5.65,50.0,0.0,59.38,213.0
4591,29,unclear,1029,1.36,43.25,15.53,42.78,17.76,46.55,56.52,2.26,0.0,0.0,0.0,0.0,92.01,43.13,15.42,46.78,0.59,31.0,7.12,66.66,0.19,70.5,3.53,50.0,3.84,42.07,13.77,28.2,1.08,53.63,15.52,36.36,,,
4592,29,164,442,0.0,41.57,18.53,42.6,32.58,44.57,100.0,1.13,1.8,41.37,12.35,62.5,89.14,41.81,18.69,44.41,1.35,31.33,8.21,33.33,0.0,0.0,0.0,0.0,5.65,39.6,17.24,32.0,0.9,44.5,12.06,50.0,0.0,32.0,233.0
4593,29,165,880,0.45,43.79,18.3,41.51,19.78,40.0,29.03,3.53,3.42,61.93,15.86,36.66,87.32,42.53,17.66,40.91,1.02,44.11,15.27,66.66,0.0,0.0,0.0,0.0,3.08,46.92,18.69,33.33,1.59,68.42,16.07,28.57,0.0,47.61,507.0
4594,29,167,801,0.37,42.33,18.61,43.25,25.56,40.69,37.5,2.0,5.13,57.39,19.87,46.34,82.2,40.89,17.97,39.32,1.5,38.16,9.25,83.33,0.0,0.0,0.0,0.0,7.51,46.4,18.14,40.0,1.62,43.92,18.24,53.84,0.0,48.85,489.0
4595,29,unclear,1477,2.64,40.52,14.34,42.97,14.57,38.86,46.26,4.65,0.0,0.0,0.0,0.0,89.01,39.92,14.19,38.2,1.11,39.81,13.74,56.25,0.76,47.27,10.47,18.18,3.26,43.85,15.49,31.91,1.18,48.11,15.54,52.94,,,
4596,29,172,608,0.32,42.63,17.83,37.95,16.65,41.11,45.45,3.63,2.97,54.11,18.03,33.33,87.12,42.03,17.64,40.53,0.99,41.33,12.12,33.33,0.33,64.5,36.06,0.0,2.97,46.0,10.23,50.0,1.98,48.0,25.7,66.66,0.0,63.26,315.0
4597,29,179,893,0.11,42.43,17.31,52.71,18.75,42.1,57.14,1.56,1.23,49.72,16.06,54.54,89.46,41.96,17.12,42.1,1.56,42.35,17.52,64.28,0.0,0.0,0.0,0.0,4.03,43.3,15.91,33.33,2.13,47.26,23.91,26.31,0.0,33.35,440.0
4598,29,180,883,0.33,39.72,17.85,39.86,17.56,43.14,60.0,1.7,1.7,50.6,21.68,60.0,91.7,39.48,17.83,42.5,1.36,31.75,8.13,66.66,0.11,57.0,0.0,0.0,2.5,41.81,12.4,31.81,0.9,44.62,29.57,50.0,0.0,27.08,431.0
4599,29,181,856,0.58,44.03,18.18,41.9,24.93,42.75,25.0,2.35,2.46,53.14,21.19,52.38,88.36,43.6,17.61,43.21,1.41,37.5,8.49,58.33,0.35,71.66,2.3,66.66,3.87,43.15,21.82,30.3,1.17,60.0,21.56,40.0,0.0,34.05,462.0
4600,29,182,868,1.38,40.65,17.59,37.92,15.65,42.51,49.23,7.59,3.85,46.93,18.47,48.48,78.73,40.18,17.66,43.17,1.51,35.61,15.08,53.84,0.0,0.0,0.0,0.0,6.42,42.14,17.47,32.72,1.86,56.18,13.93,18.75,0.0,36.64,476.0
4601,29,183,787,0.38,43.45,20.01,46.0,22.22,43.71,50.0,1.53,2.93,51.56,22.55,26.08,83.67,42.59,19.34,44.96,1.78,38.5,19.94,57.14,0.63,47.8,11.88,0.0,8.29,45.86,23.24,33.84,1.14,59.55,23.52,77.77,0.0,38.85,403.0
4602,29,185,719,0.0,42.84,18.82,44.29,13.91,40.19,41.93,4.31,3.47,49.64,19.34,48.0,84.84,41.87,18.74,40.16,1.66,45.91,11.18,83.33,0.55,62.75,22.88,0.0,4.31,47.87,21.49,22.58,0.83,60.33,22.82,33.33,0.0,49.82,411.0
4603,29,186,902,1.1,43.12,19.23,44.66,17.95,42.23,66.66,2.69,2.69,54.87,23.51,54.16,82.51,42.29,18.59,41.71,2.13,34.36,22.68,57.89,0.33,66.33,29.0,33.33,8.07,46.4,18.47,30.55,1.56,57.07,18.22,50.0,0.0,39.05,491.0
4604,29,187,928,0.75,43.25,18.58,48.96,16.95,43.42,50.0,2.82,3.58,46.84,22.84,39.39,85.66,42.42,18.17,43.97,1.62,41.06,14.16,60.0,0.0,0.0,0.0,0.0,5.32,44.51,19.14,24.48,0.86,61.5,17.36,62.5,0.0,30.59,507.0
4605,29,188,670,0.44,42.48,20.03,62.5,22.35,40.14,33.33,0.89,2.69,50.16,20.84,44.44,87.1,42.01,19.93,40.44,2.54,38.29,19.23,47.05,0.29,69.0,15.55,50.0,5.99,44.2,17.96,37.5,0.44,55.33,22.54,0.0,0.0,34.31,420.0
4606,29,190,854,0.11,42.67,18.6,46.66,17.68,42.27,41.66,1.4,3.39,46.2,23.96,31.03,85.58,42.45,18.0,42.73,1.4,36.33,14.82,58.33,0.0,0.0,0.0,0.0,7.26,42.48,22.47,37.09,0.93,51.75,22.39,50.0,0.0,51.53,451.0
4607,29,194,842,0.47,43.77,18.74,42.5,18.82,42.87,75.0,1.43,2.86,62.2,18.54,41.66,87.11,42.65,18.32,42.87,1.07,45.77,9.41,66.66,0.0,0.0,0.0,0.0,6.44,45.09,18.12,31.48,1.07,64.33,18.11,44.44,0.0,33.96,514.0
4608,29,196,252,0.79,43.36,18.56,64.5,27.57,45.63,0.0,0.8,4.0,48.3,21.86,30.0,83.6,42.74,17.52,46.88,0.4,27.0,0.0,0.0,0.0,0.0,0.0,0.0,8.8,43.22,22.25,45.45,2.4,51.5,32.24,33.33,0.0,36.36,147.0
4609,29,197,786,0.25,41.66,21.54,47.22,18.36,39.18,31.81,2.8,3.82,51.2,14.69,43.33,85.96,40.62,21.88,38.87,1.27,51.2,27.07,50.0,0.0,0.0,0.0,0.0,5.1,42.02,15.64,40.0,1.02,61.37,24.51,62.5,0.0,37.11,404.0
4610,29,198,969,0.2,43.65,19.87,47.76,22.07,42.93,52.94,1.75,2.89,52.0,19.97,53.57,84.38,43.16,19.78,42.89,1.03,31.7,24.04,70.0,0.2,50.0,25.45,50.0,9.61,45.35,19.23,35.48,0.1,54.0,0.0,0.0,0.0,42.69,517.0
4611,29,200,314,0.31,42.64,18.63,49.5,28.99,44.58,100.0,0.63,0.31,60.0,0.0,0.0,92.97,42.54,18.53,42.95,1.91,40.0,15.36,83.33,0.0,0.0,0.0,0.0,3.19,39.6,21.87,50.0,0.95,60.66,24.78,66.66,0.0,40.86,160.0
4612,29,204,216,0.46,40.71,18.65,34.0,7.07,41.2,50.0,0.93,1.39,51.0,7.21,33.33,88.37,40.34,19.3,41.57,2.79,41.5,10.59,33.33,0.0,0.0,0.0,0.0,3.72,39.12,12.15,37.5,2.79,50.5,18.2,50.0,0.0,38.1,135.0
4613,29,1,993,0.0,42.32,18.26,47.0,18.74,41.18,42.85,1.4,3.72,43.24,16.72,48.64,88.11,42.04,18.52,41.6,1.2,44.16,14.28,41.66,0.2,26.0,1.41,0.0,3.92,43.41,15.96,33.33,1.4,50.5,13.27,21.42,0.0,0.0,554.0
4614,29,2,0,0.0,0.0,0.0,0.0,0.0,0.0,0.0,0.0,0.0,0.0,0.0,0.0,0.0,0.0,0.0,0.0,0.0,0.0,0.0,0.0,0.0,0.0,0.0,0.0,0.0,0.0,0.0,0.0,0.0,0.0,0.0,0.0,0.0,0.0,0.0
4615,29,3,831,0.24,44.25,19.22,41.28,19.66,38.74,36.0,3.01,3.01,53.56,19.24,40.0,83.59,43.85,19.05,39.82,1.44,41.91,10.7,58.33,0.6,46.0,31.74,20.0,5.91,43.32,17.05,28.57,2.41,51.15,26.34,25.0,0.0,0.0,449.0
4616,29,5,0,0.0,0.0,0.0,0.0,0.0,0.0,0.0,0.0,0.0,0.0,0.0,0.0,0.0,0.0,0.0,0.0,0.0,0.0,0.0,0.0,0.0,0.0,0.0,0.0,0.0,0.0,0.0,0.0,0.0,0.0,0.0,0.0,0.0,0.0,0.0
4617,29,6,0,0.0,0.0,0.0,0.0,0.0,0.0,0.0,0.0,0.0,0.0,0.0,0.0,0.0,0.0,0.0,0.0,0.0,0.0,0.0,0.0,0.0,0.0,0.0,0.0,0.0,0.0,0.0,0.0,0.0,0.0,0.0,0.0,0.0,0.0,0.0
4618,29,7,833,0.6,41.83,17.71,41.91,16.31,42.25,57.14,4.22,5.43,49.2,20.74,33.33,79.95,41.14,17.43,42.14,3.14,39.8,18.95,50.0,0.36,44.0,18.73,33.33,5.07,43.52,18.69,38.09,1.81,47.6,15.67,40.0,0.0,0.0,433.0
4619,29,8,865,0.34,41.62,18.82,40.0,13.82,41.38,65.0,2.32,4.06,44.88,20.02,34.28,83.64,41.38,19.1,41.47,1.27,40.81,8.86,45.45,0.0,0.0,0.0,0.0,5.56,40.18,16.98,31.25,3.13,47.4,19.2,51.85,0.0,0.0,423.0
4620,29,10,864,1.85,38.88,18.1,35.51,17.94,40.16,44.28,8.25,4.71,43.1,19.52,30.0,78.77,39.03,17.88,40.56,2.0,28.23,16.11,52.94,0.7,37.16,24.87,16.66,3.89,37.21,20.31,24.24,1.65,44.42,17.75,57.14,0.0,0.0,421.0
4621,29,11,0,0.0,0.0,0.0,0.0,0.0,0.0,0.0,0.0,0.0,0.0,0.0,0.0,0.0,0.0,0.0,0.0,0.0,0.0,0.0,0.0,0.0,0.0,0.0,0.0,0.0,0.0,0.0,0.0,0.0,0.0,0.0,0.0,0.0,0.0,0.0
4622,29,12,987,1.01,42.17,19.21,39.57,19.73,41.64,36.17,4.81,3.78,54.83,18.17,43.24,82.29,41.38,19.0,42.41,1.84,37.66,13.66,61.11,0.2,63.5,9.19,50.0,6.03,44.4,19.04,30.5,1.02,50.6,22.18,50.0,0.0,0.0,488.0
4623,29,13,857,0.81,40.58,18.97,39.59,19.09,41.3,40.9,7.76,4.35,48.56,24.66,40.54,81.88,40.06,18.46,42.24,0.94,24.87,16.26,50.0,0.11,57.0,0.0,0.0,4.23,43.02,19.28,19.44,0.7,45.0,13.06,66.66,0.0,0.0,471.0
4624,29,14,1090,0.45,43.13,18.55,39.67,18.59,40.73,46.15,4.79,3.13,49.79,18.4,35.29,84.42,42.58,18.4,41.04,1.29,35.21,11.83,64.28,0.18,61.5,2.12,100.0,4.42,45.95,18.31,27.08,1.75,60.47,17.15,31.57,0.0,0.0,614.0
4625,29,16,734,1.08,42.45,17.62,41.89,14.34,41.41,36.84,2.61,3.03,51.27,25.81,45.45,84.15,41.45,17.27,42.38,1.65,37.33,9.32,66.66,0.13,67.0,0.0,100.0,5.23,47.34,14.94,23.68,3.16,51.26,20.42,39.13,0.0,0.0,385.0
4626,29,17,706,1.41,42.59,18.85,37.73,20.03,41.07,46.66,2.15,3.87,47.03,28.08,44.44,81.17,41.28,17.9,41.59,1.14,38.75,7.97,62.5,0.0,0.0,0.0,0.0,9.91,46.42,19.32,26.08,1.58,59.27,17.51,81.81,0.0,0.0,393.0
4627,29,18,0,0.0,0.0,0.0,0.0,0.0,0.0,0.0,0.0,0.0,0.0,0.0,0.0,0.0,0.0,0.0,0.0,0.0,0.0,0.0,0.0,0.0,0.0,0.0,0.0,0.0,0.0,0.0,0.0,0.0,0.0,0.0,0.0,0.0,0.0,0.0
4628,29,19,638,0.78,41.37,18.17,38.84,15.07,38.55,46.15,2.05,3.94,46.12,24.06,40.0,85.78,41.03,17.93,38.67,1.42,39.55,8.24,55.55,0.15,45.0,0.0,0.0,4.26,41.74,18.8,22.22,2.36,42.33,21.97,53.33,0.0,0.0,301.0
4629,29,20,617,2.75,42.85,18.15,37.79,10.46,39.38,46.66,2.5,10.5,46.28,19.02,34.92,75.66,41.64,17.73,40.96,2.83,38.23,11.28,52.94,0.83,35.4,27.04,40.0,4.16,44.52,19.45,12.0,3.5,49.57,16.17,42.85,0.0,0.0,282.0
4630,29,21,1007,0.79,43.3,18.77,39.84,18.84,40.61,44.0,5.0,3.0,51.0,13.56,33.33,79.77,42.94,18.68,41.27,2.0,41.85,16.72,60.0,0.2,59.5,17.67,50.0,7.5,41.29,17.99,28.0,2.5,58.72,19.82,36.0,0.0,0.0,522.0
4631,29,22,996,0.7,42.24,17.98,48.78,15.22,43.07,57.14,1.41,3.13,47.16,22.43,41.93,80.88,41.54,17.91,43.75,2.32,39.95,16.97,65.21,0.2,55.0,7.07,50.0,9.8,42.9,16.31,31.95,2.22,52.5,18.36,40.9,0.0,0.0,537.0
4632,29,23,0,0.0,0.0,0.0,0.0,0.0,0.0,0.0,0.0,0.0,0.0,0.0,0.0,0.0,0.0,0.0,0.0,0.0,0.0,0.0,0.0,0.0,0.0,0.0,0.0,0.0,0.0,0.0,0.0,0.0,0.0,0.0,0.0,0.0,0.0,0.0
4633,29,24,1170,0.76,42.82,17.99,49.72,25.45,45.21,40.9,1.89,3.87,58.8,17.22,55.55,86.3,41.71,17.44,45.3,1.72,45.8,15.3,55.0,0.0,0.0,0.0,0.0,5.25,44.62,16.48,31.14,0.94,50.81,20.14,63.63,0.0,0.0,548.0
4634,29,25,1167,1.19,43.31,18.88,43.16,15.26,42.24,38.88,1.56,3.72,57.6,19.89,44.18,85.94,42.15,18.55,42.88,1.3,38.33,11.99,60.0,0.17,56.5,3.53,0.0,5.46,46.84,16.77,33.33,1.82,47.66,26.68,33.33,0.0,0.0,613.0
4635,29,26,1177,0.25,41.23,19.57,43.9,20.76,41.12,50.0,1.87,2.89,49.55,19.8,32.35,87.9,40.57,19.47,41.86,1.44,36.41,14.83,41.17,0.34,41.5,14.79,0.0,4.77,45.0,19.04,35.71,0.76,61.22,22.74,22.22,0.0,0.0,552.0
4636,29,27,606,0.49,43.65,18.85,36.09,10.24,42.73,63.63,1.82,6.3,54.23,20.43,34.21,83.74,43.49,18.29,43.36,1.99,28.0,18.51,58.33,0.0,0.0,0.0,0.0,5.14,41.58,20.09,32.25,0.99,45.5,24.33,33.33,0.0,0.0,325.0
4637,29,28,578,0.17,39.92,18.27,52.18,16.88,43.25,81.81,1.9,3.98,54.26,15.86,39.13,86.3,39.2,17.8,43.57,1.9,39.36,10.29,63.63,0.51,51.66,32.86,33.33,4.33,35.68,21.19,24.0,1.03,42.33,27.42,16.66,0.0,0.0,287.0
4638,29,29,533,0.56,41.11,17.34,38.5,13.72,44.27,25.0,0.75,3.39,51.88,13.45,22.22,85.47,40.14,16.99,46.13,1.32,49.42,17.36,71.42,0.0,0.0,0.0,0.0,6.6,41.97,17.85,37.14,2.45,52.38,24.42,23.07,0.0,0.0,308.0
4639,29,30,882,0.11,42.84,18.67,44.87,17.09,40.92,50.0,0.9,1.92,48.7,17.05,29.41,85.92,42.49,18.62,41.21,1.92,38.76,10.94,64.7,0.34,48.0,16.82,66.66,7.49,43.81,19.62,33.33,1.47,51.92,25.36,38.46,0.0,0.0,448.0
4640,29,31,831,1.44,42.09,18.1,50.61,15.46,40.07,27.77,2.19,3.9,52.03,17.99,34.37,87.17,41.06,17.91,40.19,1.34,37.72,10.2,63.63,0.73,45.5,23.12,33.33,3.41,40.67,17.0,42.85,1.22,58.8,19.83,50.0,0.0,0.0,445.0
4641,29,32,896,1.67,43.63,20.06,46.73,22.26,39.28,42.1,2.15,1.7,53.46,23.84,26.66,87.17,42.32,19.75,40.88,1.24,49.9,16.65,54.54,0.0,0.0,0.0,0.0,6.01,48.0,18.76,28.3,1.7,62.66,18.66,20.0,0.0,0.0,474.0
4642,29,33,884,1.35,42.96,19.08,43.41,19.93,41.06,47.05,1.94,2.98,50.38,19.8,34.61,83.71,41.92,18.6,41.91,1.94,39.76,17.54,58.82,0.68,69.16,20.32,16.66,6.42,43.92,18.24,33.92,2.29,54.25,19.98,45.0,0.0,0.0,459.0
4643,29,34,0,0.0,0.0,0.0,0.0,0.0,0.0,0.0,0.0,0.0,0.0,0.0,0.0,0.0,0.0,0.0,0.0,0.0,0.0,0.0,0.0,0.0,0.0,0.0,0.0,0.0,0.0,0.0,0.0,0.0,0.0,0.0,0.0,0.0,0.0,0.0
4644,29,35,834,0.83,39.0,17.96,37.28,10.97,41.48,47.36,4.59,5.19,42.9,17.72,46.51,81.49,38.42,17.84,41.24,2.29,43.42,14.6,52.63,0.12,39.0,0.0,100.0,3.38,39.53,22.31,25.0,2.9,44.83,23.64,37.5,0.0,0.0,383.0
4645,29,36,0,0.0,0.0,0.0,0.0,0.0,0.0,0.0,0.0,0.0,0.0,0.0,0.0,0.0,0.0,0.0,0.0,0.0,0.0,0.0,0.0,0.0,0.0,0.0,0.0,0.0,0.0,0.0,0.0,0.0,0.0,0.0,0.0,0.0,0.0,0.0
4646,29,37,671,0.59,41.58,18.12,44.82,14.26,44.56,58.82,2.54,3.59,47.54,19.37,16.66,82.6,40.69,17.64,45.73,0.74,35.79,18.17,40.0,0.14,87.0,0.0,100.0,7.94,43.33,19.19,35.84,2.39,50.5,21.14,56.25,0.0,0.0,360.0
4647,29,38,0,0.0,0.0,0.0,0.0,0.0,0.0,0.0,0.0,0.0,0.0,0.0,0.0,0.0,0.0,0.0,0.0,0.0,0.0,0.0,0.0,0.0,0.0,0.0,0.0,0.0,0.0,0.0,0.0,0.0,0.0,0.0,0.0,0.0,0.0,0.0
4648,29,39,895,1.34,39.71,17.37,48.1,18.78,41.45,52.63,2.15,5.77,44.35,20.81,35.29,82.78,38.74,16.63,41.72,2.03,33.5,13.57,72.22,0.0,0.0,0.0,0.0,4.75,43.69,17.29,26.19,2.49,48.27,25.11,50.0,0.0,0.0,460.0
4649,29,40,942,1.48,41.74,19.05,47.15,16.96,42.35,47.36,2.04,4.09,51.68,21.87,36.84,86.42,40.25,18.35,42.64,0.96,40.77,17.47,55.55,0.0,0.0,0.0,0.0,4.74,47.9,20.01,38.63,1.72,60.25,22.36,50.0,0.0,0.0,533.0
4650,29,41,733,0.54,42.11,17.86,41.3,21.27,41.88,50.0,4.11,2.88,44.8,17.45,52.38,85.18,41.82,17.8,42.19,1.64,33.33,11.27,50.0,0.82,45.16,12.46,33.33,4.66,44.26,15.55,23.52,0.68,48.6,17.72,20.0,0.0,0.0,394.0
4651,29,42,819,0.61,42.09,19.36,44.36,22.29,41.02,54.54,2.7,1.96,55.06,15.47,37.5,83.9,41.59,19.18,41.28,4.79,46.92,15.13,41.02,0.49,58.5,29.76,50.0,4.66,34.78,17.94,34.21,1.47,44.83,19.98,25.0,0.0,0.0,353.0
4652,29,43,693,0.14,42.54,17.75,38.33,10.63,43.72,66.66,1.3,2.6,47.38,16.54,50.0,86.7,42.39,17.58,44.33,1.73,39.5,20.02,58.33,0.43,68.66,11.93,33.33,6.21,41.53,19.97,27.9,1.01,46.71,21.44,28.57,0.0,0.0,409.0
4653,29,44,652,0.3,42.61,18.41,45.5,23.48,41.25,37.5,1.23,2.0,41.92,15.95,30.76,87.07,42.72,18.24,42.57,1.53,33.4,7.94,80.0,0.0,0.0,0.0,0.0,5.84,37.55,20.31,18.42,2.3,55.0,19.61,40.0,0.0,0.0,387.0
4654,29,47,950,0.1,41.13,17.35,44.4,15.75,43.26,45.71,3.68,3.05,44.03,18.12,41.37,86.51,40.62,17.23,43.23,1.26,35.33,12.99,50.0,0.52,41.6,11.1,40.0,3.68,43.97,21.13,34.28,1.26,58.83,10.57,66.66,0.0,0.0,457.0
4655,29,49,896,0.55,42.52,17.96,43.9,21.5,41.07,55.0,2.24,3.92,55.54,19.93,45.71,82.94,41.3,17.38,41.67,1.68,36.26,15.9,60.0,0.44,57.75,7.18,50.0,6.06,45.09,13.02,33.33,2.69,54.41,25.53,12.5,0.0,0.0,447.0
4656,29,50,893,0.89,41.66,17.72,32.3,17.01,41.54,53.84,1.46,2.82,52.84,21.99,32.0,88.47,41.11,17.41,41.25,2.25,45.25,14.14,85.0,0.11,0.0,0.0,0.0,3.5,41.22,15.62,25.8,1.35,57.83,15.9,33.33,0.0,0.0,493.0
4657,29,51,569,0.52,40.28,17.57,44.21,18.24,42.17,50.0,2.47,4.41,49.24,18.63,32.0,85.68,40.18,17.49,42.88,1.59,32.55,9.27,66.66,0.17,44.0,0.0,0.0,4.06,33.26,14.16,30.43,1.59,41.55,17.79,33.33,0.0,0.0,330.0
4658,29,52,0,0.0,0.0,0.0,0.0,0.0,0.0,0.0,0.0,0.0,0.0,0.0,0.0,0.0,0.0,0.0,0.0,0.0,0.0,0.0,0.0,0.0,0.0,0.0,0.0,0.0,0.0,0.0,0.0,0.0,0.0,0.0,0.0,0.0,0.0,0.0
4659,29,53,287,0.69,41.54,17.39,42.0,14.04,44.25,57.14,2.45,2.8,61.12,17.1,62.5,86.31,40.76,16.65,43.9,1.4,22.75,16.43,25.0,0.35,23.0,0.0,0.0,4.56,40.53,17.67,30.76,2.1,55.0,22.55,50.0,0.0,0.0,159.0
4660,29,54,626,0.47,41.36,17.52,53.19,20.91,41.69,38.09,3.37,4.33,51.18,24.12,33.33,85.55,40.33,16.62,43.33,1.12,39.14,13.06,71.42,0.16,44.0,0.0,0.0,4.17,39.57,17.71,23.07,1.28,45.37,22.55,25.0,0.0,0.0,331.0
4661,29,55,564,0.17,43.79,19.26,49.08,25.08,39.71,50.0,2.13,3.37,58.31,21.22,42.1,86.14,43.28,19.12,38.96,1.77,36.5,8.64,80.0,0.17,73.0,0.0,100.0,5.15,42.86,14.27,31.03,1.24,38.14,25.6,42.85,0.0,0.0,313.0
4662,29,56,0,0.0,0.0,0.0,0.0,0.0,0.0,0.0,0.0,0.0,0.0,0.0,0.0,0.0,0.0,0.0,0.0,0.0,0.0,0.0,0.0,0.0,0.0,0.0,0.0,0.0,0.0,0.0,0.0,0.0,0.0,0.0,0.0,0.0,0.0,0.0
4663,29,57,0,0.0,0.0,0.0,0.0,0.0,0.0,0.0,0.0,0.0,0.0,0.0,0.0,0.0,0.0,0.0,0.0,0.0,0.0,0.0,0.0,0.0,0.0,0.0,0.0,0.0,0.0,0.0,0.0,0.0,0.0,0.0,0.0,0.0,0.0,0.0
4664,29,59,612,0.49,40.75,17.41,41.68,17.43,42.48,68.75,2.62,2.46,52.33,25.21,46.66,87.02,40.02,16.97,40.75,2.13,38.38,14.68,69.23,0.0,0.0,0.0,0.0,4.1,43.72,16.33,48.0,1.64,55.0,21.31,30.0,0.0,0.0,325.0
4665,29,61,0,0.0,0.0,0.0,0.0,0.0,0.0,0.0,0.0,0.0,0.0,0.0,0.0,0.0,0.0,0.0,0.0,0.0,0.0,0.0,0.0,0.0,0.0,0.0,0.0,0.0,0.0,0.0,0.0,0.0,0.0,0.0,0.0,0.0,0.0,0.0
4666,29,62,1103,0.27,41.06,17.49,39.26,19.76,41.61,50.0,3.09,2.45,49.66,16.23,44.44,84.45,40.33,17.52,41.98,1.27,42.42,13.51,50.0,0.27,44.66,13.27,33.33,7.36,45.39,16.23,32.09,1.09,46.66,16.19,41.66,0.0,0.0,577.0
4667,29,63,1018,1.27,42.3,18.01,45.87,20.3,40.47,33.33,3.88,3.88,50.51,22.47,43.58,84.17,41.27,17.58,41.25,1.19,37.83,9.59,75.0,0.79,53.0,15.23,0.0,4.07,43.7,14.59,31.7,1.99,47.6,21.54,40.0,0.0,0.0,543.0
4668,29,64,1091,1.0,43.03,18.57,47.52,21.63,41.15,73.91,2.12,3.33,56.11,23.1,52.77,86.29,41.62,18.16,40.23,1.48,43.06,14.62,81.25,0.55,57.33,13.03,50.0,4.62,48.48,14.6,26.0,1.57,54.05,18.42,35.29,0.0,0.0,619.0
4669,29,65,0,0.0,0.0,0.0,0.0,0.0,0.0,0.0,0.0,0.0,0.0,0.0,0.0,0.0,0.0,0.0,0.0,0.0,0.0,0.0,0.0,0.0,0.0,0.0,0.0,0.0,0.0,0.0,0.0,0.0,0.0,0.0,0.0,0.0,0.0,0.0
4670,29,66,393,1.01,39.52,17.4,44.11,17.25,41.98,11.11,2.31,2.31,46.44,21.54,44.44,85.34,38.69,16.55,44.57,1.79,37.57,23.5,71.42,0.51,45.5,16.26,50.0,4.62,41.38,19.88,16.66,3.08,54.16,17.7,16.66,0.0,0.0,196.0
4671,29,67,1153,0.86,41.01,18.41,50.22,17.59,40.58,44.44,1.57,2.97,47.14,22.33,41.17,88.62,39.92,17.76,40.86,1.48,41.0,17.93,47.05,0.0,0.0,0.0,0.0,3.93,44.4,19.09,26.66,1.39,58.5,21.85,37.5,0.0,0.0,530.0
4672,29,68,0,0.0,0.0,0.0,0.0,0.0,0.0,0.0,0.0,0.0,0.0,0.0,0.0,0.0,0.0,0.0,0.0,0.0,0.0,0.0,0.0,0.0,0.0,0.0,0.0,0.0,0.0,0.0,0.0,0.0,0.0,0.0,0.0,0.0,0.0,0.0
4673,29,69,790,0.37,40.21,17.21,34.47,13.69,42.27,48.0,3.17,3.55,45.78,19.13,46.42,84.11,39.62,16.91,42.14,2.66,37.61,13.9,57.14,0.76,50.16,11.78,50.0,4.32,44.67,17.95,26.47,1.39,55.63,24.87,36.36,0.0,0.0,414.0
4674,29,70,1129,0.44,42.24,18.14,41.54,19.04,43.66,54.54,2.93,3.64,50.12,17.26,36.58,82.65,41.8,18.13,43.91,1.86,40.23,19.95,76.19,0.8,50.0,17.12,33.33,6.49,41.53,16.64,34.24,1.6,45.05,19.87,38.88,0.0,0.0,594.0
4675,29,71,1058,0.37,40.82,17.45,36.25,17.63,41.3,47.22,3.41,4.17,48.27,19.45,45.45,83.68,40.19,16.95,41.15,1.89,36.04,22.66,55.0,0.28,47.0,1.0,33.33,3.79,41.85,13.77,25.0,2.75,53.13,22.22,48.27,0.0,0.0,551.0
4676,29,77,0,0.0,0.0,0.0,0.0,0.0,0.0,0.0,0.0,0.0,0.0,0.0,0.0,0.0,0.0,0.0,0.0,0.0,0.0,0.0,0.0,0.0,0.0,0.0,0.0,0.0,0.0,0.0,0.0,0.0,0.0,0.0,0.0,0.0,0.0,0.0
4677,29,78,1047,0.47,41.47,18.33,52.5,17.23,39.35,40.0,1.91,3.93,48.53,20.95,41.46,84.54,40.68,17.86,39.38,1.72,39.0,14.84,55.55,0.28,40.33,38.21,0.0,5.75,42.4,17.87,33.33,1.82,46.73,25.76,47.36,0.0,0.0,560.0
4678,29,80,0,0.0,0.0,0.0,0.0,0.0,0.0,0.0,0.0,0.0,0.0,0.0,0.0,0.0,0.0,0.0,0.0,0.0,0.0,0.0,0.0,0.0,0.0,0.0,0.0,0.0,0.0,0.0,0.0,0.0,0.0,0.0,0.0,0.0,0.0,0.0
4679,29,81,1022,1.17,41.7,18.14,42.19,16.44,42.07,38.09,6.23,4.35,47.52,17.7,38.63,79.8,40.99,18.28,42.67,1.98,36.29,15.74,55.0,0.19,26.0,2.82,0.0,5.84,44.16,16.55,35.59,1.58,49.68,20.47,50.0,0.0,0.0,566.0
4680,29,82,1112,1.43,40.81,18.66,39.28,19.18,43.34,49.15,5.38,2.91,44.53,26.77,37.5,82.11,40.8,17.8,43.33,1.73,35.0,19.51,73.68,0.18,14.5,20.5,100.0,6.2,38.41,19.98,25.0,1.45,41.81,24.25,50.0,0.0,0.0,641.0
4681,29,83,1150,0.78,40.88,17.96,42.57,17.37,41.47,39.39,2.89,6.39,50.87,21.61,50.68,82.12,40.0,17.02,40.44,1.92,30.95,17.63,68.18,0.26,34.66,1.15,66.66,5.08,42.74,19.79,32.75,1.31,47.66,20.62,40.0,0.0,0.0,636.0
4682,29,84,327,1.22,39.99,18.12,47.5,29.6,41.28,50.0,2.47,3.09,52.0,12.65,50.0,83.28,39.32,17.64,40.89,1.54,32.6,17.41,20.0,0.3,55.0,0.0,0.0,8.04,36.0,17.89,42.3,1.23,53.0,12.19,75.0,0.0,0.0,183.0
4683,29,86,0,0.0,0.0,0.0,0.0,0.0,0.0,0.0,0.0,0.0,0.0,0.0,0.0,0.0,0.0,0.0,0.0,0.0,0.0,0.0,0.0,0.0,0.0,0.0,0.0,0.0,0.0,0.0,0.0,0.0,0.0,0.0,0.0,0.0,0.0,0.0
4684,29,87,0,0.0,0.0,0.0,0.0,0.0,0.0,0.0,0.0,0.0,0.0,0.0,0.0,0.0,0.0,0.0,0.0,0.0,0.0,0.0,0.0,0.0,0.0,0.0,0.0,0.0,0.0,0.0,0.0,0.0,0.0,0.0,0.0,0.0,0.0,0.0
4685,29,89,1073,0.09,41.06,16.88,37.0,16.17,43.7,47.36,1.77,2.7,45.55,20.72,34.48,88.8,40.75,16.64,44.22,1.49,45.06,16.19,43.75,0.27,56.66,25.14,0.0,3.91,40.52,18.6,40.47,1.02,56.0,12.1,45.45,0.0,0.0,615.0
4686,29,90,654,0.91,42.1,16.64,42.6,15.83,42.66,47.82,3.54,2.31,49.2,15.32,46.66,86.41,41.93,16.35,42.14,1.85,37.25,15.69,66.66,0.0,0.0,0.0,0.0,5.4,39.6,20.04,42.85,0.46,48.0,11.0,33.33,0.0,0.0,371.0
4687,29,91,0,0.0,0.0,0.0,0.0,0.0,0.0,0.0,0.0,0.0,0.0,0.0,0.0,0.0,0.0,0.0,0.0,0.0,0.0,0.0,0.0,0.0,0.0,0.0,0.0,0.0,0.0,0.0,0.0,0.0,0.0,0.0,0.0,0.0,0.0,0.0
4688,29,92,0,0.0,0.0,0.0,0.0,0.0,0.0,0.0,0.0,0.0,0.0,0.0,0.0,0.0,0.0,0.0,0.0,0.0,0.0,0.0,0.0,0.0,0.0,0.0,0.0,0.0,0.0,0.0,0.0,0.0,0.0,0.0,0.0,0.0,0.0,0.0
4689,29,93,1199,0.16,42.22,18.0,47.76,23.95,45.28,42.3,2.17,3.0,46.8,18.82,55.55,84.96,41.6,17.7,45.13,1.5,38.72,18.39,66.66,0.08,22.0,0.0,100.0,6.76,44.16,17.22,38.27,1.5,56.55,20.34,44.44,0.0,0.0,621.0
4690,29,100,525,0.38,43.11,18.77,38.62,16.38,45.9,50.0,1.52,1.52,59.12,8.7,25.0,88.91,42.9,18.65,46.45,1.52,30.87,14.58,75.0,0.0,0.0,0.0,0.0,6.11,44.62,18.41,37.5,0.38,36.5,51.61,50.0,0.0,0.0,272.0
4691,29,103,499,0.0,41.73,17.34,39.0,18.35,41.88,47.82,4.6,3.0,51.2,21.3,20.0,84.16,41.41,17.33,42.61,1.8,39.22,8.36,66.66,0.4,38.0,11.31,50.0,5.61,43.46,14.36,28.57,0.4,61.0,36.76,50.0,0.0,0.0,258.0
4692,29,109,797,0.37,40.45,17.34,41.78,15.86,43.28,50.0,1.76,3.14,46.72,23.53,44.0,87.4,40.5,17.05,43.51,2.01,36.87,20.89,56.25,0.25,37.5,0.7,50.0,3.27,37.34,17.39,26.92,2.14,38.82,14.83,47.05,0.0,0.0,412.0
4693,29,113,0,0.0,0.0,0.0,0.0,0.0,0.0,0.0,0.0,0.0,0.0,0.0,0.0,0.0,0.0,0.0,0.0,0.0,0.0,0.0,0.0,0.0,0.0,0.0,0.0,0.0,0.0,0.0,0.0,0.0,0.0,0.0,0.0,0.0,0.0,0.0
4694,29,118,0,0.0,0.0,0.0,0.0,0.0,0.0,0.0,0.0,0.0,0.0,0.0,0.0,0.0,0.0,0.0,0.0,0.0,0.0,0.0,0.0,0.0,0.0,0.0,0.0,0.0,0.0,0.0,0.0,0.0,0.0,0.0,0.0,0.0,0.0,0.0
4695,29,119,0,0.0,0.0,0.0,0.0,0.0,0.0,0.0,0.0,0.0,0.0,0.0,0.0,0.0,0.0,0.0,0.0,0.0,0.0,0.0,0.0,0.0,0.0,0.0,0.0,0.0,0.0,0.0,0.0,0.0,0.0,0.0,0.0,0.0,0.0,0.0
4696,29,125,0,0.0,0.0,0.0,0.0,0.0,0.0,0.0,0.0,0.0,0.0,0.0,0.0,0.0,0.0,0.0,0.0,0.0,0.0,0.0,0.0,0.0,0.0,0.0,0.0,0.0,0.0,0.0,0.0,0.0,0.0,0.0,0.0,0.0,0.0,0.0
4697,29,127,800,0.0,42.93,19.13,48.62,19.13,44.87,56.25,2.0,1.5,44.33,19.29,33.33,87.62,42.53,19.1,45.79,1.25,42.3,14.4,60.0,0.0,0.0,0.0,0.0,5.37,46.74,19.97,25.58,2.25,43.94,20.92,44.44,0.0,0.0,402.0
4698,29,129,888,0.33,40.35,19.03,47.46,21.48,41.77,53.84,1.46,1.69,41.4,20.33,6.66,89.37,40.21,18.48,42.35,1.8,40.5,20.67,50.0,0.0,0.0,0.0,0.0,3.84,37.23,24.55,32.35,1.8,49.68,25.23,56.25,0.0,0.0,471.0
4699,29,135,0,0.0,0.0,0.0,0.0,0.0,0.0,0.0,0.0,0.0,0.0,0.0,0.0,0.0,0.0,0.0,0.0,0.0,0.0,0.0,0.0,0.0,0.0,0.0,0.0,0.0,0.0,0.0,0.0,0.0,0.0,0.0,0.0,0.0,0.0,0.0
4700,29,139,911,0.43,42.15,19.26,36.25,14.13,43.9,39.75,9.15,2.86,54.23,24.31,53.84,77.83,42.02,19.23,44.61,1.87,34.58,21.9,47.05,0.11,28.0,0.0,0.0,5.62,47.49,18.24,31.37,2.53,44.82,21.47,47.82,0.0,0.0,473.0
4701,29,141,0,0.0,0.0,0.0,0.0,0.0,0.0,0.0,0.0,0.0,0.0,0.0,0.0,0.0,0.0,0.0,0.0,0.0,0.0,0.0,0.0,0.0,0.0,0.0,0.0,0.0,0.0,0.0,0.0,0.0,0.0,0.0,0.0,0.0,0.0,0.0
4702,29,143,392,0.0,42.6,19.01,40.66,19.42,43.11,33.33,2.29,0.76,65.33,9.29,33.33,88.52,41.98,18.87,42.65,5.1,45.4,19.26,55.0,0.25,66.0,0.0,0.0,1.78,54.71,14.17,57.14,1.27,42.8,28.44,40.0,0.0,0.0,5.0
4703,29,144,421,0.71,40.6,17.05,50.4,20.67,42.99,50.0,2.39,4.3,45.33,18.95,44.44,85.16,40.12,16.68,42.69,2.15,27.55,16.94,44.44,0.0,0.0,0.0,0.0,4.3,41.16,18.03,38.88,1.67,43.28,7.65,42.85,0.0,0.0,230.0
4704,29,146,822,0.6,42.42,17.83,44.0,15.02,42.45,66.66,1.46,2.57,52.19,24.13,57.14,90.33,41.5,17.23,42.27,1.46,54.0,22.27,33.33,0.0,0.0,0.0,0.0,2.93,49.83,20.61,37.5,1.22,49.3,19.51,30.0,0.0,0.0,417.0
4705,29,149,0,0.0,0.0,0.0,0.0,0.0,0.0,0.0,0.0,0.0,0.0,0.0,0.0,0.0,0.0,0.0,0.0,0.0,0.0,0.0,0.0,0.0,0.0,0.0,0.0,0.0,0.0,0.0,0.0,0.0,0.0,0.0,0.0,0.0,0.0,0.0
4706,29,153,776,0.9,40.64,19.15,38.23,14.26,39.43,69.23,1.69,3.64,47.78,20.79,50.0,85.56,39.93,19.12,37.84,1.17,41.33,25.22,77.77,0.13,25.0,0.0,0.0,5.98,43.1,15.44,36.95,1.82,45.07,22.07,50.0,0.0,0.0,344.0
4707,29,154,0,0.0,0.0,0.0,0.0,0.0,0.0,0.0,0.0,0.0,0.0,0.0,0.0,0.0,0.0,0.0,0.0,0.0,0.0,0.0,0.0,0.0,0.0,0.0,0.0,0.0,0.0,0.0,0.0,0.0,0.0,0.0,0.0,0.0,0.0,0.0
4708,29,160,0,0.0,0.0,0.0,0.0,0.0,0.0,0.0,0.0,0.0,0.0,0.0,0.0,0.0,0.0,0.0,0.0,0.0,0.0,0.0,0.0,0.0,0.0,0.0,0.0,0.0,0.0,0.0,0.0,0.0,0.0,0.0,0.0,0.0,0.0,0.0
4709,29,166,857,0.81,42.29,17.97,38.25,18.12,41.19,43.75,1.88,1.76,59.13,13.91,53.33,88.11,41.43,17.76,41.38,0.7,34.66,7.71,83.33,0.11,35.0,0.0,0.0,5.17,45.29,18.35,34.09,2.23,55.21,17.11,36.84,0.0,0.0,467.0
4710,29,168,0,0.0,0.0,0.0,0.0,0.0,0.0,0.0,0.0,0.0,0.0,0.0,0.0,0.0,0.0,0.0,0.0,0.0,0.0,0.0,0.0,0.0,0.0,0.0,0.0,0.0,0.0,0.0,0.0,0.0,0.0,0.0,0.0,0.0,0.0,0.0
4711,29,169,919,0.43,40.73,17.19,40.68,13.64,40.58,36.36,2.4,2.29,54.14,16.55,57.14,88.08,39.8,17.1,40.81,1.09,46.0,12.48,50.0,0.65,60.83,24.26,16.66,4.8,43.06,13.89,29.54,0.65,52.16,17.35,33.33,0.0,0.0,404.0
4712,29,173,913,0.32,41.08,16.8,41.68,11.82,35.59,41.46,4.5,3.62,38.51,21.78,18.18,86.7,40.93,16.46,36.24,0.87,37.75,27.7,12.5,0.65,30.0,10.33,16.66,2.41,48.95,19.66,40.9,1.2,49.0,21.29,45.45,0.0,0.0,419.0
4713,29,174,834,0.23,40.02,16.64,38.67,16.28,28.77,18.36,5.88,3.6,51.16,18.34,36.66,85.45,39.66,16.48,29.81,0.72,43.0,12.71,66.66,0.6,31.4,18.32,20.0,2.4,40.95,18.32,10.0,1.32,41.63,14.81,9.09,0.0,0.0,470.0
4714,29,175,816,0.0,38.51,15.06,41.56,13.67,33.7,28.26,5.63,3.92,45.96,19.4,34.37,85.41,38.03,14.57,34.28,0.61,43.8,7.46,80.0,0.61,35.2,20.69,0.0,2.08,39.94,21.87,17.64,1.71,32.71,18.29,35.71,0.0,0.0,415.0
4715,29,176,821,0.36,39.24,16.21,33.7,16.79,32.15,20.58,4.15,3.17,45.53,19.16,30.76,87.4,38.97,15.9,33.14,0.85,46.57,14.1,42.85,0.85,43.57,8.61,0.0,1.83,45.06,16.04,13.33,1.71,41.14,19.33,35.71,0.0,0.0,395.0
4716,29,177,0,0.0,0.0,0.0,0.0,0.0,0.0,0.0,0.0,0.0,0.0,0.0,0.0,0.0,0.0,0.0,0.0,0.0,0.0,0.0,0.0,0.0,0.0,0.0,0.0,0.0,0.0,0.0,0.0,0.0,0.0,0.0,0.0,0.0,0.0,0.0
4717,29,178,404,1.23,43.58,18.1,47.25,11.25,40.09,75.0,2.0,5.51,54.04,21.22,36.36,85.71,42.7,18.03,39.18,1.75,37.42,9.46,57.14,0.0,0.0,0.0,0.0,3.5,44.85,15.03,28.57,1.5,45.66,25.6,83.33,0.0,0.0,196.0
4718,29,184,572,1.22,43.87,18.84,42.4,24.64,45.97,40.0,0.88,2.65,53.26,23.33,60.0,86.37,43.1,18.17,46.1,2.83,37.12,16.67,43.75,0.17,80.0,0.0,0.0,6.01,47.26,22.65,35.29,1.06,59.0,15.92,83.33,0.0,0.0,268.0
4719,29,189,0,0.0,0.0,0.0,0.0,0.0,0.0,0.0,0.0,0.0,0.0,0.0,0.0,0.0,0.0,0.0,0.0,0.0,0.0,0.0,0.0,0.0,0.0,0.0,0.0,0.0,0.0,0.0,0.0,0.0,0.0,0.0,0.0,0.0,0.0,0.0
4720,29,191,0,0.0,0.0,0.0,0.0,0.0,0.0,0.0,0.0,0.0,0.0,0.0,0.0,0.0,0.0,0.0,0.0,0.0,0.0,0.0,0.0,0.0,0.0,0.0,0.0,0.0,0.0,0.0,0.0,0.0,0.0,0.0,0.0,0.0,0.0,0.0
4721,29,192,839,0.35,43.65,19.49,47.63,18.54,42.31,52.63,2.27,2.27,58.52,18.42,47.36,86.48,43.05,19.54,41.63,0.71,37.83,21.17,66.66,0.11,47.0,0.0,100.0,6.1,40.33,17.15,45.09,2.03,56.35,15.15,41.17,0.0,0.0,477.0
4722,29,193,0,0.0,0.0,0.0,0.0,0.0,0.0,0.0,0.0,0.0,0.0,0.0,0.0,0.0,0.0,0.0,0.0,0.0,0.0,0.0,0.0,0.0,0.0,0.0,0.0,0.0,0.0,0.0,0.0,0.0,0.0,0.0,0.0,0.0,0.0,0.0
4723,29,199,0,0.0,0.0,0.0,0.0,0.0,0.0,0.0,0.0,0.0,0.0,0.0,0.0,0.0,0.0,0.0,0.0,0.0,0.0,0.0,0.0,0.0,0.0,0.0,0.0,0.0,0.0,0.0,0.0,0.0,0.0,0.0,0.0,0.0,0.0,0.0
4724,29,201,904,0.33,42.77,18.76,38.0,20.18,43.47,42.1,2.1,1.88,47.52,15.27,17.64,88.34,42.74,18.78,44.09,0.99,41.0,26.21,66.66,0.0,0.0,0.0,0.0,5.66,41.92,18.53,43.13,0.99,46.22,14.34,33.33,0.0,0.0,520.0
4725,29,202,932,0.32,42.54,19.09,45.43,16.14,41.95,81.25,1.72,1.72,40.18,17.05,31.25,87.29,41.59,19.12,42.29,0.86,39.87,19.94,62.5,0.0,0.0,0.0,0.0,6.88,51.28,15.55,23.43,1.5,51.07,21.85,57.14,0.0,0.0,483.0
4726,29,203,0,0.0,0.0,0.0,0.0,0.0,0.0,0.0,0.0,0.0,0.0,0.0,0.0,0.0,0.0,0.0,0.0,0.0,0.0,0.0,0.0,0.0,0.0,0.0,0.0,0.0,0.0,0.0,0.0,0.0,0.0,0.0,0.0,0.0,0.0,0.0
4727,29,205,0,0.0,0.0,0.0,0.0,0.0,0.0,0.0,0.0,0.0,0.0,0.0,0.0,0.0,0.0,0.0,0.0,0.0,0.0,0.0,0.0,0.0,0.0,0.0,0.0,0.0,0.0,0.0,0.0,0.0,0.0,0.0,0.0,0.0,0.0,0.0
4728,30,30,1188,0.0,42.64,17.8,37.14,13.88,41.07,42.85,2.94,3.03,51.55,16.53,50.0,87.37,42.37,17.95,40.36,1.34,36.62,9.44,81.25,0.58,47.28,18.54,28.57,3.36,46.65,16.31,40.0,1.34,45.93,20.8,31.25,0.0,25.04,706.0
4729,30,31,1205,0.33,41.4,17.18,40.21,14.66,39.33,28.57,1.16,2.33,52.25,12.23,46.42,90.5,40.93,17.23,39.09,1.16,42.5,12.93,57.14,0.91,46.9,15.35,36.36,2.83,43.73,17.91,47.05,1.08,47.23,23.04,15.38,0.0,31.92,693.0
4730,30,32,1119,0.35,41.26,17.98,36.84,10.89,38.96,46.15,1.16,1.79,43.4,21.76,45.0,91.12,41.32,17.71,39.96,1.7,38.89,23.83,31.57,0.35,34.25,26.62,0.0,2.51,36.92,22.96,17.85,1.34,51.33,7.26,13.33,0.0,35.01,493.0
4731,30,34,1060,0.75,40.99,17.82,31.06,16.8,40.18,46.66,1.42,3.04,41.84,17.34,40.62,89.82,40.81,17.87,40.52,0.66,33.28,7.67,57.14,0.09,37.0,0.0,0.0,3.04,45.62,15.78,31.25,1.9,49.85,13.72,35.0,0.0,20.42,638.0
4732,30,41,941,0.63,43.54,19.83,36.9,17.5,40.91,45.0,10.69,4.7,57.25,21.15,25.0,75.4,43.58,19.85,42.12,1.49,37.57,11.09,71.42,0.42,48.0,16.91,50.0,6.2,42.13,18.25,27.58,1.06,48.7,18.17,30.0,0.0,22.61,515.0
4733,30,42,963,0.31,42.28,16.72,40.04,12.79,43.92,39.13,4.79,1.35,53.3,22.58,38.46,85.93,41.99,16.52,44.0,1.04,32.6,13.15,100.0,0.31,35.0,1.0,66.66,4.37,43.71,18.49,28.57,2.18,53.42,19.74,57.14,0.0,25.92,544.0
4734,30,46,710,0.7,44.04,18.99,42.62,16.62,39.85,75.0,1.13,2.83,51.0,19.73,45.0,87.37,43.81,18.89,38.79,1.56,46.9,18.1,54.54,0.0,0.0,0.0,0.0,5.1,42.19,15.08,30.55,1.84,50.0,27.85,61.53,0.0,54.69,367.0
4735,30,59,237,0.0,45.21,18.84,0.0,0.0,37.55,0.0,0.0,9.28,61.72,18.93,45.45,80.16,44.1,17.78,37.36,2.1,42.2,11.03,20.0,0.0,0.0,0.0,0.0,8.01,37.94,22.01,36.84,0.42,46.0,0.0,0.0,0.0,24.03,124.0
4736,30,63,327,0.0,40.9,18.77,50.0,33.94,42.5,50.0,0.61,3.97,44.61,16.34,7.69,89.29,40.84,18.77,44.17,1.83,30.0,5.47,66.66,0.0,0.0,0.0,0.0,3.05,34.6,14.45,40.0,0.91,74.66,17.21,0.0,0.0,26.68,158.0
4737,30,89,958,0.2,43.59,18.46,42.92,15.05,41.64,64.28,1.46,1.98,49.63,18.14,36.84,87.34,43.23,18.41,41.79,1.46,43.71,17.02,50.0,0.0,0.0,0.0,0.0,6.27,43.71,19.81,31.66,1.35,58.0,16.7,46.15,0.0,29.66,486.0
4738,30,105,788,0.5,42.72,18.5,31.33,18.2,41.11,50.0,1.53,14.54,59.31,17.09,39.47,75.76,39.74,16.98,42.25,1.65,37.69,18.45,38.46,0.12,42.0,0.0,100.0,5.1,41.85,16.43,27.5,1.27,48.3,17.77,40.0,0.0,49.71,456.0
4739,30,116,856,0.46,41.61,19.89,42.38,16.89,40.88,40.81,5.75,2.69,53.0,17.97,47.82,86.26,41.36,20.18,41.08,1.64,32.57,21.28,57.14,0.23,39.0,1.41,100.0,2.23,40.21,15.76,26.31,1.17,48.7,17.55,10.0,0.0,46.56,404.0
4740,30,117,978,0.0,42.77,18.24,44.57,17.23,42.02,50.0,1.43,2.86,50.6,17.78,21.42,87.93,42.54,18.32,42.55,1.22,38.16,8.76,66.66,0.1,67.0,0.0,0.0,5.21,42.76,18.55,39.21,1.22,42.0,18.17,33.33,0.0,43.23,489.0
4741,30,119,785,0.5,42.77,18.14,45.08,17.27,40.38,33.33,1.53,2.94,47.26,14.18,26.08,88.09,42.72,18.17,40.98,1.4,34.18,8.18,45.45,0.12,28.0,0.0,0.0,3.96,38.45,16.37,29.03,1.92,52.53,23.19,46.66,0.0,30.09,450.0
4742,30,123,635,0.62,43.25,18.67,40.9,13.96,41.73,50.0,3.16,3.32,50.61,23.47,71.42,86.68,43.1,18.54,40.21,1.42,38.44,12.8,44.44,0.31,60.5,4.94,50.0,3.96,43.64,20.39,40.0,1.1,46.57,26.73,57.14,0.0,60.97,346.0
4743,30,127,418,0.0,46.32,18.77,28.0,32.7,42.1,50.0,0.95,1.67,65.28,13.35,42.85,94.01,46.13,18.34,42.74,0.71,33.66,15.88,66.66,0.0,0.0,0.0,0.0,1.91,47.12,23.93,0.0,0.71,61.0,25.53,33.33,0.0,62.0,248.0
4744,30,132,915,0.43,43.13,18.48,43.0,17.62,40.54,38.88,3.95,3.07,49.46,24.11,46.42,87.15,42.84,18.12,40.55,1.64,35.2,13.05,46.66,0.32,36.33,15.37,66.66,2.74,47.04,20.66,24.0,1.09,45.3,28.22,60.0,0.0,30.62,515.0
4745,30,131,588,0.51,44.73,18.73,39.42,26.66,42.68,66.66,3.58,2.39,46.5,16.07,21.42,86.83,44.71,18.32,41.92,2.56,40.33,19.2,66.66,0.0,0.0,0.0,0.0,2.9,45.52,18.31,29.41,1.7,57.7,19.89,50.0,0.0,52.0,360.0
4746,30,135,812,0.36,45.6,18.98,45.23,15.33,42.11,69.23,1.6,2.22,58.05,15.86,50.0,86.27,45.13,19.12,41.54,0.74,36.5,5.54,50.0,0.0,0.0,0.0,0.0,7.29,44.96,17.49,35.59,1.85,53.8,20.58,53.33,0.0,51.55,484.0
4747,30,139,721,0.13,44.34,18.41,41.0,23.65,40.77,52.63,2.63,2.08,39.26,20.51,60.0,86.66,44.37,18.27,39.74,1.25,33.66,12.37,55.55,0.0,0.0,0.0,0.0,5.41,46.84,16.68,38.46,1.94,53.07,19.99,42.85,0.0,38.05,430.0
4748,30,140,772,0.25,43.96,17.68,41.11,18.86,41.96,44.44,2.33,3.11,48.12,20.93,62.5,85.71,43.68,17.4,41.36,1.16,39.55,8.98,55.55,0.12,55.0,0.0,0.0,6.23,45.72,19.31,29.16,1.29,44.1,18.54,70.0,0.0,30.82,505.0
4749,30,unclear,1084,0.92,44.46,15.67,37.72,16.27,43.54,72.72,1.02,0.0,0.0,0.0,0.0,95.62,44.46,15.65,42.94,0.37,46.25,13.76,50.0,0.09,73.0,0.0,0.0,1.48,41.81,15.37,31.25,1.39,51.8,14.74,80.0,,,
4750,30,144,498,0.8,42.56,17.67,46.42,15.94,39.55,42.85,1.41,3.64,53.05,24.86,38.88,86.23,42.08,17.34,40.37,1.21,53.83,22.46,66.66,0.0,0.0,0.0,0.0,5.26,41.38,17.26,19.23,2.22,37.36,11.98,36.36,0.0,32.7,279.0
4751,30,145,855,0.46,42.78,18.62,41.42,24.92,39.88,57.14,1.64,3.4,53.03,23.57,55.17,88.48,42.41,17.96,38.77,1.88,35.12,15.17,50.0,0.0,0.0,0.0,0.0,3.52,40.76,23.97,33.33,1.05,55.22,15.99,55.55,0.0,33.41,509.0
4752,30,147,945,0.21,43.5,18.99,39.29,19.74,40.42,30.0,3.18,3.49,53.78,24.83,45.45,85.04,43.26,18.52,40.89,2.65,40.88,15.61,56.0,0.1,0.0,0.0,0.0,4.55,40.76,19.1,30.23,0.95,55.22,13.33,11.11,0.0,31.96,556.0
4753,30,148,651,1.22,41.19,19.83,32.88,24.7,40.7,33.33,1.39,3.11,51.75,21.62,55.0,86.78,40.6,19.5,39.96,1.86,32.08,16.99,41.66,0.46,56.66,19.6,66.66,5.13,44.36,18.48,30.3,1.24,45.25,23.74,87.5,0.0,30.74,386.0
4754,30,149,785,0.89,41.28,17.82,42.03,17.64,42.54,50.0,4.11,3.59,47.28,18.26,46.42,81.36,40.49,17.79,42.81,1.54,30.58,15.91,58.33,0.12,40.0,0.0,100.0,7.32,44.14,16.48,26.31,1.92,50.53,17.86,46.66,0.0,35.39,477.0
4755,30,150,821,0.36,42.48,18.92,43.7,23.72,40.19,64.7,2.07,2.68,49.09,20.93,54.54,84.22,42.26,18.83,40.05,2.07,36.94,10.07,41.17,0.0,0.0,0.0,0.0,7.21,43.91,18.74,28.81,1.58,44.3,24.19,46.15,0.0,49.96,446.0
4756,30,151,761,0.65,44.36,19.48,53.12,23.94,38.37,12.5,1.05,3.96,54.93,19.92,53.33,84.92,43.05,19.23,36.44,3.04,40.13,13.02,56.52,0.13,94.0,0.0,100.0,5.15,52.28,17.81,48.71,1.71,57.15,16.13,53.84,0.0,50.8,521.0
4757,30,153,770,0.25,45.62,20.41,57.0,23.44,41.55,47.05,2.21,3.77,62.37,16.56,44.82,87.5,44.71,20.04,42.11,0.78,44.5,16.65,66.66,0.26,14.0,19.79,0.0,4.42,40.91,17.97,20.58,1.04,64.62,24.28,50.0,0.0,42.66,464.0
4758,30,156,871,0.34,43.39,20.06,45.21,19.17,39.49,28.57,1.61,4.49,43.1,20.93,43.58,85.59,43.11,19.82,39.56,1.26,36.72,17.98,54.54,0.11,37.0,0.0,0.0,5.64,47.14,24.65,34.69,1.26,47.9,13.08,45.45,0.0,29.81,561.0
4759,30,154,793,0.12,41.23,19.31,38.11,16.93,41.1,33.33,1.13,1.76,42.78,11.32,35.71,90.4,41.36,19.36,41.48,1.89,40.93,14.89,66.66,0.25,35.5,2.12,0.0,3.4,31.33,20.23,40.74,1.13,63.33,17.45,0.0,0.0,47.76,453.0
4760,30,157,748,0.93,44.07,19.25,40.17,22.31,42.24,58.82,2.29,4.58,60.08,16.73,58.82,82.05,43.24,19.16,42.43,1.61,42.58,12.39,33.33,0.0,0.0,0.0,0.0,8.77,45.1,16.65,27.69,0.67,42.8,24.92,80.0,0.0,32.61,452.0
4761,30,158,752,0.53,44.48,20.78,46.13,20.96,40.02,40.0,2.0,6.14,52.63,19.1,52.17,81.81,43.26,20.66,39.54,2.67,43.7,17.48,45.0,0.4,50.0,19.15,33.33,5.74,49.44,23.07,25.58,1.2,45.77,13.21,88.88,0.0,31.19,445.0
4762,30,159,671,0.89,44.05,21.15,47.16,13.77,39.79,50.0,1.8,3.6,43.95,24.33,45.83,82.85,43.45,21.12,39.2,1.95,34.61,18.83,61.53,0.0,0.0,0.0,0.0,8.72,47.34,17.82,36.2,1.05,62.71,23.07,14.28,0.0,39.0,354.0
4763,30,160,675,0.29,43.69,20.45,41.4,21.21,43.11,60.0,2.22,3.56,55.66,25.98,45.83,85.28,42.97,19.94,42.33,1.48,33.7,19.48,60.0,0.29,89.5,4.94,50.0,5.94,48.35,18.88,32.5,1.18,40.87,11.9,87.5,0.0,38.96,381.0
4764,30,161,671,0.44,45.04,20.6,49.04,16.12,42.32,56.52,3.44,2.99,49.2,25.59,60.0,80.83,44.12,20.86,40.18,1.94,46.23,9.82,76.92,0.44,45.66,2.08,0.0,9.73,48.93,18.13,43.07,0.59,46.75,19.61,75.0,0.0,31.17,435.0
4765,30,162,687,0.29,42.15,20.04,42.15,21.65,40.17,55.0,2.91,3.64,48.76,22.86,44.0,84.08,41.42,19.33,40.97,1.45,43.2,14.71,50.0,0.58,50.75,36.06,0.0,5.1,43.85,23.97,28.57,2.18,49.93,23.7,13.33,0.0,33.36,434.0
4766,30,163,681,0.73,45.34,20.52,45.66,32.92,43.17,66.66,1.33,4.43,53.83,21.44,50.0,84.31,44.07,19.97,41.75,1.92,36.23,9.91,76.92,0.0,0.0,0.0,0.0,6.8,52.28,21.66,43.47,1.18,66.62,17.9,50.0,0.0,33.1,398.0
4767,30,164,800,0.75,44.62,18.69,54.66,24.19,41.87,66.66,0.37,1.88,51.93,22.04,53.33,92.06,44.16,18.78,41.58,0.62,40.0,11.55,80.0,0.25,47.0,1.41,0.0,3.4,46.88,16.47,33.33,1.38,52.54,15.87,45.45,0.0,31.91,425.0
4768,30,165,696,0.43,43.31,18.74,45.55,20.37,42.52,77.77,1.29,3.31,50.47,19.61,56.52,86.58,42.83,18.55,41.16,1.44,39.6,19.51,60.0,0.0,0.0,0.0,0.0,6.34,44.13,19.54,36.36,1.01,49.42,19.69,71.42,0.0,35.73,369.0
4769,30,166,987,1.01,42.09,20.52,49.82,19.13,41.13,58.82,1.74,6.65,54.69,24.5,55.38,81.57,40.58,19.68,40.52,1.63,34.18,12.4,31.25,0.4,55.25,11.87,0.0,6.65,43.15,21.84,38.46,1.33,47.3,22.16,46.15,0.0,43.63,536.0
4770,30,168,467,0.21,46.06,21.52,38.17,23.89,43.89,47.05,3.64,2.14,60.8,20.0,70.0,87.55,45.46,21.4,42.89,0.85,47.5,9.39,75.0,0.0,0.0,0.0,0.0,5.15,54.95,20.54,33.33,0.64,39.66,13.27,100.0,0.0,32.02,288.0
4771,30,169,717,0.83,42.25,19.31,48.0,18.85,42.81,61.53,1.82,2.39,52.52,20.74,58.82,84.38,41.84,19.21,42.5,1.68,33.75,10.07,66.66,0.56,45.5,20.74,25.0,7.87,43.21,19.17,33.92,1.26,37.11,27.67,44.44,0.0,53.28,417.0
4772,30,171,881,0.34,46.17,18.78,42.15,21.95,43.24,61.53,1.48,1.82,59.06,18.17,56.25,86.56,45.47,18.7,43.94,1.93,47.47,17.22,64.7,0.11,77.0,0.0,0.0,6.71,50.42,18.23,18.64,1.36,49.41,18.46,50.0,0.0,46.54,536.0
4773,30,173,673,0.89,43.35,18.85,42.81,25.9,42.19,50.0,2.39,4.49,49.23,21.69,33.33,85.6,42.46,18.41,42.03,1.19,42.5,13.34,87.5,0.0,0.0,0.0,0.0,4.49,44.6,17.13,30.0,1.79,58.5,17.3,50.0,0.0,49.88,384.0
4774,30,175,605,0.33,40.22,18.41,48.22,21.37,42.31,44.44,1.49,1.49,48.66,18.22,55.55,86.56,39.07,17.99,42.52,0.82,40.2,12.93,100.0,0.16,67.0,0.0,100.0,6.63,44.05,18.53,25.0,2.65,58.37,15.2,50.0,0.0,60.76,322.0
4775,30,177,116,0.0,41.57,18.44,66.0,1.41,40.51,50.0,1.72,5.17,55.16,8.23,66.66,82.75,40.83,18.73,38.54,3.44,31.25,4.27,75.0,0.0,0.0,0.0,0.0,6.89,39.37,19.1,25.0,0.0,0.0,0.0,0.0,0.0,35.55,72.0
4776,30,unclear,1285,2.02,43.14,15.78,48.64,16.83,44.12,45.94,2.93,0.0,0.0,0.0,0.0,91.81,42.83,15.77,44.11,0.55,46.0,2.82,42.85,0.15,45.5,19.09,50.0,3.09,41.38,14.92,35.89,1.42,47.05,15.87,72.22,,,
4777,30,180,764,0.13,43.28,18.98,37.0,16.27,42.67,47.05,2.22,2.75,56.33,18.47,71.42,88.33,42.87,19.08,41.24,1.17,33.55,11.34,66.66,0.0,0.0,0.0,0.0,4.32,43.9,14.98,36.36,1.17,58.55,15.63,77.77,0.0,30.6,418.0
4778,30,181,675,0.29,45.23,19.97,38.4,18.31,40.14,60.0,0.74,1.48,49.3,23.06,50.0,91.38,45.13,20.07,40.16,1.04,36.14,9.99,57.14,0.0,0.0,0.0,0.0,3.86,48.8,17.31,30.76,1.48,49.7,19.17,30.0,0.0,32.36,356.0
4779,30,182,825,0.12,42.8,18.54,40.26,18.25,42.06,65.21,2.79,2.79,43.21,22.03,52.17,85.92,42.6,18.4,40.25,2.3,38.15,15.14,78.94,0.0,0.0,0.0,0.0,4.97,46.39,20.36,31.7,1.21,56.1,15.83,70.0,0.0,34.26,480.0
4780,30,183,671,0.14,41.86,17.74,41.75,14.12,42.77,50.0,1.19,2.98,46.85,21.82,50.0,88.2,41.61,17.34,42.47,0.89,33.5,32.69,50.0,0.14,75.0,0.0,100.0,5.52,41.43,17.78,35.13,1.04,46.85,15.65,57.14,0.0,36.63,368.0
4781,30,185,538,0.0,43.67,18.3,48.37,20.24,46.09,75.0,1.48,2.78,43.66,16.0,53.33,88.47,43.1,17.97,45.37,1.3,42.85,16.57,71.42,0.0,0.0,0.0,0.0,4.64,51.96,24.89,36.0,1.3,47.85,15.36,57.14,0.0,63.4,270.0
4782,30,186,176,0.56,41.18,18.07,40.18,15.51,42.61,54.54,6.28,4.57,54.12,22.28,25.0,80.0,41.0,17.94,44.28,0.57,59.0,0.0,100.0,0.0,0.0,0.0,0.0,6.28,32.27,14.96,18.18,1.71,52.33,22.47,66.66,0.0,35.76,112.0
4783,30,187,738,0.27,47.0,20.41,50.05,21.77,39.02,65.0,2.71,4.21,60.58,21.52,29.03,83.01,45.8,19.71,38.95,1.76,45.15,16.34,53.84,0.13,99.0,0.0,100.0,6.38,46.04,21.23,29.78,1.76,63.53,26.38,38.46,0.0,51.28,436.0
4784,30,188,702,1.13,45.56,20.35,36.33,15.82,44.3,33.33,2.16,6.91,53.2,23.42,47.91,81.98,44.53,19.78,43.4,1.72,35.75,16.31,75.0,0.14,87.0,0.0,0.0,5.47,50.76,22.13,39.47,1.58,58.72,21.88,54.54,0.0,51.25,399.0
4785,30,1,1034,1.35,44.48,19.39,43.85,22.9,41.39,44.44,2.64,11.66,58.45,18.22,42.01,73.03,42.02,18.34,42.14,2.25,43.65,13.06,47.82,0.29,36.0,37.58,33.33,9.6,42.82,17.98,29.59,0.49,49.0,20.59,60.0,0.0,0.0,556.0
4786,30,2,0,0.0,0.0,0.0,0.0,0.0,0.0,0.0,0.0,0.0,0.0,0.0,0.0,0.0,0.0,0.0,0.0,0.0,0.0,0.0,0.0,0.0,0.0,0.0,0.0,0.0,0.0,0.0,0.0,0.0,0.0,0.0,0.0,0.0,0.0,0.0
4787,30,3,390,1.28,40.59,18.39,43.57,25.23,38.97,35.71,3.63,5.97,47.82,23.98,30.43,80.25,39.35,17.44,40.45,1.55,36.5,11.64,83.33,0.51,58.5,30.4,50.0,7.27,42.21,17.06,21.42,0.77,53.0,19.69,0.0,0.0,0.0,186.0
4788,30,4,1075,1.11,43.13,18.73,43.25,19.22,39.44,36.53,4.89,6.58,52.02,20.93,42.85,76.66,41.8,18.09,38.15,1.5,42.93,15.17,62.5,0.37,35.75,27.9,75.0,8.46,46.81,18.07,41.11,1.41,55.73,17.9,46.66,0.0,0.0,588.0
4789,30,5,650,1.84,42.8,16.79,37.04,20.04,43.38,50.0,3.44,8.3,55.09,15.37,47.16,78.21,40.9,16.13,43.28,1.88,39.91,18.01,50.0,0.47,48.66,24.66,33.33,6.58,45.95,13.62,33.33,1.09,47.85,12.85,57.14,0.0,0.0,359.0
4790,30,6,1114,0.08,43.22,18.19,44.68,16.48,40.66,52.63,1.7,6.73,57.26,14.68,42.66,80.32,41.86,17.83,40.82,2.24,36.64,19.36,52.0,0.17,42.0,4.24,50.0,7.09,44.55,18.87,32.91,1.52,54.52,19.05,29.41,0.0,0.0,662.0
4791,30,8,1014,0.39,45.01,18.83,46.78,16.93,40.13,39.28,2.77,7.92,59.41,17.49,40.0,76.53,43.52,18.72,41.39,2.17,34.81,15.05,50.0,0.19,68.0,14.14,50.0,9.4,46.87,15.59,29.47,0.89,35.77,21.89,22.22,0.0,0.0,592.0
4792,30,9,448,0.66,42.84,16.95,54.57,16.32,40.4,57.14,3.14,6.06,46.4,21.85,40.74,83.59,42.05,16.21,40.05,0.44,30.5,7.77,100.0,0.22,37.0,0.0,0.0,5.84,43.76,18.32,34.61,0.67,43.33,37.64,33.33,0.0,0.0,261.0
4793,30,10,982,0.5,44.13,19.81,37.06,20.21,39.71,37.5,1.63,5.32,49.5,28.06,44.23,83.52,43.56,19.05,39.33,1.53,43.06,14.19,33.33,0.4,50.25,9.56,50.0,6.55,46.79,21.26,42.18,1.02,43.3,18.45,40.0,0.0,0.0,602.0
4794,30,11,1001,0.49,42.08,18.79,42.23,19.91,39.96,46.66,3.01,7.63,55.36,20.06,47.36,79.91,40.26,17.91,39.94,1.3,36.92,17.98,53.84,0.1,58.0,0.0,100.0,6.52,45.84,17.9,27.69,1.5,55.8,25.59,26.66,0.0,0.0,596.0
4795,30,12,900,1.0,45.52,19.69,47.24,16.6,40.88,40.0,5.61,11.22,56.69,22.46,44.0,71.49,43.39,18.62,41.28,2.35,43.61,16.54,57.14,0.11,85.0,0.0,0.0,7.96,46.61,19.49,29.57,1.01,55.55,23.17,55.55,0.0,0.0,543.0
4796,30,13,955,0.73,44.26,19.38,44.5,19.34,40.0,57.14,1.47,13.18,58.67,22.78,36.8,72.36,41.29,17.66,39.5,2.84,41.33,14.26,55.55,0.31,43.0,14.52,33.33,7.91,45.21,17.8,40.0,1.89,47.33,17.57,44.44,0.0,0.0,485.0
4797,30,14,974,0.51,45.2,20.36,47.09,18.97,41.06,63.63,2.27,10.93,57.06,21.97,40.56,72.34,42.98,19.18,40.79,2.99,41.1,11.73,62.06,0.3,17.33,30.02,33.33,8.97,45.43,22.24,32.18,2.16,59.85,21.63,33.33,0.0,0.0,559.0
4798,30,15,653,0.3,44.76,19.02,48.36,18.59,42.41,57.89,2.91,5.68,53.08,20.56,48.64,81.72,43.82,18.61,42.48,2.76,48.5,16.84,50.0,0.46,32.66,28.91,0.0,4.91,44.93,19.38,31.25,1.53,54.9,21.9,20.0,0.0,0.0,377.0
4799,30,16,571,0.7,43.66,19.15,64.11,11.74,38.35,66.66,1.58,8.28,50.87,21.56,36.17,80.42,41.92,18.52,38.15,2.11,42.91,12.32,58.33,0.0,0.0,0.0,0.0,7.05,49.3,21.3,27.5,0.52,52.66,12.34,66.66,0.0,0.0,343.0
4800,30,17,204,0.98,42.95,17.38,41.5,9.19,42.64,50.0,0.99,11.38,53.52,19.56,43.47,77.72,40.88,16.81,42.03,0.49,55.0,0.0,100.0,0.0,0.0,0.0,0.0,7.92,45.25,17.33,43.75,1.48,47.0,6.55,66.66,0.0,0.0,118.0
4801,30,18,1175,0.76,44.76,20.92,40.92,23.7,41.19,64.0,2.14,6.43,62.18,21.15,34.66,80.78,42.92,20.13,41.4,1.88,44.72,19.83,50.0,0.42,62.2,20.42,40.0,7.03,44.7,18.58,32.92,1.28,61.33,25.67,46.66,0.0,0.0,634.0
4802,30,19,572,0.52,43.65,19.43,55.66,26.89,41.78,33.33,1.05,7.73,51.18,19.09,45.45,79.43,42.56,19.19,42.25,1.23,39.57,11.2,71.42,0.0,0.0,0.0,0.0,7.9,40.2,19.35,26.66,2.63,55.73,15.62,53.33,0.0,0.0,284.0
4803,30,20,1223,0.4,43.23,20.82,45.87,24.21,39.82,45.0,3.28,9.35,56.83,24.89,42.98,74.46,41.18,19.81,40.35,1.06,42.61,19.63,76.92,0.41,39.4,5.77,40.0,10.09,45.53,16.96,30.89,1.31,40.62,23.3,18.75,0.0,0.0,652.0
4804,30,21,1124,0.35,43.86,19.18,39.41,15.77,41.9,51.28,3.48,9.01,54.59,20.56,51.48,76.6,42.75,18.62,41.49,1.42,34.56,13.57,62.5,0.53,50.33,20.41,50.0,7.5,44.65,20.47,28.57,1.42,45.25,21.07,25.0,0.0,0.0,649.0
4805,30,22,967,0.41,42.45,18.13,42.9,17.57,42.08,44.18,4.46,3.63,48.08,18.68,48.57,84.11,42.44,17.89,41.72,1.76,31.64,21.4,58.82,0.1,75.0,0.0,0.0,3.94,40.34,16.59,36.84,1.97,43.94,24.47,31.57,0.0,0.0,548.0
4806,30,23,921,0.54,42.19,18.91,32.81,19.27,40.93,31.25,1.74,6.11,50.28,19.12,46.42,82.86,41.71,19.09,41.63,2.07,36.68,17.74,73.68,0.0,0.0,0.0,0.0,6.55,44.2,14.31,23.33,0.65,49.0,9.5,16.66,0.0,0.0,577.0
4807,30,24,947,0.52,40.46,17.86,36.88,12.1,41.92,60.0,2.65,3.29,45.32,23.65,45.16,84.92,40.27,17.85,41.87,1.27,37.75,12.54,83.33,0.1,64.0,0.0,0.0,5.94,39.96,17.38,26.78,1.59,47.33,16.25,46.66,0.0,0.0,535.0
4808,30,25,903,0.22,40.73,18.99,37.07,19.87,42.19,28.57,1.55,2.55,50.13,18.89,47.82,87.56,40.29,18.82,42.58,1.66,35.06,16.31,73.33,0.22,37.0,18.38,0.0,5.21,44.29,20.03,29.78,1.22,44.9,21.59,36.36,0.0,0.0,436.0
4809,30,26,774,0.0,41.67,18.63,41.92,14.94,40.56,53.84,1.67,3.61,50.78,12.91,50.0,80.49,40.82,18.31,39.96,1.16,33.0,4.33,66.66,0.12,28.0,0.0,0.0,10.85,45.6,20.77,39.28,2.06,43.87,27.67,31.25,0.0,0.0,409.0
4810,30,27,841,0.71,42.12,19.68,48.83,24.33,40.66,66.66,1.43,5.86,60.04,17.63,30.61,84.19,40.91,19.17,41.82,2.27,39.42,15.12,42.1,0.0,0.0,0.0,0.0,5.62,38.27,20.63,31.91,0.59,50.2,11.16,20.0,0.0,0.0,491.0
4811,30,28,0,0.0,0.0,0.0,0.0,0.0,0.0,0.0,0.0,0.0,0.0,0.0,0.0,0.0,0.0,0.0,0.0,0.0,0.0,0.0,0.0,0.0,0.0,0.0,0.0,0.0,0.0,0.0,0.0,0.0,0.0,0.0,0.0,0.0,0.0,0.0
4812,30,29,785,0.5,41.66,18.35,37.61,19.27,44.71,47.0,12.8,3.45,47.07,24.78,55.55,73.36,41.91,17.97,45.72,1.66,38.53,10.18,61.53,0.12,24.0,0.0,0.0,7.17,43.53,15.95,19.64,1.4,49.9,26.68,45.45,0.0,0.0,473.0
4813,30,33,1082,0.55,41.85,16.73,37.05,20.45,39.64,27.77,1.67,3.06,45.54,20.62,48.48,90.98,41.73,16.48,40.44,0.83,34.22,12.41,55.55,0.09,49.0,0.0,0.0,2.5,42.81,19.24,18.51,0.83,45.88,11.69,0.0,0.0,0.0,571.0
4814,30,35,1099,0.09,42.6,17.62,42.18,15.13,40.67,18.75,1.45,2.64,47.68,21.16,51.72,87.7,42.69,17.79,41.12,1.91,36.09,10.1,85.71,0.27,53.66,22.5,0.0,4.18,36.23,12.96,21.73,1.54,57.0,7.9,29.41,0.0,0.0,554.0
4815,30,37,1036,0.48,41.83,18.78,48.3,14.78,43.43,50.0,0.96,2.81,48.48,22.66,44.82,89.13,41.54,18.72,43.52,1.06,36.0,17.89,81.81,0.19,56.5,2.12,0.0,5.04,40.28,17.83,36.53,0.77,54.62,17.78,25.0,0.0,0.0,547.0
4816,30,38,384,0.52,41.86,16.79,38.28,15.87,38.8,14.28,1.83,2.35,54.33,10.17,11.11,86.12,40.82,16.62,40.72,1.3,39.79,14.04,60.0,0.26,42.0,0.0,100.0,5.23,48.3,14.97,15.0,2.87,48.18,21.73,45.45,0.0,0.0,196.0
4817,30,39,0,0.0,0.0,0.0,0.0,0.0,0.0,0.0,0.0,0.0,0.0,0.0,0.0,0.0,0.0,0.0,0.0,0.0,0.0,0.0,0.0,0.0,0.0,0.0,0.0,0.0,0.0,0.0,0.0,0.0,0.0,0.0,0.0,0.0,0.0,0.0
4818,30,40,964,0.72,43.21,18.44,46.38,16.72,40.14,38.46,1.35,2.08,46.25,25.32,60.0,90.8,42.72,18.4,39.47,0.83,35.37,11.37,62.5,0.41,54.75,23.25,50.0,3.65,46.57,13.58,34.28,0.83,55.62,11.55,62.5,0.0,0.0,536.0
4819,30,43,1021,0.39,43.73,18.5,49.25,18.42,43.97,50.0,2.75,2.65,52.4,20.14,48.14,87.31,43.06,18.45,44.48,0.88,43.66,12.52,44.44,0.0,0.0,0.0,0.0,4.32,45.25,14.73,29.54,2.06,44.23,21.21,42.85,0.0,0.0,557.0
4820,30,44,985,0.91,42.26,17.73,43.46,16.65,42.03,42.59,5.53,2.86,47.32,18.54,53.57,82.17,41.55,17.36,41.52,1.12,45.63,13.74,72.72,0.51,55.2,15.89,40.0,5.53,42.2,19.8,31.48,2.25,50.04,22.21,50.0,0.0,0.0,522.0
4821,30,45,943,0.31,44.41,18.11,43.55,15.84,42.73,50.0,1.91,2.97,47.89,18.2,46.42,87.44,44.07,18.17,42.33,1.38,38.84,13.93,53.84,0.53,47.4,31.83,40.0,4.36,44.19,13.68,29.26,1.38,56.23,17.9,69.23,0.0,0.0,481.0
4822,30,47,696,0.0,43.31,18.45,34.58,11.15,42.81,50.0,1.72,3.87,46.03,13.7,40.74,89.65,42.84,18.67,42.78,0.71,36.2,12.27,40.0,0.14,85.0,0.0,0.0,2.58,53.11,13.85,38.88,1.29,59.22,15.84,55.55,0.0,0.0,368.0
4823,30,48,1157,0.17,43.24,18.46,45.45,17.89,40.7,45.45,1.9,6.23,55.47,21.07,33.33,81.73,42.37,18.11,42.16,1.99,42.39,11.24,52.17,0.08,43.0,0.0,0.0,6.4,40.56,18.53,27.02,1.64,47.57,17.48,31.57,0.0,0.0,629.0
4824,30,49,155,0.0,44.13,16.78,57.5,10.6,45.16,50.0,1.29,7.74,44.83,18.05,41.66,79.35,43.47,17.3,47.15,0.64,32.0,0.0,100.0,1.29,49.5,7.77,0.0,9.03,49.14,11.28,35.71,0.64,22.0,0.0,0.0,0.0,0.0,80.0
4825,30,50,318,0.94,40.5,19.41,45.57,13.51,43.39,42.85,2.22,7.93,46.84,24.53,44.0,83.49,39.01,18.61,44.48,1.9,50.0,13.65,50.0,0.0,0.0,0.0,0.0,2.53,46.75,17.44,25.0,1.9,54.83,25.69,33.33,0.0,0.0,198.0
4826,30,51,1142,0.43,42.27,19.18,46.54,17.57,40.98,45.16,2.72,6.42,53.57,21.09,47.94,79.77,40.83,18.71,40.79,2.46,41.67,12.54,57.14,0.0,0.0,0.0,0.0,7.12,46.35,17.51,32.09,1.49,35.88,28.34,23.52,0.0,0.0,656.0
4827,30,52,0,0.0,0.0,0.0,0.0,0.0,0.0,0.0,0.0,0.0,0.0,0.0,0.0,0.0,0.0,0.0,0.0,0.0,0.0,0.0,0.0,0.0,0.0,0.0,0.0,0.0,0.0,0.0,0.0,0.0,0.0,0.0,0.0,0.0,0.0,0.0
4828,30,57,791,0.88,43.03,19.27,39.61,22.21,39.44,53.84,1.65,4.08,54.0,20.12,28.12,83.16,41.62,18.82,40.03,2.55,42.75,15.93,50.0,0.25,38.5,16.26,0.0,6.88,47.74,18.04,27.77,1.4,59.81,22.39,45.45,0.0,0.0,467.0
4829,30,58,881,0.68,44.96,19.43,36.33,22.29,41.08,33.33,0.68,8.68,53.42,18.14,44.73,79.2,43.66,19.51,40.69,2.74,39.62,18.71,54.16,0.11,58.0,0.0,100.0,8.0,47.95,16.57,32.85,0.57,60.0,9.77,80.0,0.0,0.0,533.0
4830,30,60,893,0.55,42.36,19.01,34.17,19.67,41.2,70.58,1.91,7.31,59.47,20.98,43.07,79.95,41.04,17.95,40.98,1.91,39.41,12.87,47.05,0.0,0.0,0.0,0.0,8.22,41.52,19.25,28.76,0.67,35.5,20.68,50.0,0.0,0.0,536.0
4831,30,61,851,0.35,44.3,18.77,47.76,22.97,42.65,57.69,3.06,8.49,58.12,21.14,33.33,77.83,42.17,17.96,42.12,2.71,42.17,14.23,82.6,0.47,43.5,6.65,25.0,6.25,49.03,17.42,32.07,1.17,51.2,12.16,70.0,0.0,0.0,505.0
4832,30,62,243,0.41,43.97,18.59,50.66,7.09,39.91,66.66,1.23,9.5,53.86,20.91,34.78,80.16,41.88,17.65,42.26,1.23,30.0,2.0,33.33,0.41,43.0,0.0,0.0,5.78,52.28,23.1,14.28,1.65,61.25,15.39,50.0,0.0,0.0,148.0
4833,30,64,0,0.0,0.0,0.0,0.0,0.0,0.0,0.0,0.0,0.0,0.0,0.0,0.0,0.0,0.0,0.0,0.0,0.0,0.0,0.0,0.0,0.0,0.0,0.0,0.0,0.0,0.0,0.0,0.0,0.0,0.0,0.0,0.0,0.0,0.0,0.0
4834,30,65,751,2.66,42.63,20.25,51.94,20.85,38.48,44.44,2.46,12.85,55.45,21.68,40.42,74.82,40.02,18.35,38.2,2.32,35.23,15.76,41.17,0.27,62.5,38.89,50.0,4.78,38.4,20.25,31.42,2.46,40.16,28.68,38.88,0.0,0.0,438.0
4835,30,66,933,0.42,46.08,19.15,54.6,23.68,42.12,53.33,1.61,9.79,59.02,16.41,42.85,75.99,43.53,18.43,43.05,2.36,37.04,14.53,54.54,0.0,0.0,0.0,0.0,8.93,52.45,18.15,28.91,1.29,52.25,29.94,41.66,0.0,0.0,575.0
4836,30,67,798,0.75,42.24,19.25,38.55,23.97,40.72,55.55,1.13,8.96,54.19,20.46,46.47,78.4,40.37,18.46,40.25,2.39,33.21,14.98,73.68,0.0,0.0,0.0,0.0,8.58,47.3,18.92,26.47,0.5,39.75,12.55,100.0,0.0,0.0,488.0
4837,30,68,714,0.56,42.47,17.76,41.5,17.07,38.51,62.5,2.25,8.16,51.43,16.48,36.2,79.57,41.07,17.74,38.4,1.54,40.63,10.24,54.54,0.0,0.0,0.0,0.0,6.47,45.6,17.96,36.95,1.97,52.07,10.63,21.42,0.0,0.0,436.0
4838,30,69,853,0.11,45.1,19.51,40.4,25.36,39.62,60.0,0.58,5.98,54.37,19.3,27.45,84.15,44.07,19.13,40.3,2.34,43.85,20.98,55.0,0.35,53.0,27.05,33.33,5.39,48.5,20.49,34.78,1.17,53.6,19.82,30.0,0.0,0.0,544.0
4839,30,70,786,0.25,42.01,18.46,38.0,17.69,41.22,45.45,1.4,5.61,47.36,22.02,40.9,83.16,40.91,17.74,41.56,1.78,38.14,18.96,71.42,0.0,0.0,0.0,0.0,6.63,48.71,20.07,32.69,1.4,59.45,20.09,18.18,0.0,0.0,479.0
4840,30,71,930,0.53,44.4,18.27,46.11,18.9,41.5,47.05,3.67,8.43,54.62,19.87,33.33,75.56,42.38,17.52,42.34,0.86,39.37,16.74,75.0,0.21,25.0,35.35,50.0,8.64,48.38,16.22,35.0,2.59,54.08,21.28,54.16,0.0,0.0,619.0
4841,30,72,803,0.62,43.43,18.54,39.23,16.46,41.34,42.85,5.26,9.27,52.55,23.14,37.83,71.67,42.11,17.91,41.43,3.13,39.92,15.0,60.0,0.37,48.33,4.5,0.0,9.27,45.33,16.04,33.78,1.0,50.25,25.84,75.0,0.0,0.0,468.0
4842,30,73,388,1.03,42.19,17.97,44.0,14.19,39.94,60.0,1.3,8.59,55.03,21.02,42.42,80.98,40.47,16.79,41.15,0.78,36.66,11.01,66.66,0.0,0.0,0.0,0.0,7.81,40.16,17.09,20.0,0.52,71.5,4.94,0.0,0.0,0.0,243.0
4843,30,74,1081,0.92,42.22,19.57,41.88,18.15,40.79,48.0,2.33,6.81,58.01,19.54,36.98,77.77,40.19,18.57,41.65,2.05,40.81,16.6,36.36,0.09,27.0,0.0,0.0,10.08,47.33,20.79,35.18,0.84,35.33,27.28,44.44,0.0,0.0,602.0
4844,30,75,1138,0.26,43.44,18.62,39.0,19.59,43.32,58.62,2.55,4.4,55.16,19.98,46.0,82.81,42.65,18.34,42.76,1.4,46.43,11.61,62.5,0.26,30.66,27.46,66.66,7.13,44.82,17.95,35.8,1.4,48.31,21.98,56.25,0.0,0.0,620.0
4845,30,76,1180,0.67,43.21,19.52,50.0,24.54,41.86,62.5,2.04,8.61,57.81,19.15,28.71,78.83,41.29,18.67,42.85,1.87,39.31,15.94,59.09,0.08,43.0,0.0,100.0,7.16,42.82,19.19,32.14,1.36,49.56,18.45,62.5,0.0,0.0,591.0
4846,30,77,1208,0.57,41.95,19.67,37.66,20.44,40.56,66.66,1.49,13.65,55.21,21.89,36.58,72.43,39.11,18.09,40.91,2.49,33.4,17.01,63.33,0.0,0.0,0.0,0.0,8.65,43.76,18.87,33.65,1.24,60.46,16.04,46.66,0.0,0.0,608.0
4847,30,78,1000,0.9,42.79,20.02,45.2,19.56,41.5,73.33,1.51,6.86,53.69,19.0,39.7,80.92,41.24,19.43,41.02,1.21,27.08,14.42,58.33,0.9,58.77,20.33,22.22,7.06,43.48,17.06,40.0,1.51,55.66,31.75,40.0,0.0,0.0,555.0
4848,30,79,210,1.42,38.6,15.92,38.83,24.07,40.0,50.0,2.89,15.45,49.03,14.54,46.87,70.53,35.63,14.87,39.04,2.89,31.5,17.0,16.66,0.96,40.0,5.65,50.0,5.79,42.08,16.24,33.33,1.44,53.66,8.02,33.33,0.0,0.0,98.0
4849,30,80,249,1.6,39.02,18.54,43.1,19.06,42.97,40.0,4.08,8.16,62.75,16.09,50.0,74.28,35.27,16.2,42.85,0.81,52.0,7.07,100.0,0.0,0.0,0.0,0.0,11.83,40.1,21.47,37.93,0.81,57.5,3.53,50.0,0.0,0.0,130.0
4850,30,82,734,1.22,42.7,20.22,49.1,17.97,42.5,50.0,1.37,8.27,52.41,22.92,41.66,76.0,40.54,19.49,43.37,1.79,38.69,14.96,61.53,0.41,38.66,10.4,33.33,10.34,49.85,19.01,29.33,1.51,51.9,25.43,54.54,0.0,0.0,421.0
4851,30,83,384,2.6,44.7,21.25,54.57,22.05,39.84,64.28,3.74,6.14,51.69,19.45,39.13,79.14,43.18,20.66,39.18,1.87,38.57,21.02,42.85,0.8,47.0,41.38,33.33,6.68,40.64,23.55,32.0,1.06,56.75,18.83,75.0,0.0,0.0,225.0
4852,30,84,208,0.0,39.46,19.46,45.5,25.84,44.23,66.66,2.88,6.73,52.85,26.85,50.0,80.28,37.55,17.41,42.51,2.4,32.0,20.43,80.0,0.0,0.0,0.0,0.0,5.28,45.54,24.17,45.45,1.92,59.25,26.67,25.0,0.0,0.0,126.0
4853,30,85,655,1.22,46.15,19.92,43.6,15.23,41.83,50.0,1.54,11.43,55.93,20.86,35.13,73.87,43.89,19.75,42.25,2.31,41.66,10.83,60.0,0.15,80.0,0.0,0.0,9.58,48.27,16.58,38.7,1.08,61.0,23.08,57.14,0.0,0.0,331.0
4854,30,87,997,0.2,43.93,18.04,47.85,19.05,41.52,42.85,2.11,2.41,50.37,15.85,75.0,85.42,44.14,18.17,41.05,1.6,34.25,11.42,75.0,0.2,54.5,31.81,50.0,7.63,40.5,16.22,27.63,0.6,38.66,22.58,50.0,0.0,0.0,532.0
4855,30,88,171,0.58,41.54,17.71,50.6,21.89,39.76,0.0,2.94,2.35,41.25,18.87,25.0,85.88,41.61,17.93,41.09,2.94,29.4,7.73,60.0,0.0,0.0,0.0,0.0,4.11,39.14,13.93,28.57,1.76,50.33,20.81,66.66,0.0,0.0,104.0
4856,30,90,933,0.32,42.76,18.98,40.53,18.89,39.97,46.66,1.61,3.87,47.02,20.53,44.44,83.87,42.81,18.89,40.25,2.04,33.26,16.08,57.89,0.0,0.0,0.0,0.0,7.63,40.42,17.71,30.98,0.96,52.66,23.68,22.22,0.0,0.0,483.0
4857,30,91,594,0.5,41.1,18.36,38.14,19.18,42.42,28.57,1.18,3.55,43.85,21.1,47.61,86.46,41.22,18.11,43.44,2.36,33.35,18.14,57.14,0.0,0.0,0.0,0.0,4.56,39.74,14.9,29.62,1.86,40.45,30.13,18.18,0.0,0.0,333.0
4858,30,92,568,0.0,42.82,19.07,52.6,21.52,41.9,60.0,0.88,1.23,50.42,24.64,57.14,89.61,42.17,18.73,41.45,1.23,38.42,8.22,57.14,0.0,0.0,0.0,0.0,5.45,45.51,21.18,41.93,1.58,62.11,21.56,33.33,0.0,0.0,303.0
4859,30,93,974,0.2,42.32,18.32,40.12,20.7,41.68,56.25,1.64,2.77,49.22,19.83,37.03,82.4,41.96,17.9,41.07,1.74,40.76,22.08,64.7,0.3,30.66,9.81,33.33,8.84,42.06,20.02,34.88,2.26,51.54,17.77,63.63,0.0,0.0,622.0
4860,30,94,947,0.21,43.78,17.98,47.2,21.58,42.44,80.0,1.05,3.59,47.7,18.67,44.11,84.76,43.82,17.66,41.94,2.01,37.1,9.11,52.63,0.0,0.0,0.0,0.0,7.3,40.14,20.87,37.68,1.26,56.91,18.75,41.66,0.0,0.0,532.0
4861,30,95,612,0.16,43.97,19.19,56.8,20.38,42.97,60.0,0.81,1.3,56.75,22.53,37.5,90.34,43.56,19.22,43.11,0.98,38.83,7.96,83.33,0.0,0.0,0.0,0.0,5.4,43.9,18.43,27.27,1.14,59.0,12.76,71.42,0.0,0.0,355.0
4862,30,96,609,0.65,43.52,19.18,42.11,14.81,41.21,44.44,1.48,2.8,60.76,14.28,47.05,87.27,42.32,18.88,41.66,1.81,38.9,16.37,63.63,0.0,0.0,0.0,0.0,5.61,46.91,18.47,26.47,0.99,68.83,16.24,16.66,0.0,0.0,309.0
4863,30,97,1187,0.58,42.69,18.04,40.31,21.04,42.54,45.45,1.86,2.71,54.75,12.6,50.0,88.72,42.11,17.9,42.97,0.76,28.0,17.72,66.66,0.08,75.0,0.0,0.0,4.57,43.33,14.23,24.07,1.27,57.46,16.51,40.0,0.0,0.0,689.0
4864,30,98,678,1.62,43.3,17.1,41.83,17.76,42.18,33.33,0.89,8.99,53.03,19.18,40.0,80.5,42.02,16.54,43.2,2.24,42.26,12.78,53.33,0.29,25.5,4.94,50.0,4.94,43.81,15.31,33.33,2.09,49.71,22.43,28.57,0.0,0.0,392.0
4865,30,99,659,1.06,44.17,18.56,52.63,18.23,40.81,63.63,1.68,6.44,57.3,19.49,35.71,78.98,42.03,17.93,42.13,2.6,37.23,14.32,52.94,0.0,0.0,0.0,0.0,8.89,48.24,16.71,32.75,1.38,61.55,12.64,0.0,0.0,0.0,370.0
4866,30,100,827,1.33,43.95,19.82,51.33,15.99,42.32,58.33,1.47,10.41,55.74,19.4,38.82,75.24,41.64,18.91,43.64,1.71,46.85,12.72,50.0,0.12,58.0,0.0,0.0,10.17,44.57,21.6,33.73,0.85,50.14,15.04,42.85,0.0,0.0,413.0
4867,30,101,787,1.52,43.92,19.42,46.76,17.98,39.39,53.84,1.67,7.35,54.91,17.71,26.31,79.35,42.11,18.75,40.48,1.93,44.0,10.82,40.0,0.0,0.0,0.0,0.0,7.87,45.01,20.61,36.06,1.8,57.78,28.76,42.85,0.0,0.0,466.0
4868,30,103,820,1.21,43.53,20.97,42.07,20.36,41.58,53.84,3.2,6.66,60.14,21.0,42.59,76.91,41.91,20.39,42.85,2.22,38.77,15.58,33.33,0.0,0.0,0.0,0.0,10.37,42.97,18.96,28.57,0.61,56.2,36.16,40.0,0.0,0.0,456.0
4869,30,104,737,1.49,45.66,20.89,51.9,22.42,39.75,63.63,1.51,10.46,62.59,19.68,44.73,72.17,42.72,19.6,40.83,2.06,42.46,17.23,60.0,0.0,0.0,0.0,0.0,13.22,44.95,21.59,26.04,0.55,56.75,14.86,25.0,0.0,0.0,444.0
4870,30,106,680,0.58,44.92,19.38,49.55,15.37,41.02,55.0,2.95,10.2,58.08,18.71,36.23,77.81,42.78,18.89,41.63,1.33,41.66,11.7,77.77,0.14,58.0,0.0,0.0,7.1,47.29,20.34,31.25,0.44,39.33,35.5,33.33,0.0,0.0,374.0
4871,30,107,526,0.76,41.23,18.74,41.42,19.82,38.4,71.42,1.34,10.15,54.56,20.08,35.84,80.07,38.91,18.02,39.23,0.76,33.25,11.98,25.0,0.76,50.25,18.51,25.0,6.13,43.75,13.41,28.12,0.76,71.75,11.35,50.0,0.0,0.0,309.0
4872,30,108,267,1.12,42.57,19.99,60.5,27.54,44.19,66.66,2.27,18.18,50.72,19.64,37.5,70.83,39.14,18.65,45.98,1.51,44.25,8.84,100.0,1.13,32.33,7.02,0.0,4.54,53.5,23.67,33.33,1.51,51.75,19.34,25.0,0.0,0.0,159.0
4873,30,109,733,0.81,45.6,20.03,62.62,20.24,40.65,87.5,1.1,14.44,56.85,23.07,36.19,70.01,42.6,18.67,41.45,2.75,39.35,12.21,70.0,0.13,57.0,0.0,0.0,10.17,48.06,17.64,24.32,1.37,58.8,27.59,70.0,0.0,0.0,407.0
4874,30,110,735,0.81,44.7,20.17,35.88,29.16,39.04,41.17,2.33,12.75,61.61,17.09,32.25,68.31,41.43,18.57,41.56,2.46,44.05,9.71,44.44,0.0,0.0,0.0,0.0,12.34,44.48,20.31,28.88,1.64,50.25,18.86,41.66,0.0,0.0,381.0
4875,30,111,618,2.26,46.0,20.29,40.53,20.34,42.23,33.33,2.48,12.25,62.31,18.46,43.24,73.67,42.8,18.45,43.37,1.65,51.9,21.56,40.0,0.0,0.0,0.0,0.0,9.1,45.65,21.85,30.9,0.82,60.2,36.75,40.0,0.0,0.0,332.0
4876,30,112,353,1.69,42.8,19.94,39.41,21.02,40.5,33.33,3.45,14.4,61.48,19.71,44.0,72.62,39.67,17.93,42.06,0.86,39.66,19.13,0.0,0.0,0.0,0.0,0.0,8.06,35.82,18.6,25.0,0.57,46.5,23.33,100.0,0.0,0.0,187.0
4877,30,113,928,0.21,43.5,19.76,50.55,19.4,41.91,50.0,2.15,4.21,50.58,18.74,43.58,80.23,42.67,19.5,41.04,2.59,38.04,11.16,70.83,0.1,43.0,0.0,100.0,8.63,43.88,21.73,35.0,2.05,56.84,23.6,52.63,0.0,0.0,523.0
4878,30,114,924,0.21,42.82,19.36,42.36,20.36,42.09,45.45,2.38,4.12,52.86,20.02,44.73,83.51,42.11,19.04,42.59,2.16,44.3,19.65,60.0,0.0,0.0,0.0,0.0,6.83,41.47,19.5,30.15,0.97,62.88,19.18,33.33,0.0,0.0,529.0
4879,30,115,781,0.38,45.62,19.35,43.0,20.95,41.22,70.0,1.28,2.44,55.68,16.4,63.15,83.29,45.1,18.89,40.58,2.69,38.19,22.22,61.9,0.12,79.0,0.0,100.0,9.25,47.09,20.97,29.16,0.89,62.14,19.66,57.14,0.0,0.0,485.0
4880,30,118,738,0.13,42.29,19.14,41.27,21.42,39.97,40.54,5.02,2.17,48.81,23.22,50.0,86.16,42.26,18.85,39.68,1.22,35.55,19.55,44.44,0.13,40.0,0.0,100.0,4.74,44.34,19.96,31.42,0.54,28.75,22.02,100.0,0.0,0.0,389.0
4881,30,120,864,0.0,43.73,18.26,42.0,14.96,42.7,43.75,1.85,1.62,51.07,10.77,57.14,89.58,43.32,18.16,42.5,1.5,35.61,8.67,69.23,0.0,0.0,0.0,0.0,3.7,47.9,22.36,34.37,1.73,58.13,20.83,33.33,0.0,0.0,515.0
4882,30,121,1084,0.27,42.43,18.2,41.07,21.1,43.35,55.55,2.49,3.14,43.88,17.0,38.23,87.6,42.34,18.14,42.66,1.38,41.4,16.71,66.66,0.27,35.66,16.86,66.66,3.42,41.59,18.98,48.64,1.66,49.66,19.58,38.88,0.0,0.0,548.0
4883,30,122,778,0.25,42.24,16.77,33.88,10.86,42.93,47.05,2.19,1.8,38.78,9.46,64.28,88.53,42.48,16.93,42.35,1.67,39.46,6.6,76.92,0.12,37.0,0.0,0.0,4.51,43.05,19.24,37.14,1.15,41.44,18.5,11.11,0.0,0.0,427.0
4884,30,124,1032,0.29,42.08,18.05,42.53,17.04,42.05,33.33,1.45,3.79,50.74,16.88,58.97,88.14,41.84,17.94,41.23,1.65,37.88,13.59,70.58,0.09,33.0,0.0,0.0,3.69,40.0,18.96,39.47,1.16,50.0,25.17,41.66,0.0,0.0,557.0
4885,30,125,686,0.14,41.86,17.87,36.8,19.58,40.52,42.85,3.06,2.04,52.78,20.08,21.42,86.71,41.73,17.88,40.9,1.45,39.4,17.85,60.0,0.0,0.0,0.0,0.0,5.69,42.38,15.85,35.89,1.02,46.14,15.45,42.85,0.0,0.0,359.0
4886,30,126,659,0.3,44.29,19.55,44.15,23.54,44.61,46.15,3.95,2.73,51.83,22.26,38.88,86.6,43.76,19.18,45.16,1.52,32.9,17.23,60.0,0.15,77.0,0.0,100.0,3.34,45.45,17.87,31.81,1.67,63.81,16.51,27.27,0.0,0.0,365.0
4887,30,128,1178,0.25,41.19,18.75,41.41,14.52,42.52,58.82,1.44,2.89,43.64,19.44,47.05,89.27,41.24,18.81,42.61,1.44,32.88,13.69,52.94,0.08,77.0,0.0,0.0,3.91,39.17,17.56,26.08,0.85,49.3,25.25,50.0,0.0,0.0,577.0
4888,30,129,1168,0.34,40.22,17.28,41.68,13.71,40.49,48.0,2.14,2.92,49.64,19.51,41.17,87.97,39.9,17.17,40.72,1.2,37.21,16.42,71.42,0.0,0.0,0.0,0.0,3.95,38.58,15.39,28.26,1.8,45.38,24.12,33.33,0.0,0.0,621.0
4889,30,130,847,0.35,43.3,18.54,46.66,15.69,41.44,44.44,1.06,2.48,51.95,17.17,47.61,91.35,43.22,18.65,41.5,1.3,42.09,11.93,54.54,0.11,32.0,0.0,100.0,2.48,33.61,13.04,23.8,1.18,43.6,20.16,50.0,0.0,0.0,465.0
4890,30,133,888,1.01,42.98,18.91,40.33,20.41,42.22,66.66,1.7,2.61,52.39,16.89,43.47,86.23,42.51,18.89,42.08,2.16,34.89,9.19,57.89,0.0,0.0,0.0,0.0,6.14,42.79,17.73,33.33,1.13,61.2,16.47,60.0,0.0,0.0,560.0
4891,30,134,923,1.08,43.33,18.65,47.22,20.42,40.19,55.55,1.97,5.03,52.91,16.03,54.34,80.61,42.11,18.27,39.8,1.64,40.46,18.7,66.66,0.1,28.0,0.0,0.0,8.98,43.78,19.85,30.48,1.64,53.8,18.17,46.66,0.0,0.0,495.0
4892,30,136,808,0.24,43.22,19.99,46.33,12.86,41.33,33.33,0.74,1.61,64.46,8.41,69.23,88.58,42.99,19.87,40.75,0.74,29.16,5.94,66.66,0.49,30.25,22.15,25.0,6.2,42.14,20.48,34.0,1.61,51.23,23.41,61.53,0.0,0.0,483.0
4893,30,137,766,0.39,45.03,19.33,43.84,12.97,39.29,61.53,1.7,2.49,56.73,23.98,63.15,86.63,44.35,19.12,37.82,1.31,40.5,14.27,70.0,0.0,0.0,0.0,0.0,6.94,45.5,18.2,37.73,0.91,66.42,17.62,57.14,0.0,0.0,446.0
4894,30,138,222,0.45,40.91,19.98,48.5,20.39,41.89,66.66,2.71,1.8,46.5,18.73,0.0,85.06,39.71,19.94,41.48,1.35,55.66,25.89,66.66,0.0,0.0,0.0,0.0,7.69,44.05,17.69,35.29,1.35,50.33,28.14,66.66,0.0,0.0,111.0
4895,30,152,769,0.65,42.12,18.57,39.23,18.32,40.96,38.46,1.7,5.23,54.95,22.17,47.5,85.07,41.14,18.14,40.92,1.7,34.92,18.43,46.15,0.0,0.0,0.0,0.0,5.1,46.82,15.87,33.33,1.17,50.22,16.99,44.44,0.0,0.0,464.0
4896,30,155,614,0.65,44.56,19.75,55.22,17.33,40.06,77.77,1.47,3.44,51.04,25.58,47.61,86.88,43.92,19.34,40.0,1.31,36.62,10.44,62.5,0.16,37.0,0.0,0.0,5.24,43.56,22.25,31.25,1.47,58.44,15.6,11.11,0.0,0.0,395.0
4897,30,167,952,0.42,44.3,18.84,46.5,21.16,40.96,58.33,1.26,4.43,48.38,24.57,57.14,84.91,43.7,18.27,40.37,0.84,36.25,16.83,75.0,0.0,0.0,0.0,0.0,7.48,47.04,21.17,38.02,1.05,52.1,11.56,0.0,0.0,0.0,571.0
4898,30,170,709,0.14,41.49,18.99,37.5,16.82,42.59,37.5,1.12,3.24,48.69,19.81,60.86,84.74,41.2,19.03,41.0,1.83,40.69,13.93,76.92,0.14,75.0,0.0,100.0,7.06,41.66,17.78,34.0,1.83,41.38,24.79,76.92,0.0,0.0,387.0
4899,30,174,602,0.49,42.96,19.01,60.25,22.72,42.35,50.0,1.33,3.33,54.9,19.85,45.0,83.3,42.28,18.59,42.28,2.0,39.16,19.29,91.66,0.0,0.0,0.0,0.0,7.84,44.1,19.13,29.78,1.66,41.0,22.58,60.0,0.0,0.0,342.0
4900,30,189,704,0.99,42.46,20.0,37.79,17.02,42.18,55.17,4.16,4.01,52.39,22.54,42.85,81.49,41.69,19.67,41.9,1.57,39.27,8.86,63.63,0.0,0.0,0.0,0.0,7.17,46.18,22.0,32.0,1.43,59.0,18.76,60.0,0.0,0.0,414.0
4901,31,9,922,0.75,44.39,20.29,41.14,18.39,44.14,64.28,1.53,1.74,49.25,25.68,50.0,87.86,44.3,20.26,43.4,4.8,37.97,13.31,52.27,0.1,27.0,0.0,0.0,1.96,39.16,22.06,27.77,1.96,64.66,20.69,55.55,0.0,38.89,537.0
4902,31,11,550,0.54,41.29,18.68,29.33,16.82,37.81,50.0,1.09,0.91,44.6,26.69,20.0,89.21,41.35,18.53,36.27,5.66,35.41,16.91,51.61,0.0,0.0,0.0,0.0,1.82,45.4,18.83,50.0,1.27,57.0,22.81,42.85,0.0,60.62,323.0
4903,31,15,933,0.53,40.57,17.64,37.66,14.76,42.76,54.54,3.55,0.86,41.62,21.11,62.5,89.11,40.67,17.64,41.71,3.01,37.53,17.54,42.85,0.32,55.66,3.78,66.66,1.93,41.0,21.43,50.0,1.18,38.27,17.56,54.54,0.0,32.44,492.0
4904,31,23,799,0.37,39.22,17.72,32.37,20.1,43.3,40.0,4.39,2.26,50.94,17.55,55.55,88.31,39.27,17.36,43.66,1.63,40.53,11.08,69.23,0.5,58.5,19.7,0.0,1.38,29.63,13.44,27.27,1.38,35.72,27.34,18.18,0.0,53.7,433.0
4905,31,27,845,2.48,38.72,17.75,38.01,16.98,42.36,38.46,77.3,8.49,43.95,20.48,55.71,11.16,37.63,19.02,54.34,0.12,33.0,0.0,100.0,1.33,37.09,12.36,72.72,0.24,17.0,24.04,100.0,1.33,46.09,17.17,63.63,0.0,46.28,400.0
4906,31,37,995,0.2,43.93,18.77,53.66,26.4,45.52,66.66,1.51,0.3,70.0,18.02,33.33,93.75,43.78,18.58,45.43,1.1,32.72,9.07,36.36,0.0,0.0,0.0,0.0,2.01,43.2,13.43,50.0,1.3,47.0,27.57,23.07,0.0,43.49,512.0
4907,31,38,793,0.63,44.76,18.36,38.58,22.26,43.12,83.33,1.52,1.77,48.07,23.82,42.85,92.63,44.74,18.07,42.87,1.14,37.44,20.24,33.33,0.0,0.0,0.0,0.0,1.77,41.92,23.53,50.0,1.14,48.11,12.97,11.11,0.0,56.64,425.0
4908,31,40,978,0.3,44.6,21.63,43.82,21.01,44.27,39.13,2.35,0.71,45.28,25.96,71.42,91.38,44.65,21.51,43.2,2.56,35.76,21.05,68.0,0.2,76.5,13.43,50.0,1.33,52.46,21.83,61.53,1.43,45.5,26.75,42.85,0.0,47.67,493.0
4909,31,49,726,0.96,41.0,17.71,42.53,16.14,40.22,30.0,4.17,1.8,36.23,20.9,23.07,87.62,41.28,17.55,41.9,0.69,32.0,9.3,40.0,0.27,30.5,4.94,0.0,4.17,38.29,19.85,23.33,1.25,44.77,20.94,33.33,0.0,57.39,347.0
4910,31,55,892,0.22,43.44,20.11,32.71,17.27,44.5,42.85,0.78,1.46,46.15,22.36,23.07,88.65,43.8,20.32,43.85,5.39,35.56,14.05,58.33,0.11,0.0,0.0,0.0,1.91,48.05,13.23,47.05,1.68,46.6,22.42,46.66,0.0,50.74,390.0
4911,31,57,873,0.34,42.66,20.49,30.5,20.89,43.29,30.0,1.14,1.6,47.85,24.82,64.28,92.64,42.65,20.49,43.54,1.49,46.92,18.13,23.07,0.11,28.0,0.0,0.0,1.6,50.78,16.85,50.0,1.37,36.16,16.48,33.33,0.0,49.21,389.0
4912,31,62,991,0.5,46.13,19.65,35.1,18.29,43.79,52.63,1.92,1.62,46.37,16.23,37.5,91.98,46.25,19.61,44.1,1.01,39.2,14.48,50.0,0.1,46.0,0.0,0.0,2.53,47.04,22.7,40.0,0.81,59.5,25.53,12.5,0.0,33.4,528.0
4913,31,68,955,0.62,43.13,18.57,46.56,26.09,43.45,43.9,4.32,1.36,46.92,14.03,30.76,90.09,43.16,18.37,43.15,1.15,31.45,13.47,81.81,0.0,0.0,0.0,0.0,1.47,36.57,9.83,14.28,1.58,41.0,17.53,53.33,0.0,30.64,526.0
4914,31,69,844,0.82,40.29,17.87,37.11,17.22,39.09,40.9,21.02,3.7,49.77,25.53,19.35,71.44,40.62,17.1,39.96,1.07,33.77,22.9,66.66,0.11,39.0,0.0,0.0,1.55,35.84,19.09,23.07,1.07,49.33,27.04,22.22,0.0,44.14,428.0
4915,31,unclear,1250,0.8,40.87,14.15,34.29,14.69,48.0,62.5,1.93,0.0,0.0,0.0,0.0,93.62,40.86,14.05,46.68,1.61,35.25,13.63,65.0,0.08,51.0,0.0,100.0,1.37,48.0,12.22,64.7,1.37,43.88,12.56,64.7,,,
4916,31,67,995,0.1,42.04,19.23,41.84,12.96,45.62,52.63,1.91,1.3,50.07,24.39,30.76,91.64,42.17,19.23,45.33,1.91,36.47,13.2,57.89,0.2,57.5,24.74,0.0,1.3,35.07,17.01,30.76,1.71,41.05,24.28,70.58,0.0,43.01,460.0
4917,31,73,963,1.03,43.87,19.44,45.68,20.47,43.4,52.63,3.98,2.51,55.75,23.42,37.5,88.03,43.13,18.99,43.26,1.04,40.0,15.8,70.0,0.52,32.6,21.25,60.0,2.3,49.63,20.89,36.36,1.57,46.6,22.95,33.33,0.0,44.75,453.0
4918,31,76,852,0.11,41.67,18.55,45.87,21.56,41.54,41.66,2.82,1.64,45.78,19.58,35.71,90.59,41.42,18.51,41.24,1.29,37.54,13.06,63.63,0.23,27.5,38.89,0.0,2.35,46.9,15.44,60.0,0.94,41.5,20.99,12.5,0.0,39.61,410.0
4919,31,78,727,0.13,40.2,18.24,41.09,18.93,40.57,38.09,2.89,1.37,52.6,8.95,80.0,91.59,39.91,18.44,40.0,0.96,38.0,12.06,28.57,0.13,25.0,0.0,0.0,2.06,44.53,16.59,60.0,0.96,41.14,12.37,28.57,0.0,50.77,293.0
4920,31,80,879,0.45,43.19,20.1,42.83,24.57,43.23,33.33,1.37,1.02,49.22,23.68,55.55,91.42,43.17,19.96,43.5,1.48,40.23,20.26,46.15,0.22,48.0,14.14,0.0,4.0,41.8,19.64,40.0,0.45,66.25,29.31,25.0,0.0,40.36,518.0
4921,31,81,899,0.0,43.61,20.51,40.6,19.83,41.71,55.0,2.22,0.66,44.66,26.02,66.66,92.32,43.63,20.45,41.56,1.11,40.6,22.18,50.0,0.11,0.0,0.0,100.0,2.0,47.83,22.8,27.77,1.44,45.76,18.91,30.76,0.0,43.45,522.0
4922,31,82,900,0.33,42.91,20.61,36.4,24.98,44.33,53.33,1.67,1.33,50.0,25.92,75.0,92.53,43.02,20.44,43.37,1.67,34.53,14.42,66.66,0.22,32.5,7.77,50.0,1.44,41.23,18.91,38.46,1.11,51.9,29.64,50.0,0.0,42.89,502.0
4923,31,88,955,0.41,42.83,20.07,42.34,25.93,45.86,55.17,3.04,0.73,54.14,17.26,28.57,91.9,42.58,19.89,45.53,1.57,37.73,11.25,60.0,0.0,0.0,0.0,0.0,1.99,48.21,22.24,36.84,0.73,53.71,24.6,42.85,0.0,39.51,542.0
4924,31,90,920,0.76,45.73,19.97,42.8,19.03,41.73,37.5,4.38,1.53,47.28,20.34,28.57,90.58,45.87,20.01,42.44,1.53,35.0,12.67,42.85,0.1,42.0,0.0,0.0,0.98,54.11,18.27,44.44,0.87,61.25,18.36,25.0,0.0,37.62,561.0
4925,31,93,787,0.38,43.3,19.79,39.15,19.24,42.82,47.36,2.42,1.65,39.3,16.93,38.46,91.83,43.38,19.67,42.91,1.78,47.64,18.64,42.85,0.38,56.0,23.3,33.33,1.02,38.62,33.6,25.0,0.89,47.57,25.86,42.85,0.0,46.89,394.0
4926,31,92,904,0.44,44.55,20.79,43.5,15.36,45.13,66.66,1.33,1.0,45.33,28.42,77.77,92.88,44.45,20.84,43.89,2.22,39.45,17.08,55.0,0.0,0.0,0.0,0.0,1.55,46.0,22.35,57.14,0.88,54.0,17.3,62.5,0.0,31.09,501.0
4927,31,95,999,0.2,44.2,21.24,45.0,25.11,43.64,60.0,1.0,1.5,43.33,19.01,60.0,91.97,44.29,21.35,42.52,1.5,41.46,17.64,66.66,0.2,64.5,14.84,0.0,3.2,42.71,19.76,50.0,0.6,37.16,24.93,50.0,0.0,41.3,497.0
4928,31,98,946,0.31,46.12,20.92,48.31,20.06,44.82,31.57,2.01,0.63,63.5,27.04,66.66,92.89,45.85,20.87,44.86,2.01,42.78,20.3,52.63,0.0,0.0,0.0,0.0,1.27,50.91,23.44,41.66,1.16,50.27,20.5,54.54,0.0,35.69,540.0
4929,31,101,923,0.54,43.29,18.73,42.13,18.39,44.09,46.51,4.68,0.54,56.0,20.11,80.0,90.08,43.33,18.7,44.13,0.98,34.77,20.11,44.44,0.21,47.0,28.28,0.0,2.17,41.15,14.97,45.0,1.3,42.58,23.37,25.0,0.0,41.47,470.0
4930,31,102,783,0.25,40.65,19.09,45.55,9.62,43.8,38.88,2.3,1.15,40.22,27.99,22.22,93.08,40.62,19.12,44.01,0.76,29.33,15.93,83.33,0.0,0.0,0.0,0.0,2.04,36.93,18.46,37.5,0.64,46.8,24.31,40.0,0.0,49.96,382.0
4931,31,unclear,1150,0.86,42.35,14.86,44.09,19.08,49.47,63.63,1.92,0.0,0.0,0.0,0.0,94.56,42.23,14.78,48.79,1.05,43.41,15.69,50.0,0.0,0.0,0.0,0.0,1.22,46.14,15.28,71.42,1.22,44.0,16.23,42.85,,,
4932,31,107,646,0.3,39.77,18.42,37.79,20.02,41.02,80.0,0.77,1.24,62.0,20.54,25.0,92.23,39.31,18.35,40.57,1.86,39.08,12.09,66.66,0.15,72.0,0.0,0.0,2.48,41.93,18.89,43.75,1.24,44.12,13.67,25.0,0.0,57.41,263.0
4933,31,108,1015,0.49,41.17,18.84,37.27,22.15,40.29,36.11,3.56,1.58,50.18,21.69,37.5,88.21,41.07,18.59,40.4,1.38,35.28,21.99,21.42,0.0,0.0,0.0,0.0,4.05,41.53,19.26,53.65,1.18,50.0,15.54,25.0,0.0,41.09,520.0
4934,31,109,1004,0.19,42.5,19.81,44.97,15.86,41.03,39.58,4.79,0.79,50.87,7.35,12.5,88.72,42.31,19.98,40.83,0.79,34.12,7.62,37.5,0.29,55.66,15.17,33.33,3.29,41.36,23.25,63.63,1.19,45.5,21.61,16.66,0.0,43.91,448.0
4935,31,112,902,0.99,41.86,16.67,47.4,17.09,40.9,40.74,3.02,3.69,52.63,19.34,42.42,86.0,41.11,16.33,41.4,1.67,40.73,12.99,40.0,0.11,59.0,0.0,100.0,4.14,36.13,14.42,29.72,1.34,54.25,15.69,50.0,0.0,49.18,436.0
4936,31,114,922,1.19,39.61,18.69,42.55,16.88,41.97,62.96,5.92,3.4,45.03,23.66,38.7,85.18,39.06,18.26,41.23,1.09,33.0,19.72,80.0,0.1,26.0,0.0,0.0,3.07,38.89,24.45,32.14,1.2,45.36,17.4,9.09,0.0,50.5,407.0
4937,31,118,957,0.52,39.55,17.16,36.89,12.86,42.52,27.02,3.88,1.68,54.43,20.44,68.75,89.39,39.39,17.04,43.24,0.42,31.5,8.96,75.0,0.1,37.0,0.0,0.0,3.67,38.34,20.12,22.85,0.84,42.75,11.85,50.0,0.0,43.83,495.0
4938,31,120,875,0.8,40.56,18.28,35.69,19.15,41.94,36.36,3.8,1.61,52.64,20.54,57.14,89.86,40.52,18.03,42.3,0.92,43.25,8.66,50.0,0.23,71.5,2.12,50.0,3.11,36.51,18.71,29.62,0.46,41.0,33.37,50.0,0.0,43.47,468.0
4939,31,122,983,0.1,40.9,19.4,35.25,14.44,44.04,50.0,1.22,0.61,50.33,19.23,33.33,93.48,40.6,19.4,43.35,0.4,39.0,13.61,75.0,0.1,60.0,0.0,0.0,3.56,45.62,20.53,62.85,0.61,62.0,8.39,16.66,0.0,32.9,496.0
4940,31,125,878,0.56,41.76,19.95,42.44,22.08,41.23,55.55,1.03,1.14,45.7,21.44,50.0,91.86,41.34,19.83,40.02,1.14,38.9,18.68,80.0,0.11,50.0,0.0,0.0,3.55,43.77,20.12,54.83,1.14,65.8,12.57,20.0,0.0,41.34,510.0
4941,31,129,590,0.5,39.71,17.72,40.0,16.03,38.13,42.1,3.23,1.87,51.45,24.95,36.36,87.56,39.51,17.15,39.1,1.36,30.5,15.68,25.0,0.0,0.0,0.0,0.0,4.08,35.45,21.22,25.0,1.7,49.7,26.54,30.0,0.0,61.13,305.0
4942,31,131,721,0.13,41.85,17.98,37.79,17.71,42.71,60.0,0.69,1.38,49.7,13.14,50.0,91.25,42.06,17.89,42.31,5.27,35.92,14.35,50.0,0.0,0.0,0.0,0.0,1.25,45.0,28.83,11.11,0.13,0.0,0.0,100.0,0.0,49.4,393.0
4943,31,135,963,0.41,39.91,19.32,34.77,17.06,44.65,55.55,0.93,0.62,50.33,16.41,66.66,86.65,40.34,19.25,43.92,10.32,36.55,19.14,48.48,0.2,33.5,2.12,50.0,0.72,34.71,18.55,14.28,0.52,38.0,27.37,60.0,0.0,34.62,415.0
4944,31,136,885,0.56,40.32,19.11,38.25,16.76,43.05,62.5,0.9,0.11,74.0,0.0,100.0,87.38,40.79,19.08,43.3,9.65,33.68,17.83,40.0,0.0,0.0,0.0,0.0,1.13,46.9,21.08,60.0,0.79,47.85,24.67,14.28,0.0,41.39,466.0
4945,31,137,977,0.1,43.45,19.18,38.7,23.37,41.55,23.52,1.74,0.92,57.88,14.16,88.88,86.27,44.04,19.3,39.54,8.91,35.16,15.3,62.06,0.0,0.0,0.0,0.0,1.22,54.5,17.11,16.66,0.92,46.88,13.8,44.44,0.0,36.43,575.0
4946,31,138,780,0.38,42.74,16.09,41.42,17.45,42.3,42.85,1.8,1.54,56.5,15.94,58.33,92.4,42.55,15.86,42.47,0.64,45.6,12.09,60.0,0.25,53.0,4.24,100.0,2.57,40.75,16.02,30.0,0.77,29.5,24.32,16.66,0.0,54.35,411.0
4947,31,142,980,0.61,43.81,19.54,43.54,20.55,43.57,37.5,2.46,1.12,49.45,24.47,45.45,88.91,43.56,19.52,44.34,2.05,40.1,13.27,45.0,0.3,40.0,23.43,33.33,3.18,47.19,19.23,35.48,1.95,52.31,21.1,36.84,0.0,37.21,578.0
4948,31,143,959,0.2,43.4,18.95,37.81,17.08,45.04,44.44,2.82,1.46,43.71,14.04,57.14,88.81,43.88,18.86,45.05,3.76,32.77,15.31,58.33,0.2,42.0,4.24,0.0,1.67,44.12,24.35,37.5,1.25,53.75,22.72,16.66,0.0,44.63,513.0
4949,31,140,659,0.15,44.09,18.63,33.0,14.33,43.24,20.0,1.51,1.97,44.38,21.99,61.53,90.42,43.92,18.24,43.52,0.6,41.75,17.72,50.0,0.15,28.0,0.0,0.0,3.79,51.64,25.29,44.0,1.51,46.4,19.15,30.0,0.0,55.65,418.0
4950,31,148,946,0.21,40.11,18.1,44.88,23.07,40.38,61.11,1.9,1.58,59.13,16.96,40.0,91.31,39.59,18.04,40.13,1.37,43.76,11.09,84.61,0.1,27.0,0.0,100.0,2.75,38.92,15.9,15.38,0.95,47.44,13.72,22.22,0.0,47.09,455.0
4951,31,152,828,0.72,39.42,18.9,42.6,14.29,41.06,40.0,1.21,1.94,50.0,18.71,43.75,91.11,39.47,18.93,40.45,1.7,30.71,14.4,71.42,0.36,38.0,7.81,0.0,2.79,36.13,19.55,34.78,0.85,40.85,15.77,28.57,0.0,49.07,439.0
4952,31,154,888,0.33,40.52,18.28,39.66,17.09,42.0,50.0,1.35,1.69,53.8,13.37,60.0,91.63,40.19,18.25,41.55,1.24,35.54,16.51,63.63,0.22,46.0,29.69,100.0,3.27,38.55,18.25,34.48,0.56,61.8,4.49,20.0,0.0,42.03,450.0
4953,31,155,852,0.7,43.26,17.42,50.08,18.96,45.42,58.33,1.41,1.06,43.33,12.55,44.44,91.13,42.81,17.44,45.13,1.18,40.29,8.96,40.0,0.11,37.0,0.0,0.0,3.66,48.58,17.92,45.16,1.41,44.25,15.73,41.66,0.0,38.96,466.0
4954,31,156,942,0.63,42.61,18.33,40.71,16.88,46.07,50.0,2.99,0.96,56.55,11.15,33.33,91.02,42.26,18.18,45.65,1.49,43.5,10.23,92.85,0.1,40.0,0.0,0.0,2.67,46.28,22.8,36.0,0.74,57.57,29.82,28.57,0.0,34.07,560.0
4955,31,157,922,0.54,42.48,18.7,34.66,25.8,45.33,53.33,1.63,0.76,44.14,25.1,42.85,89.53,42.66,18.42,44.94,1.85,35.17,16.45,58.82,0.43,37.25,26.24,50.0,4.79,43.77,18.77,50.0,0.98,45.11,28.55,33.33,0.0,37.87,590.0
4956,31,159,949,0.73,44.8,18.92,35.82,20.46,44.15,76.47,1.8,1.59,48.46,23.9,33.33,91.4,44.88,18.75,43.32,2.12,38.54,13.48,55.0,0.0,0.0,0.0,0.0,1.8,38.05,21.43,41.17,1.27,56.0,15.78,33.33,0.0,33.35,607.0
4957,31,168,825,0.72,42.33,18.24,42.83,27.46,44.12,50.0,1.46,2.07,41.82,21.61,35.29,89.74,41.82,17.68,44.76,1.09,45.55,26.83,55.55,0.24,36.5,9.19,0.0,4.39,45.88,18.69,38.88,0.97,57.5,19.66,12.5,0.0,38.84,483.0
4958,31,165,937,0.64,41.65,18.98,43.38,16.33,41.72,76.92,1.39,1.5,54.85,22.11,57.14,91.08,41.35,18.97,40.68,2.57,37.83,16.42,54.16,0.0,0.0,0.0,0.0,2.25,41.8,17.97,42.85,1.18,52.09,17.78,36.36,0.0,37.32,510.0
4959,31,170,786,0.25,42.01,17.99,41.37,21.2,42.23,25.0,1.02,1.65,41.61,18.71,69.23,90.05,42.16,17.74,42.49,1.91,38.79,22.42,46.66,0.12,0.0,0.0,100.0,4.71,40.05,19.56,32.43,0.51,60.5,11.9,0.0,0.0,49.42,453.0
4960,31,172,983,0.2,39.39,18.81,32.5,0.7,44.35,100.0,0.2,1.63,48.81,17.06,43.75,92.55,38.94,18.67,44.82,0.81,39.0,10.79,75.0,0.3,48.66,19.29,0.0,3.26,41.43,18.82,34.37,1.22,55.16,29.15,25.0,0.0,45.78,387.0
4961,31,176,994,0.3,41.3,18.89,43.33,12.85,44.36,66.66,0.9,0.9,56.0,20.63,44.44,92.12,40.94,18.62,44.68,1.41,34.85,17.89,71.42,0.3,52.0,7.93,66.66,2.92,42.37,21.55,24.13,1.41,52.21,27.08,14.28,0.0,38.94,508.0
4962,31,178,958,1.14,41.72,19.36,36.79,14.83,41.96,40.0,2.11,2.85,56.51,19.23,44.44,89.12,41.06,19.18,41.7,1.05,28.3,17.04,50.0,0.0,0.0,0.0,0.0,3.69,48.25,16.65,40.0,1.16,56.54,15.55,54.54,0.0,37.22,574.0
4963,31,180,979,0.91,39.66,17.15,26.88,12.97,42.08,33.33,0.92,3.19,48.03,15.72,45.16,89.48,39.04,17.17,41.93,1.13,39.9,12.22,45.45,0.2,68.5,16.26,0.0,3.5,43.14,15.14,44.11,1.54,47.33,17.92,53.33,0.0,37.64,537.0
4964,31,184,971,0.51,39.62,18.84,21.25,18.79,43.15,62.5,0.82,0.93,58.0,12.99,88.88,90.68,39.69,18.59,43.37,1.44,34.57,14.41,64.28,0.41,58.25,10.71,0.0,5.17,35.22,20.58,28.0,0.51,43.0,11.11,20.0,0.0,43.31,462.0
4965,31,183,970,0.51,39.35,18.29,42.95,14.4,41.85,66.66,2.17,1.65,45.12,21.97,50.0,87.25,38.59,18.02,41.21,1.03,40.7,22.28,70.0,0.1,62.0,0.0,100.0,6.21,45.51,17.14,35.0,1.55,47.13,25.79,46.66,0.0,44.79,504.0
4966,31,186,956,0.52,42.69,18.71,37.71,14.22,41.31,46.42,2.94,1.15,48.72,22.65,18.18,90.32,42.66,18.79,41.44,0.84,45.75,16.14,62.5,0.63,54.66,13.9,16.66,3.04,40.48,19.67,34.48,0.94,44.77,23.32,66.66,0.0,41.7,533.0
4967,31,190,936,1.17,40.79,18.34,35.0,21.56,44.33,50.0,3.02,1.72,45.5,24.33,56.25,88.75,40.42,17.82,43.36,1.51,36.42,15.5,71.42,0.0,0.0,0.0,0.0,3.56,42.45,19.25,48.48,1.4,64.38,17.61,30.76,0.0,44.11,479.0
4968,31,192,941,1.8,41.17,17.7,42.89,13.52,42.29,42.1,4.11,3.35,52.93,18.43,48.38,86.25,40.48,17.47,42.53,0.86,22.25,15.58,75.0,0.1,44.0,0.0,0.0,4.11,42.84,19.4,34.21,1.19,46.36,15.65,27.27,0.0,37.76,564.0
4969,31,194,991,0.7,37.48,18.33,36.15,15.41,43.28,45.0,8.13,3.04,41.66,19.51,56.66,80.79,37.15,18.22,43.27,0.5,32.6,22.55,100.0,0.81,36.87,9.31,50.0,4.97,39.2,19.6,38.77,1.72,41.47,27.98,11.76,0.0,43.04,396.0
4970,31,196,728,0.82,42.79,17.76,40.09,19.89,41.62,27.27,1.52,1.52,45.81,24.11,54.54,89.47,42.65,17.76,43.18,0.96,45.28,18.43,85.71,0.0,0.0,0.0,0.0,5.54,41.37,15.67,15.0,0.96,54.85,18.14,14.28,0.0,47.7,413.0
4971,31,198,715,0.41,40.82,19.08,27.71,4.68,41.53,42.85,0.98,1.68,57.91,20.27,41.66,89.04,40.68,19.06,41.64,1.54,37.72,18.88,27.27,0.56,60.5,21.42,75.0,4.77,35.82,17.21,44.11,1.4,47.5,14.56,40.0,0.0,49.61,409.0
4972,31,199,632,0.79,43.99,16.91,45.09,20.62,44.62,54.54,1.75,2.87,50.22,22.83,50.0,86.44,43.74,16.59,44.64,2.39,41.6,9.75,66.66,0.0,0.0,0.0,0.0,5.26,40.24,19.18,30.3,1.27,62.5,11.84,25.0,0.0,47.15,409.0
4973,31,203,520,0.38,41.2,16.49,34.25,4.99,42.11,0.0,0.77,1.54,33.5,22.44,50.0,88.99,41.28,16.09,42.95,2.5,42.3,18.35,30.76,0.0,0.0,0.0,0.0,5.01,41.61,19.86,26.92,1.15,43.16,23.54,66.66,0.0,33.16,255.0
4974,31,1,0,0.0,0.0,0.0,0.0,0.0,0.0,0.0,0.0,0.0,0.0,0.0,0.0,0.0,0.0,0.0,0.0,0.0,0.0,0.0,0.0,0.0,0.0,0.0,0.0,0.0,0.0,0.0,0.0,0.0,0.0,0.0,0.0,0.0,0.0,0.0
4975,31,2,0,0.0,0.0,0.0,0.0,0.0,0.0,0.0,0.0,0.0,0.0,0.0,0.0,0.0,0.0,0.0,0.0,0.0,0.0,0.0,0.0,0.0,0.0,0.0,0.0,0.0,0.0,0.0,0.0,0.0,0.0,0.0,0.0,0.0,0.0,0.0
4976,31,3,847,0.35,40.48,19.41,34.95,16.44,41.91,56.52,2.72,1.89,53.43,16.67,62.5,85.3,40.35,19.61,39.86,2.72,35.95,10.26,69.56,0.0,0.0,0.0,0.0,6.51,41.07,20.91,49.09,0.82,46.57,14.99,14.28,0.0,0.0,454.0
4977,31,4,972,0.82,39.99,17.79,43.43,17.98,41.25,60.0,3.11,2.17,46.0,20.65,61.9,86.41,39.68,17.78,39.97,2.17,34.66,15.36,47.61,0.1,76.0,0.0,100.0,4.25,39.43,16.86,34.14,1.76,44.82,14.76,41.17,0.0,0.0,472.0
4978,31,5,0,0.0,0.0,0.0,0.0,0.0,0.0,0.0,0.0,0.0,0.0,0.0,0.0,0.0,0.0,0.0,0.0,0.0,0.0,0.0,0.0,0.0,0.0,0.0,0.0,0.0,0.0,0.0,0.0,0.0,0.0,0.0,0.0,0.0,0.0,0.0
4979,31,6,0,0.0,0.0,0.0,0.0,0.0,0.0,0.0,0.0,0.0,0.0,0.0,0.0,0.0,0.0,0.0,0.0,0.0,0.0,0.0,0.0,0.0,0.0,0.0,0.0,0.0,0.0,0.0,0.0,0.0,0.0,0.0,0.0,0.0,0.0,0.0
4980,31,7,967,1.75,40.91,18.99,38.17,17.4,41.67,44.56,9.68,3.26,47.25,20.24,45.16,79.15,40.59,18.88,41.48,1.26,35.16,16.62,58.33,0.73,41.42,17.92,42.85,4.52,46.0,18.69,37.2,1.36,42.69,25.33,38.46,0.0,0.0,470.0
4981,31,8,898,0.22,42.38,19.13,36.5,18.33,42.42,44.44,2.0,1.56,53.14,16.68,50.0,89.84,42.23,19.22,41.98,2.45,32.36,8.69,54.54,0.11,26.0,0.0,100.0,2.67,52.91,20.53,33.33,1.33,46.75,15.41,50.0,0.0,0.0,431.0
4982,31,10,534,0.37,41.94,19.88,31.0,18.77,41.76,33.33,1.12,1.31,58.85,22.82,28.57,87.4,43.0,19.57,42.15,8.08,30.11,18.41,44.18,0.18,37.0,0.0,0.0,1.31,37.42,14.51,42.85,0.56,54.66,21.5,0.0,0.0,0.0,281.0
4983,31,13,774,0.77,40.08,17.94,41.86,20.66,44.7,47.82,2.99,1.95,45.66,29.44,66.66,89.19,40.19,17.39,44.37,1.04,33.75,6.81,62.5,0.0,0.0,0.0,0.0,3.38,32.07,16.89,30.76,1.43,53.18,16.0,36.36,0.0,0.0,462.0
4984,31,14,949,0.1,38.66,18.85,37.7,18.66,43.83,60.0,2.1,2.74,50.46,24.99,42.3,89.97,38.0,18.49,43.72,0.84,31.25,11.9,87.5,0.1,65.0,0.0,0.0,2.42,44.86,17.64,26.08,1.79,48.0,22.03,35.29,0.0,0.0,493.0
4985,31,16,0,0.0,0.0,0.0,0.0,0.0,0.0,0.0,0.0,0.0,0.0,0.0,0.0,0.0,0.0,0.0,0.0,0.0,0.0,0.0,0.0,0.0,0.0,0.0,0.0,0.0,0.0,0.0,0.0,0.0,0.0,0.0,0.0,0.0,0.0,0.0
4986,31,17,755,0.39,42.84,18.31,42.8,23.1,43.44,32.0,3.32,1.19,38.66,17.57,44.44,90.15,43.11,18.17,43.36,2.79,31.38,11.51,42.85,0.66,42.0,14.88,60.0,0.93,41.71,22.67,42.85,0.93,53.71,21.01,71.42,0.0,0.0,434.0
4987,31,18,0,0.0,0.0,0.0,0.0,0.0,0.0,0.0,0.0,0.0,0.0,0.0,0.0,0.0,0.0,0.0,0.0,0.0,0.0,0.0,0.0,0.0,0.0,0.0,0.0,0.0,0.0,0.0,0.0,0.0,0.0,0.0,0.0,0.0,0.0,0.0
4988,31,19,770,0.0,40.93,18.96,39.38,17.06,42.33,57.14,2.72,1.03,55.5,22.99,50.0,91.42,40.81,18.78,41.61,1.03,30.37,22.75,75.0,0.38,38.66,38.5,0.0,1.81,43.28,17.45,35.71,1.55,46.33,22.07,50.0,0.0,0.0,341.0
4989,31,20,0,0.0,0.0,0.0,0.0,0.0,0.0,0.0,0.0,0.0,0.0,0.0,0.0,0.0,0.0,0.0,0.0,0.0,0.0,0.0,0.0,0.0,0.0,0.0,0.0,0.0,0.0,0.0,0.0,0.0,0.0,0.0,0.0,0.0,0.0,0.0
4990,31,21,783,0.76,43.47,18.5,38.91,21.2,40.1,58.33,1.54,1.41,38.09,20.97,36.36,90.99,43.24,18.39,40.02,1.41,43.72,11.29,27.27,0.12,0.0,0.0,0.0,2.7,50.47,16.15,38.09,1.8,54.07,22.76,35.71,0.0,0.0,411.0
4991,31,22,963,0.51,43.35,19.7,42.13,21.01,40.49,44.18,4.48,1.04,52.4,24.84,50.0,89.97,43.2,19.49,40.48,1.56,48.93,14.24,53.33,0.41,53.0,9.62,50.0,1.46,40.07,23.76,21.42,1.04,53.0,21.86,10.0,0.0,0.0,538.0
4992,31,24,842,0.47,40.44,18.27,40.93,18.64,40.97,41.07,13.36,3.69,50.51,22.14,58.06,74.58,39.79,17.25,40.64,0.83,16.85,21.47,42.85,0.47,52.75,20.27,50.0,5.36,40.51,21.39,33.33,1.67,50.71,24.73,42.85,0.0,0.0,491.0
4993,31,25,816,0.36,39.98,18.12,37.02,15.71,42.76,52.94,4.18,1.35,41.0,19.68,63.63,89.17,40.25,18.32,42.06,1.96,37.18,14.81,43.75,0.12,38.0,0.0,100.0,2.82,35.39,18.17,34.78,0.36,39.0,4.0,66.66,0.0,0.0,475.0
4994,31,26,0,0.0,0.0,0.0,0.0,0.0,0.0,0.0,0.0,0.0,0.0,0.0,0.0,0.0,0.0,0.0,0.0,0.0,0.0,0.0,0.0,0.0,0.0,0.0,0.0,0.0,0.0,0.0,0.0,0.0,0.0,0.0,0.0,0.0,0.0,0.0
4995,31,28,947,0.31,41.64,18.79,39.9,19.25,44.56,45.45,3.49,1.58,46.66,14.49,40.0,88.98,41.2,18.79,45.35,1.8,49.41,18.25,52.94,0.1,0.0,0.0,0.0,3.17,46.46,17.3,30.0,0.84,53.5,22.25,12.5,0.0,0.0,524.0
4996,31,29,972,0.72,38.12,18.52,37.07,16.87,44.95,39.82,11.7,3.21,38.87,18.23,38.7,79.17,38.03,18.5,45.94,1.34,41.23,19.9,53.84,0.62,42.16,19.33,0.0,2.48,38.16,23.26,37.5,1.45,42.5,21.72,50.0,0.0,0.0,456.0
4997,31,30,0,0.0,0.0,0.0,0.0,0.0,0.0,0.0,0.0,0.0,0.0,0.0,0.0,0.0,0.0,0.0,0.0,0.0,0.0,0.0,0.0,0.0,0.0,0.0,0.0,0.0,0.0,0.0,0.0,0.0,0.0,0.0,0.0,0.0,0.0,0.0
4998,31,31,0,0.0,0.0,0.0,0.0,0.0,0.0,0.0,0.0,0.0,0.0,0.0,0.0,0.0,0.0,0.0,0.0,0.0,0.0,0.0,0.0,0.0,0.0,0.0,0.0,0.0,0.0,0.0,0.0,0.0,0.0,0.0,0.0,0.0,0.0,0.0
4999,31,32,761,0.39,40.87,19.6,41.45,19.78,45.2,72.72,1.45,0.92,35.28,18.22,57.14,91.95,40.96,19.25,44.18,2.24,34.11,21.3,64.7,0.13,26.0,0.0,0.0,2.24,38.58,24.64,47.05,1.05,58.37,25.8,50.0,0.0,0.0,377.0
5000,31,33,783,0.63,41.55,18.33,38.33,21.36,42.14,50.0,0.77,1.28,46.0,22.49,40.0,92.54,41.31,18.25,41.66,1.02,33.37,14.51,50.0,0.0,0.0,0.0,0.0,3.34,45.38,19.11,50.0,1.02,41.0,13.73,37.5,0.0,0.0,413.0
5001,31,34,769,0.65,40.68,20.2,32.14,17.26,42.13,71.42,0.91,1.57,52.75,21.82,33.33,93.84,40.5,20.24,42.53,1.3,39.2,12.04,50.0,0.13,38.0,0.0,0.0,1.96,40.13,23.13,20.0,0.26,51.0,16.97,0.0,0.0,0.0,460.0
5002,31,35,980,0.2,45.0,19.37,47.38,17.6,43.87,50.0,1.84,0.71,49.28,26.86,14.28,90.89,44.84,19.19,44.65,1.12,40.36,18.64,54.54,0.4,45.5,38.12,25.0,2.86,40.03,21.21,28.57,2.14,58.61,16.19,33.33,0.0,0.0,524.0
5003,31,36,1007,0.29,42.93,19.49,42.71,23.85,42.0,52.38,2.09,1.39,52.92,18.22,35.71,91.23,42.43,19.24,42.57,1.29,53.46,13.81,53.84,0.19,57.0,28.28,0.0,2.68,42.37,23.22,25.92,1.09,54.27,20.92,18.18,0.0,0.0,598.0
5004,31,39,955,0.2,46.44,20.48,54.33,20.42,43.35,33.33,0.94,0.41,51.75,17.32,25.0,93.38,46.17,20.52,43.25,3.25,47.64,20.62,45.16,0.1,46.0,0.0,0.0,1.04,50.2,20.73,70.0,0.83,48.87,20.25,25.0,0.0,0.0,457.0
5005,31,41,949,0.21,42.87,20.35,52.42,17.33,45.1,35.71,1.47,0.84,55.5,17.21,75.0,92.92,42.63,20.3,44.65,2.21,41.8,22.37,66.66,0.21,37.0,4.24,50.0,1.05,37.7,25.67,70.0,1.26,45.16,20.4,16.66,0.0,0.0,412.0
5006,31,42,715,0.13,40.69,18.56,33.22,14.61,43.77,33.33,1.26,0.42,25.0,43.3,66.66,92.99,40.45,18.36,44.42,0.7,35.0,10.46,60.0,0.14,77.0,0.0,0.0,1.54,42.36,20.22,45.45,2.94,52.04,18.57,19.04,0.0,0.0,278.0
5007,31,43,871,0.57,40.06,17.22,38.0,12.73,44.54,81.81,1.27,1.38,38.75,9.81,58.33,89.83,39.88,17.41,43.83,1.61,41.21,17.61,78.57,0.0,0.0,0.0,0.0,3.34,38.86,17.6,24.13,2.54,44.0,12.16,40.9,0.0,0.0,386.0
5008,31,44,0,0.0,0.0,0.0,0.0,0.0,0.0,0.0,0.0,0.0,0.0,0.0,0.0,0.0,0.0,0.0,0.0,0.0,0.0,0.0,0.0,0.0,0.0,0.0,0.0,0.0,0.0,0.0,0.0,0.0,0.0,0.0,0.0,0.0,0.0,0.0
5009,31,45,0,0.0,0.0,0.0,0.0,0.0,0.0,0.0,0.0,0.0,0.0,0.0,0.0,0.0,0.0,0.0,0.0,0.0,0.0,0.0,0.0,0.0,0.0,0.0,0.0,0.0,0.0,0.0,0.0,0.0,0.0,0.0,0.0,0.0,0.0,0.0
5010,31,46,0,0.0,0.0,0.0,0.0,0.0,0.0,0.0,0.0,0.0,0.0,0.0,0.0,0.0,0.0,0.0,0.0,0.0,0.0,0.0,0.0,0.0,0.0,0.0,0.0,0.0,0.0,0.0,0.0,0.0,0.0,0.0,0.0,0.0,0.0,0.0
5011,31,47,876,1.02,38.77,18.43,39.0,18.07,40.98,34.28,4.03,1.73,46.46,25.09,33.33,87.08,38.75,18.0,41.72,2.65,37.82,21.26,56.52,0.23,30.0,42.42,0.0,3.11,29.33,17.81,33.33,1.15,48.3,26.0,10.0,0.0,0.0,259.0
5012,31,48,761,0.26,38.19,17.48,36.45,20.0,40.21,60.0,2.63,1.71,43.61,25.62,38.46,91.3,38.07,17.38,39.97,0.92,39.71,7.34,71.42,0.13,46.0,0.0,0.0,2.1,38.31,15.44,31.25,1.18,42.33,9.93,11.11,0.0,0.0,266.0
5013,31,50,0,0.0,0.0,0.0,0.0,0.0,0.0,0.0,0.0,0.0,0.0,0.0,0.0,0.0,0.0,0.0,0.0,0.0,0.0,0.0,0.0,0.0,0.0,0.0,0.0,0.0,0.0,0.0,0.0,0.0,0.0,0.0,0.0,0.0,0.0,0.0
5014,31,51,968,0.1,41.85,18.5,37.57,15.81,42.87,66.66,2.17,0.82,57.87,17.13,50.0,92.34,41.83,18.4,42.44,1.86,39.22,21.97,55.55,0.0,0.0,0.0,0.0,2.17,39.95,21.0,33.33,0.62,51.5,17.44,16.66,0.0,0.0,494.0
5015,31,52,966,0.41,40.96,18.44,34.18,15.14,40.99,47.91,4.98,2.07,46.7,19.39,35.0,86.27,41.14,18.55,41.08,1.24,39.66,21.35,66.66,0.1,54.0,0.0,0.0,3.53,42.05,16.5,35.29,1.76,37.35,18.75,11.76,0.0,0.0,544.0
5016,31,53,782,0.0,41.08,19.91,29.38,16.23,43.6,38.46,1.66,1.15,52.33,14.53,55.55,90.92,41.07,19.85,43.45,2.04,46.75,16.71,50.0,0.25,55.0,12.72,0.0,2.55,38.85,24.63,45.0,1.4,39.54,23.26,45.45,0.0,0.0,294.0
5017,31,54,783,0.12,39.05,19.56,26.08,15.66,44.57,50.0,1.53,1.4,35.9,24.69,81.81,92.71,39.3,19.47,43.86,1.79,33.28,6.31,64.28,0.25,23.0,32.52,0.0,2.04,46.56,25.88,31.25,0.25,45.5,12.02,50.0,0.0,0.0,246.0
5018,31,58,0,0.0,0.0,0.0,0.0,0.0,0.0,0.0,0.0,0.0,0.0,0.0,0.0,0.0,0.0,0.0,0.0,0.0,0.0,0.0,0.0,0.0,0.0,0.0,0.0,0.0,0.0,0.0,0.0,0.0,0.0,0.0,0.0,0.0,0.0,0.0
5019,31,59,0,0.0,0.0,0.0,0.0,0.0,0.0,0.0,0.0,0.0,0.0,0.0,0.0,0.0,0.0,0.0,0.0,0.0,0.0,0.0,0.0,0.0,0.0,0.0,0.0,0.0,0.0,0.0,0.0,0.0,0.0,0.0,0.0,0.0,0.0,0.0
5020,31,60,0,0.0,0.0,0.0,0.0,0.0,0.0,0.0,0.0,0.0,0.0,0.0,0.0,0.0,0.0,0.0,0.0,0.0,0.0,0.0,0.0,0.0,0.0,0.0,0.0,0.0,0.0,0.0,0.0,0.0,0.0,0.0,0.0,0.0,0.0,0.0
5021,31,61,0,0.0,0.0,0.0,0.0,0.0,0.0,0.0,0.0,0.0,0.0,0.0,0.0,0.0,0.0,0.0,0.0,0.0,0.0,0.0,0.0,0.0,0.0,0.0,0.0,0.0,0.0,0.0,0.0,0.0,0.0,0.0,0.0,0.0,0.0,0.0
5022,31,63,0,0.0,0.0,0.0,0.0,0.0,0.0,0.0,0.0,0.0,0.0,0.0,0.0,0.0,0.0,0.0,0.0,0.0,0.0,0.0,0.0,0.0,0.0,0.0,0.0,0.0,0.0,0.0,0.0,0.0,0.0,0.0,0.0,0.0,0.0,0.0
5023,31,64,909,0.22,45.39,21.53,37.93,18.48,44.99,60.0,1.65,0.77,54.14,15.24,42.85,89.41,46.1,21.67,44.26,4.96,36.84,13.4,60.0,0.11,85.0,0.0,0.0,1.65,32.13,24.25,60.0,1.43,48.15,21.99,7.69,0.0,0.0,473.0
5024,31,65,0,0.0,0.0,0.0,0.0,0.0,0.0,0.0,0.0,0.0,0.0,0.0,0.0,0.0,0.0,0.0,0.0,0.0,0.0,0.0,0.0,0.0,0.0,0.0,0.0,0.0,0.0,0.0,0.0,0.0,0.0,0.0,0.0,0.0,0.0,0.0
5025,31,66,985,0.0,42.54,19.62,52.0,11.47,43.75,70.0,1.01,1.42,48.64,20.99,57.14,91.47,42.18,19.43,43.17,3.75,41.97,22.97,43.24,0.1,56.0,0.0,0.0,1.11,53.36,27.61,45.45,1.11,45.54,15.77,54.54,0.0,0.0,422.0
5026,31,72,738,0.13,38.72,17.89,48.23,21.62,43.08,33.33,2.84,0.67,44.4,14.53,60.0,90.5,38.22,17.35,42.72,2.44,39.77,24.39,38.88,0.0,0.0,0.0,0.0,2.44,47.33,21.45,55.55,1.08,26.75,16.55,62.5,0.0,0.0,292.0
5027,31,75,936,0.32,41.56,18.49,38.0,18.08,42.09,38.09,4.5,1.39,45.53,29.53,38.46,89.49,41.64,18.2,42.27,0.85,34.12,10.6,25.0,0.42,41.0,9.48,25.0,1.82,50.23,15.25,58.82,1.5,35.71,29.58,28.57,0.0,0.0,424.0
5028,31,77,0,0.0,0.0,0.0,0.0,0.0,0.0,0.0,0.0,0.0,0.0,0.0,0.0,0.0,0.0,0.0,0.0,0.0,0.0,0.0,0.0,0.0,0.0,0.0,0.0,0.0,0.0,0.0,0.0,0.0,0.0,0.0,0.0,0.0,0.0,0.0
5029,31,79,0,0.0,0.0,0.0,0.0,0.0,0.0,0.0,0.0,0.0,0.0,0.0,0.0,0.0,0.0,0.0,0.0,0.0,0.0,0.0,0.0,0.0,0.0,0.0,0.0,0.0,0.0,0.0,0.0,0.0,0.0,0.0,0.0,0.0,0.0,0.0
5030,31,84,0,0.0,0.0,0.0,0.0,0.0,0.0,0.0,0.0,0.0,0.0,0.0,0.0,0.0,0.0,0.0,0.0,0.0,0.0,0.0,0.0,0.0,0.0,0.0,0.0,0.0,0.0,0.0,0.0,0.0,0.0,0.0,0.0,0.0,0.0,0.0
5031,31,85,705,0.14,47.33,19.25,50.3,19.69,44.11,47.61,5.96,1.98,49.0,20.81,21.42,88.49,47.13,19.3,44.3,0.71,49.2,14.87,60.0,0.0,0.0,0.0,0.0,0.85,43.0,22.68,33.33,1.98,45.78,16.74,42.85,0.0,0.0,421.0
5032,31,87,675,0.44,42.07,19.11,34.75,18.03,42.81,36.36,4.91,1.19,53.62,23.2,37.5,85.86,42.33,19.15,42.98,1.19,37.62,10.75,50.0,0.14,78.0,0.0,100.0,3.86,43.46,14.89,50.0,2.67,43.27,22.25,33.33,0.0,0.0,350.0
5033,31,89,0,0.0,0.0,0.0,0.0,0.0,0.0,0.0,0.0,0.0,0.0,0.0,0.0,0.0,0.0,0.0,0.0,0.0,0.0,0.0,0.0,0.0,0.0,0.0,0.0,0.0,0.0,0.0,0.0,0.0,0.0,0.0,0.0,0.0,0.0,0.0
5034,31,91,0,0.0,0.0,0.0,0.0,0.0,0.0,0.0,0.0,0.0,0.0,0.0,0.0,0.0,0.0,0.0,0.0,0.0,0.0,0.0,0.0,0.0,0.0,0.0,0.0,0.0,0.0,0.0,0.0,0.0,0.0,0.0,0.0,0.0,0.0,0.0
5035,31,94,902,0.99,41.22,18.62,39.18,17.67,44.23,56.25,1.79,1.79,48.87,24.9,25.0,90.03,41.02,18.78,43.65,2.12,38.31,10.46,73.68,0.11,34.0,0.0,0.0,2.46,42.72,19.57,31.81,1.67,43.06,11.81,46.66,0.0,0.0,471.0
5036,31,96,927,0.0,45.36,20.62,43.86,20.22,46.06,52.17,2.48,1.07,39.6,14.17,50.0,90.18,45.54,20.92,45.69,2.04,40.68,20.12,47.36,0.1,55.0,0.0,100.0,2.8,47.34,16.6,50.0,1.29,42.25,14.11,41.66,0.0,0.0,502.0
5037,31,100,0,0.0,0.0,0.0,0.0,0.0,0.0,0.0,0.0,0.0,0.0,0.0,0.0,0.0,0.0,0.0,0.0,0.0,0.0,0.0,0.0,0.0,0.0,0.0,0.0,0.0,0.0,0.0,0.0,0.0,0.0,0.0,0.0,0.0,0.0,0.0
5038,31,103,0,0.0,0.0,0.0,0.0,0.0,0.0,0.0,0.0,0.0,0.0,0.0,0.0,0.0,0.0,0.0,0.0,0.0,0.0,0.0,0.0,0.0,0.0,0.0,0.0,0.0,0.0,0.0,0.0,0.0,0.0,0.0,0.0,0.0,0.0,0.0
5039,31,106,0,0.0,0.0,0.0,0.0,0.0,0.0,0.0,0.0,0.0,0.0,0.0,0.0,0.0,0.0,0.0,0.0,0.0,0.0,0.0,0.0,0.0,0.0,0.0,0.0,0.0,0.0,0.0,0.0,0.0,0.0,0.0,0.0,0.0,0.0,0.0
5040,31,110,967,0.41,40.48,18.33,37.92,19.32,42.29,42.1,3.94,1.24,43.66,20.39,50.0,88.68,40.67,18.35,42.62,0.62,33.0,12.61,33.33,0.31,40.66,12.42,0.0,3.32,36.21,17.74,50.0,1.86,40.66,15.2,22.22,0.0,0.0,411.0
5041,31,111,0,0.0,0.0,0.0,0.0,0.0,0.0,0.0,0.0,0.0,0.0,0.0,0.0,0.0,0.0,0.0,0.0,0.0,0.0,0.0,0.0,0.0,0.0,0.0,0.0,0.0,0.0,0.0,0.0,0.0,0.0,0.0,0.0,0.0,0.0,0.0
5042,31,113,0,0.0,0.0,0.0,0.0,0.0,0.0,0.0,0.0,0.0,0.0,0.0,0.0,0.0,0.0,0.0,0.0,0.0,0.0,0.0,0.0,0.0,0.0,0.0,0.0,0.0,0.0,0.0,0.0,0.0,0.0,0.0,0.0,0.0,0.0,0.0
5043,31,115,0,0.0,0.0,0.0,0.0,0.0,0.0,0.0,0.0,0.0,0.0,0.0,0.0,0.0,0.0,0.0,0.0,0.0,0.0,0.0,0.0,0.0,0.0,0.0,0.0,0.0,0.0,0.0,0.0,0.0,0.0,0.0,0.0,0.0,0.0,0.0
5044,31,116,651,0.92,38.62,18.65,37.17,19.04,41.01,43.47,3.56,1.86,56.08,11.68,33.33,88.37,38.4,18.42,41.4,1.39,29.0,13.89,44.44,0.31,35.5,0.7,50.0,2.94,40.42,14.64,26.31,1.55,28.4,18.75,30.0,0.0,0.0,241.0
5045,31,117,1011,0.49,41.31,16.86,36.36,18.85,40.15,32.0,2.48,2.58,52.73,15.98,42.3,89.36,40.96,16.79,40.82,0.59,36.16,7.7,83.33,0.19,45.5,13.43,50.0,3.37,41.79,17.2,20.58,1.39,52.07,14.73,50.0,0.0,0.0,531.0
5046,31,119,870,0.8,40.07,17.19,36.81,13.8,39.19,21.05,4.4,2.31,52.05,16.18,55.0,88.64,39.62,17.23,39.6,1.27,34.0,15.39,54.54,0.0,0.0,0.0,0.0,1.96,49.7,20.67,35.29,1.39,47.16,12.45,16.66,0.0,0.0,436.0
5047,31,121,0,0.0,0.0,0.0,0.0,0.0,0.0,0.0,0.0,0.0,0.0,0.0,0.0,0.0,0.0,0.0,0.0,0.0,0.0,0.0,0.0,0.0,0.0,0.0,0.0,0.0,0.0,0.0,0.0,0.0,0.0,0.0,0.0,0.0,0.0,0.0
5048,31,123,0,0.0,0.0,0.0,0.0,0.0,0.0,0.0,0.0,0.0,0.0,0.0,0.0,0.0,0.0,0.0,0.0,0.0,0.0,0.0,0.0,0.0,0.0,0.0,0.0,0.0,0.0,0.0,0.0,0.0,0.0,0.0,0.0,0.0,0.0,0.0
5049,31,124,0,0.0,0.0,0.0,0.0,0.0,0.0,0.0,0.0,0.0,0.0,0.0,0.0,0.0,0.0,0.0,0.0,0.0,0.0,0.0,0.0,0.0,0.0,0.0,0.0,0.0,0.0,0.0,0.0,0.0,0.0,0.0,0.0,0.0,0.0,0.0
5050,31,126,0,0.0,0.0,0.0,0.0,0.0,0.0,0.0,0.0,0.0,0.0,0.0,0.0,0.0,0.0,0.0,0.0,0.0,0.0,0.0,0.0,0.0,0.0,0.0,0.0,0.0,0.0,0.0,0.0,0.0,0.0,0.0,0.0,0.0,0.0,0.0
5051,31,127,746,0.26,39.36,19.37,42.7,10.89,35.79,35.29,2.28,1.61,46.0,15.96,25.0,90.99,39.57,19.18,36.18,1.34,33.4,30.66,50.0,0.4,12.0,20.78,0.0,1.61,29.16,23.64,41.66,1.74,37.92,21.93,15.38,0.0,0.0,339.0
5052,31,128,0,0.0,0.0,0.0,0.0,0.0,0.0,0.0,0.0,0.0,0.0,0.0,0.0,0.0,0.0,0.0,0.0,0.0,0.0,0.0,0.0,0.0,0.0,0.0,0.0,0.0,0.0,0.0,0.0,0.0,0.0,0.0,0.0,0.0,0.0,0.0
5053,31,130,0,0.0,0.0,0.0,0.0,0.0,0.0,0.0,0.0,0.0,0.0,0.0,0.0,0.0,0.0,0.0,0.0,0.0,0.0,0.0,0.0,0.0,0.0,0.0,0.0,0.0,0.0,0.0,0.0,0.0,0.0,0.0,0.0,0.0,0.0,0.0
5054,31,132,615,0.0,43.45,18.16,39.31,17.16,40.97,40.9,3.57,0.65,32.5,21.85,0.0,90.56,43.65,18.3,40.93,1.95,40.33,9.65,50.0,0.0,0.0,0.0,0.0,2.6,46.0,20.73,43.75,0.65,47.75,7.36,50.0,0.0,0.0,260.0
5055,31,133,0,0.0,0.0,0.0,0.0,0.0,0.0,0.0,0.0,0.0,0.0,0.0,0.0,0.0,0.0,0.0,0.0,0.0,0.0,0.0,0.0,0.0,0.0,0.0,0.0,0.0,0.0,0.0,0.0,0.0,0.0,0.0,0.0,0.0,0.0,0.0
5056,31,139,841,0.59,40.4,18.42,34.88,20.54,41.85,37.03,3.22,1.43,41.33,19.75,58.33,90.31,40.09,18.26,41.32,1.55,40.92,11.89,53.84,0.0,0.0,0.0,0.0,2.15,48.72,22.2,38.88,1.31,50.27,13.64,54.54,0.0,0.0,324.0
5057,31,141,741,0.4,39.52,17.68,30.76,8.99,44.53,53.84,1.76,2.3,45.88,9.03,35.29,91.19,39.33,18.04,45.17,1.62,38.25,12.73,58.33,0.0,0.0,0.0,0.0,2.03,42.4,15.88,26.66,1.08,49.25,17.56,12.5,0.0,0.0,318.0
5058,31,144,976,0.2,43.13,19.83,47.54,17.84,41.8,45.45,1.12,1.54,45.06,14.39,66.66,90.96,43.02,20.06,41.76,1.95,38.78,13.3,36.84,0.3,47.66,23.75,33.33,2.97,43.48,21.89,37.93,1.12,50.0,15.18,27.27,0.0,0.0,570.0
5059,31,145,0,0.0,0.0,0.0,0.0,0.0,0.0,0.0,0.0,0.0,0.0,0.0,0.0,0.0,0.0,0.0,0.0,0.0,0.0,0.0,0.0,0.0,0.0,0.0,0.0,0.0,0.0,0.0,0.0,0.0,0.0,0.0,0.0,0.0,0.0,0.0
5060,31,146,0,0.0,0.0,0.0,0.0,0.0,0.0,0.0,0.0,0.0,0.0,0.0,0.0,0.0,0.0,0.0,0.0,0.0,0.0,0.0,0.0,0.0,0.0,0.0,0.0,0.0,0.0,0.0,0.0,0.0,0.0,0.0,0.0,0.0,0.0,0.0
5061,31,147,1003,0.89,39.94,18.19,36.78,9.77,43.56,42.1,1.91,2.51,48.04,19.74,36.0,87.92,39.59,18.42,44.5,1.2,33.5,10.45,75.0,0.0,0.0,0.0,0.0,5.33,44.15,14.32,28.3,1.1,46.9,19.27,36.36,0.0,0.0,478.0
5062,31,149,0,0.0,0.0,0.0,0.0,0.0,0.0,0.0,0.0,0.0,0.0,0.0,0.0,0.0,0.0,0.0,0.0,0.0,0.0,0.0,0.0,0.0,0.0,0.0,0.0,0.0,0.0,0.0,0.0,0.0,0.0,0.0,0.0,0.0,0.0,0.0
5063,31,150,0,0.0,0.0,0.0,0.0,0.0,0.0,0.0,0.0,0.0,0.0,0.0,0.0,0.0,0.0,0.0,0.0,0.0,0.0,0.0,0.0,0.0,0.0,0.0,0.0,0.0,0.0,0.0,0.0,0.0,0.0,0.0,0.0,0.0,0.0,0.0
5064,31,153,885,0.79,41.6,19.79,46.33,16.33,41.58,41.66,1.36,2.61,46.52,22.28,43.47,90.2,40.92,19.87,42.17,1.02,40.22,10.05,33.33,0.11,72.0,0.0,100.0,3.64,44.84,17.42,28.12,1.02,58.44,15.96,44.44,0.0,0.0,447.0
5065,31,158,0,0.0,0.0,0.0,0.0,0.0,0.0,0.0,0.0,0.0,0.0,0.0,0.0,0.0,0.0,0.0,0.0,0.0,0.0,0.0,0.0,0.0,0.0,0.0,0.0,0.0,0.0,0.0,0.0,0.0,0.0,0.0,0.0,0.0,0.0,0.0
5066,31,161,801,0.12,38.41,18.39,41.45,25.61,41.82,72.72,1.37,1.0,42.62,23.36,25.0,88.0,38.43,18.07,42.04,4.75,30.1,14.73,36.84,0.0,0.0,0.0,0.0,3.5,45.42,21.86,39.28,1.37,40.81,22.92,36.36,0.0,0.0,321.0
5067,31,162,878,0.45,41.22,18.03,43.44,16.5,40.77,44.44,1.02,1.25,44.72,11.69,54.54,90.5,41.19,18.0,40.7,3.08,38.62,15.97,48.14,0.11,0.0,0.0,100.0,2.74,42.5,16.49,33.33,1.25,44.63,27.38,18.18,0.0,0.0,536.0
5068,31,163,862,0.34,40.35,18.31,44.5,24.14,44.54,50.0,0.46,2.21,51.42,24.51,42.1,88.35,40.03,17.84,44.26,2.56,35.22,11.22,50.0,0.23,52.5,3.53,50.0,4.42,40.07,19.33,44.73,1.74,48.73,28.42,46.66,0.0,0.0,465.0
5069,31,164,0,0.0,0.0,0.0,0.0,0.0,0.0,0.0,0.0,0.0,0.0,0.0,0.0,0.0,0.0,0.0,0.0,0.0,0.0,0.0,0.0,0.0,0.0,0.0,0.0,0.0,0.0,0.0,0.0,0.0,0.0,0.0,0.0,0.0,0.0,0.0
5070,31,166,0,0.0,0.0,0.0,0.0,0.0,0.0,0.0,0.0,0.0,0.0,0.0,0.0,0.0,0.0,0.0,0.0,0.0,0.0,0.0,0.0,0.0,0.0,0.0,0.0,0.0,0.0,0.0,0.0,0.0,0.0,0.0,0.0,0.0,0.0,0.0
5071,31,167,796,0.12,41.73,18.51,49.75,19.3,42.83,62.5,1.0,1.25,57.6,22.3,30.0,92.83,41.47,18.19,42.41,2.76,40.0,19.7,59.09,0.0,0.0,0.0,0.0,1.0,54.25,18.9,50.0,1.13,29.77,24.6,22.22,0.0,0.0,406.0
5072,31,169,823,0.85,39.14,17.16,43.0,20.03,42.89,50.0,1.71,1.1,35.77,18.21,44.44,90.56,38.77,16.86,43.03,1.71,39.35,18.15,57.14,0.73,55.16,15.27,16.66,2.81,41.86,18.61,39.13,1.34,44.72,23.58,27.27,0.0,0.0,457.0
5073,31,171,758,0.79,39.81,16.67,29.85,4.84,44.45,71.42,0.93,1.99,45.53,20.63,46.66,91.09,39.74,16.66,43.94,0.79,35.83,11.21,83.33,0.39,34.0,3.6,33.33,4.25,41.03,16.41,37.5,0.53,35.0,23.57,75.0,0.0,0.0,330.0
5074,31,174,0,0.0,0.0,0.0,0.0,0.0,0.0,0.0,0.0,0.0,0.0,0.0,0.0,0.0,0.0,0.0,0.0,0.0,0.0,0.0,0.0,0.0,0.0,0.0,0.0,0.0,0.0,0.0,0.0,0.0,0.0,0.0,0.0,0.0,0.0,0.0
5075,31,175,764,0.65,40.54,18.47,39.18,22.54,43.71,45.45,1.44,0.92,56.0,23.38,42.85,91.83,40.3,18.27,43.9,1.71,30.53,8.75,61.53,0.0,0.0,0.0,0.0,2.23,43.94,16.85,29.41,1.84,45.92,23.76,28.57,0.0,0.0,386.0
5076,31,177,0,0.0,0.0,0.0,0.0,0.0,0.0,0.0,0.0,0.0,0.0,0.0,0.0,0.0,0.0,0.0,0.0,0.0,0.0,0.0,0.0,0.0,0.0,0.0,0.0,0.0,0.0,0.0,0.0,0.0,0.0,0.0,0.0,0.0,0.0,0.0
5077,31,179,0,0.0,0.0,0.0,0.0,0.0,0.0,0.0,0.0,0.0,0.0,0.0,0.0,0.0,0.0,0.0,0.0,0.0,0.0,0.0,0.0,0.0,0.0,0.0,0.0,0.0,0.0,0.0,0.0,0.0,0.0,0.0,0.0,0.0,0.0,0.0
5078,31,181,0,0.0,0.0,0.0,0.0,0.0,0.0,0.0,0.0,0.0,0.0,0.0,0.0,0.0,0.0,0.0,0.0,0.0,0.0,0.0,0.0,0.0,0.0,0.0,0.0,0.0,0.0,0.0,0.0,0.0,0.0,0.0,0.0,0.0,0.0,0.0
5079,31,182,810,1.23,39.79,17.94,38.53,12.14,43.82,46.15,1.62,1.12,54.11,17.01,66.66,89.5,39.65,17.83,43.71,1.75,39.5,11.05,85.71,0.12,0.0,0.0,0.0,5.0,35.25,18.56,37.5,0.87,39.42,21.61,28.57,0.0,0.0,426.0
5080,31,185,817,0.12,38.79,18.36,40.9,16.43,42.47,35.48,3.79,1.47,40.41,24.34,41.66,88.72,38.35,18.4,43.37,0.73,35.5,11.25,66.66,0.12,49.0,0.0,0.0,3.67,42.7,18.15,26.66,1.47,49.08,17.51,33.33,0.0,0.0,350.0
5081,31,187,923,0.32,41.13,18.43,36.28,19.1,43.55,40.47,4.56,2.5,46.78,22.5,69.56,86.63,41.06,18.18,43.16,1.08,47.9,12.76,60.0,0.54,33.0,20.96,60.0,3.04,38.32,15.66,28.57,1.63,50.33,25.33,46.66,0.0,0.0,496.0
5082,31,188,892,0.67,41.58,19.11,31.58,16.85,42.93,51.72,3.27,2.03,53.16,20.82,55.55,89.05,41.26,19.08,43.34,1.24,42.54,20.11,63.63,0.22,58.0,8.48,50.0,3.38,44.13,14.7,16.66,0.79,62.14,15.38,14.28,0.0,0.0,543.0
5083,31,189,0,0.0,0.0,0.0,0.0,0.0,0.0,0.0,0.0,0.0,0.0,0.0,0.0,0.0,0.0,0.0,0.0,0.0,0.0,0.0,0.0,0.0,0.0,0.0,0.0,0.0,0.0,0.0,0.0,0.0,0.0,0.0,0.0,0.0,0.0,0.0
5084,31,191,1003,0.59,38.28,18.2,37.66,23.15,41.87,41.66,3.61,1.7,46.88,14.59,52.94,88.96,37.76,17.91,42.05,1.1,37.63,12.39,54.54,0.5,48.2,17.92,40.0,2.8,41.75,18.87,35.71,1.3,44.53,21.23,23.07,0.0,0.0,457.0
5085,31,193,918,0.76,38.74,18.27,34.38,16.95,42.48,38.46,2.85,2.3,63.09,18.31,66.66,87.7,37.99,17.9,42.42,1.31,37.66,10.75,66.66,0.1,37.0,0.0,100.0,4.28,40.15,19.92,33.33,1.42,44.53,16.97,15.38,0.0,0.0,432.0
5086,31,195,749,0.53,37.99,18.67,32.24,16.29,43.39,39.02,11.0,2.14,44.68,26.17,37.5,80.4,38.47,18.83,43.73,1.2,30.33,11.92,66.66,0.13,47.0,0.0,100.0,3.48,37.73,16.08,46.15,1.61,44.5,15.73,33.33,0.0,0.0,245.0
5087,31,197,689,0.14,42.31,19.08,32.46,14.69,42.08,61.53,1.88,1.16,50.37,28.78,75.0,88.37,42.58,19.08,41.94,2.76,35.21,12.52,36.84,0.58,46.75,16.95,25.0,4.36,38.23,16.23,33.33,0.87,61.0,26.59,33.33,0.0,0.0,380.0
5088,31,200,635,0.62,42.29,19.32,46.4,35.76,41.88,50.0,1.58,2.85,57.94,22.38,55.55,84.46,41.89,18.82,42.02,2.21,30.64,17.93,71.42,0.0,0.0,0.0,0.0,7.44,41.34,13.67,23.4,1.42,51.11,28.65,44.44,0.0,0.0,376.0
5089,31,201,0,0.0,0.0,0.0,0.0,0.0,0.0,0.0,0.0,0.0,0.0,0.0,0.0,0.0,0.0,0.0,0.0,0.0,0.0,0.0,0.0,0.0,0.0,0.0,0.0,0.0,0.0,0.0,0.0,0.0,0.0,0.0,0.0,0.0,0.0,0.0
5090,31,202,596,1.0,41.56,18.47,40.23,19.69,41.1,47.61,3.55,3.22,46.42,21.99,36.84,86.1,41.34,18.02,41.33,1.52,50.11,27.44,44.44,0.33,36.5,0.7,0.0,4.06,35.04,15.21,29.16,1.18,45.85,22.02,57.14,0.0,0.0,245.0
5091,32,10,621,0.32,45.86,19.45,38.87,18.1,42.35,54.16,3.87,3.87,46.41,19.31,33.33,86.26,45.91,19.58,41.94,0.48,38.33,6.8,66.66,0.48,36.0,14.73,33.33,4.68,50.0,18.19,51.72,0.32,53.5,33.23,0.0,0.0,22.08,416.0
5092,32,28,482,0.0,42.24,18.44,41.33,24.82,42.32,66.66,0.62,2.9,51.14,17.65,71.42,90.04,41.96,18.22,42.16,0.41,39.0,4.24,100.0,0.2,70.0,0.0,0.0,4.14,33.9,17.54,25.0,1.65,60.37,19.73,25.0,0.0,27.19,267.0
5093,32,37,1104,0.09,43.88,19.11,34.5,16.94,43.29,43.18,3.98,2.17,49.83,21.93,37.5,86.58,44.29,18.98,44.81,1.72,36.52,13.93,68.42,0.36,48.0,19.2,25.0,3.8,41.78,19.7,14.28,1.35,47.8,24.03,13.33,0.0,26.44,661.0
5094,32,67,1019,0.19,44.49,19.12,58.36,28.86,43.67,57.89,1.86,2.45,56.36,17.63,44.0,90.56,44.0,18.68,44.08,0.98,32.4,9.37,60.0,0.29,49.33,5.5,33.33,3.04,41.12,21.62,25.8,0.78,58.5,19.2,12.5,0.0,32.33,581.0
5095,32,61,806,0.12,44.56,19.01,45.61,26.18,43.79,66.66,2.23,0.86,47.71,22.43,28.57,93.54,44.69,18.87,43.42,1.49,33.0,15.22,58.33,0.0,0.0,0.0,0.0,1.36,47.81,17.44,36.36,0.49,30.25,6.13,0.0,0.0,37.9,489.0
5096,32,69,851,0.11,43.84,18.16,49.76,21.87,42.89,47.05,2.0,0.94,46.25,11.86,62.5,92.7,43.88,18.15,42.25,1.17,33.79,10.97,60.0,0.11,55.0,0.0,100.0,2.23,44.89,20.49,36.84,0.82,31.57,11.84,57.14,0.0,51.62,417.0
5097,32,72,903,0.55,43.79,20.07,48.64,22.97,43.18,60.0,2.78,3.45,51.32,22.68,45.16,88.97,43.39,19.68,42.92,0.66,34.66,10.98,33.33,0.0,0.0,0.0,0.0,2.0,46.61,26.66,16.66,2.11,40.78,16.43,52.63,0.0,38.27,530.0
5098,32,70,1121,0.08,41.55,19.19,44.83,28.38,45.31,61.11,1.6,1.33,43.46,15.7,53.33,92.76,41.37,18.89,45.23,0.53,34.33,18.59,83.33,0.08,28.0,0.0,0.0,2.05,39.56,23.66,26.08,1.6,53.61,20.52,38.88,0.0,28.18,634.0
5099,32,80,695,0.0,42.29,17.82,36.5,15.91,43.16,58.33,1.72,2.01,43.85,16.77,57.14,90.35,42.64,17.74,43.15,1.72,38.08,21.55,66.66,0.14,30.0,0.0,100.0,2.73,40.73,16.52,15.78,1.29,34.11,25.28,22.22,0.0,50.53,382.0
5100,32,83,938,0.31,40.86,17.98,31.23,19.95,45.52,53.84,1.39,2.13,43.55,24.0,50.0,89.3,40.41,17.63,45.14,1.81,37.0,10.46,82.35,0.32,75.66,16.77,66.66,3.63,45.38,17.81,35.29,1.39,60.61,16.81,23.07,0.0,20.23,579.0
5101,32,91,650,0.0,42.66,17.77,42.5,8.21,42.46,75.0,1.23,2.76,54.27,22.09,44.44,91.69,42.45,17.65,41.77,2.15,33.5,14.1,50.0,0.0,0.0,0.0,0.0,1.38,51.22,14.92,33.33,0.76,35.6,21.19,60.0,0.0,51.6,406.0
5102,32,94,791,0.25,41.35,18.84,48.91,21.97,42.09,75.0,1.52,3.16,48.84,19.85,48.0,88.21,40.51,18.34,42.52,0.5,26.5,23.47,25.0,0.5,33.25,38.5,50.0,4.43,48.97,20.29,25.71,1.64,50.23,19.16,30.76,0.0,24.88,494.0
5103,32,97,1172,0.08,43.0,18.05,43.45,20.23,42.49,65.0,1.7,5.46,52.26,19.34,54.68,83.85,42.67,17.96,41.54,1.7,36.15,10.69,55.0,0.17,62.0,5.65,100.0,5.29,40.85,16.66,33.87,1.7,39.1,17.95,40.0,0.0,21.34,677.0
5104,32,unclear,1081,2.59,40.32,16.23,42.98,15.53,46.8,50.63,7.5,0.0,0.0,0.0,0.0,86.13,39.61,16.13,45.53,1.42,41.46,18.82,80.0,0.09,55.0,0.0,0.0,3.13,45.93,16.97,48.48,1.7,45.27,16.95,61.11,,,
5105,32,130,925,0.64,41.16,20.2,42.23,18.88,40.75,53.84,2.82,4.35,51.47,20.5,40.0,84.0,40.35,19.78,41.7,1.52,40.85,16.96,64.28,0.1,0.0,0.0,0.0,5.54,40.58,21.84,23.52,1.63,51.2,25.31,20.0,0.0,32.23,580.0
5106,32,134,784,0.0,42.36,20.11,38.71,20.29,41.7,71.42,0.89,4.2,52.15,23.29,66.66,84.94,41.57,19.95,40.69,1.02,42.62,19.03,75.0,0.0,0.0,0.0,0.0,7.39,45.31,16.93,29.31,1.53,47.08,28.57,50.0,0.0,49.25,491.0
5107,32,136,768,0.65,42.93,19.69,54.87,21.66,41.01,68.75,2.09,4.32,54.33,20.52,51.51,85.32,41.79,19.37,39.01,2.35,47.88,11.37,61.11,0.13,57.0,0.0,0.0,4.06,43.45,15.68,48.38,1.7,45.3,24.15,30.76,0.0,49.37,479.0
5108,32,138,489,0.61,40.73,18.27,35.2,29.65,44.58,80.0,1.02,4.11,51.7,27.17,50.0,86.0,40.62,17.67,44.49,1.23,35.33,11.6,50.0,0.82,44.75,12.55,25.0,5.14,33.36,14.1,36.0,1.64,39.62,20.62,37.5,0.0,29.33,255.0
5109,32,142,639,0.78,40.35,18.5,47.66,17.45,42.87,54.16,3.78,5.52,48.77,21.68,45.71,81.86,39.17,17.66,42.19,1.41,28.55,18.82,77.77,0.31,66.0,12.72,0.0,5.52,40.08,19.72,31.42,1.57,46.6,20.17,50.0,0.0,29.07,369.0
5110,32,146,316,0.94,41.76,18.03,58.12,25.8,42.4,50.0,2.55,7.02,52.72,15.31,31.81,77.63,39.98,17.77,43.2,1.59,28.4,26.7,40.0,0.0,0.0,0.0,0.0,9.26,43.86,13.62,41.37,1.91,48.5,15.63,50.0,0.0,31.3,186.0
5111,32,152,343,0.58,41.5,18.81,41.9,14.29,43.14,30.0,2.93,5.57,51.78,18.15,21.05,78.88,39.98,18.55,43.86,3.51,34.0,14.44,50.0,0.58,42.0,14.14,0.0,6.15,51.95,18.2,52.38,2.34,43.75,24.87,50.0,0.0,36.36,172.0
5112,32,153,799,0.37,43.69,20.54,38.5,23.95,41.92,65.0,2.51,3.76,48.93,25.55,53.33,81.9,43.37,20.37,41.1,2.26,49.0,15.26,38.88,0.75,41.83,22.45,66.66,7.16,43.43,19.41,33.33,1.63,50.3,17.23,53.84,0.0,31.82,425.0
5113,32,155,293,0.0,41.4,18.11,47.6,12.66,43.68,50.0,3.41,6.14,42.22,23.04,33.33,80.88,40.69,18.04,44.72,1.36,39.25,3.86,75.0,1.36,27.0,6.21,25.0,3.41,45.6,17.89,40.0,3.41,53.1,16.62,30.0,0.0,33.4,182.0
5114,32,156,640,0.78,42.04,18.26,40.09,29.16,41.87,72.72,1.73,3.93,45.8,24.17,48.0,84.88,41.33,17.95,41.92,1.73,39.72,20.26,45.45,0.15,27.0,0.0,100.0,6.61,46.04,11.94,28.57,0.94,53.83,17.94,33.33,0.0,58.52,398.0
5115,32,158,679,0.14,43.66,18.61,53.7,24.56,41.82,50.0,1.47,3.83,51.65,16.22,50.0,80.97,43.2,18.29,41.16,2.21,38.06,16.55,60.0,0.73,45.2,26.13,60.0,9.73,42.36,18.28,34.84,1.03,52.71,30.53,57.14,0.0,30.14,395.0
5116,32,159,800,0.37,41.1,19.46,42.0,23.96,41.62,41.17,2.13,4.51,46.41,26.71,47.22,81.55,41.16,19.1,41.53,3.13,34.15,15.05,68.0,0.75,35.66,26.81,33.33,6.27,40.98,17.38,30.0,1.63,34.07,17.12,38.46,0.0,31.74,487.0
5117,32,160,876,1.48,41.87,18.36,40.41,18.94,42.8,46.42,9.73,5.67,52.26,16.29,40.81,73.23,40.92,18.03,43.19,1.62,30.42,18.14,64.28,0.92,47.0,20.72,37.5,7.3,44.2,16.12,30.15,1.5,44.07,21.25,46.15,0.0,35.68,486.0
5118,32,161,677,0.44,45.27,19.0,42.81,19.86,40.62,40.62,4.74,9.34,60.74,15.15,33.33,75.81,42.85,18.27,42.85,1.78,40.08,23.39,75.0,0.59,58.25,10.75,0.0,6.97,52.91,19.39,21.27,0.74,36.4,13.79,40.0,0.0,36.78,367.0
5119,32,162,704,0.42,41.58,18.89,46.0,16.51,38.92,33.33,2.99,6.56,51.06,20.67,39.13,79.74,40.09,18.3,40.42,1.28,48.44,12.95,44.44,0.57,54.5,36.57,0.0,7.98,43.53,20.66,26.78,0.85,50.0,12.39,33.33,0.0,34.08,407.0
5120,32,163,650,0.46,42.61,18.14,35.82,15.45,43.23,56.52,3.55,2.78,46.11,18.6,44.44,82.68,42.25,18.49,43.36,1.39,44.55,15.33,88.88,0.61,45.0,17.26,25.0,7.57,45.0,15.4,30.61,1.39,54.11,15.19,44.44,0.0,33.87,380.0
5121,32,165,835,0.71,41.64,19.48,38.07,13.74,42.03,46.15,1.56,3.86,47.75,20.21,40.62,86.61,40.82,19.27,42.47,0.84,36.14,11.48,71.42,0.36,57.66,16.77,0.0,5.54,46.8,21.68,32.6,1.2,50.1,21.17,50.0,0.0,32.05,503.0
5122,32,166,214,0.93,42.79,17.44,0.0,0.0,42.99,0.0,0.0,6.13,61.69,18.27,38.46,82.54,41.53,16.82,45.71,2.35,36.79,7.04,60.0,0.0,0.0,0.0,0.0,5.66,45.25,12.75,16.66,3.3,35.14,18.51,14.28,0.0,34.95,110.0
5123,32,167,627,0.0,41.35,17.95,42.16,13.01,43.38,51.61,4.94,3.82,44.37,24.29,54.16,79.74,40.38,17.86,42.2,1.27,40.25,13.02,75.0,1.11,61.14,11.83,42.85,7.33,46.56,17.21,36.95,1.75,42.63,19.56,54.54,0.0,36.4,359.0
5124,32,168,671,0.44,42.19,19.5,43.78,17.91,43.07,42.1,2.84,2.69,58.33,22.13,61.11,84.73,41.63,18.9,42.04,2.09,43.35,12.02,71.42,0.29,53.5,13.43,50.0,4.94,40.39,25.65,36.36,2.39,39.56,23.44,56.25,0.0,38.09,339.0
5125,32,169,755,1.72,43.58,18.96,40.95,17.43,42.25,46.8,12.66,6.19,51.04,21.63,41.3,72.23,42.56,18.91,40.67,2.02,44.53,15.15,53.33,0.4,50.33,15.94,0.0,4.71,43.48,15.59,40.0,1.75,54.84,14.65,61.53,0.0,43.27,456.0
5126,32,173,288,0.34,40.99,18.22,34.25,23.46,39.93,75.0,2.78,4.87,53.71,21.62,50.0,78.04,39.76,17.12,39.28,2.43,42.42,16.62,42.85,1.04,52.33,2.51,0.0,9.75,41.1,20.38,32.14,1.04,58.0,10.14,33.33,0.0,37.11,157.0
5127,32,172,744,0.67,42.73,21.34,46.0,30.69,40.05,33.33,0.81,5.81,56.02,22.05,37.2,78.75,40.84,20.74,41.23,2.97,42.5,17.06,63.63,0.13,86.0,0.0,100.0,11.09,45.73,21.68,26.82,0.4,63.33,1.52,0.0,0.0,42.98,454.0
5128,32,unclear,1069,5.33,41.51,15.32,44.69,18.02,46.58,54.71,5.23,0.0,0.0,0.0,0.0,86.06,40.32,14.75,45.92,1.18,46.41,16.98,58.33,0.79,41.87,22.1,37.5,5.13,42.0,12.86,34.61,1.58,51.87,21.43,50.0,,,
5129,32,176,357,0.56,40.88,18.16,40.45,19.11,40.89,63.63,3.09,9.85,54.34,19.32,37.14,74.64,38.81,16.93,40.37,2.53,33.11,23.49,66.66,0.0,0.0,0.0,0.0,8.16,42.62,16.52,34.48,1.69,52.5,21.34,16.66,0.0,37.25,201.0
5130,32,177,230,0.86,39.16,16.74,36.66,21.74,40.0,33.33,2.63,5.7,43.0,23.08,30.76,78.07,38.36,15.95,39.32,1.31,47.0,8.88,100.0,0.0,0.0,0.0,0.0,9.21,38.47,17.38,28.57,3.07,48.42,20.46,71.42,0.0,35.02,121.0
5131,32,178,920,0.1,42.07,18.62,39.28,18.26,43.58,51.11,4.89,10.11,56.41,17.03,45.16,75.4,40.33,18.24,44.44,2.28,39.23,13.79,57.14,0.1,70.0,0.0,0.0,6.31,43.87,17.0,22.41,0.87,30.37,20.3,25.0,0.0,35.93,454.0
5132,32,181,115,0.86,39.1,19.61,46.0,0.0,38.26,100.0,0.87,5.26,49.66,25.62,66.66,85.96,37.88,19.21,35.71,0.87,22.0,0.0,0.0,0.0,0.0,0.0,0.0,6.14,52.71,10.7,28.57,0.87,49.0,0.0,100.0,0.0,48.43,64.0
5133,32,182,871,1.83,40.67,19.48,40.2,18.79,43.97,44.18,5.02,5.26,52.57,21.19,53.33,79.76,40.01,18.78,44.28,1.52,28.07,10.45,53.84,0.35,29.33,5.85,66.66,6.31,40.4,21.48,29.62,1.75,33.86,24.62,53.33,0.0,48.79,470.0
5134,32,184,840,1.3,39.95,18.38,40.35,22.26,41.07,38.46,4.7,4.82,52.47,16.33,47.5,81.42,39.23,17.93,41.48,1.93,31.81,14.22,62.5,0.36,48.33,10.01,33.33,5.42,35.6,17.66,22.22,1.32,43.45,21.36,36.36,0.0,53.02,454.0
5135,32,185,326,1.53,41.54,17.86,52.75,25.46,42.33,75.0,1.24,7.16,49.56,20.23,47.82,84.11,40.08,17.45,40.74,1.55,33.6,7.5,60.0,1.24,47.25,5.12,50.0,4.04,41.76,11.95,38.46,0.62,63.5,19.09,0.0,0.0,37.78,201.0
5136,32,186,933,0.64,44.68,19.93,43.52,17.59,40.83,33.33,2.26,3.88,54.27,19.33,41.66,81.98,44.27,19.76,41.97,1.94,37.16,17.04,55.55,0.43,55.5,21.14,0.0,8.41,43.37,19.52,34.61,1.07,53.1,27.47,10.0,0.0,33.54,547.0
5137,32,187,902,0.77,43.86,19.77,53.38,21.3,40.46,53.84,2.9,4.24,56.73,17.88,47.36,82.23,42.36,18.97,39.4,2.01,35.38,12.93,61.11,0.67,68.16,16.77,66.66,6.36,45.47,22.87,36.84,1.56,52.5,24.69,35.71,0.0,34.96,513.0
5138,32,189,957,0.73,42.17,19.07,45.28,17.53,39.81,61.9,2.21,3.89,49.56,18.07,37.83,82.63,41.27,19.23,39.23,1.57,46.6,13.28,53.33,0.21,65.0,21.21,50.0,7.57,41.97,18.69,36.11,1.89,55.0,13.87,44.44,0.0,33.77,569.0
5139,32,190,167,1.19,42.16,18.63,39.0,12.37,43.71,50.0,3.63,5.45,52.77,20.75,44.44,78.78,40.7,17.6,45.38,1.21,57.5,41.71,100.0,0.0,0.0,0.0,0.0,10.3,46.58,22.25,23.52,0.6,25.0,0.0,0.0,0.0,40.14,91.0
5140,32,192,126,1.58,40.65,17.19,32.0,8.66,38.09,66.66,2.41,14.51,47.0,16.12,38.88,69.35,39.04,16.22,38.37,3.22,31.75,6.02,50.0,0.0,0.0,0.0,0.0,10.48,41.23,20.88,23.07,0.0,0.0,0.0,0.0,0.0,38.83,68.0
5141,32,193,738,0.67,41.79,19.2,49.83,12.98,40.65,50.0,2.45,7.91,57.46,20.46,44.82,77.08,40.49,18.23,40.53,1.9,33.78,19.54,35.71,0.27,28.5,12.02,50.0,9.14,39.49,20.34,32.83,1.22,35.77,17.0,88.88,0.0,33.15,443.0
5142,32,194,170,0.58,40.92,18.35,47.5,12.55,41.76,50.0,2.36,10.65,59.77,14.72,38.88,76.33,37.51,17.17,45.73,1.18,44.5,2.12,0.0,0.0,0.0,0.0,0.0,7.69,43.38,15.88,23.07,1.77,41.0,36.51,0.0,0.0,36.56,91.0
5143,32,195,771,0.12,41.3,17.42,37.36,15.95,42.93,52.63,2.46,8.57,54.59,16.82,36.36,82.72,39.84,16.99,42.22,1.68,45.07,10.33,84.61,0.38,38.0,4.58,100.0,2.72,45.33,18.68,33.33,1.42,42.72,21.61,63.63,0.0,38.46,402.0
5144,32,196,791,1.13,41.74,19.44,43.3,23.72,41.34,30.76,1.66,5.75,53.73,19.26,46.66,83.24,40.4,19.25,41.78,1.79,34.28,12.88,50.0,0.0,0.0,0.0,0.0,6.39,45.56,17.64,26.0,1.15,50.33,15.32,66.66,0.0,34.41,462.0
5145,32,197,863,0.57,42.97,19.9,43.2,24.26,41.36,37.5,2.79,5.82,53.54,22.78,50.0,79.37,42.09,19.34,41.4,2.56,34.77,18.3,59.09,0.11,58.0,0.0,0.0,8.5,44.24,18.5,32.87,0.81,48.42,28.37,28.57,0.0,29.43,485.0
5146,32,199,831,0.48,42.53,18.05,41.45,14.91,43.44,41.66,2.9,9.67,52.02,20.77,45.0,75.93,40.87,17.6,44.74,1.69,44.28,15.42,42.85,0.48,45.5,15.17,0.0,8.22,44.11,17.08,30.88,1.08,54.77,14.54,55.55,0.0,35.43,473.0
5147,32,unclear,1023,7.72,41.34,15.41,49.05,18.15,44.47,71.05,4.02,0.0,0.0,0.0,0.0,86.97,40.01,14.88,43.97,2.01,42.57,18.23,47.36,0.21,37.5,19.09,0.0,4.55,43.16,14.43,32.55,2.22,45.76,16.51,47.61,,,
5148,32,202,846,0.59,42.48,19.18,46.32,27.67,41.72,36.0,2.97,7.84,54.22,18.8,45.45,78.59,41.07,18.34,41.6,2.73,39.95,17.55,56.52,0.23,51.0,5.65,0.0,6.3,43.07,20.18,37.73,1.3,37.54,21.2,45.45,0.0,47.22,499.0
5149,32,205,256,0.0,42.91,17.33,59.0,1.41,42.96,50.0,0.78,3.12,55.5,20.36,50.0,86.32,41.22,17.02,42.08,1.17,46.0,3.6,33.33,1.17,66.66,11.93,33.33,5.07,52.0,16.72,46.15,2.34,49.66,12.8,66.66,0.0,37.56,139.0
5150,32,204,773,0.77,42.56,19.43,42.84,16.82,41.0,76.92,1.69,7.17,58.54,15.25,38.18,77.83,40.5,18.68,38.86,2.86,33.13,21.29,59.09,0.26,59.0,1.41,50.0,8.86,47.04,20.74,41.17,1.3,54.7,20.39,70.0,0.0,50.6,447.0
5151,32,206,246,0.0,40.37,18.11,49.4,9.44,39.83,40.0,2.03,4.87,49.83,23.55,25.0,86.17,38.87,17.9,42.92,0.4,44.0,0.0,0.0,0.0,0.0,0.0,0.0,4.06,47.4,15.03,10.0,2.43,54.83,10.68,16.66,0.0,31.09,145.0
5152,32,unclear,1130,3.0,43.53,15.55,48.17,17.83,43.98,69.56,2.09,0.0,0.0,0.0,0.0,90.6,42.81,15.35,43.1,1.45,43.68,16.06,62.5,0.36,65.75,30.93,25.0,4.37,44.79,12.09,33.33,1.09,48.33,14.33,75.0,,,
5153,32,209,866,0.34,43.73,17.75,52.25,19.22,42.49,87.5,0.92,4.17,51.91,16.07,55.55,86.9,42.88,17.79,42.0,1.62,37.78,12.85,57.14,0.0,0.0,0.0,0.0,5.09,48.09,15.86,29.54,1.27,57.36,17.43,36.36,0.0,37.01,506.0
5154,32,210,768,0.65,42.45,17.82,33.83,16.91,40.49,16.66,0.78,6.68,58.98,14.69,45.09,80.73,40.86,17.43,41.39,0.78,44.33,20.09,50.0,0.65,48.6,6.1,20.0,9.04,42.42,15.58,36.23,1.31,45.1,25.52,10.0,0.0,35.51,475.0
5155,32,211,764,0.91,43.99,17.78,48.13,21.26,43.06,53.33,1.98,13.87,56.2,16.64,39.04,70.8,40.94,16.93,44.77,1.98,45.26,14.56,73.33,0.13,38.0,0.0,0.0,9.51,46.19,16.9,26.38,1.71,46.76,20.65,46.15,0.0,38.28,412.0
5156,32,212,817,0.73,41.55,18.35,46.3,21.1,41.73,70.0,2.46,10.48,52.14,19.86,45.88,77.55,40.23,17.54,41.33,1.35,36.72,14.24,45.45,0.0,0.0,0.0,0.0,6.16,39.29,19.37,26.0,1.97,43.37,19.82,50.0,0.0,34.32,441.0
5157,32,213,334,0.59,41.26,18.92,56.0,0.0,38.02,100.0,0.3,6.02,55.25,18.17,40.0,84.93,39.81,18.67,36.52,1.2,32.25,21.74,75.0,0.0,0.0,0.0,0.0,6.02,42.15,13.84,55.0,1.5,63.4,15.27,20.0,0.0,35.01,201.0
5158,32,214,518,0.38,40.8,17.28,45.12,14.48,45.17,50.0,1.55,6.39,53.33,22.53,39.39,82.36,39.34,15.97,46.35,2.13,35.81,17.25,63.63,1.35,49.57,22.26,57.14,4.65,43.37,20.01,25.0,1.55,47.75,23.84,37.5,0.0,33.24,309.0
5159,32,1,1083,0.46,42.77,18.81,49.76,21.36,42.38,60.0,2.31,4.26,54.69,18.99,56.52,84.87,42.12,18.74,41.31,1.02,36.81,11.99,90.9,0.18,40.0,5.65,0.0,6.4,42.63,15.23,30.43,0.92,42.9,20.38,50.0,0.0,0.0,592.0
5160,32,2,882,0.56,43.42,18.7,42.8,17.41,43.53,40.0,1.71,2.5,52.13,16.3,36.36,87.45,43.08,18.68,44.58,1.48,35.53,8.69,69.23,0.0,0.0,0.0,0.0,5.92,43.15,19.26,26.92,0.91,49.25,19.84,50.0,0.0,0.0,529.0
5161,32,3,0,0.0,0.0,0.0,0.0,0.0,0.0,0.0,0.0,0.0,0.0,0.0,0.0,0.0,0.0,0.0,0.0,0.0,0.0,0.0,0.0,0.0,0.0,0.0,0.0,0.0,0.0,0.0,0.0,0.0,0.0,0.0,0.0,0.0,0.0,0.0
5162,32,4,844,1.06,40.45,18.14,46.63,21.47,42.89,36.84,2.27,5.86,50.28,17.5,38.77,81.91,38.93,17.98,43.56,1.55,30.92,10.07,76.92,0.95,41.62,12.08,12.5,5.38,46.06,15.85,33.33,2.03,48.94,17.08,47.05,0.0,0.0,498.0
5163,32,5,577,0.51,40.73,17.64,42.87,17.14,45.06,56.25,2.78,2.96,54.52,18.9,23.52,85.19,39.9,17.23,46.62,1.21,39.0,9.39,85.71,0.34,66.5,19.09,0.0,5.92,37.0,17.97,29.41,1.56,57.33,18.84,33.33,0.0,0.0,336.0
5164,32,6,988,0.7,43.29,17.17,36.25,16.37,43.21,50.0,2.03,2.95,47.79,14.81,51.72,85.32,43.13,17.22,42.53,1.83,43.83,11.16,72.22,0.61,46.0,12.42,50.0,5.3,42.01,18.53,34.61,1.93,49.68,18.67,47.36,0.0,0.0,613.0
5165,32,7,961,0.62,41.08,17.44,40.48,15.12,44.84,44.28,7.32,3.03,45.96,14.09,48.27,81.36,40.67,17.91,44.91,1.46,38.28,14.93,78.57,0.2,38.5,23.33,100.0,5.02,43.04,13.98,29.16,1.57,45.46,17.01,53.33,0.0,0.0,546.0
5166,32,8,1018,1.17,39.29,17.91,41.73,19.9,43.51,55.88,3.37,4.67,49.76,19.27,40.42,82.0,38.35,17.25,44.96,1.78,37.44,10.83,61.11,1.59,37.93,17.5,25.0,5.46,41.18,20.56,21.81,1.09,42.81,20.57,27.27,0.0,0.0,595.0
5167,32,9,976,0.51,40.43,17.59,36.1,14.29,44.77,26.31,1.95,4.32,43.16,16.56,52.38,86.3,40.35,17.68,45.58,1.23,34.75,14.49,66.66,0.51,41.8,7.69,60.0,4.84,40.08,19.49,31.91,0.82,52.0,18.21,0.0,0.0,0.0,561.0
5168,32,11,677,0.44,42.48,18.31,53.63,23.0,43.42,45.45,1.63,5.19,52.14,18.51,28.57,82.93,41.95,18.08,43.82,2.52,30.29,14.2,64.7,0.14,33.0,0.0,0.0,6.52,42.45,17.43,45.45,1.03,53.0,7.81,28.57,0.0,0.0,412.0
5169,32,12,0,0.0,0.0,0.0,0.0,0.0,0.0,0.0,0.0,0.0,0.0,0.0,0.0,0.0,0.0,0.0,0.0,0.0,0.0,0.0,0.0,0.0,0.0,0.0,0.0,0.0,0.0,0.0,0.0,0.0,0.0,0.0,0.0,0.0,0.0,0.0
5170,32,13,1066,0.65,42.23,18.08,51.94,25.73,42.96,58.82,1.6,5.66,50.46,17.14,46.66,81.11,40.84,17.74,42.72,0.94,40.1,7.75,70.0,0.47,55.4,24.63,20.0,7.36,43.84,16.64,33.33,2.83,49.36,19.35,56.66,0.0,0.0,618.0
5171,32,14,1050,1.52,41.28,19.32,47.85,17.95,42.95,52.38,2.03,6.47,49.46,19.62,47.76,77.46,39.26,19.23,42.82,2.22,40.17,15.18,73.91,0.19,43.5,0.7,50.0,10.05,47.64,14.77,35.57,1.54,38.12,28.95,31.25,0.0,0.0,638.0
5172,32,15,1031,0.96,44.0,19.11,40.64,15.81,41.7,44.44,5.28,4.99,52.15,17.66,37.25,78.45,43.25,19.08,42.44,1.76,34.77,10.57,44.44,0.58,44.33,13.27,50.0,7.83,46.36,17.89,32.5,1.07,54.45,34.48,45.45,0.0,0.0,586.0
5173,32,16,1003,0.59,43.54,18.65,44.61,19.75,40.87,41.66,3.61,5.11,54.29,17.18,39.21,80.14,42.55,18.27,41.67,1.6,39.68,16.5,75.0,0.2,17.0,24.04,50.0,7.42,45.08,18.73,25.67,1.9,52.21,24.8,36.84,0.0,0.0,598.0
5174,32,17,0,0.0,0.0,0.0,0.0,0.0,0.0,0.0,0.0,0.0,0.0,0.0,0.0,0.0,0.0,0.0,0.0,0.0,0.0,0.0,0.0,0.0,0.0,0.0,0.0,0.0,0.0,0.0,0.0,0.0,0.0,0.0,0.0,0.0,0.0,0.0
5175,32,18,530,0.56,39.45,17.25,41.56,20.74,42.26,56.25,3.03,5.88,45.19,16.07,38.7,81.21,38.24,17.06,42.52,1.13,34.16,11.25,83.33,0.0,0.0,0.0,0.0,7.02,42.18,15.38,27.02,1.7,52.66,12.86,55.55,0.0,0.0,289.0
5176,32,19,1115,0.89,42.76,19.0,44.5,21.56,42.42,42.85,1.26,4.97,50.41,20.5,40.0,82.17,41.49,18.77,43.17,1.26,36.57,18.46,42.85,0.45,53.8,12.0,20.0,8.05,46.39,17.87,34.83,1.71,57.84,12.35,52.63,0.0,0.0,634.0
5177,32,20,285,1.75,40.35,17.37,61.83,22.63,42.45,33.33,2.14,5.0,62.28,19.31,50.0,78.57,37.83,14.81,42.27,1.78,33.4,12.4,100.0,0.0,0.0,0.0,0.0,9.28,40.53,17.1,38.46,3.21,43.33,27.89,22.22,0.0,0.0,167.0
5178,32,21,1091,0.64,40.87,18.46,42.6,19.39,42.52,52.17,2.12,5.62,50.77,18.46,24.59,79.7,39.7,18.15,43.98,2.02,33.13,11.16,77.27,0.46,56.2,12.13,40.0,8.3,45.0,17.74,32.22,1.75,46.15,23.18,26.31,0.0,0.0,626.0
5179,32,22,810,0.37,43.03,19.61,49.53,19.92,40.86,84.61,1.61,2.1,55.7,23.29,47.05,89.09,42.69,19.34,40.05,0.99,26.25,11.69,50.0,0.86,48.85,20.49,57.14,3.22,35.34,19.98,23.07,2.1,55.7,17.65,47.05,0.0,0.0,488.0
5180,32,23,765,0.13,42.87,19.34,44.27,19.34,38.43,45.45,1.43,3.4,52.07,19.62,38.46,90.57,42.49,19.11,38.29,0.65,38.0,4.06,40.0,0.26,26.5,37.47,50.0,2.35,40.44,22.97,33.33,1.3,50.6,23.07,40.0,0.0,0.0,447.0
5181,32,24,797,0.12,40.73,18.64,40.73,17.13,40.77,47.82,2.88,2.38,54.36,21.36,42.1,86.68,40.21,18.03,40.0,1.63,45.3,14.87,76.92,0.12,52.0,0.0,0.0,4.64,39.67,22.96,32.43,1.63,45.15,31.39,61.53,0.0,0.0,413.0
5182,32,25,723,0.41,43.92,18.42,36.82,14.31,42.04,47.05,2.36,5.13,50.72,21.46,51.35,82.5,43.82,18.42,40.57,2.63,42.52,14.33,47.36,0.13,0.0,0.0,0.0,5.41,43.48,17.42,51.28,1.52,43.63,12.03,36.36,0.0,0.0,413.0
5183,32,26,0,0.0,0.0,0.0,0.0,0.0,0.0,0.0,0.0,0.0,0.0,0.0,0.0,0.0,0.0,0.0,0.0,0.0,0.0,0.0,0.0,0.0,0.0,0.0,0.0,0.0,0.0,0.0,0.0,0.0,0.0,0.0,0.0,0.0,0.0,0.0
5184,32,27,294,0.68,42.1,17.2,51.31,16.97,40.81,42.1,6.5,3.08,56.55,17.57,44.44,78.08,40.1,16.26,42.98,1.02,37.0,2.64,66.66,0.0,0.0,0.0,0.0,8.56,49.2,17.78,12.0,2.73,41.0,27.69,37.5,0.0,0.0,179.0
5185,32,29,759,0.65,43.6,18.4,39.07,21.38,41.1,57.14,1.85,6.1,49.28,23.32,39.13,79.57,42.69,17.73,41.66,1.59,41.0,10.17,50.0,0.0,0.0,0.0,0.0,9.41,45.45,17.43,35.21,1.45,49.36,22.17,45.45,0.0,0.0,424.0
5186,32,30,812,0.49,43.02,19.0,46.29,21.31,39.65,50.0,2.97,3.34,50.85,16.65,48.14,81.8,41.94,19.04,39.33,1.6,36.53,7.14,76.92,0.24,59.5,17.67,50.0,9.03,47.38,18.2,32.87,0.99,55.5,20.57,12.5,0.0,0.0,449.0
5187,32,31,839,2.14,42.99,18.85,44.96,20.54,42.55,61.53,3.16,5.72,55.55,14.75,48.93,78.07,40.57,18.2,41.02,1.7,35.64,18.97,71.42,0.36,43.0,16.46,33.33,8.03,47.66,16.32,33.33,2.92,52.79,19.96,54.16,0.0,0.0,447.0
5188,32,32,281,2.49,40.32,19.48,58.44,22.09,39.5,11.11,3.28,6.2,51.29,14.93,47.05,80.29,37.49,18.07,39.09,1.09,50.66,17.92,66.66,0.36,57.0,0.0,100.0,6.56,38.11,16.1,33.33,2.18,36.66,19.85,50.0,0.0,0.0,160.0
5189,32,33,695,0.57,44.57,20.03,35.91,17.84,40.86,51.72,8.39,3.32,59.39,20.28,43.47,74.38,44.01,20.21,40.66,1.44,40.2,8.2,80.0,0.14,63.0,0.0,100.0,9.98,48.02,17.15,28.98,2.31,53.43,19.42,31.25,0.0,0.0,347.0
5190,32,34,692,0.57,43.07,19.96,38.15,18.44,39.59,48.0,3.63,4.94,57.58,17.92,44.11,78.05,41.71,19.62,38.91,1.16,33.25,18.52,62.5,0.43,67.0,18.19,33.33,10.75,47.21,20.04,31.08,1.01,45.71,22.56,100.0,0.0,0.0,386.0
5191,32,35,153,0.65,39.8,17.07,40.66,40.01,42.48,0.0,1.97,9.21,53.64,15.9,35.71,79.6,37.17,15.98,47.93,0.65,34.0,0.0,0.0,1.31,59.5,0.7,50.0,5.92,47.55,14.31,11.11,1.31,36.5,0.7,0.0,0.0,0.0,81.0
5192,32,36,0,0.0,0.0,0.0,0.0,0.0,0.0,0.0,0.0,0.0,0.0,0.0,0.0,0.0,0.0,0.0,0.0,0.0,0.0,0.0,0.0,0.0,0.0,0.0,0.0,0.0,0.0,0.0,0.0,0.0,0.0,0.0,0.0,0.0,0.0,0.0
5193,32,38,183,0.54,41.45,18.54,23.0,0.0,41.53,0.0,0.54,1.09,34.5,20.5,50.0,90.1,41.57,18.56,43.29,1.64,25.0,1.0,66.66,0.54,62.0,0.0,0.0,4.94,44.66,20.94,11.11,1.09,56.5,0.7,0.0,0.0,0.0,106.0
5194,32,39,1058,0.85,44.02,19.0,54.26,16.69,41.39,43.47,2.19,5.14,53.94,19.75,40.74,82.65,43.13,18.6,41.29,1.81,38.73,23.51,68.42,0.76,50.87,24.94,50.0,6.38,41.61,18.15,31.34,1.04,54.27,23.17,45.45,0.0,0.0,679.0
5195,32,40,425,0.7,38.84,17.27,53.77,18.54,41.64,22.22,2.13,3.08,48.76,17.15,38.46,82.46,37.86,17.21,42.81,1.65,31.0,5.32,85.71,1.18,46.4,9.58,20.0,9.0,38.94,15.91,28.94,0.47,56.0,11.31,50.0,0.0,0.0,242.0
5196,32,41,1036,0.57,41.87,18.19,43.82,16.73,42.08,35.71,2.71,4.36,49.44,18.06,35.55,83.49,41.16,18.16,43.25,2.03,41.0,15.54,52.38,0.67,42.71,22.46,28.57,5.63,43.89,18.71,37.93,1.06,52.81,14.78,27.27,0.0,0.0,626.0
5197,32,42,1008,0.59,40.0,17.98,38.22,20.8,43.35,50.0,2.19,3.49,43.42,24.54,37.14,84.13,39.59,17.57,43.65,1.99,38.25,12.05,80.0,0.19,37.0,7.07,50.0,6.58,40.83,18.43,27.27,1.39,49.71,20.77,42.85,0.0,0.0,540.0
5198,32,43,979,0.71,39.58,17.78,36.57,13.91,42.49,47.36,3.9,3.8,46.94,23.02,43.24,82.61,38.87,17.42,43.21,1.13,32.72,9.9,81.81,0.61,45.0,16.88,33.33,5.65,42.69,17.42,27.27,2.26,48.09,18.52,27.27,0.0,0.0,569.0
5199,32,44,1102,0.27,39.97,18.22,40.5,12.63,42.64,62.5,1.45,3.27,46.3,24.92,22.22,83.89,39.86,17.86,43.7,2.0,38.68,14.09,86.36,0.18,39.0,5.65,50.0,6.55,37.97,19.3,29.16,2.63,38.2,21.35,24.13,0.0,0.0,431.0
5200,32,45,1019,0.19,41.25,18.24,38.75,29.16,43.47,56.25,1.57,3.53,55.02,19.87,33.33,88.0,40.58,17.74,44.02,1.37,38.21,14.68,64.28,0.19,46.0,26.87,0.0,3.93,41.45,17.91,37.5,1.37,49.21,18.04,28.57,0.0,0.0,520.0
5201,32,46,593,0.33,41.25,17.72,39.5,10.57,44.18,50.0,1.69,2.7,48.81,21.29,62.5,84.94,41.07,17.58,44.02,1.69,34.0,15.09,40.0,0.33,28.5,40.3,50.0,6.76,42.4,17.99,40.0,1.86,41.9,21.64,45.45,0.0,0.0,335.0
5202,32,47,1069,0.37,42.28,18.09,48.18,20.0,42.56,57.57,3.09,3.19,49.85,16.17,41.17,85.53,41.33,17.85,42.26,1.4,42.06,20.33,60.0,0.65,55.57,9.6,28.57,4.6,44.71,18.89,34.69,1.5,53.25,17.41,50.0,0.0,0.0,565.0
5203,32,48,854,0.93,40.4,18.44,38.78,17.81,44.37,59.45,4.37,4.25,44.27,21.12,41.66,80.61,40.25,18.32,43.25,2.71,32.08,11.82,82.6,0.7,54.83,17.39,33.33,5.31,39.31,16.3,31.11,2.0,41.11,23.55,41.17,0.0,0.0,415.0
5204,32,49,1149,0.08,39.46,16.73,37.65,11.53,43.6,55.17,2.52,3.91,50.35,18.02,35.55,83.44,38.9,16.41,43.94,1.56,32.38,12.55,61.11,0.87,43.5,19.58,60.0,5.57,42.39,19.67,29.68,2.09,39.12,18.05,50.0,0.0,0.0,571.0
5205,32,50,1167,0.51,40.99,17.49,38.0,14.73,41.3,41.3,3.96,4.73,50.89,20.37,38.18,84.23,40.88,17.29,42.33,1.55,35.44,19.71,61.11,0.08,0.0,0.0,0.0,4.04,38.17,15.4,21.27,1.37,41.18,10.98,37.5,0.0,0.0,585.0
5206,32,51,711,0.42,41.54,18.49,41.8,17.1,42.19,60.0,0.7,2.68,52.1,21.82,47.36,90.96,41.35,18.42,42.7,1.55,38.18,13.33,54.54,0.14,0.0,0.0,0.0,2.68,38.52,14.67,10.52,1.27,47.0,22.0,33.33,0.0,0.0,373.0
5207,32,52,658,0.0,40.5,18.16,35.16,21.68,46.2,66.66,0.91,2.27,53.26,16.28,73.33,89.51,40.09,18.33,44.82,1.67,32.81,13.13,72.72,0.0,0.0,0.0,0.0,3.95,46.96,12.72,50.0,1.67,40.36,16.61,36.36,0.0,0.0,368.0
5208,32,53,1015,0.68,42.09,17.39,36.7,16.97,41.08,36.36,5.45,4.76,45.06,15.84,39.58,82.93,42.42,17.52,42.1,1.28,35.84,8.61,61.53,0.29,35.66,10.4,66.66,4.36,41.18,17.47,25.0,0.89,41.55,17.87,33.33,0.0,0.0,494.0
5209,32,54,715,0.0,41.94,18.55,36.7,18.29,44.47,60.0,2.79,1.95,40.78,15.93,42.85,89.23,42.02,18.78,43.88,0.69,43.4,3.97,80.0,0.41,39.33,15.01,66.66,4.19,44.6,17.24,43.33,0.69,40.79,19.54,20.0,0.0,0.0,407.0
5210,32,55,866,0.0,41.88,18.43,40.62,33.38,42.72,25.0,0.92,0.46,61.0,21.3,50.0,91.68,42.43,18.06,42.94,4.73,28.48,16.5,43.9,0.0,0.0,0.0,0.0,1.15,46.2,17.23,40.0,1.03,42.44,20.1,33.33,0.0,0.0,489.0
5211,32,56,842,0.0,43.14,19.22,37.12,20.65,43.82,50.0,1.9,1.9,41.43,23.65,43.75,91.21,43.44,19.31,42.96,2.37,35.0,13.92,80.0,0.0,0.0,0.0,0.0,1.9,42.37,13.76,50.0,0.71,55.16,10.38,0.0,0.0,0.0,485.0
5212,32,58,0,0.0,0.0,0.0,0.0,0.0,0.0,0.0,0.0,0.0,0.0,0.0,0.0,0.0,0.0,0.0,0.0,0.0,0.0,0.0,0.0,0.0,0.0,0.0,0.0,0.0,0.0,0.0,0.0,0.0,0.0,0.0,0.0,0.0,0.0,0.0
5213,32,59,1043,0.47,43.44,18.27,41.11,18.15,42.47,38.49,23.02,3.46,40.13,20.54,41.66,69.65,44.47,18.27,43.43,0.57,39.83,9.9,50.0,0.57,40.5,22.89,50.0,1.54,45.31,15.46,43.75,1.15,37.91,14.0,50.0,0.0,0.0,548.0
5214,32,60,1044,0.0,43.44,18.75,31.12,14.79,45.21,52.0,2.39,1.34,48.14,16.71,64.28,90.7,43.82,18.7,44.56,0.86,37.22,22.16,55.55,0.47,41.6,13.9,40.0,2.1,35.27,15.46,45.45,2.1,49.31,22.34,50.0,0.0,0.0,627.0
5215,32,62,876,0.34,42.76,18.69,47.0,23.12,44.97,58.82,1.94,1.83,57.0,24.17,37.5,90.37,42.84,18.29,44.1,2.86,33.24,13.9,60.0,0.11,56.0,0.0,0.0,1.83,37.06,21.07,56.25,1.03,31.11,21.5,33.33,0.0,0.0,523.0
5216,32,63,908,0.11,41.97,18.3,38.23,16.62,44.82,33.33,2.31,2.09,46.42,25.3,42.1,90.4,42.19,18.0,45.36,1.54,36.85,15.28,57.14,0.33,35.0,30.41,33.33,2.31,36.8,21.7,33.33,0.99,39.33,20.87,33.33,0.0,0.0,535.0
5217,32,64,936,0.32,42.13,18.34,51.26,17.42,44.01,63.15,2.03,2.57,49.29,20.41,50.0,83.6,41.65,18.31,43.71,3.21,34.0,15.04,63.33,0.53,46.0,10.86,40.0,5.89,41.89,15.3,34.54,2.14,52.8,21.09,25.0,0.0,0.0,529.0
5218,32,65,959,0.1,44.33,19.01,55.7,33.36,41.6,80.0,1.04,1.25,56.0,21.62,16.66,93.63,44.18,18.58,41.8,0.83,31.12,12.59,50.0,0.1,39.0,0.0,0.0,2.08,45.45,21.59,30.0,1.04,45.2,24.66,40.0,0.0,0.0,584.0
5219,32,66,0,0.0,0.0,0.0,0.0,0.0,0.0,0.0,0.0,0.0,0.0,0.0,0.0,0.0,0.0,0.0,0.0,0.0,0.0,0.0,0.0,0.0,0.0,0.0,0.0,0.0,0.0,0.0,0.0,0.0,0.0,0.0,0.0,0.0,0.0,0.0
5220,32,68,884,0.0,44.94,19.45,20.25,20.11,45.92,75.0,1.35,1.58,54.28,22.78,42.85,92.53,45.65,19.11,45.59,2.03,29.88,13.65,55.55,0.0,0.0,0.0,0.0,1.92,38.52,20.4,35.29,0.56,38.2,11.6,40.0,0.0,0.0,545.0
5221,32,71,1113,0.0,42.53,18.73,43.62,16.2,45.28,62.5,0.71,1.61,56.66,24.63,72.22,91.73,42.15,18.6,44.66,1.07,38.0,10.73,50.0,0.08,28.0,0.0,0.0,2.6,45.27,19.55,37.93,2.15,47.12,19.21,54.16,0.0,0.0,642.0
5222,32,73,607,0.32,39.73,16.85,35.25,17.08,46.45,45.0,3.3,2.31,47.5,16.81,50.0,85.45,39.55,16.74,48.35,0.99,37.83,6.33,66.66,0.82,41.0,13.22,20.0,5.28,37.68,16.09,18.75,1.81,53.72,23.77,36.36,0.0,0.0,299.0
5223,32,74,616,0.32,41.34,18.07,35.22,19.04,45.29,55.55,1.46,3.58,48.0,20.01,40.9,88.59,41.64,17.54,45.58,0.32,78.5,6.36,100.0,0.0,0.0,0.0,0.0,5.04,29.48,17.94,38.7,0.97,40.0,24.93,33.33,0.0,0.0,297.0
5224,32,75,986,0.2,41.48,19.08,37.75,16.3,41.68,41.66,2.43,1.52,33.79,21.57,46.66,90.65,41.51,19.02,42.15,1.32,35.3,19.94,69.23,0.0,0.0,0.0,0.0,2.23,43.95,18.24,36.36,1.82,52.0,20.78,5.55,0.0,0.0,576.0
5225,32,76,884,0.22,42.14,18.67,38.37,11.42,44.57,37.5,0.9,1.36,55.25,20.23,25.0,91.15,41.98,18.77,44.77,1.58,40.14,18.94,64.28,0.34,59.66,21.12,0.0,2.6,41.47,14.24,43.47,2.04,43.0,18.64,38.88,0.0,0.0,479.0
5226,32,77,1003,0.09,40.5,18.6,46.63,16.0,43.66,42.1,1.89,1.99,51.8,24.69,35.0,89.92,40.31,18.3,44.5,1.29,35.61,15.65,53.84,0.29,39.0,34.82,0.0,3.49,37.74,19.49,25.71,1.09,36.81,23.51,54.54,0.0,0.0,477.0
5227,32,78,1021,0.58,39.65,18.89,32.6,17.7,42.8,43.47,2.26,0.88,53.22,24.16,55.55,91.82,39.8,18.52,43.24,0.68,35.0,17.41,42.85,0.49,15.4,14.22,0.0,2.46,36.0,21.29,28.0,1.37,48.85,25.35,42.85,0.0,0.0,453.0
5228,32,81,675,0.14,41.32,17.27,37.56,14.72,44.59,50.0,2.37,2.81,51.42,12.49,52.63,85.75,41.15,17.39,44.98,2.37,30.93,9.96,81.25,0.89,34.33,20.4,16.66,4.74,43.78,16.63,25.0,0.89,51.16,16.89,16.66,0.0,0.0,356.0
5229,32,82,0,0.0,0.0,0.0,0.0,0.0,0.0,0.0,0.0,0.0,0.0,0.0,0.0,0.0,0.0,0.0,0.0,0.0,0.0,0.0,0.0,0.0,0.0,0.0,0.0,0.0,0.0,0.0,0.0,0.0,0.0,0.0,0.0,0.0,0.0,0.0
5230,32,84,929,0.0,43.4,17.64,47.44,17.55,42.41,55.55,0.96,2.04,55.68,13.56,52.63,91.17,43.21,17.64,42.03,1.93,39.77,16.83,55.55,0.43,48.25,12.52,25.0,2.26,40.47,17.15,33.33,1.18,43.18,22.61,45.45,0.0,0.0,553.0
5231,32,85,728,0.13,41.44,17.47,38.12,15.92,45.46,50.0,1.1,2.33,49.88,21.15,58.82,91.74,41.23,17.39,45.57,1.65,35.08,11.42,66.66,0.0,0.0,0.0,0.0,2.47,43.38,19.92,22.22,0.68,49.8,12.63,20.0,0.0,0.0,379.0
5232,32,86,626,0.0,42.43,16.67,26.5,9.19,42.01,50.0,0.31,2.23,45.5,16.57,50.0,90.73,42.65,16.86,42.25,1.75,41.0,9.62,54.54,0.15,63.0,0.0,0.0,3.51,39.36,12.16,27.27,1.27,33.0,20.36,37.5,0.0,0.0,348.0
5233,32,87,861,0.11,44.2,17.8,48.37,23.07,41.81,43.75,1.86,2.55,52.18,13.02,54.54,89.65,43.95,17.78,42.28,2.9,31.76,12.36,36.0,0.0,0.0,0.0,0.0,1.74,47.33,13.47,26.66,1.27,64.18,10.85,9.09,0.0,0.0,539.0
5234,32,88,697,0.57,41.12,18.43,45.77,12.49,42.32,66.66,1.29,1.87,48.07,25.87,61.53,90.04,40.43,18.25,41.66,0.86,42.66,17.21,83.33,0.14,83.0,0.0,100.0,3.46,41.83,18.81,37.5,2.3,53.37,14.39,31.25,0.0,0.0,386.0
5235,32,89,904,0.33,43.85,17.81,46.92,15.94,45.24,61.53,1.44,3.77,46.55,17.1,52.94,86.79,43.8,18.01,43.86,0.99,34.11,8.46,77.77,0.66,32.33,4.17,50.0,4.99,43.13,18.53,44.44,1.33,47.91,12.21,66.66,0.0,0.0,513.0
5236,32,90,895,0.11,41.23,17.78,32.88,12.95,44.02,47.05,1.9,2.68,50.75,19.83,37.5,88.47,41.12,17.57,44.5,1.23,43.63,16.59,36.36,0.22,60.5,3.53,50.0,4.25,39.84,19.83,34.21,1.23,39.9,23.11,54.54,0.0,0.0,502.0
5237,32,92,961,0.1,39.22,17.8,42.88,24.65,40.79,33.33,1.87,3.85,44.13,18.38,35.13,83.95,38.74,17.44,41.81,1.66,33.56,20.37,68.75,0.31,43.0,15.0,0.0,7.6,41.54,18.65,28.76,0.72,48.14,18.74,42.85,0.0,0.0,385.0
5238,32,93,746,0.13,39.98,16.92,36.79,19.8,42.76,40.0,1.34,2.55,51.47,17.47,57.89,88.72,39.69,16.89,42.66,1.47,33.9,13.85,72.72,1.07,41.75,12.61,25.0,3.89,38.41,15.58,34.48,0.93,52.85,16.34,28.57,0.0,0.0,360.0
5239,32,95,724,0.82,42.3,18.82,43.69,27.81,41.16,61.53,1.81,4.03,49.65,16.76,41.37,86.62,41.59,18.79,39.54,2.08,35.2,9.22,73.33,0.0,0.0,0.0,0.0,4.03,43.17,14.99,41.37,1.39,54.3,18.09,50.0,0.0,0.0,442.0
5240,32,96,692,0.57,42.31,18.66,45.6,26.06,41.61,40.0,1.45,5.95,50.39,18.61,41.46,84.44,41.5,18.08,41.65,1.59,32.72,8.54,63.63,0.14,28.0,0.0,0.0,4.21,43.68,16.64,34.48,2.18,52.0,30.0,46.66,0.0,0.0,368.0
5241,32,100,882,1.13,42.96,18.72,41.61,25.24,42.74,38.09,2.4,5.5,54.25,16.21,35.41,82.79,42.38,18.22,43.21,1.49,36.38,16.99,69.23,0.57,42.4,21.5,40.0,6.19,41.77,21.29,38.88,0.91,51.37,23.73,62.5,0.0,0.0,478.0
5242,32,101,904,1.1,39.69,18.07,40.65,15.63,42.92,52.17,2.57,4.47,48.4,20.65,37.5,81.2,38.54,17.68,44.07,2.57,38.56,9.96,69.56,0.33,39.0,3.46,0.0,7.49,44.16,19.13,26.86,1.34,41.91,27.77,50.0,0.0,0.0,515.0
5243,32,102,848,0.58,40.88,18.36,44.4,19.21,42.8,59.09,2.6,4.62,47.48,20.14,46.15,83.03,40.3,18.39,43.28,0.94,36.25,12.87,75.0,0.23,47.5,2.12,50.0,7.23,39.34,16.23,26.22,1.3,49.18,17.55,36.36,0.0,0.0,505.0
5244,32,103,566,1.59,44.87,19.23,51.16,16.78,40.81,33.33,1.07,8.61,51.56,18.57,41.66,77.91,43.78,19.28,40.55,2.15,36.25,10.65,58.33,0.17,74.0,0.0,100.0,8.43,44.12,16.97,38.29,1.61,49.77,24.83,33.33,0.0,0.0,311.0
5245,32,104,639,0.78,42.51,19.82,43.0,16.74,43.19,62.5,2.52,5.04,51.09,21.4,37.5,83.28,42.05,19.6,43.93,0.78,26.6,15.29,20.0,0.31,76.5,14.84,50.0,7.09,40.28,18.06,33.33,0.94,61.66,24.15,50.0,0.0,0.0,380.0
5246,32,105,126,0.79,37.26,18.71,48.83,17.03,38.88,50.0,4.8,5.6,36.42,20.77,14.28,76.8,35.7,18.48,37.5,0.8,27.0,0.0,100.0,1.6,51.0,16.97,50.0,4.8,42.5,16.37,50.0,5.6,44.85,23.63,42.85,0.0,0.0,63.0
5247,32,106,786,0.38,44.47,20.21,46.42,19.93,39.94,47.36,2.42,8.17,58.79,19.75,37.5,78.28,42.46,19.43,40.13,1.66,42.38,18.24,61.53,0.0,0.0,0.0,0.0,7.15,45.16,20.71,35.71,2.29,55.88,23.33,38.88,0.0,0.0,456.0
5248,32,107,806,0.86,43.16,19.81,55.35,18.68,40.81,57.14,1.75,6.63,50.77,22.48,43.39,78.97,41.52,19.62,40.72,1.0,31.5,8.38,87.5,0.62,47.4,12.13,20.0,8.76,46.67,17.28,37.14,2.25,53.72,20.5,22.22,0.0,0.0,453.0
5249,32,108,792,1.38,42.76,20.19,45.12,19.24,41.03,43.75,2.04,5.5,54.32,23.36,34.88,82.84,41.4,19.46,41.57,1.92,42.8,16.27,53.33,0.38,47.0,16.52,33.33,4.99,45.87,22.15,38.46,2.3,52.22,23.7,50.0,0.0,0.0,467.0
5250,32,109,178,0.56,41.97,17.3,53.0,16.53,42.69,60.0,2.82,5.08,54.44,17.73,44.44,84.18,41.37,17.03,43.62,1.69,24.0,23.51,0.0,0.0,0.0,0.0,0.0,6.21,39.18,14.81,36.36,0.0,0.0,0.0,0.0,0.0,0.0,99.0
5251,32,110,0,0.0,0.0,0.0,0.0,0.0,0.0,0.0,0.0,0.0,0.0,0.0,0.0,0.0,0.0,0.0,0.0,0.0,0.0,0.0,0.0,0.0,0.0,0.0,0.0,0.0,0.0,0.0,0.0,0.0,0.0,0.0,0.0,0.0,0.0,0.0
5252,32,111,888,1.01,42.98,19.27,44.33,22.96,41.77,57.14,2.38,4.89,51.48,22.71,37.2,83.5,41.97,18.89,42.09,0.79,32.57,4.64,71.42,0.34,32.66,28.44,0.0,6.25,46.56,15.39,30.9,1.82,47.5,16.7,50.0,0.0,0.0,517.0
5253,32,112,938,1.06,42.45,19.46,42.92,18.58,39.33,38.46,1.4,3.12,45.24,24.24,37.93,85.56,41.9,19.11,39.92,1.07,37.2,10.9,60.0,0.21,48.5,12.02,50.0,7.54,44.81,19.92,32.85,1.07,51.3,25.07,30.0,0.0,0.0,602.0
5254,32,113,933,0.96,43.16,18.69,47.79,20.78,40.19,45.83,2.59,4.54,46.76,23.83,35.71,81.06,42.44,18.07,40.85,2.81,39.5,19.82,50.0,0.0,0.0,0.0,0.0,7.68,43.85,18.73,30.98,1.29,54.5,20.41,58.33,0.0,0.0,608.0
5255,32,114,924,1.51,44.58,18.86,48.17,12.36,41.77,52.94,1.86,4.39,55.5,17.05,55.0,83.29,43.82,19.0,40.63,1.42,42.46,12.21,76.92,0.1,52.0,0.0,0.0,7.03,42.32,17.63,35.93,1.86,51.23,15.64,47.05,0.0,0.0,528.0
5256,32,115,745,2.95,41.12,16.97,39.83,17.35,42.14,46.77,8.57,8.85,52.78,16.02,28.12,67.91,38.87,15.84,43.99,2.48,30.77,17.27,44.44,0.55,39.25,13.91,75.0,8.57,39.06,15.55,37.09,3.04,50.77,15.51,40.9,0.0,0.0,374.0
5257,32,116,730,3.56,39.14,18.52,41.86,19.48,41.36,50.84,8.38,8.66,47.32,21.73,34.42,70.73,36.8,17.42,42.36,0.85,33.33,6.37,50.0,0.56,50.0,29.13,50.0,7.38,37.96,15.71,36.53,3.4,45.66,20.03,29.16,0.0,0.0,339.0
5258,32,117,207,0.96,41.5,17.8,52.87,23.24,38.64,37.5,3.9,8.29,37.94,15.43,41.17,77.07,41.32,17.43,39.24,2.43,40.6,9.52,60.0,0.0,0.0,0.0,0.0,3.41,32.42,28.51,0.0,4.87,45.9,16.56,40.0,0.0,0.0,102.0
5259,32,118,649,0.46,42.03,19.86,55.53,18.31,40.67,53.33,2.32,4.33,57.03,13.99,46.42,80.65,40.17,19.97,39.73,1.85,35.33,9.95,66.66,0.0,0.0,0.0,0.0,9.9,47.03,17.84,37.5,0.92,51.5,23.64,50.0,0.0,0.0,308.0
5260,32,119,605,0.0,42.3,18.96,45.6,18.95,38.51,60.0,1.65,4.62,58.39,17.79,57.14,79.0,41.47,18.64,36.82,3.14,33.52,10.36,52.63,0.16,39.0,0.0,100.0,10.08,43.32,20.25,32.78,1.32,45.25,23.19,50.0,0.0,0.0,363.0
5261,32,120,204,0.98,45.22,20.21,49.75,24.4,36.27,25.0,1.98,6.43,56.3,18.62,46.15,83.16,43.65,20.01,36.3,0.0,0.0,0.0,0.0,0.99,57.0,26.87,0.0,5.94,44.66,19.04,16.66,1.48,70.66,9.29,66.66,0.0,0.0,97.0
5262,32,121,317,0.31,44.2,19.24,24.0,21.3,43.21,50.0,1.89,3.16,54.1,12.52,50.0,80.69,44.09,18.71,41.17,2.53,41.87,10.6,75.0,0.0,0.0,0.0,0.0,6.64,45.33,22.47,42.85,5.06,48.12,25.13,56.25,0.0,0.0,181.0
5263,32,122,788,0.88,41.44,17.91,39.92,19.71,43.27,52.0,3.2,5.24,46.53,16.03,56.09,81.81,40.97,18.0,42.56,2.17,40.88,8.9,70.58,0.12,49.0,0.0,0.0,5.63,41.59,16.67,31.81,1.79,49.5,16.91,28.57,0.0,0.0,440.0
5264,32,123,859,0.46,44.83,19.16,41.0,20.07,40.27,57.14,1.63,2.92,55.92,22.3,52.0,84.67,44.33,19.16,39.5,1.75,40.79,13.6,60.0,1.28,60.27,12.35,36.36,6.54,43.07,16.61,37.5,1.16,50.2,21.32,50.0,0.0,0.0,508.0
5265,32,124,311,0.0,40.09,18.21,32.79,12.09,41.15,60.0,1.6,4.82,49.86,20.85,40.0,85.53,39.48,18.03,40.6,1.6,34.0,9.21,40.0,0.0,0.0,0.0,0.0,5.14,40.43,18.73,31.25,1.28,59.25,17.63,100.0,0.0,0.0,203.0
5266,32,125,771,0.9,43.54,19.55,45.4,22.15,41.76,66.66,1.96,5.75,46.52,21.16,45.45,80.1,42.27,19.24,41.33,2.87,36.95,10.99,54.54,1.43,55.81,14.36,36.36,6.93,50.24,20.25,35.84,0.91,59.57,20.02,42.85,0.0,0.0,399.0
5267,32,126,746,1.07,40.98,19.17,46.33,19.66,41.55,46.66,2.03,4.2,54.25,19.01,51.61,84.82,39.43,18.76,41.53,2.03,45.2,8.81,60.0,0.0,0.0,0.0,0.0,5.96,46.43,16.01,29.54,0.94,44.42,38.77,42.85,0.0,0.0,413.0
5268,32,128,414,0.72,40.97,18.8,42.4,24.07,40.82,80.0,2.43,6.08,51.72,20.04,48.0,82.23,39.97,18.45,40.23,2.67,34.63,14.94,45.45,0.24,57.0,0.0,100.0,5.83,42.37,17.87,16.66,0.48,39.5,21.92,100.0,0.0,0.0,263.0
5269,32,129,873,0.22,42.04,18.78,40.05,19.85,39.86,47.36,2.18,5.16,51.64,20.59,37.77,81.17,41.09,18.76,40.16,1.83,38.12,9.54,62.5,0.11,44.0,0.0,100.0,8.49,46.55,16.96,32.43,1.03,45.77,16.48,33.33,0.0,0.0,520.0
5270,32,131,547,0.0,41.38,18.96,35.76,15.33,41.31,48.0,4.57,4.57,52.92,21.49,36.0,80.62,40.82,18.72,39.68,2.92,36.25,19.39,81.25,0.0,0.0,0.0,0.0,6.39,43.6,18.7,42.85,0.91,62.0,14.84,40.0,0.0,0.0,325.0
5271,32,132,541,0.18,39.98,19.45,35.8,20.67,41.77,42.3,4.81,5.55,43.06,19.95,43.33,77.22,39.65,19.25,41.96,2.77,33.86,16.83,73.33,0.55,27.66,2.08,0.0,7.4,45.82,18.02,27.5,1.66,40.77,27.87,44.44,0.0,0.0,324.0
5272,32,133,261,1.14,37.39,16.62,46.0,29.69,39.08,100.0,0.77,2.71,43.85,27.49,42.85,87.59,35.88,15.43,38.93,0.77,33.0,15.55,100.0,0.38,55.0,0.0,0.0,6.2,46.62,20.34,25.0,1.55,53.5,21.82,25.0,0.0,0.0,148.0
5273,32,135,750,0.66,41.97,20.72,35.82,22.69,42.26,82.35,2.28,5.36,55.62,22.76,45.0,80.93,40.61,19.82,41.45,2.01,38.66,22.56,46.66,0.26,41.5,16.26,50.0,6.84,43.66,23.12,37.25,2.14,54.75,16.75,37.5,0.0,0.0,420.0
5274,32,137,370,0.54,41.08,18.44,50.12,19.68,40.0,25.0,2.17,5.97,43.36,23.92,22.72,81.79,40.39,17.78,41.19,2.17,44.87,11.95,50.0,0.0,0.0,0.0,0.0,7.06,40.8,19.27,38.46,0.81,67.66,11.5,66.66,0.0,0.0,216.0
5275,32,139,787,0.5,42.39,20.1,44.61,21.04,41.04,72.22,2.29,5.74,50.55,22.94,51.11,82.37,41.4,19.73,40.77,2.17,40.47,17.36,58.82,0.12,27.0,0.0,0.0,6.0,44.4,18.77,25.53,1.27,46.9,23.4,20.0,0.0,0.0,454.0
5276,32,140,870,0.68,43.93,18.64,48.1,20.17,41.49,57.89,2.19,3.0,56.8,14.62,42.3,80.67,43.42,18.55,42.32,2.08,33.27,13.65,44.44,0.34,67.66,13.61,0.0,10.3,42.34,16.64,37.07,1.38,56.66,18.9,16.66,0.0,0.0,524.0
5277,32,141,987,0.91,42.41,19.22,39.58,27.89,40.22,41.17,1.73,4.8,50.8,18.96,53.19,79.34,41.02,18.69,39.17,1.84,36.44,18.14,72.22,0.81,58.12,19.62,12.5,10.32,46.37,19.02,38.61,1.12,61.27,17.69,45.45,0.0,0.0,584.0
5278,32,143,835,0.95,43.61,18.99,49.73,21.88,40.71,39.13,2.78,5.44,49.11,18.7,35.55,81.62,42.84,18.94,41.33,2.05,39.88,11.4,64.7,0.12,0.0,0.0,100.0,6.28,43.15,17.87,32.69,1.69,48.71,17.2,28.57,0.0,0.0,451.0
5279,32,144,0,0.0,0.0,0.0,0.0,0.0,0.0,0.0,0.0,0.0,0.0,0.0,0.0,0.0,0.0,0.0,0.0,0.0,0.0,0.0,0.0,0.0,0.0,0.0,0.0,0.0,0.0,0.0,0.0,0.0,0.0,0.0,0.0,0.0,0.0,0.0
5280,32,145,0,0.0,0.0,0.0,0.0,0.0,0.0,0.0,0.0,0.0,0.0,0.0,0.0,0.0,0.0,0.0,0.0,0.0,0.0,0.0,0.0,0.0,0.0,0.0,0.0,0.0,0.0,0.0,0.0,0.0,0.0,0.0,0.0,0.0,0.0,0.0
5281,32,147,280,0.71,39.59,20.16,36.5,15.58,40.0,25.0,1.43,7.91,56.72,24.47,45.45,79.85,37.45,18.59,39.63,2.15,33.33,16.8,50.0,0.0,0.0,0.0,0.0,7.55,42.61,23.07,33.33,1.07,45.33,25.73,66.66,0.0,0.0,162.0
5282,32,148,716,0.69,44.58,19.48,51.33,13.07,42.17,66.66,1.68,3.79,56.48,15.03,55.55,82.41,43.54,19.87,40.61,1.4,36.79,9.19,60.0,0.0,0.0,0.0,0.0,9.42,46.98,18.31,41.79,1.26,51.77,10.35,44.44,0.0,0.0,441.0
5283,32,149,666,0.3,40.03,22.4,42.07,27.18,40.99,42.85,2.1,4.81,52.21,19.96,43.75,82.07,39.09,22.15,41.1,2.25,39.2,13.65,46.66,0.0,0.0,0.0,0.0,6.92,40.23,22.24,30.43,1.8,48.08,31.03,58.33,0.0,0.0,405.0
5284,32,150,718,0.41,42.22,20.65,40.91,18.47,38.71,58.33,1.67,5.87,52.09,25.66,30.95,81.11,40.91,20.04,39.82,1.11,41.12,21.86,62.5,0.41,57.0,1.0,33.33,8.11,44.15,20.65,29.31,1.67,55.25,22.74,33.33,0.0,0.0,457.0
5285,32,151,657,1.06,41.39,17.83,44.79,16.87,43.37,41.66,3.69,6.46,50.47,17.05,54.76,78.0,39.91,17.68,43.58,2.92,45.1,14.29,57.89,0.0,0.0,0.0,0.0,7.07,40.67,18.65,21.73,1.84,49.58,14.32,66.66,0.0,0.0,412.0
5286,32,154,705,1.27,43.12,19.66,45.88,18.8,41.41,44.44,2.58,5.02,50.68,19.11,37.14,79.88,42.13,19.23,43.16,2.29,38.43,23.3,62.5,0.14,65.0,0.0,0.0,8.76,46.01,19.81,26.22,1.29,41.55,31.16,33.33,0.0,0.0,441.0
5287,32,157,623,0.8,39.76,18.01,39.54,19.65,42.21,64.51,5.01,4.53,44.07,22.05,35.71,80.42,39.05,17.19,41.04,3.39,37.85,15.89,42.85,0.16,23.0,0.0,100.0,5.66,45.57,22.43,42.85,0.8,47.8,17.83,20.0,0.0,0.0,402.0
5288,32,164,0,0.0,0.0,0.0,0.0,0.0,0.0,0.0,0.0,0.0,0.0,0.0,0.0,0.0,0.0,0.0,0.0,0.0,0.0,0.0,0.0,0.0,0.0,0.0,0.0,0.0,0.0,0.0,0.0,0.0,0.0,0.0,0.0,0.0,0.0,0.0
5289,32,170,764,1.3,40.21,20.61,35.76,20.99,42.27,35.29,2.25,5.17,48.58,21.09,28.2,81.56,39.2,20.13,42.43,1.72,28.23,18.04,84.61,1.19,58.77,18.57,44.44,6.63,42.02,21.2,32.0,1.45,43.9,20.15,45.45,0.0,0.0,439.0
5290,32,171,0,0.0,0.0,0.0,0.0,0.0,0.0,0.0,0.0,0.0,0.0,0.0,0.0,0.0,0.0,0.0,0.0,0.0,0.0,0.0,0.0,0.0,0.0,0.0,0.0,0.0,0.0,0.0,0.0,0.0,0.0,0.0,0.0,0.0,0.0,0.0
5291,32,179,0,0.0,0.0,0.0,0.0,0.0,0.0,0.0,0.0,0.0,0.0,0.0,0.0,0.0,0.0,0.0,0.0,0.0,0.0,0.0,0.0,0.0,0.0,0.0,0.0,0.0,0.0,0.0,0.0,0.0,0.0,0.0,0.0,0.0,0.0,0.0
5292,32,180,562,1.77,39.31,19.11,39.03,16.17,46.44,42.85,5.07,4.16,48.08,24.02,43.47,79.34,37.85,18.47,46.11,2.71,35.06,17.36,73.33,1.08,35.66,8.52,66.66,5.61,46.35,17.92,35.48,1.99,62.63,19.56,54.54,0.0,0.0,296.0
5293,32,183,851,2.11,40.24,19.69,42.73,23.05,42.06,39.13,2.76,4.8,43.37,25.78,42.5,82.11,39.74,19.22,41.95,1.8,31.93,15.35,73.33,0.84,44.28,8.45,28.57,6.36,40.73,16.93,37.73,1.32,35.09,24.27,36.36,0.0,0.0,510.0
5294,32,188,194,1.03,37.28,15.39,41.42,14.06,42.78,28.57,3.64,6.25,46.83,15.43,50.0,82.81,36.25,15.54,41.5,1.56,36.0,3.0,100.0,0.0,0.0,0.0,0.0,3.64,36.71,10.09,42.85,2.08,36.25,12.63,25.0,0.0,0.0,116.0
5295,32,191,0,0.0,0.0,0.0,0.0,0.0,0.0,0.0,0.0,0.0,0.0,0.0,0.0,0.0,0.0,0.0,0.0,0.0,0.0,0.0,0.0,0.0,0.0,0.0,0.0,0.0,0.0,0.0,0.0,0.0,0.0,0.0,0.0,0.0,0.0,0.0
5296,32,198,0,0.0,0.0,0.0,0.0,0.0,0.0,0.0,0.0,0.0,0.0,0.0,0.0,0.0,0.0,0.0,0.0,0.0,0.0,0.0,0.0,0.0,0.0,0.0,0.0,0.0,0.0,0.0,0.0,0.0,0.0,0.0,0.0,0.0,0.0,0.0
5297,32,203,812,0.12,42.0,19.25,45.25,24.52,41.25,66.66,2.95,3.69,51.96,19.74,36.66,82.98,41.43,19.15,41.15,1.47,43.66,14.07,58.33,0.12,50.0,0.0,100.0,7.52,42.27,17.33,27.86,1.23,42.3,19.28,60.0,0.0,0.0,507.0
5298,33,95,258,4.26,40.89,17.4,43.5,22.74,39.53,40.0,4.04,4.04,63.0,14.74,40.0,81.37,39.38,16.84,38.8,2.02,37.2,9.09,80.0,0.4,63.0,0.0,100.0,5.66,39.14,16.51,28.57,2.42,39.83,7.65,50.0,0.0,28.33,130.0
5299,33,111,844,1.42,44.27,20.33,44.66,21.43,39.09,50.0,1.44,1.68,52.57,21.02,42.85,89.3,43.91,20.33,38.76,1.2,31.0,16.84,70.0,0.36,53.33,11.54,66.66,4.08,42.55,17.5,35.29,1.92,61.25,22.42,18.75,0.0,36.87,455.0
5300,33,123,974,2.46,43.38,21.48,41.5,27.77,39.32,56.25,1.68,2.84,63.74,18.94,51.85,81.26,42.72,20.59,39.37,1.78,31.94,19.8,64.7,0.1,37.0,0.0,0.0,7.47,44.97,22.89,36.61,4.84,40.91,24.74,23.91,0.0,31.4,540.0
5301,33,139,507,3.15,38.09,19.28,37.5,18.57,40.82,50.0,4.07,6.1,48.43,20.24,46.66,77.59,36.59,18.34,41.73,2.24,27.81,30.39,45.45,0.61,59.0,9.64,0.0,7.94,40.48,16.68,35.89,1.42,61.0,19.73,14.28,0.0,35.24,220.0
5302,33,144,739,2.43,41.86,20.29,36.72,24.98,40.86,36.36,3.05,3.46,52.84,22.25,44.0,83.77,41.14,19.57,41.55,0.69,40.79,28.83,40.0,0.13,0.0,0.0,0.0,6.93,45.24,21.22,38.0,1.94,37.21,26.06,35.71,0.0,32.38,387.0
5303,33,149,597,1.84,40.2,18.44,44.0,0.0,41.54,100.0,0.17,2.38,48.14,25.87,42.85,90.1,39.35,18.41,41.47,1.7,37.9,11.53,90.0,0.17,48.0,0.0,0.0,3.24,43.94,15.62,26.31,2.21,55.84,13.64,7.69,0.0,59.16,293.0
5304,33,156,226,2.65,42.73,19.75,45.4,32.6,44.24,40.0,2.27,4.54,48.1,13.6,10.0,82.72,41.07,19.3,43.95,1.36,40.0,11.78,100.0,0.9,63.5,4.94,50.0,5.45,43.5,13.68,58.33,2.72,60.83,20.76,83.33,0.0,34.87,117.0
5305,33,158,611,1.3,41.7,19.08,44.46,22.49,40.26,46.15,2.15,1.32,54.75,22.16,62.5,91.37,41.25,19.0,39.74,2.32,36.92,14.99,42.85,0.0,0.0,0.0,0.0,1.16,42.0,10.53,42.85,1.65,43.3,23.04,20.0,0.0,58.49,318.0
5306,33,166,746,0.93,42.88,18.65,49.66,22.14,41.01,91.66,1.62,2.16,53.62,23.06,31.25,88.09,42.55,18.35,40.39,2.02,38.53,15.13,86.66,0.4,48.0,11.53,0.0,4.73,38.42,21.7,31.42,0.94,55.85,15.8,28.57,0.0,49.25,376.0
5307,33,169,877,0.68,41.5,19.35,43.77,28.38,43.44,66.66,1.03,1.83,54.06,22.54,31.25,90.01,40.96,19.16,43.23,1.14,41.7,16.06,70.0,0.34,53.66,1.15,66.66,4.93,43.02,18.44,34.88,0.68,54.83,12.56,33.33,0.0,34.84,362.0
5308,33,170,793,1.89,40.22,19.17,41.66,18.52,39.97,46.66,1.92,2.82,50.54,26.39,40.9,85.6,39.28,19.1,39.18,1.41,32.63,14.43,63.63,0.89,41.85,11.18,42.85,4.62,42.97,15.69,36.11,2.69,43.95,16.8,52.38,0.0,33.52,371.0
5309,33,172,925,1.83,42.42,19.58,42.13,16.77,40.97,60.0,1.65,2.75,45.56,30.59,48.0,86.12,41.83,19.23,41.17,1.54,46.42,18.6,42.85,0.11,39.0,0.0,0.0,6.82,42.58,17.47,37.09,0.99,62.88,20.26,33.33,0.0,30.03,467.0
5310,33,179,946,4.75,39.87,21.02,40.65,26.85,42.49,50.0,2.21,5.32,47.95,25.12,37.5,79.68,38.34,20.08,43.59,1.22,33.45,16.96,54.54,0.44,34.25,15.52,25.0,9.43,41.72,21.11,37.64,1.66,48.2,26.19,40.0,0.0,40.31,481.0
5311,33,183,1090,2.66,40.74,19.55,47.89,18.84,40.73,47.36,1.79,2.16,48.73,20.55,47.82,84.16,39.77,19.19,40.42,1.69,32.88,19.38,44.44,0.0,0.0,0.0,0.0,9.33,42.91,19.46,36.36,0.84,57.88,15.75,11.11,0.0,30.3,505.0
5312,33,189,779,1.41,44.08,21.19,37.66,29.77,36.58,50.0,2.34,1.56,49.91,25.72,41.66,87.89,44.07,20.45,36.88,1.17,39.88,13.52,33.33,0.39,23.66,20.55,33.33,4.55,40.6,21.96,40.0,1.95,58.13,25.67,6.66,0.0,45.63,386.0
5313,33,191,767,1.56,42.35,20.5,56.15,19.7,40.02,61.53,1.72,1.72,52.46,22.99,53.84,89.0,41.74,20.5,39.58,0.92,28.28,23.47,42.85,0.0,0.0,0.0,0.0,5.29,43.92,19.49,42.5,1.32,51.3,14.28,30.0,0.0,46.92,361.0
5314,33,195,760,1.57,42.23,19.96,43.54,16.22,39.07,36.36,1.47,2.0,59.73,24.32,66.66,83.15,40.95,19.71,38.42,2.0,31.4,17.72,60.0,0.0,0.0,0.0,0.0,10.29,48.44,18.21,37.66,1.06,61.0,19.47,12.5,0.0,49.12,433.0
5315,33,196,250,2.8,38.1,19.8,54.8,13.72,41.6,40.0,4.11,3.29,33.87,27.53,50.0,84.77,36.7,19.48,42.23,1.23,33.0,31.6,33.33,0.0,0.0,0.0,0.0,4.52,46.09,16.48,36.36,2.05,47.4,10.5,20.0,0.0,37.02,137.0
5316,33,200,867,2.76,43.2,19.85,44.5,16.43,39.33,43.75,1.89,3.55,51.06,21.02,40.0,81.37,41.73,19.72,38.77,2.01,36.64,16.57,64.7,0.11,36.0,0.0,0.0,9.13,47.12,19.01,35.06,1.89,54.93,19.66,37.5,0.0,35.0,461.0
5317,33,201,983,2.74,42.59,19.08,41.16,18.62,40.79,50.0,1.88,2.19,52.23,18.08,47.61,84.72,42.26,19.04,41.6,1.88,43.55,11.82,66.66,0.73,48.71,25.66,0.0,7.63,40.35,19.59,32.87,0.94,60.0,16.91,55.55,0.0,30.62,520.0
5318,33,202,892,2.24,43.52,19.39,47.84,17.12,37.55,47.36,2.17,2.4,57.04,18.41,38.09,80.04,42.07,18.86,39.25,1.14,39.1,13.96,10.0,0.0,0.0,0.0,0.0,12.27,44.11,19.74,28.97,1.94,60.7,23.78,23.52,0.0,50.19,432.0
5319,33,204,853,2.69,43.83,19.97,35.06,15.3,40.44,62.5,1.92,1.2,61.0,20.0,70.0,84.21,43.66,19.56,40.77,2.16,33.0,21.11,55.55,0.24,30.0,7.07,50.0,8.67,44.01,21.21,30.55,1.56,55.84,22.68,15.38,0.0,47.82,455.0
5320,33,205,241,0.82,42.04,19.82,45.33,12.59,43.15,55.55,3.76,3.76,39.11,26.89,11.11,79.91,40.9,19.34,43.45,2.09,39.0,13.37,80.0,0.0,0.0,0.0,0.0,7.11,41.11,19.94,35.29,3.34,61.75,15.16,37.5,0.0,37.56,123.0
5321,33,207,923,0.86,42.04,19.91,33.14,24.36,41.06,42.85,1.53,2.4,32.45,17.17,31.81,89.18,42.67,20.07,42.03,1.42,32.61,5.89,76.92,0.0,0.0,0.0,0.0,4.04,38.45,15.58,32.43,1.42,48.07,24.23,0.0,0.0,29.75,457.0
5322,33,208,239,0.41,43.08,19.31,24.0,0.0,41.0,0.0,0.42,0.84,34.0,19.79,50.0,91.17,43.22,19.34,42.85,0.42,23.0,0.0,100.0,0.0,0.0,0.0,0.0,5.88,42.42,19.77,14.28,1.26,50.0,24.26,33.33,0.0,30.92,119.0
5323,33,211,327,3.66,39.41,18.01,40.5,16.48,42.2,62.5,2.53,3.17,54.1,16.83,30.0,86.03,38.64,17.93,43.54,2.22,27.71,13.37,28.57,0.31,75.0,0.0,0.0,4.76,42.2,21.59,26.66,0.95,45.33,15.04,66.66,0.0,30.57,189.0
5324,33,212,889,1.57,44.51,19.92,44.96,17.75,39.93,36.0,2.85,2.74,54.66,21.75,41.66,84.0,43.52,20.0,40.68,1.71,44.66,13.69,60.0,0.0,0.0,0.0,0.0,6.51,49.0,19.49,29.82,2.17,49.1,17.04,26.31,0.0,34.14,456.0
5325,33,213,910,1.53,41.89,20.43,43.96,19.2,39.56,34.61,2.9,2.12,53.1,22.19,47.36,83.81,41.14,20.45,41.14,2.0,41.83,12.47,38.88,0.11,0.0,0.0,0.0,7.92,42.91,21.04,30.98,1.11,52.1,20.37,20.0,0.0,34.72,453.0
5326,33,214,960,1.25,41.41,19.96,49.11,20.7,39.89,33.33,1.89,1.58,55.6,26.75,53.33,85.44,40.49,19.61,39.62,1.58,38.66,15.36,46.66,0.0,0.0,0.0,0.0,8.22,42.6,20.44,35.89,1.26,57.75,14.97,66.66,0.0,30.68,528.0
5327,33,216,995,1.7,42.1,19.51,41.43,18.32,40.6,43.47,2.35,1.43,43.28,20.76,42.85,84.15,42.02,19.38,40.7,1.94,34.1,16.82,52.63,0.1,32.0,0.0,0.0,8.69,40.97,20.64,31.76,1.32,47.69,16.04,30.76,0.0,31.98,500.0
5328,33,218,145,2.06,41.2,20.45,34.62,28.92,37.24,25.0,5.63,0.7,75.0,0.0,100.0,88.02,39.68,18.82,36.0,1.4,46.0,5.65,0.0,0.0,0.0,0.0,0.0,1.4,30.5,2.12,100.0,2.81,74.25,13.5,75.0,0.0,37.5,66.0
5329,33,219,903,1.88,41.74,20.52,37.95,24.58,41.63,55.0,2.25,2.48,48.31,22.9,68.18,82.61,40.55,19.93,40.98,1.69,37.46,18.32,60.0,0.11,50.0,0.0,0.0,8.46,45.64,20.31,42.66,2.37,57.71,25.13,28.57,0.0,30.96,464.0
5330,33,220,701,1.85,43.64,20.44,52.86,14.4,38.8,59.09,3.19,2.61,52.55,19.21,16.66,82.99,42.37,20.6,40.8,1.59,40.36,12.65,45.45,0.14,36.0,0.0,0.0,7.12,45.63,20.64,18.36,2.32,60.56,18.47,31.25,0.0,52.08,335.0
5331,33,223,279,1.79,37.8,18.11,40.28,22.15,41.93,42.85,2.55,4.37,46.58,22.5,33.33,81.02,36.45,17.58,45.49,0.72,23.0,32.52,100.0,1.09,48.0,10.58,33.33,7.66,41.14,18.92,19.04,2.55,54.42,12.68,14.28,0.0,31.95,136.0
5332,33,222,732,3.0,41.62,19.64,38.84,20.98,40.02,36.84,2.67,2.95,54.0,21.11,57.14,82.11,40.28,19.28,39.79,1.12,37.75,20.37,87.5,0.0,0.0,0.0,0.0,9.85,45.75,19.21,37.14,1.26,62.11,21.44,44.44,0.0,51.03,405.0
5333,33,1,1054,2.75,39.51,19.17,38.68,18.28,40.13,47.36,1.85,2.53,46.3,20.5,46.15,87.41,39.12,19.35,40.29,0.87,34.11,9.53,88.88,0.87,47.77,17.58,22.22,5.26,37.24,14.83,27.77,1.17,53.08,16.02,50.0,0.0,0.0,511.0
5334,33,2,1038,2.11,42.89,20.14,43.21,18.38,41.42,53.12,3.14,4.92,56.62,22.0,50.0,81.69,41.31,19.82,40.96,2.36,43.04,18.58,50.0,0.0,0.0,0.0,0.0,4.92,43.96,18.82,34.0,2.95,52.06,18.37,40.0,0.0,0.0,508.0
5335,33,3,0,0.0,0.0,0.0,0.0,0.0,0.0,0.0,0.0,0.0,0.0,0.0,0.0,0.0,0.0,0.0,0.0,0.0,0.0,0.0,0.0,0.0,0.0,0.0,0.0,0.0,0.0,0.0,0.0,0.0,0.0,0.0,0.0,0.0,0.0,0.0
5336,33,4,0,0.0,0.0,0.0,0.0,0.0,0.0,0.0,0.0,0.0,0.0,0.0,0.0,0.0,0.0,0.0,0.0,0.0,0.0,0.0,0.0,0.0,0.0,0.0,0.0,0.0,0.0,0.0,0.0,0.0,0.0,0.0,0.0,0.0,0.0,0.0
5337,33,5,0,0.0,0.0,0.0,0.0,0.0,0.0,0.0,0.0,0.0,0.0,0.0,0.0,0.0,0.0,0.0,0.0,0.0,0.0,0.0,0.0,0.0,0.0,0.0,0.0,0.0,0.0,0.0,0.0,0.0,0.0,0.0,0.0,0.0,0.0,0.0
5338,33,6,326,4.6,41.03,20.72,41.16,11.79,37.73,33.33,3.85,6.43,47.85,29.25,35.0,76.84,39.53,19.76,37.65,2.25,58.0,25.67,42.85,1.92,34.5,6.59,16.66,6.43,47.6,16.18,45.0,2.25,24.0,31.56,71.42,0.0,0.0,151.0
5339,33,7,1191,5.7,42.21,20.23,42.77,17.95,39.96,40.0,4.0,4.8,57.03,23.09,44.44,78.89,39.9,19.35,41.64,2.22,39.08,17.65,64.0,0.17,50.0,18.38,0.0,6.67,42.46,17.15,33.33,3.2,56.58,19.42,19.44,0.0,0.0,649.0
5340,33,8,304,3.28,40.88,19.18,37.12,26.56,42.43,62.5,2.72,3.4,47.0,28.24,40.0,76.53,40.78,18.5,41.33,4.42,25.0,15.11,76.92,0.68,54.5,26.16,0.0,8.5,42.76,13.99,40.0,3.74,46.18,21.64,36.36,0.0,0.0,157.0
5341,33,9,818,1.71,40.32,19.58,38.62,15.07,40.58,41.66,2.98,3.73,55.8,18.76,43.33,79.47,39.35,19.25,41.47,1.74,31.07,13.12,71.42,0.74,36.5,10.89,16.66,7.96,36.93,18.45,28.12,3.35,56.62,18.64,37.03,0.0,0.0,378.0
5342,33,10,808,4.2,39.32,20.0,43.19,18.23,41.33,52.38,2.71,4.13,48.12,21.3,37.5,80.36,37.81,19.72,41.63,0.9,41.71,21.16,42.85,0.51,38.75,15.17,25.0,9.68,40.45,17.16,38.66,1.67,46.53,25.38,30.76,0.0,0.0,383.0
5343,33,11,1097,3.0,42.43,20.22,44.37,17.63,38.19,45.71,3.28,2.91,50.87,23.21,41.93,80.07,41.7,20.05,39.78,2.06,36.04,13.01,54.54,0.18,46.5,12.02,50.0,9.11,42.22,21.15,22.68,2.34,50.92,16.74,36.0,0.0,0.0,522.0
5344,33,12,996,3.31,41.04,19.96,49.89,22.11,40.76,52.63,1.97,2.8,46.18,22.04,59.25,83.28,40.46,19.84,40.64,1.45,35.64,14.49,57.14,0.0,0.0,0.0,0.0,8.61,38.74,19.13,30.12,1.86,45.33,20.51,44.44,0.0,0.0,545.0
5345,33,13,0,0.0,0.0,0.0,0.0,0.0,0.0,0.0,0.0,0.0,0.0,0.0,0.0,0.0,0.0,0.0,0.0,0.0,0.0,0.0,0.0,0.0,0.0,0.0,0.0,0.0,0.0,0.0,0.0,0.0,0.0,0.0,0.0,0.0,0.0,0.0
5346,33,14,808,3.83,41.2,20.16,39.0,18.74,41.58,44.44,1.15,4.24,53.87,25.06,51.51,82.11,39.1,19.24,41.37,1.8,41.85,18.22,42.85,0.64,47.8,15.13,20.0,7.07,47.32,20.22,34.54,2.96,48.6,23.38,56.52,0.0,0.0,343.0
5347,33,15,790,4.05,41.41,20.58,45.0,27.19,41.26,67.85,3.69,3.95,60.3,19.31,30.0,82.18,40.36,19.92,41.41,1.84,28.57,17.36,42.85,0.52,40.5,7.72,0.0,6.06,37.52,17.6,34.78,1.58,40.91,24.44,58.33,0.0,0.0,374.0
5348,33,16,834,2.75,39.75,20.12,41.82,25.0,40.64,47.05,2.09,4.19,60.76,20.02,41.17,85.45,38.46,19.1,41.55,1.1,27.88,12.2,33.33,0.12,28.0,0.0,0.0,5.42,39.4,20.12,31.81,1.6,50.84,26.42,38.46,0.0,0.0,442.0
5349,33,17,960,4.37,42.65,18.13,39.48,19.11,42.29,39.39,3.59,4.46,51.87,15.47,43.9,82.35,41.66,17.96,42.59,1.96,33.0,15.67,66.66,0.21,45.0,21.21,50.0,6.2,45.15,19.49,28.07,1.19,58.27,11.87,63.63,0.0,0.0,452.0
5350,33,18,1007,2.87,41.59,18.87,42.32,18.08,40.31,51.61,3.16,4.8,47.87,19.58,38.29,80.06,40.64,18.71,40.86,1.53,38.2,9.14,40.0,0.51,36.2,10.54,40.0,7.56,42.62,19.39,32.43,2.35,51.69,19.88,47.82,0.0,0.0,503.0
5351,33,19,933,2.78,43.11,20.46,49.07,20.22,38.58,57.14,3.08,4.52,58.53,21.91,51.21,81.03,41.57,19.52,37.27,0.88,38.5,13.2,50.0,0.11,37.0,0.0,0.0,8.48,44.24,21.31,37.66,1.87,48.0,28.46,17.64,0.0,0.0,457.0
5352,33,20,0,0.0,0.0,0.0,0.0,0.0,0.0,0.0,0.0,0.0,0.0,0.0,0.0,0.0,0.0,0.0,0.0,0.0,0.0,0.0,0.0,0.0,0.0,0.0,0.0,0.0,0.0,0.0,0.0,0.0,0.0,0.0,0.0,0.0,0.0,0.0
5353,33,21,907,5.07,40.96,20.23,41.36,11.38,39.69,45.45,1.27,4.76,58.6,22.32,43.9,76.77,39.12,19.81,42.2,1.62,41.85,20.46,50.0,0.11,40.0,0.0,0.0,12.54,41.5,19.34,25.0,2.9,47.48,24.2,24.0,0.0,0.0,436.0
5354,33,22,920,2.28,42.17,21.16,43.88,22.85,40.97,42.3,2.89,2.89,61.07,21.28,50.0,82.75,41.04,20.53,42.06,2.55,37.17,19.71,39.13,0.66,62.33,31.08,33.33,6.78,39.75,21.4,34.42,1.44,52.53,22.48,46.15,0.0,0.0,481.0
5355,33,24,838,1.9,41.24,20.24,42.26,22.22,40.93,53.33,1.82,2.67,37.0,22.47,45.45,84.91,40.75,20.03,40.25,1.58,35.76,21.41,46.15,1.94,51.31,16.16,31.25,4.25,41.74,20.02,37.14,2.79,45.65,21.76,60.86,0.0,0.0,401.0
5356,33,25,347,3.45,42.46,19.48,45.87,18.92,44.38,62.5,2.38,4.77,62.0,15.14,50.0,80.59,41.26,19.33,44.44,2.68,34.33,22.58,22.22,0.89,42.0,16.52,33.33,6.26,39.09,13.07,47.61,2.38,48.12,18.73,62.5,0.0,0.0,155.0
5357,33,26,551,1.99,40.37,19.97,35.92,26.36,40.65,35.71,2.59,4.07,57.27,17.19,31.81,83.7,38.99,19.43,41.37,2.22,36.83,16.45,75.0,0.92,62.4,17.28,40.0,5.0,41.59,20.17,29.62,1.48,41.25,22.53,0.0,0.0,0.0,296.0
5358,33,27,1272,4.0,42.11,19.94,41.27,22.28,40.17,41.66,3.93,4.17,51.74,20.92,50.98,78.62,40.94,19.54,39.47,1.31,41.93,18.49,62.5,0.81,42.1,26.13,40.0,9.5,40.26,18.44,37.06,1.63,54.65,21.42,50.0,0.0,0.0,572.0
5359,33,28,1111,3.6,41.34,19.66,44.52,16.74,37.53,47.82,2.14,2.8,51.1,19.9,43.33,84.31,40.24,19.42,37.76,1.86,32.75,21.16,65.0,0.28,42.33,19.29,0.0,6.72,41.59,17.91,36.11,1.86,54.65,18.92,20.0,0.0,0.0,588.0
5360,33,29,230,2.17,43.88,18.48,43.33,16.77,38.69,0.0,1.33,3.55,57.12,15.33,37.5,82.66,43.51,18.23,40.86,1.77,33.25,6.94,50.0,0.0,0.0,0.0,0.0,8.44,37.21,20.99,26.31,2.22,52.6,12.7,40.0,0.0,0.0,121.0
5361,33,30,985,3.55,41.55,18.88,46.7,17.3,39.89,41.93,3.26,3.78,50.3,23.85,55.55,79.47,40.66,18.25,40.79,1.26,28.83,21.15,41.66,0.42,38.75,12.2,0.0,10.21,40.75,18.39,28.86,1.57,43.66,25.01,46.66,0.0,0.0,461.0
5362,33,31,905,2.87,40.41,19.15,34.39,18.86,40.55,30.3,3.75,3.64,49.28,19.84,56.25,79.4,40.02,18.73,41.54,1.7,28.0,11.79,53.33,0.34,47.33,22.03,33.33,9.44,40.79,19.95,34.93,1.7,36.2,22.26,40.0,0.0,0.0,436.0
5363,33,32,223,2.69,38.06,18.35,45.62,20.92,37.66,25.0,3.68,6.45,50.07,21.52,35.71,77.88,36.02,17.4,36.68,2.3,29.6,7.36,40.0,0.0,0.0,0.0,0.0,8.75,46.89,16.82,36.84,0.92,24.0,33.94,100.0,0.0,0.0,90.0
5364,33,33,0,0.0,0.0,0.0,0.0,0.0,0.0,0.0,0.0,0.0,0.0,0.0,0.0,0.0,0.0,0.0,0.0,0.0,0.0,0.0,0.0,0.0,0.0,0.0,0.0,0.0,0.0,0.0,0.0,0.0,0.0,0.0,0.0,0.0,0.0,0.0
5365,33,34,446,4.26,39.97,19.25,43.11,20.7,41.03,38.88,4.21,7.72,51.57,18.86,45.45,78.45,37.84,17.99,42.68,0.93,26.0,2.44,0.0,0.46,13.0,18.38,0.0,6.79,39.41,20.9,27.58,1.4,54.0,18.0,33.33,0.0,0.0,197.0
5366,33,35,1034,3.19,41.02,19.66,40.59,19.25,38.39,50.0,2.19,3.19,51.78,21.4,34.37,82.41,39.91,19.29,38.3,1.59,42.75,21.17,50.0,1.19,47.16,26.87,25.0,7.59,40.11,18.02,36.84,1.79,52.0,21.13,61.11,0.0,0.0,474.0
5367,33,36,996,3.81,41.22,19.63,40.62,19.84,41.06,57.14,3.65,3.65,47.77,22.37,31.42,77.45,40.43,19.27,42.72,1.77,35.41,17.05,52.94,0.52,26.6,24.83,0.0,10.85,41.67,18.99,30.76,2.08,53.15,23.65,45.0,0.0,0.0,536.0
5368,33,38,969,2.68,42.08,20.19,39.68,18.32,38.18,60.0,2.65,1.48,56.21,15.19,28.57,82.6,41.6,20.26,37.22,1.48,35.92,16.63,71.42,0.42,56.25,11.05,50.0,10.18,40.16,20.05,34.37,1.16,52.18,10.23,45.45,0.0,0.0,495.0
5369,33,39,467,2.78,41.09,19.57,54.45,26.12,39.18,54.54,2.42,2.2,52.5,27.39,40.0,83.7,39.77,18.2,38.94,1.54,31.28,9.51,71.42,1.1,31.4,20.63,20.0,5.06,41.86,16.18,26.08,3.96,54.77,28.5,27.77,0.0,0.0,236.0
5370,33,40,0,0.0,0.0,0.0,0.0,0.0,0.0,0.0,0.0,0.0,0.0,0.0,0.0,0.0,0.0,0.0,0.0,0.0,0.0,0.0,0.0,0.0,0.0,0.0,0.0,0.0,0.0,0.0,0.0,0.0,0.0,0.0,0.0,0.0,0.0,0.0
5371,33,41,691,2.89,41.4,18.78,38.31,18.38,40.52,26.31,2.83,3.27,54.72,20.88,50.0,78.83,40.36,18.07,42.72,1.49,34.29,20.14,70.0,0.59,40.0,9.41,50.0,10.87,42.2,20.93,27.39,2.08,44.71,15.33,64.28,0.0,0.0,360.0
5372,33,42,629,2.86,39.29,19.22,39.23,23.02,38.47,38.46,4.25,2.94,48.94,16.92,50.0,83.14,38.92,19.26,37.79,1.96,35.16,7.28,75.0,0.0,0.0,0.0,0.0,5.72,34.82,17.57,34.28,1.96,47.41,22.47,50.0,0.0,0.0,314.0
5373,33,43,0,0.0,0.0,0.0,0.0,0.0,0.0,0.0,0.0,0.0,0.0,0.0,0.0,0.0,0.0,0.0,0.0,0.0,0.0,0.0,0.0,0.0,0.0,0.0,0.0,0.0,0.0,0.0,0.0,0.0,0.0,0.0,0.0,0.0,0.0,0.0
5374,33,44,982,1.73,42.0,19.34,37.25,18.17,39.81,59.25,2.79,2.79,53.92,18.73,66.66,80.62,41.01,19.01,39.07,1.96,38.21,13.47,63.15,0.41,42.75,14.93,25.0,8.7,41.96,21.32,33.33,2.69,56.42,18.93,23.07,0.0,0.0,540.0
5375,33,45,914,3.17,43.81,20.58,34.55,20.15,38.94,41.37,3.27,3.16,44.25,25.17,32.14,78.98,43.51,20.22,40.2,2.48,37.27,17.12,50.0,0.22,72.0,5.65,100.0,9.6,44.6,18.59,28.23,2.25,55.6,19.61,40.0,0.0,0.0,494.0
5376,33,46,0,0.0,0.0,0.0,0.0,0.0,0.0,0.0,0.0,0.0,0.0,0.0,0.0,0.0,0.0,0.0,0.0,0.0,0.0,0.0,0.0,0.0,0.0,0.0,0.0,0.0,0.0,0.0,0.0,0.0,0.0,0.0,0.0,0.0,0.0,0.0
5377,33,47,899,2.44,41.95,19.72,45.94,23.71,40.15,61.11,2.05,2.05,51.33,27.45,27.77,85.06,41.24,19.09,39.0,2.05,39.55,16.82,66.66,0.11,77.0,0.0,100.0,7.18,40.61,21.45,36.5,1.48,54.46,24.43,53.84,0.0,0.0,519.0
5378,33,48,632,1.89,40.96,18.34,39.66,17.0,38.92,48.14,4.35,2.25,50.07,19.68,21.42,82.41,39.68,18.44,39.13,0.8,51.0,16.0,60.0,0.48,53.66,23.96,33.33,7.9,44.51,16.69,28.57,1.77,52.09,13.17,36.36,0.0,0.0,319.0
5379,33,49,710,2.25,41.57,20.38,36.85,19.72,36.76,45.0,2.88,3.74,55.0,20.09,50.0,80.54,40.58,19.51,36.13,1.72,26.83,17.51,58.33,0.28,71.5,6.36,0.0,8.06,43.37,22.03,32.14,2.73,51.47,29.22,42.1,0.0,0.0,352.0
5380,33,50,668,3.89,41.7,19.97,48.57,15.69,40.41,52.38,3.27,2.95,49.57,27.36,47.36,79.28,40.66,19.45,39.68,3.42,40.95,21.25,54.54,0.46,50.66,16.04,33.33,8.41,36.77,19.56,35.18,2.18,59.14,20.28,57.14,0.0,0.0,359.0
5381,33,51,835,2.03,40.98,18.49,45.19,16.91,38.8,47.61,2.56,3.3,53.37,22.21,51.85,81.9,39.79,18.19,38.65,1.83,36.73,16.34,53.33,0.24,53.5,23.33,50.0,7.94,43.47,16.46,27.69,2.2,51.94,18.25,50.0,0.0,0.0,433.0
5382,33,52,695,3.16,40.83,19.34,39.5,19.92,39.85,50.0,2.37,4.3,47.17,24.84,41.37,80.23,39.62,19.3,40.55,2.37,40.31,16.67,50.0,0.59,37.75,17.48,0.0,8.76,45.13,16.27,37.28,1.33,56.77,15.28,22.22,0.0,0.0,381.0
5383,33,53,0,0.0,0.0,0.0,0.0,0.0,0.0,0.0,0.0,0.0,0.0,0.0,0.0,0.0,0.0,0.0,0.0,0.0,0.0,0.0,0.0,0.0,0.0,0.0,0.0,0.0,0.0,0.0,0.0,0.0,0.0,0.0,0.0,0.0,0.0,0.0
5384,33,54,621,0.96,39.76,19.14,43.0,18.02,41.22,63.63,1.78,2.43,55.13,25.23,53.33,87.96,38.8,18.85,40.48,1.3,35.5,22.43,62.5,0.16,35.0,0.0,0.0,5.2,45.78,19.24,34.37,1.13,41.85,12.18,42.85,0.0,0.0,284.0
5385,33,55,0,0.0,0.0,0.0,0.0,0.0,0.0,0.0,0.0,0.0,0.0,0.0,0.0,0.0,0.0,0.0,0.0,0.0,0.0,0.0,0.0,0.0,0.0,0.0,0.0,0.0,0.0,0.0,0.0,0.0,0.0,0.0,0.0,0.0,0.0,0.0
5386,33,56,0,0.0,0.0,0.0,0.0,0.0,0.0,0.0,0.0,0.0,0.0,0.0,0.0,0.0,0.0,0.0,0.0,0.0,0.0,0.0,0.0,0.0,0.0,0.0,0.0,0.0,0.0,0.0,0.0,0.0,0.0,0.0,0.0,0.0,0.0,0.0
5387,33,57,937,2.45,42.16,19.57,44.08,25.18,41.08,52.0,2.73,2.73,48.28,17.81,36.0,83.8,40.98,19.35,41.9,1.2,38.63,18.51,45.45,0.21,24.5,2.12,0.0,6.67,42.88,15.7,29.5,2.62,58.95,18.14,25.0,0.0,0.0,458.0
5388,33,58,933,2.35,41.72,19.28,45.84,15.0,40.19,53.84,1.42,3.73,58.5,18.88,44.11,85.07,40.32,19.08,40.77,1.2,36.54,3.77,63.63,0.1,0.0,0.0,0.0,5.7,40.09,20.06,28.84,2.74,55.84,13.33,44.0,0.0,0.0,490.0
5389,33,59,367,2.99,41.59,21.32,52.88,20.76,37.32,33.33,2.52,2.24,45.75,25.27,25.0,81.74,40.39,20.85,38.14,1.96,29.71,22.88,57.14,1.68,45.0,17.92,33.33,7.86,46.32,19.86,32.14,1.96,49.14,35.72,28.57,0.0,0.0,189.0
5390,33,60,90,11.11,39.14,18.46,39.12,18.48,36.66,25.0,10.0,1.25,59.0,0.0,100.0,83.75,37.86,18.31,40.29,1.25,33.0,0.0,100.0,2.5,45.5,10.6,50.0,1.25,20.0,0.0,0.0,0.0,0.0,0.0,0.0,0.0,0.0,47.0
5391,33,61,327,4.28,37.66,18.03,52.5,21.92,40.97,0.0,0.63,3.51,38.63,19.26,54.54,83.06,36.02,17.97,41.15,2.23,43.57,10.32,57.14,0.0,0.0,0.0,0.0,8.62,39.77,18.59,33.33,1.91,53.16,7.25,50.0,0.0,0.0,153.0
5392,33,62,1044,3.16,43.08,20.42,49.17,17.37,41.28,34.28,3.46,4.45,59.06,21.68,37.77,79.62,41.47,19.7,42.98,1.78,34.11,16.86,44.44,0.19,53.5,47.37,0.0,8.6,42.72,20.04,31.03,1.87,53.36,18.44,42.1,0.0,0.0,505.0
5393,33,63,1013,2.46,43.66,21.13,53.64,20.82,37.41,44.0,2.53,3.94,53.23,25.45,43.58,81.17,41.76,20.93,37.28,1.01,37.79,18.03,90.0,0.3,51.66,16.16,33.33,8.29,47.93,14.95,30.48,2.73,56.29,20.45,40.74,0.0,0.0,557.0
5394,33,64,1036,1.35,41.75,20.24,39.33,18.17,39.57,58.33,1.17,2.73,45.96,27.26,50.0,81.6,41.1,19.83,40.52,1.46,33.79,14.57,33.33,0.0,0.0,0.0,0.0,9.88,42.42,18.88,28.71,3.13,51.0,27.06,40.62,0.0,0.0,587.0
5395,33,65,1050,2.0,42.65,20.9,35.93,18.03,40.76,40.0,1.45,2.91,59.46,20.75,43.33,85.22,42.05,20.78,40.82,2.23,35.86,16.87,56.52,0.58,56.16,7.9,50.0,5.83,40.63,19.97,31.66,1.74,45.38,20.79,55.55,0.0,0.0,553.0
5396,33,66,950,2.63,41.18,20.1,36.0,17.95,42.84,40.0,2.16,2.91,52.4,24.79,44.44,84.75,40.86,19.94,43.62,1.94,35.27,12.74,44.44,0.1,0.0,0.0,100.0,6.59,42.16,20.22,31.14,1.51,46.85,23.66,64.28,0.0,0.0,478.0
5397,33,67,0,0.0,0.0,0.0,0.0,0.0,0.0,0.0,0.0,0.0,0.0,0.0,0.0,0.0,0.0,0.0,0.0,0.0,0.0,0.0,0.0,0.0,0.0,0.0,0.0,0.0,0.0,0.0,0.0,0.0,0.0,0.0,0.0,0.0,0.0,0.0
5398,33,68,0,0.0,0.0,0.0,0.0,0.0,0.0,0.0,0.0,0.0,0.0,0.0,0.0,0.0,0.0,0.0,0.0,0.0,0.0,0.0,0.0,0.0,0.0,0.0,0.0,0.0,0.0,0.0,0.0,0.0,0.0,0.0,0.0,0.0,0.0,0.0
5399,33,69,1073,1.86,41.81,20.88,44.3,22.56,40.54,53.84,1.23,3.03,54.21,21.18,40.62,85.18,41.23,20.13,40.91,1.32,30.35,15.26,42.85,0.28,41.66,2.51,33.33,6.93,37.45,23.97,32.87,1.99,48.76,29.01,52.38,0.0,0.0,584.0
5400,33,70,508,5.7,41.18,19.61,41.88,16.28,39.96,58.82,3.54,6.05,48.44,23.06,41.37,79.74,39.38,19.26,39.0,2.5,29.83,11.43,75.0,0.2,28.0,0.0,100.0,6.68,44.9,17.07,25.0,1.25,48.33,16.59,66.66,0.0,0.0,235.0
5401,33,71,817,3.67,43.45,19.47,47.38,22.53,39.9,50.0,2.28,3.04,62.7,17.03,33.33,83.22,41.64,18.91,39.54,1.27,39.6,8.95,60.0,0.5,52.75,21.7,25.0,8.13,45.68,18.85,32.81,1.52,56.83,26.71,41.66,0.0,0.0,467.0
5402,33,72,790,1.89,43.13,20.24,47.76,20.9,39.49,61.53,3.35,3.22,49.4,21.6,48.0,76.9,41.5,20.27,40.1,1.16,40.55,23.22,33.33,0.77,48.5,21.43,16.66,13.16,46.74,18.02,30.39,1.41,51.0,25.45,45.45,0.0,0.0,398.0
5403,33,73,740,1.08,42.91,18.96,44.28,22.02,42.02,35.71,1.91,2.32,47.47,26.4,41.17,86.74,42.6,18.78,42.99,1.09,38.25,25.16,62.5,0.0,0.0,0.0,0.0,7.1,43.4,17.18,26.92,0.81,53.5,10.46,66.66,0.0,0.0,394.0
5404,33,74,891,3.36,42.47,19.65,38.88,20.28,40.62,50.0,3.01,4.64,55.0,22.79,47.5,78.74,41.42,19.04,41.15,2.09,40.22,21.59,44.44,0.0,0.0,0.0,0.0,9.98,41.08,19.19,34.88,1.5,55.3,23.26,38.46,0.0,0.0,456.0
5405,33,75,865,2.19,44.09,20.13,33.84,24.34,40.8,36.84,2.24,3.66,57.7,21.14,45.16,83.8,43.22,19.82,41.32,2.12,36.55,14.62,55.55,0.47,59.5,23.3,50.0,6.02,46.45,19.8,29.41,1.65,52.78,11.56,42.85,0.0,0.0,467.0
5406,33,76,893,2.91,40.67,19.94,50.25,24.28,40.2,56.25,1.84,3.8,51.78,25.27,48.48,83.16,39.65,19.09,41.33,1.15,24.5,18.66,70.0,0.57,27.4,18.2,0.0,7.49,41.93,22.5,23.07,1.96,50.11,14.25,41.17,0.0,0.0,455.0
5407,33,77,816,2.81,40.88,18.53,41.11,24.23,38.23,52.94,4.28,3.02,55.33,19.93,50.0,82.21,40.05,18.04,38.49,1.51,35.58,8.12,58.33,0.37,45.66,16.28,0.0,7.31,40.36,18.8,25.86,1.26,46.9,17.92,20.0,0.0,0.0,439.0
5408,33,78,377,4.24,43.13,20.22,46.93,19.98,38.72,43.75,4.43,6.37,64.13,14.9,52.17,73.4,40.28,19.86,36.98,0.55,26.0,36.76,50.0,0.55,37.5,24.74,0.0,11.91,41.86,20.02,34.88,2.77,56.5,12.29,70.0,0.0,0.0,189.0
5409,33,79,0,0.0,0.0,0.0,0.0,0.0,0.0,0.0,0.0,0.0,0.0,0.0,0.0,0.0,0.0,0.0,0.0,0.0,0.0,0.0,0.0,0.0,0.0,0.0,0.0,0.0,0.0,0.0,0.0,0.0,0.0,0.0,0.0,0.0,0.0,0.0
5410,33,80,1016,3.54,43.3,19.12,48.1,19.11,38.77,46.66,3.06,3.87,47.81,21.98,36.84,79.38,42.01,18.74,38.04,2.14,37.66,12.88,71.42,0.61,40.66,23.68,33.33,8.97,44.67,19.4,27.27,1.93,53.63,21.41,47.36,0.0,0.0,493.0
5411,33,81,0,0.0,0.0,0.0,0.0,0.0,0.0,0.0,0.0,0.0,0.0,0.0,0.0,0.0,0.0,0.0,0.0,0.0,0.0,0.0,0.0,0.0,0.0,0.0,0.0,0.0,0.0,0.0,0.0,0.0,0.0,0.0,0.0,0.0,0.0,0.0
5412,33,82,988,5.26,43.17,20.75,43.38,21.18,38.36,44.11,3.63,4.05,58.21,26.57,57.89,79.05,41.01,19.87,38.51,1.28,34.5,20.93,33.33,0.1,55.0,0.0,0.0,9.61,45.64,19.45,36.66,2.24,60.76,18.27,47.61,0.0,0.0,509.0
5413,33,83,886,2.03,41.09,20.07,33.3,19.48,42.32,61.53,1.49,1.84,56.37,22.82,56.25,86.17,40.0,19.63,41.97,1.72,38.73,19.75,73.33,0.69,51.33,7.78,16.66,5.87,40.88,19.15,35.29,2.18,54.84,21.67,47.36,0.0,0.0,450.0
5414,33,84,352,2.27,39.65,18.33,40.5,11.81,36.64,66.66,1.74,3.19,47.0,14.75,45.45,78.19,38.48,18.81,36.8,1.74,35.66,4.03,50.0,0.58,42.5,0.7,0.0,12.2,41.95,17.11,35.71,2.32,49.5,16.05,12.5,0.0,0.0,167.0
5415,33,85,302,2.31,38.54,19.73,37.59,21.39,40.72,45.45,7.45,2.71,57.12,20.83,50.0,79.32,37.29,19.09,41.02,0.67,34.0,1.41,100.0,0.33,0.0,0.0,0.0,7.79,39.3,16.53,21.73,1.69,43.8,30.55,80.0,0.0,0.0,170.0
5416,33,86,297,3.36,39.4,19.78,37.75,13.57,34.0,62.5,2.78,3.13,53.0,18.38,44.44,82.92,38.9,20.28,35.29,1.39,38.5,6.19,50.0,1.04,61.33,4.72,33.33,7.66,35.59,15.07,9.09,1.04,40.0,35.0,0.0,0.0,0.0,159.0
5417,33,87,992,2.62,40.97,19.44,42.94,14.57,41.12,35.29,1.75,3.62,49.42,24.7,48.57,81.67,39.96,18.98,41.31,1.24,38.25,20.99,83.33,0.2,48.0,25.45,0.0,8.9,41.98,18.89,31.39,2.58,51.84,20.07,56.0,0.0,0.0,512.0
5418,33,88,778,2.57,41.16,18.43,44.56,19.11,40.74,40.0,3.95,3.16,51.08,19.24,50.0,79.02,40.3,18.15,42.07,1.31,33.5,15.37,40.0,1.18,48.0,21.48,44.44,9.1,39.2,18.65,28.98,2.24,50.52,20.6,52.94,0.0,0.0,413.0
5419,33,89,478,2.92,42.34,19.32,39.14,20.24,38.7,64.28,3.01,4.31,50.85,19.22,25.0,79.09,41.31,19.53,39.5,2.15,35.1,15.7,40.0,0.86,52.0,5.29,25.0,7.75,40.33,15.84,33.33,2.8,60.15,16.04,30.76,0.0,0.0,247.0
5420,33,90,967,1.44,42.48,19.68,37.72,17.28,39.91,58.33,3.77,3.14,49.56,18.6,30.0,79.53,42.72,19.62,41.02,2.09,37.79,14.43,70.0,0.52,44.6,9.44,40.0,8.49,39.82,21.5,23.45,2.41,46.95,20.84,26.08,0.0,0.0,451.0
5421,33,91,969,4.85,42.59,20.37,46.44,22.66,37.77,30.55,3.9,5.74,52.5,19.27,37.73,78.09,41.54,19.98,37.63,2.06,28.1,16.38,63.15,0.21,36.0,12.72,50.0,8.35,41.92,18.13,35.06,1.62,46.73,25.24,40.0,0.0,0.0,451.0
5422,33,92,932,3.43,42.58,20.2,44.97,25.13,40.45,44.11,3.77,3.33,56.43,21.83,60.0,82.33,41.62,19.68,40.21,1.22,35.09,12.36,54.54,0.33,27.33,1.15,0.0,7.11,42.76,18.76,31.25,1.88,42.58,29.35,52.94,0.0,0.0,426.0
5423,33,93,873,2.52,42.09,19.35,41.04,15.18,39.63,52.38,2.46,3.52,54.56,16.68,43.33,85.54,41.45,19.37,39.83,0.82,30.71,14.24,57.14,0.7,56.66,4.71,50.0,5.28,40.55,19.75,33.33,1.29,52.54,23.7,27.27,0.0,0.0,449.0
5424,33,94,424,1.41,43.18,21.47,46.85,19.14,40.33,28.57,1.67,5.5,42.91,28.03,34.78,79.66,43.38,20.85,42.64,1.91,30.5,31.91,50.0,0.23,44.0,0.0,0.0,8.37,37.22,18.52,40.0,2.63,63.18,14.42,0.0,0.0,0.0,217.0
5425,33,96,893,1.56,43.5,20.47,46.14,22.32,40.87,37.03,3.07,2.5,56.63,23.97,54.54,81.68,42.22,20.42,41.22,1.25,35.27,16.0,63.63,0.11,32.0,0.0,0.0,10.23,48.11,18.89,33.33,1.13,50.1,16.65,40.0,0.0,0.0,407.0
5426,33,97,953,3.88,41.96,19.95,42.72,23.18,41.86,48.48,3.6,4.25,56.74,19.55,48.71,82.42,40.4,19.63,42.51,1.2,37.36,10.2,72.72,0.21,42.5,9.19,0.0,6.0,42.47,18.82,25.45,2.29,51.33,14.39,42.85,0.0,0.0,437.0
5427,33,98,955,2.61,41.2,18.82,47.37,15.05,41.88,43.24,3.97,3.22,48.83,21.78,30.0,84.62,40.21,18.24,42.43,0.96,31.77,21.12,66.66,0.43,16.5,19.67,50.0,5.59,40.9,18.94,40.38,1.18,50.0,27.32,45.45,0.0,0.0,479.0
5428,33,99,916,2.51,43.04,19.43,42.14,17.46,41.59,32.35,3.8,3.69,56.27,19.55,48.48,82.75,42.23,19.26,41.4,2.12,34.52,23.61,52.63,0.0,0.0,0.0,0.0,6.15,42.1,18.58,29.09,1.45,49.76,18.42,69.23,0.0,0.0,487.0
5429,33,100,872,3.21,42.03,18.79,46.17,18.44,39.9,35.71,3.31,3.19,45.88,26.02,37.03,80.45,40.88,18.27,40.94,1.65,40.21,11.81,50.0,0.82,47.14,11.52,14.28,8.64,45.13,19.82,27.39,1.89,47.56,17.4,31.25,0.0,0.0,451.0
5430,33,101,823,2.91,43.52,19.62,38.33,22.95,40.94,38.88,2.25,1.62,54.07,15.56,53.84,79.97,41.78,19.79,39.28,1.87,44.93,13.68,100.0,0.12,40.0,0.0,100.0,11.88,48.57,17.05,43.15,2.25,58.33,13.86,22.22,0.0,0.0,461.0
5431,33,102,749,3.33,44.53,20.9,53.63,23.64,38.18,63.63,1.51,5.93,56.9,21.58,46.51,78.03,43.15,20.47,37.87,1.24,39.88,7.33,77.77,0.82,43.33,14.58,16.66,11.04,42.2,23.01,28.75,1.38,59.9,17.09,40.0,0.0,0.0,401.0
5432,33,103,711,3.93,42.95,20.51,48.33,19.54,38.39,42.85,3.07,3.22,59.72,20.1,40.9,80.08,41.23,20.25,37.84,1.46,43.5,11.56,50.0,0.29,32.5,9.19,0.0,9.37,44.64,19.49,35.93,2.48,50.82,20.27,64.7,0.0,0.0,349.0
5433,33,104,694,2.59,43.43,19.85,42.68,20.44,37.75,43.75,2.36,3.55,52.37,22.22,37.5,81.21,42.79,20.01,37.88,1.47,30.5,12.34,40.0,0.44,35.66,6.5,0.0,9.17,44.27,19.49,33.87,1.77,49.66,11.57,33.33,0.0,0.0,338.0
5434,33,105,0,0.0,0.0,0.0,0.0,0.0,0.0,0.0,0.0,0.0,0.0,0.0,0.0,0.0,0.0,0.0,0.0,0.0,0.0,0.0,0.0,0.0,0.0,0.0,0.0,0.0,0.0,0.0,0.0,0.0,0.0,0.0,0.0,0.0,0.0,0.0
5435,33,106,0,0.0,0.0,0.0,0.0,0.0,0.0,0.0,0.0,0.0,0.0,0.0,0.0,0.0,0.0,0.0,0.0,0.0,0.0,0.0,0.0,0.0,0.0,0.0,0.0,0.0,0.0,0.0,0.0,0.0,0.0,0.0,0.0,0.0,0.0,0.0
5436,33,107,234,2.56,43.54,19.66,33.33,1.52,41.02,66.66,1.31,3.5,54.75,23.39,50.0,85.52,42.66,19.57,41.02,1.31,37.0,8.88,66.66,0.0,0.0,0.0,0.0,5.7,39.76,21.46,30.76,2.63,58.83,12.65,33.33,0.0,0.0,136.0
5437,33,108,0,0.0,0.0,0.0,0.0,0.0,0.0,0.0,0.0,0.0,0.0,0.0,0.0,0.0,0.0,0.0,0.0,0.0,0.0,0.0,0.0,0.0,0.0,0.0,0.0,0.0,0.0,0.0,0.0,0.0,0.0,0.0,0.0,0.0,0.0,0.0
5438,33,109,0,0.0,0.0,0.0,0.0,0.0,0.0,0.0,0.0,0.0,0.0,0.0,0.0,0.0,0.0,0.0,0.0,0.0,0.0,0.0,0.0,0.0,0.0,0.0,0.0,0.0,0.0,0.0,0.0,0.0,0.0,0.0,0.0,0.0,0.0,0.0
5439,33,110,878,0.68,42.29,19.81,49.42,14.12,38.49,85.71,0.8,0.57,46.6,22.1,40.0,90.59,42.0,19.79,38.6,1.14,20.39,17.61,80.0,0.0,0.0,0.0,0.0,5.16,42.48,18.84,22.22,1.72,61.86,8.01,26.66,0.0,0.0,477.0
5440,33,112,0,0.0,0.0,0.0,0.0,0.0,0.0,0.0,0.0,0.0,0.0,0.0,0.0,0.0,0.0,0.0,0.0,0.0,0.0,0.0,0.0,0.0,0.0,0.0,0.0,0.0,0.0,0.0,0.0,0.0,0.0,0.0,0.0,0.0,0.0,0.0
5441,33,113,260,2.69,40.63,19.49,36.42,12.17,38.46,64.28,5.53,3.16,44.37,13.4,62.5,79.05,39.43,20.24,35.0,2.37,48.66,23.68,83.33,0.0,0.0,0.0,0.0,9.09,43.52,15.16,30.43,0.79,51.5,36.06,50.0,0.0,0.0,131.0
5442,33,114,737,2.71,43.91,21.18,47.5,24.84,36.9,16.66,0.83,3.48,58.6,23.37,40.0,82.84,43.0,20.83,37.03,2.37,41.7,18.89,41.17,0.0,0.0,0.0,0.0,7.39,44.15,20.2,33.96,3.06,36.81,25.13,27.27,0.0,0.0,312.0
5443,33,115,0,0.0,0.0,0.0,0.0,0.0,0.0,0.0,0.0,0.0,0.0,0.0,0.0,0.0,0.0,0.0,0.0,0.0,0.0,0.0,0.0,0.0,0.0,0.0,0.0,0.0,0.0,0.0,0.0,0.0,0.0,0.0,0.0,0.0,0.0,0.0
5444,33,116,828,2.65,43.89,20.3,46.5,16.2,40.21,44.44,2.23,3.72,59.6,22.27,43.33,79.65,42.53,20.13,40.96,1.36,37.9,14.99,72.72,0.74,50.5,14.18,0.0,10.54,43.7,18.96,32.94,1.73,44.57,21.12,42.85,0.0,0.0,441.0
5445,33,117,0,0.0,0.0,0.0,0.0,0.0,0.0,0.0,0.0,0.0,0.0,0.0,0.0,0.0,0.0,0.0,0.0,0.0,0.0,0.0,0.0,0.0,0.0,0.0,0.0,0.0,0.0,0.0,0.0,0.0,0.0,0.0,0.0,0.0,0.0,0.0
5446,33,118,790,2.4,42.65,20.49,49.7,13.34,40.5,70.0,1.29,3.63,59.67,19.21,53.57,80.8,41.98,20.04,40.77,1.94,32.46,15.59,73.33,0.38,44.66,18.55,0.0,6.61,44.29,18.85,37.25,5.31,37.75,24.33,26.82,0.0,0.0,419.0
5447,33,119,856,3.27,42.08,20.3,43.72,22.29,38.2,44.44,2.17,4.83,50.95,22.78,45.0,80.07,41.11,19.33,39.36,0.36,38.0,8.71,33.33,0.48,45.5,13.52,25.0,7.72,42.31,21.84,31.25,4.34,39.41,27.17,30.55,0.0,0.0,413.0
5448,33,120,206,5.33,40.38,17.46,50.9,20.88,40.77,54.54,5.64,5.64,41.0,17.92,54.54,77.94,37.93,16.75,40.13,2.56,46.6,11.76,60.0,1.02,48.5,23.33,50.0,5.64,39.81,18.17,27.27,1.53,51.0,21.93,66.66,0.0,0.0,114.0
5449,33,121,338,4.43,39.2,19.33,34.93,19.92,40.23,31.25,4.95,6.81,43.18,24.64,36.36,78.94,38.86,18.51,43.92,0.92,30.0,27.49,100.0,0.0,0.0,0.0,0.0,5.26,35.17,17.35,29.41,3.09,34.29,22.9,20.0,0.0,0.0,173.0
5450,33,122,261,4.59,43.92,18.83,42.5,32.19,39.08,25.0,1.6,6.02,60.8,19.15,26.66,80.32,42.95,17.86,41.0,1.2,36.0,7.21,66.66,0.0,0.0,0.0,0.0,8.43,43.0,14.3,23.8,2.4,29.16,27.91,66.66,0.0,0.0,135.0
5451,33,124,170,4.7,39.12,17.07,41.5,12.56,38.82,66.66,3.7,1.85,48.0,19.97,33.33,82.71,38.19,16.41,39.55,2.46,42.25,5.56,75.0,0.0,0.0,0.0,0.0,6.17,35.7,24.0,20.0,3.08,48.6,18.43,60.0,0.0,0.0,100.0
5452,33,125,860,2.79,44.51,20.61,43.61,16.73,38.25,42.85,2.51,2.03,50.35,23.07,52.94,84.09,43.74,20.76,38.26,1.19,40.5,10.77,70.0,0.11,63.0,0.0,0.0,8.49,46.3,18.58,35.21,1.55,55.46,27.48,30.76,0.0,0.0,444.0
5453,33,126,917,3.27,43.84,20.31,36.58,23.0,37.84,29.16,2.7,2.59,48.86,28.4,21.73,80.04,43.81,19.99,39.01,2.25,37.5,14.1,55.0,0.67,56.66,30.38,33.33,9.58,40.92,17.78,31.76,2.14,51.42,27.14,42.1,0.0,0.0,491.0
5454,33,127,889,4.16,44.47,20.51,52.43,17.87,38.58,43.33,3.52,5.16,60.88,24.34,61.36,78.75,41.52,19.53,38.0,1.76,36.13,19.22,40.0,0.23,58.0,12.72,50.0,7.98,47.95,17.07,36.76,2.58,60.63,17.94,27.27,0.0,0.0,463.0
5455,33,128,436,2.98,41.31,18.88,43.8,22.8,38.07,33.33,3.54,4.25,52.33,17.03,44.44,82.5,39.56,18.61,40.11,0.94,40.75,8.05,75.0,0.94,52.75,7.13,0.0,4.96,35.76,14.64,28.57,2.83,52.66,14.93,25.0,0.0,0.0,216.0
5456,33,129,818,1.46,42.9,19.71,50.3,20.93,42.54,80.0,2.48,2.97,43.33,21.96,50.0,83.74,42.25,19.79,42.37,1.61,39.53,17.08,61.53,0.86,43.71,13.37,14.28,6.2,46.02,17.11,28.0,2.1,47.88,18.51,29.41,0.0,0.0,421.0
5457,33,130,719,2.36,44.24,20.63,43.56,22.93,40.47,68.75,2.27,3.13,61.72,24.67,36.36,83.76,42.19,19.87,39.45,0.56,46.25,10.87,100.0,0.42,63.33,5.5,66.66,7.4,46.26,21.76,34.61,2.42,65.64,13.85,52.94,0.0,0.0,366.0
5458,33,131,700,1.14,42.83,18.77,46.21,18.58,38.42,64.28,2.02,2.02,53.07,23.37,35.71,87.57,41.95,18.51,38.11,1.44,37.0,21.18,50.0,1.58,52.72,12.57,9.09,3.32,40.69,20.97,34.78,2.02,56.92,12.52,42.85,0.0,0.0,339.0
5459,33,132,363,2.47,39.35,19.75,54.36,18.15,40.49,27.27,3.1,2.82,69.59,21.81,30.0,82.2,37.86,18.49,41.23,1.97,24.57,17.04,71.42,1.41,22.2,20.3,20.0,6.77,39.16,17.45,37.5,1.69,41.33,25.06,33.33,0.0,0.0,201.0
5460,33,133,971,2.88,43.72,21.68,41.53,23.27,39.64,46.87,3.39,2.33,37.09,23.88,50.0,81.54,43.03,21.65,39.79,1.16,37.36,14.31,72.72,0.74,39.28,28.12,42.85,7.74,44.28,19.74,26.02,3.07,62.72,14.31,37.93,0.0,0.0,507.0
5461,33,134,980,3.67,41.22,19.65,41.76,21.18,39.28,47.05,1.8,4.87,52.45,18.97,30.43,82.3,40.16,19.12,40.54,1.27,32.83,8.06,75.0,0.1,30.0,0.0,100.0,7.52,39.35,21.88,32.39,2.11,57.0,14.54,25.0,0.0,0.0,523.0
5462,33,135,1031,3.97,41.93,19.87,36.02,23.59,38.31,41.02,3.93,4.84,55.08,22.74,45.83,77.37,40.89,19.02,39.29,1.31,29.46,11.93,38.46,0.8,45.87,25.44,12.5,10.8,43.16,19.22,34.57,0.9,52.88,19.08,44.44,0.0,0.0,574.0
5463,33,136,0,0.0,0.0,0.0,0.0,0.0,0.0,0.0,0.0,0.0,0.0,0.0,0.0,0.0,0.0,0.0,0.0,0.0,0.0,0.0,0.0,0.0,0.0,0.0,0.0,0.0,0.0,0.0,0.0,0.0,0.0,0.0,0.0,0.0,0.0,0.0
5464,33,137,187,4.27,41.18,20.13,23.75,16.5,42.24,75.0,2.23,4.46,61.0,33.2,62.5,79.88,38.65,18.18,39.86,2.79,50.2,19.84,60.0,1.11,44.5,17.67,0.0,7.26,43.92,10.98,23.07,2.23,57.25,26.2,75.0,0.0,0.0,92.0
5465,33,138,197,3.04,40.18,20.13,58.0,10.58,41.62,100.0,1.57,5.75,58.36,27.22,27.27,76.96,39.27,18.53,44.21,1.57,9.33,16.16,33.33,0.0,0.0,0.0,0.0,12.56,36.95,20.35,29.16,1.57,24.0,20.88,66.66,0.0,0.0,116.0
5466,33,140,801,2.24,43.11,20.08,40.75,18.47,41.44,70.83,3.06,2.29,50.38,23.32,55.55,86.59,42.63,19.76,40.11,1.66,33.07,22.05,69.23,0.38,61.66,13.31,66.66,3.95,40.77,19.76,35.48,2.04,52.5,27.05,37.5,0.0,0.0,419.0
5467,33,141,0,0.0,0.0,0.0,0.0,0.0,0.0,0.0,0.0,0.0,0.0,0.0,0.0,0.0,0.0,0.0,0.0,0.0,0.0,0.0,0.0,0.0,0.0,0.0,0.0,0.0,0.0,0.0,0.0,0.0,0.0,0.0,0.0,0.0,0.0,0.0
5468,33,142,0,0.0,0.0,0.0,0.0,0.0,0.0,0.0,0.0,0.0,0.0,0.0,0.0,0.0,0.0,0.0,0.0,0.0,0.0,0.0,0.0,0.0,0.0,0.0,0.0,0.0,0.0,0.0,0.0,0.0,0.0,0.0,0.0,0.0,0.0,0.0
5469,33,143,147,2.72,41.53,19.8,61.5,33.23,43.53,100.0,1.39,2.79,70.5,23.33,100.0,82.51,38.68,18.47,41.52,0.0,0.0,0.0,0.0,2.09,57.33,7.63,0.0,5.59,50.0,10.91,37.5,5.59,43.75,29.58,25.0,0.0,0.0,87.0
5470,33,145,843,4.15,42.92,19.55,43.95,19.94,39.5,35.71,5.19,3.83,49.58,21.8,48.38,78.46,41.54,19.11,40.37,2.35,39.1,17.57,63.15,0.0,0.0,0.0,0.0,8.53,44.88,19.25,27.53,1.6,49.07,22.83,38.46,0.0,0.0,475.0
5471,33,146,862,2.66,40.52,21.35,44.37,18.6,41.87,37.5,3.81,2.97,49.84,26.65,44.0,79.02,39.73,21.15,43.89,1.43,34.25,12.89,58.33,0.11,60.0,0.0,0.0,10.84,40.2,20.46,26.37,1.78,49.93,21.85,53.33,0.0,0.0,451.0
5472,33,147,0,0.0,0.0,0.0,0.0,0.0,0.0,0.0,0.0,0.0,0.0,0.0,0.0,0.0,0.0,0.0,0.0,0.0,0.0,0.0,0.0,0.0,0.0,0.0,0.0,0.0,0.0,0.0,0.0,0.0,0.0,0.0,0.0,0.0,0.0,0.0
5473,33,148,938,5.01,42.07,19.39,54.05,16.78,41.57,77.77,2.02,4.15,53.64,22.21,54.05,80.47,39.93,18.89,40.3,1.68,46.46,18.55,86.66,0.56,46.2,14.95,20.0,9.2,42.18,18.33,34.14,1.9,58.41,18.71,41.17,0.0,0.0,482.0
5474,33,150,608,3.61,40.83,19.55,56.33,19.28,39.96,66.66,1.53,1.19,49.42,18.28,71.42,88.9,39.82,19.15,39.15,2.04,41.5,22.37,66.66,0.34,25.5,3.53,0.0,5.11,41.9,18.24,46.66,0.85,63.4,15.3,0.0,0.0,0.0,290.0
5475,33,151,948,2.21,42.56,19.86,43.25,24.48,40.71,33.33,2.58,3.77,52.85,24.24,45.71,81.76,40.95,18.94,39.97,1.07,31.1,18.84,80.0,0.32,33.33,8.08,0.0,8.73,48.14,20.27,44.44,1.72,58.37,23.75,43.75,0.0,0.0,369.0
5476,33,152,930,3.22,40.31,19.58,46.84,19.97,38.6,42.1,2.11,2.33,50.47,15.59,42.85,84.22,38.84,19.49,38.12,1.33,38.83,18.1,83.33,0.22,52.0,11.31,0.0,8.44,43.55,19.49,43.42,1.33,45.58,22.54,8.33,0.0,0.0,455.0
5477,33,153,0,0.0,0.0,0.0,0.0,0.0,0.0,0.0,0.0,0.0,0.0,0.0,0.0,0.0,0.0,0.0,0.0,0.0,0.0,0.0,0.0,0.0,0.0,0.0,0.0,0.0,0.0,0.0,0.0,0.0,0.0,0.0,0.0,0.0,0.0,0.0
5478,33,154,1056,2.55,41.58,20.63,48.72,24.06,38.25,45.45,2.13,3.2,56.75,24.43,39.39,82.41,40.56,20.14,38.56,1.55,40.56,15.19,62.5,0.09,37.0,0.0,0.0,9.32,40.9,19.09,36.45,1.26,43.38,29.2,38.46,0.0,0.0,490.0
5479,33,155,453,3.53,38.4,19.36,37.11,19.46,42.38,38.88,4.11,5.94,52.07,23.45,46.15,81.23,36.28,18.59,41.69,0.45,19.5,27.57,50.0,0.0,0.0,0.0,0.0,6.86,40.36,15.72,36.66,1.37,54.33,18.82,66.66,0.0,0.0,207.0
5480,33,157,654,1.52,40.91,18.6,43.92,18.47,39.75,64.28,2.17,2.32,48.53,25.31,53.33,88.66,40.45,17.86,39.75,1.39,24.0,19.5,55.55,0.15,37.0,0.0,0.0,4.03,37.65,20.57,19.23,1.24,60.5,20.21,25.0,0.0,0.0,314.0
5481,33,159,0,0.0,0.0,0.0,0.0,0.0,0.0,0.0,0.0,0.0,0.0,0.0,0.0,0.0,0.0,0.0,0.0,0.0,0.0,0.0,0.0,0.0,0.0,0.0,0.0,0.0,0.0,0.0,0.0,0.0,0.0,0.0,0.0,0.0,0.0,0.0
5482,33,160,794,1.88,39.5,19.08,39.13,24.21,38.53,40.9,2.82,2.69,46.66,26.05,38.09,85.62,38.76,18.77,37.78,1.15,27.77,11.82,55.55,0.25,53.5,19.09,0.0,6.16,43.56,16.51,43.75,1.28,41.5,18.33,50.0,0.0,0.0,355.0
5483,33,161,561,2.13,37.88,17.6,39.28,17.44,42.42,50.0,2.55,3.09,55.41,17.91,58.82,85.79,36.49,17.0,42.03,1.27,24.0,12.17,57.14,0.0,0.0,0.0,0.0,5.1,43.39,15.83,21.42,2.18,52.91,20.79,50.0,0.0,0.0,290.0
5484,33,162,825,3.03,45.33,19.7,38.54,21.92,39.63,36.36,2.75,5.75,60.6,20.72,54.34,77.12,44.03,19.19,39.54,1.87,37.13,19.01,60.0,0.25,49.0,22.62,0.0,10.12,44.66,18.6,30.86,2.12,61.29,13.49,52.94,0.0,0.0,418.0
5485,33,163,877,2.05,40.53,18.95,41.38,17.15,40.47,38.88,2.09,2.91,55.08,18.5,40.0,85.79,39.74,19.01,40.56,1.74,37.33,10.94,66.66,0.11,29.0,0.0,0.0,5.47,37.27,17.1,34.04,1.86,46.93,12.91,43.75,0.0,0.0,446.0
5486,33,164,847,1.41,39.95,18.75,44.42,19.96,37.19,42.85,1.67,2.51,50.66,19.03,23.8,85.14,39.36,18.82,37.27,1.91,33.68,12.52,56.25,0.35,48.0,10.44,0.0,5.86,40.1,16.7,26.53,2.51,46.19,20.25,47.61,0.0,0.0,439.0
5487,33,165,780,2.69,43.02,19.75,53.38,18.81,38.97,23.07,3.42,3.55,54.77,23.12,37.03,83.39,41.55,19.23,40.75,1.97,39.93,20.0,20.0,0.39,30.66,26.57,33.33,5.53,48.92,18.21,28.57,1.71,33.15,21.77,46.15,0.0,0.0,413.0
5488,33,167,0,0.0,0.0,0.0,0.0,0.0,0.0,0.0,0.0,0.0,0.0,0.0,0.0,0.0,0.0,0.0,0.0,0.0,0.0,0.0,0.0,0.0,0.0,0.0,0.0,0.0,0.0,0.0,0.0,0.0,0.0,0.0,0.0,0.0,0.0,0.0
5489,33,168,0,0.0,0.0,0.0,0.0,0.0,0.0,0.0,0.0,0.0,0.0,0.0,0.0,0.0,0.0,0.0,0.0,0.0,0.0,0.0,0.0,0.0,0.0,0.0,0.0,0.0,0.0,0.0,0.0,0.0,0.0,0.0,0.0,0.0,0.0,0.0
5490,33,171,0,0.0,0.0,0.0,0.0,0.0,0.0,0.0,0.0,0.0,0.0,0.0,0.0,0.0,0.0,0.0,0.0,0.0,0.0,0.0,0.0,0.0,0.0,0.0,0.0,0.0,0.0,0.0,0.0,0.0,0.0,0.0,0.0,0.0,0.0,0.0
5491,33,173,0,0.0,0.0,0.0,0.0,0.0,0.0,0.0,0.0,0.0,0.0,0.0,0.0,0.0,0.0,0.0,0.0,0.0,0.0,0.0,0.0,0.0,0.0,0.0,0.0,0.0,0.0,0.0,0.0,0.0,0.0,0.0,0.0,0.0,0.0,0.0
5492,33,174,965,2.38,39.19,18.64,37.1,18.89,40.1,42.85,2.97,2.76,52.38,18.42,53.84,82.48,38.05,18.37,39.89,1.48,33.5,10.83,42.85,0.31,46.33,40.2,0.0,7.64,41.22,17.08,34.72,2.33,52.77,20.61,40.9,0.0,0.0,484.0
5493,33,175,0,0.0,0.0,0.0,0.0,0.0,0.0,0.0,0.0,0.0,0.0,0.0,0.0,0.0,0.0,0.0,0.0,0.0,0.0,0.0,0.0,0.0,0.0,0.0,0.0,0.0,0.0,0.0,0.0,0.0,0.0,0.0,0.0,0.0,0.0,0.0
5494,33,176,917,3.59,42.45,20.85,42.46,20.54,40.45,42.85,3.16,3.61,53.56,26.22,62.5,80.65,40.84,20.4,40.11,1.13,37.29,14.74,40.0,1.01,41.44,17.97,33.33,8.71,45.63,19.73,31.16,1.69,47.53,27.11,66.66,0.0,0.0,444.0
5495,33,177,921,2.06,41.81,19.76,38.89,20.36,40.39,39.28,3.1,2.21,45.65,24.59,50.0,80.93,40.83,19.76,41.78,0.88,34.37,6.82,50.0,0.77,41.14,18.97,42.85,8.98,42.18,15.86,30.86,3.1,59.75,14.72,21.42,0.0,0.0,453.0
5496,33,178,925,3.45,42.02,20.24,36.88,17.64,40.86,41.17,3.8,3.69,58.15,23.19,42.42,76.48,40.65,19.58,40.55,1.0,35.88,19.65,88.88,1.11,52.0,15.64,30.0,12.87,42.31,19.89,40.86,1.0,53.88,25.55,66.66,0.0,0.0,506.0
5497,33,180,921,2.17,40.95,19.14,43.65,15.72,39.3,37.93,3.21,2.88,51.03,26.21,42.3,81.24,39.93,18.94,40.84,1.44,39.92,7.06,69.23,0.44,50.25,20.83,0.0,8.54,42.41,17.21,24.67,2.21,48.25,24.02,30.0,0.0,0.0,446.0
5498,33,181,904,2.21,40.13,19.04,38.5,19.64,38.71,53.84,2.94,1.92,48.47,24.78,58.82,84.84,39.62,19.23,37.86,0.9,32.12,15.11,62.5,0.79,44.0,12.55,28.57,7.8,40.75,16.11,37.68,0.79,52.57,16.95,71.42,0.0,0.0,439.0
5499,33,182,987,2.83,39.71,19.05,45.05,18.69,40.62,67.56,3.85,4.48,47.39,21.1,48.83,81.96,38.67,18.87,40.2,1.77,37.47,20.64,52.94,0.2,45.0,29.69,50.0,6.88,42.31,17.68,30.3,0.83,45.37,14.8,50.0,0.0,0.0,439.0
5500,33,184,0,0.0,0.0,0.0,0.0,0.0,0.0,0.0,0.0,0.0,0.0,0.0,0.0,0.0,0.0,0.0,0.0,0.0,0.0,0.0,0.0,0.0,0.0,0.0,0.0,0.0,0.0,0.0,0.0,0.0,0.0,0.0,0.0,0.0,0.0,0.0
5501,33,185,868,3.34,41.65,20.09,40.13,17.79,40.09,44.82,3.45,3.09,50.3,24.02,30.76,82.95,40.97,20.12,41.09,1.07,35.11,17.87,55.55,0.11,37.0,0.0,0.0,8.46,43.22,17.07,32.39,0.83,60.42,17.65,28.57,0.0,0.0,411.0
5502,33,186,865,1.96,41.92,19.67,35.2,22.2,38.49,45.0,2.35,2.12,56.66,14.65,55.55,81.48,41.46,19.66,39.21,2.24,34.0,14.68,26.31,0.47,36.0,24.53,0.0,10.02,45.17,19.46,31.76,1.29,46.45,19.94,45.45,0.0,0.0,466.0
5503,33,187,867,1.96,41.8,20.83,37.93,23.58,39.79,57.57,3.88,3.88,57.39,21.68,36.36,80.58,40.1,20.03,40.14,1.52,41.0,12.99,53.84,0.47,44.0,19.37,25.0,8.11,44.81,21.53,34.78,1.52,63.61,21.15,15.38,0.0,0.0,436.0
5504,33,188,0,0.0,0.0,0.0,0.0,0.0,0.0,0.0,0.0,0.0,0.0,0.0,0.0,0.0,0.0,0.0,0.0,0.0,0.0,0.0,0.0,0.0,0.0,0.0,0.0,0.0,0.0,0.0,0.0,0.0,0.0,0.0,0.0,0.0,0.0,0.0
5505,33,190,785,1.01,43.51,20.0,42.77,20.72,40.5,50.0,2.31,3.86,50.33,21.58,53.33,84.16,43.07,19.91,41.28,1.54,28.58,12.62,66.66,0.12,54.0,0.0,0.0,6.69,44.55,17.48,23.07,1.28,55.4,30.74,10.0,0.0,0.0,377.0
5506,33,192,417,1.91,40.29,19.17,43.6,20.79,40.76,20.0,1.22,3.42,56.71,23.39,50.0,88.5,38.85,18.6,41.16,1.22,30.8,23.82,60.0,0.48,36.0,1.41,50.0,3.66,49.93,13.82,33.33,1.46,47.0,27.17,33.33,0.0,0.0,228.0
5507,33,193,0,0.0,0.0,0.0,0.0,0.0,0.0,0.0,0.0,0.0,0.0,0.0,0.0,0.0,0.0,0.0,0.0,0.0,0.0,0.0,0.0,0.0,0.0,0.0,0.0,0.0,0.0,0.0,0.0,0.0,0.0,0.0,0.0,0.0,0.0,0.0
5508,33,194,0,0.0,0.0,0.0,0.0,0.0,0.0,0.0,0.0,0.0,0.0,0.0,0.0,0.0,0.0,0.0,0.0,0.0,0.0,0.0,0.0,0.0,0.0,0.0,0.0,0.0,0.0,0.0,0.0,0.0,0.0,0.0,0.0,0.0,0.0,0.0
5509,33,197,0,0.0,0.0,0.0,0.0,0.0,0.0,0.0,0.0,0.0,0.0,0.0,0.0,0.0,0.0,0.0,0.0,0.0,0.0,0.0,0.0,0.0,0.0,0.0,0.0,0.0,0.0,0.0,0.0,0.0,0.0,0.0,0.0,0.0,0.0,0.0
5510,33,198,0,0.0,0.0,0.0,0.0,0.0,0.0,0.0,0.0,0.0,0.0,0.0,0.0,0.0,0.0,0.0,0.0,0.0,0.0,0.0,0.0,0.0,0.0,0.0,0.0,0.0,0.0,0.0,0.0,0.0,0.0,0.0,0.0,0.0,0.0,0.0
5511,33,199,0,0.0,0.0,0.0,0.0,0.0,0.0,0.0,0.0,0.0,0.0,0.0,0.0,0.0,0.0,0.0,0.0,0.0,0.0,0.0,0.0,0.0,0.0,0.0,0.0,0.0,0.0,0.0,0.0,0.0,0.0,0.0,0.0,0.0,0.0,0.0
5512,33,203,856,1.4,43.34,19.91,50.15,14.23,39.6,42.1,2.25,3.19,55.37,25.21,62.96,81.63,41.54,19.24,38.75,2.6,41.59,21.96,50.0,0.11,46.0,0.0,0.0,9.0,50.88,21.14,39.47,1.18,57.5,16.23,30.0,0.0,0.0,441.0
5513,33,206,137,2.91,38.26,19.17,34.5,28.87,39.41,50.0,3.0,3.75,69.8,28.59,20.0,85.71,35.22,16.13,42.1,1.5,45.5,12.02,0.0,0.0,0.0,0.0,0.0,4.51,49.66,25.95,16.66,1.5,73.5,13.43,50.0,0.0,0.0,57.0
5514,33,209,0,0.0,0.0,0.0,0.0,0.0,0.0,0.0,0.0,0.0,0.0,0.0,0.0,0.0,0.0,0.0,0.0,0.0,0.0,0.0,0.0,0.0,0.0,0.0,0.0,0.0,0.0,0.0,0.0,0.0,0.0,0.0,0.0,0.0,0.0,0.0
5515,33,210,0,0.0,0.0,0.0,0.0,0.0,0.0,0.0,0.0,0.0,0.0,0.0,0.0,0.0,0.0,0.0,0.0,0.0,0.0,0.0,0.0,0.0,0.0,0.0,0.0,0.0,0.0,0.0,0.0,0.0,0.0,0.0,0.0,0.0,0.0,0.0
5516,33,215,0,0.0,0.0,0.0,0.0,0.0,0.0,0.0,0.0,0.0,0.0,0.0,0.0,0.0,0.0,0.0,0.0,0.0,0.0,0.0,0.0,0.0,0.0,0.0,0.0,0.0,0.0,0.0,0.0,0.0,0.0,0.0,0.0,0.0,0.0,0.0
5517,33,217,0,0.0,0.0,0.0,0.0,0.0,0.0,0.0,0.0,0.0,0.0,0.0,0.0,0.0,0.0,0.0,0.0,0.0,0.0,0.0,0.0,0.0,0.0,0.0,0.0,0.0,0.0,0.0,0.0,0.0,0.0,0.0,0.0,0.0,0.0,0.0
5518,33,221,733,1.9,41.91,20.21,48.26,19.09,41.88,31.57,2.64,2.92,51.33,21.27,61.9,82.05,41.08,19.72,40.5,1.39,29.2,18.34,90.0,0.41,54.33,25.54,0.0,8.62,42.12,22.37,37.09,1.94,47.64,22.56,42.85,0.0,0.0,355.0
5519,34,30,893,0.67,41.9,18.81,38.43,18.08,41.32,56.52,2.59,5.74,46.41,17.87,33.33,78.24,41.54,19.05,37.6,0.9,41.62,9.86,100.0,0.33,48.66,0.57,66.66,11.49,40.94,17.77,63.72,0.67,52.83,18.41,50.0,0.0,28.15,495.0
5520,34,55,615,0.0,43.21,18.24,36.33,15.04,45.36,58.33,1.95,1.78,38.27,17.87,45.45,89.59,43.27,18.13,45.91,0.65,29.75,7.41,100.0,0.0,0.0,0.0,0.0,3.73,39.82,13.81,30.43,2.27,60.21,24.15,21.42,0.0,25.81,368.0
5521,34,56,465,1.5,42.19,18.32,52.88,26.45,41.29,66.66,1.96,5.45,51.52,17.13,28.0,86.02,41.56,18.11,42.63,0.65,31.0,4.58,66.66,1.09,38.2,17.73,60.0,3.05,32.71,14.37,14.28,1.74,46.87,14.73,25.0,0.0,28.57,293.0
5522,34,78,708,0.14,42.6,18.21,31.5,13.41,41.1,20.0,1.41,3.81,43.96,17.7,48.14,86.7,42.63,18.2,41.27,1.13,41.37,11.3,62.5,0.42,34.33,2.08,33.33,5.37,43.5,21.6,34.21,1.13,46.87,15.77,50.0,0.0,55.88,427.0
5523,34,97,635,0.94,44.27,18.63,53.92,20.65,43.77,35.71,2.22,3.81,46.16,15.34,33.33,84.26,43.7,18.55,44.15,2.22,36.92,6.67,78.57,0.0,0.0,0.0,0.0,6.67,48.3,20.44,38.09,0.79,47.8,20.86,20.0,0.0,55.84,356.0
5524,34,119,859,0.46,42.72,16.94,48.04,14.7,42.37,68.0,2.92,3.39,50.24,18.46,44.82,83.39,42.05,16.91,41.93,1.05,38.22,8.45,77.77,0.11,50.0,0.0,100.0,7.6,41.86,14.25,35.38,1.52,56.69,25.98,7.69,0.0,36.69,534.0
5525,34,124,547,1.09,42.69,17.54,43.38,20.39,41.86,46.15,2.4,7.76,55.07,14.01,45.23,81.14,41.16,17.11,40.77,1.66,33.11,21.87,88.88,0.0,0.0,0.0,0.0,6.65,45.55,14.44,36.11,0.36,81.5,4.94,100.0,0.0,62.71,323.0
5526,34,136,374,1.06,42.02,18.49,46.5,20.68,43.31,50.0,2.16,7.56,48.25,24.16,50.0,78.37,40.84,17.74,43.44,0.81,30.66,2.08,100.0,0.54,46.0,18.38,0.0,9.45,43.11,17.05,34.28,1.08,43.25,20.75,25.0,0.0,40.35,194.0
5527,34,138,945,0.52,42.97,17.99,53.18,13.26,39.78,56.25,1.7,2.65,49.6,19.03,48.0,88.61,42.66,17.89,38.65,0.85,37.62,18.92,75.0,0.74,46.85,23.23,28.57,3.51,39.12,16.22,45.45,1.91,45.77,17.42,50.0,0.0,35.27,571.0
5528,34,141,684,1.16,45.53,18.26,57.79,18.52,41.22,50.0,3.55,8.43,53.14,18.49,40.35,73.52,43.4,17.85,41.85,1.47,36.1,9.08,80.0,1.33,46.77,8.43,22.22,9.17,48.24,16.43,32.25,2.51,57.82,17.51,47.05,0.0,36.78,413.0
5529,34,142,532,0.75,43.44,17.81,44.25,15.13,39.84,41.66,2.27,5.68,50.73,21.43,46.66,80.3,41.88,17.63,40.33,2.08,43.18,6.36,36.36,0.18,77.0,0.0,0.0,7.19,46.78,15.47,28.94,2.27,58.25,13.35,33.33,0.0,62.97,337.0
5530,34,144,704,0.99,42.65,18.63,47.33,19.72,42.32,47.61,3.01,5.45,53.71,18.81,36.84,80.34,41.14,18.43,43.39,2.0,40.42,12.73,64.28,0.14,62.0,0.0,0.0,7.31,43.37,15.37,29.41,1.72,54.66,20.33,16.66,0.0,36.0,431.0
5531,34,150,833,0.6,43.21,18.73,45.18,18.78,42.97,40.9,2.65,3.26,53.81,20.08,40.74,84.05,42.35,18.65,43.96,1.2,40.5,16.89,90.0,0.84,49.28,14.32,14.28,5.79,44.52,19.98,27.08,2.17,53.11,12.91,44.44,0.0,38.2,500.0
5532,34,151,609,0.98,43.82,16.96,46.3,17.63,40.55,43.47,3.81,4.14,46.56,22.21,52.0,80.76,43.26,16.45,39.83,1.99,38.58,6.93,66.66,0.16,0.0,0.0,100.0,7.79,47.48,16.48,36.17,1.32,42.25,28.89,37.5,0.0,39.4,339.0
5533,34,157,431,1.62,41.16,17.4,39.6,21.21,42.22,40.0,3.53,4.71,51.0,20.95,35.0,80.66,40.36,17.13,43.27,1.65,35.42,10.58,71.42,0.23,33.0,0.0,0.0,8.49,42.02,14.82,30.55,0.7,59.33,23.11,66.66,0.0,38.95,224.0
5534,34,158,663,0.75,42.61,17.54,34.23,19.25,43.13,42.85,3.19,2.88,53.73,15.35,57.89,85.56,42.61,17.59,42.98,1.82,31.25,6.96,58.33,0.0,0.0,0.0,0.0,5.77,42.55,13.72,39.47,0.75,47.0,27.22,0.0,0.0,32.41,414.0
5535,34,162,1059,1.03,42.07,17.42,42.27,13.67,41.26,44.44,1.71,4.38,48.69,21.45,47.82,82.91,41.55,17.0,41.42,1.43,41.2,14.8,53.33,0.66,46.42,14.12,14.28,7.06,41.48,17.82,29.72,1.81,47.94,24.23,52.63,0.0,40.87,606.0
5536,34,163,956,0.31,41.33,17.37,39.63,17.91,44.24,63.63,1.15,2.72,40.0,18.13,38.46,88.03,41.13,17.47,44.33,1.36,37.38,14.9,76.92,0.2,45.5,17.67,0.0,5.77,45.58,14.56,40.0,0.62,44.83,27.17,16.66,0.0,31.86,548.0
5537,34,165,1060,0.0,41.72,17.57,43.33,15.2,41.69,33.33,1.13,2.07,48.86,15.16,31.81,89.81,41.41,17.77,42.22,1.13,42.25,18.15,83.33,0.37,60.0,13.73,50.0,3.96,42.07,15.6,30.95,1.5,43.12,13.25,25.0,0.0,31.87,559.0
5538,34,172,682,0.73,40.95,17.06,50.0,17.15,41.05,36.84,2.8,5.16,53.94,17.24,34.28,80.79,39.66,16.79,42.23,2.95,39.2,10.1,65.0,0.14,52.0,0.0,0.0,6.64,39.95,16.69,26.66,1.47,48.9,19.82,30.0,0.0,58.51,368.0
5539,34,173,535,1.86,42.8,19.86,40.3,22.35,40.18,61.53,2.47,5.52,51.03,20.6,41.37,81.71,41.77,19.37,38.69,1.52,34.12,12.22,50.0,0.38,49.0,7.07,0.0,4.95,36.26,16.26,34.61,3.42,52.94,20.22,66.66,0.0,39.2,290.0
5540,34,176,742,0.67,43.33,18.4,46.05,17.93,39.08,66.66,2.44,4.61,49.23,18.13,32.35,81.68,42.26,18.52,38.37,1.89,40.35,15.39,64.28,1.49,44.18,16.79,45.45,5.69,46.78,15.16,28.57,2.17,55.68,16.12,31.25,0.0,39.18,429.0
5541,34,177,583,0.68,44.66,18.65,47.4,20.08,39.1,33.33,2.59,3.28,46.47,21.9,36.84,78.23,43.92,18.92,39.73,0.69,56.0,18.16,100.0,1.03,55.0,6.29,66.66,10.88,44.14,16.23,31.74,3.28,53.94,17.32,31.57,0.0,37.44,338.0
5542,34,178,252,1.58,41.86,18.44,48.77,19.84,40.07,33.33,3.62,9.67,52.83,13.23,33.33,75.4,39.79,17.37,39.57,1.2,31.0,5.19,33.33,0.0,0.0,0.0,0.0,8.87,42.13,25.15,45.45,1.2,48.33,32.8,33.33,0.0,31.52,167.0
5543,34,179,608,0.32,44.36,19.41,50.9,20.31,37.17,45.45,1.81,5.44,56.36,19.2,33.33,82.67,43.14,19.25,38.52,0.99,35.83,26.68,66.66,0.0,0.0,0.0,0.0,6.76,42.65,15.44,19.51,2.31,60.64,16.6,21.42,0.0,56.87,358.0
5544,34,180,411,1.45,41.39,16.93,40.64,19.36,40.63,28.57,3.45,8.14,46.6,18.5,51.51,75.06,40.26,16.32,41.44,0.98,32.25,7.04,100.0,0.74,45.0,1.0,33.33,9.13,42.97,19.07,29.72,2.46,49.6,14.08,20.0,0.0,38.56,240.0
5545,34,181,642,0.77,44.39,18.01,38.16,13.29,40.34,25.0,1.88,4.39,53.71,16.29,46.42,81.31,44.21,18.22,41.89,2.04,38.0,7.7,53.84,0.0,0.0,0.0,0.0,8.47,39.66,17.18,29.62,1.88,62.66,12.61,16.66,0.0,56.59,426.0
5546,34,183,984,0.3,42.74,18.24,46.54,14.52,42.17,62.5,2.44,4.07,54.9,15.83,50.0,83.07,42.08,18.16,41.59,1.73,41.58,17.2,64.7,0.1,52.0,0.0,0.0,6.21,39.8,19.08,34.42,2.34,45.52,18.47,30.43,0.0,37.8,609.0
5547,34,184,959,0.83,42.86,19.09,42.55,24.0,41.29,55.55,1.89,3.78,49.58,22.36,36.11,83.28,42.02,19.07,41.54,1.68,40.12,8.54,87.5,0.1,47.0,0.0,100.0,8.2,45.88,16.77,26.92,1.05,53.2,14.85,40.0,0.0,38.56,540.0
5548,34,186,809,0.74,43.3,18.39,47.83,22.6,40.91,44.44,2.24,5.23,50.61,14.53,57.14,79.82,42.41,18.71,39.62,1.61,34.0,13.06,61.53,0.87,49.14,13.76,28.57,9.09,44.67,16.1,38.35,1.12,46.33,11.4,44.44,0.0,35.79,474.0
5549,34,187,702,0.85,44.25,18.05,51.16,14.92,42.45,52.0,3.59,4.88,52.64,21.69,52.94,80.31,42.83,17.68,42.39,1.72,35.33,9.16,50.0,0.0,0.0,0.0,0.0,8.47,48.64,16.55,28.81,1.0,56.42,16.13,57.14,0.0,35.29,441.0
5550,34,188,816,1.22,47.05,18.92,52.55,16.67,40.19,20.0,2.48,4.71,52.23,16.79,47.36,82.0,46.27,19.05,42.51,0.99,50.75,10.38,50.0,0.86,54.42,11.97,28.57,7.94,46.76,19.56,21.87,0.99,56.75,26.68,25.0,0.0,36.89,508.0
5551,34,189,763,0.65,42.42,17.84,44.5,23.14,39.84,42.85,3.69,4.22,48.68,18.28,50.0,84.16,41.48,17.54,39.81,0.92,40.0,13.97,57.14,1.05,49.87,13.36,37.5,4.88,44.13,15.74,27.02,1.05,61.0,18.73,37.5,0.0,34.89,480.0
5552,34,190,704,0.42,41.4,18.23,38.0,18.41,40.48,22.22,1.28,5.99,51.57,18.9,54.76,81.59,40.31,18.24,40.03,1.99,32.42,12.89,71.42,0.99,46.28,14.44,14.28,5.56,46.71,15.65,35.89,2.56,44.61,15.24,27.77,0.0,36.46,361.0
5553,34,194,792,0.63,41.41,17.79,49.87,18.57,39.01,37.5,2.03,5.59,45.31,20.57,38.63,81.82,40.56,17.62,39.75,1.39,38.18,11.5,45.45,0.25,34.5,3.53,0.0,5.84,43.84,17.26,32.6,3.04,45.25,18.51,37.5,0.0,35.76,458.0
5554,34,195,965,0.72,42.59,18.77,39.61,21.76,40.62,42.85,2.19,5.11,54.61,18.16,40.81,82.35,41.84,18.46,40.55,1.67,40.37,18.02,62.5,0.41,39.5,31.34,25.0,6.26,40.76,16.91,35.0,1.98,46.63,22.24,42.1,0.0,35.75,596.0
5555,34,196,678,0.73,43.42,18.01,45.0,15.29,41.88,42.85,2.08,7.57,48.66,17.68,43.13,75.18,42.35,18.05,42.49,1.04,41.85,14.42,57.14,1.04,58.14,9.29,42.85,11.14,42.45,15.92,32.0,1.93,57.76,19.19,46.15,0.0,38.86,421.0
5556,34,197,756,1.85,45.64,19.01,47.5,25.46,40.21,45.0,2.69,7.14,56.62,17.71,49.05,76.14,44.4,19.02,39.29,2.15,44.5,10.42,87.5,1.48,48.36,18.53,9.09,8.08,40.63,13.76,33.33,2.29,53.82,21.1,29.41,0.0,33.21,476.0
5557,34,198,815,1.47,44.08,18.64,53.15,24.77,40.49,45.0,2.49,6.47,54.3,17.38,44.23,79.82,42.96,18.05,40.71,1.86,34.53,16.85,73.33,0.49,32.0,27.41,25.0,7.09,42.05,18.16,29.82,1.74,56.5,18.88,28.57,0.0,36.77,497.0
5558,34,199,975,1.23,43.64,18.55,39.67,23.36,39.58,32.35,3.53,5.91,50.63,18.54,50.87,76.11,42.69,17.92,39.42,2.28,39.13,21.06,77.27,0.31,48.33,2.88,33.33,9.24,45.14,18.46,32.58,2.59,53.36,22.22,28.0,0.0,34.91,571.0
5559,34,1,0,0.0,0.0,0.0,0.0,0.0,0.0,0.0,0.0,0.0,0.0,0.0,0.0,0.0,0.0,0.0,0.0,0.0,0.0,0.0,0.0,0.0,0.0,0.0,0.0,0.0,0.0,0.0,0.0,0.0,0.0,0.0,0.0,0.0,0.0,0.0
5560,34,2,759,1.58,41.26,18.42,38.08,19.98,42.02,45.71,4.68,4.68,50.31,18.69,45.71,77.77,40.49,18.33,41.82,1.33,32.79,9.37,50.0,1.2,41.88,17.86,33.33,6.96,39.11,17.61,34.61,3.34,51.36,10.49,48.0,0.0,0.0,439.0
5561,34,3,990,0.9,41.03,18.31,41.31,20.5,41.61,50.0,2.24,5.19,47.29,21.86,49.01,80.22,40.08,17.89,40.78,1.01,31.8,14.54,70.0,1.52,52.26,20.19,46.66,8.56,42.29,16.27,32.14,1.22,50.33,26.95,58.33,0.0,0.0,581.0
5562,34,4,706,0.7,41.09,17.71,45.0,19.09,42.91,40.9,3.13,6.84,47.5,21.4,37.5,77.74,39.73,17.42,43.66,1.42,36.29,9.03,60.0,1.14,46.75,7.75,62.5,7.41,43.34,16.24,30.76,2.28,53.12,16.16,56.25,0.0,0.0,395.0
5563,34,5,983,0.91,42.25,18.52,39.12,14.85,42.42,45.16,3.18,4.31,47.59,20.47,59.52,79.36,41.29,18.54,40.87,1.33,33.0,7.07,76.92,1.33,48.3,18.68,23.07,9.03,45.46,17.31,45.45,1.43,60.5,13.25,28.57,0.0,0.0,563.0
5564,34,6,676,0.59,41.59,17.44,41.27,22.42,40.97,16.66,2.67,6.39,47.39,18.85,39.53,76.78,40.67,16.94,41.47,2.08,35.28,11.47,78.57,1.63,51.54,16.17,27.27,8.33,42.48,16.58,44.64,2.08,46.71,25.04,28.57,0.0,0.0,395.0
5565,34,7,1161,0.68,42.76,17.68,43.35,16.58,41.25,53.84,3.38,3.64,45.78,20.57,28.57,81.35,42.53,17.84,41.47,0.78,30.33,20.09,88.88,0.95,50.54,18.43,36.36,7.8,41.18,13.59,33.33,2.08,49.58,14.08,50.0,0.0,0.0,680.0
5566,34,8,849,0.58,42.0,16.59,42.17,15.89,43.58,47.82,2.72,5.8,49.83,20.43,59.18,80.8,41.39,15.97,42.96,1.65,33.71,14.68,64.28,0.94,49.0,5.23,62.5,6.27,39.96,18.99,26.41,1.77,49.4,13.98,33.33,0.0,0.0,508.0
5567,34,9,723,0.96,42.34,17.71,42.0,20.92,40.24,29.16,3.35,2.51,47.38,17.86,55.55,85.47,41.92,17.36,40.03,0.83,39.5,30.93,50.0,0.69,45.8,11.75,40.0,4.6,40.33,20.56,42.42,2.51,49.33,14.04,33.33,0.0,0.0,386.0
5568,34,10,569,1.23,43.67,17.68,40.79,13.55,40.07,20.0,0.88,5.51,45.9,20.73,41.93,79.35,42.94,17.41,40.13,1.24,42.0,8.42,57.14,0.35,68.5,23.33,0.0,9.96,44.1,18.88,39.28,2.66,52.66,11.7,46.66,0.0,0.0,351.0
5569,34,11,0,0.0,0.0,0.0,0.0,0.0,0.0,0.0,0.0,0.0,0.0,0.0,0.0,0.0,0.0,0.0,0.0,0.0,0.0,0.0,0.0,0.0,0.0,0.0,0.0,0.0,0.0,0.0,0.0,0.0,0.0,0.0,0.0,0.0,0.0,0.0
5570,34,12,420,0.47,42.54,18.6,53.41,22.95,40.95,58.33,2.87,5.74,46.16,21.16,45.83,81.57,41.9,18.41,39.88,1.67,30.57,17.39,71.42,0.23,47.0,0.0,0.0,6.45,42.07,13.44,37.03,1.43,62.5,15.89,16.66,0.0,0.0,236.0
5571,34,13,283,0.35,41.07,17.91,32.4,21.19,41.34,40.0,1.77,4.25,52.08,14.01,25.0,83.68,40.33,17.98,43.22,0.7,37.0,9.89,100.0,1.41,53.75,2.06,25.0,5.67,40.75,19.79,25.0,2.48,50.85,11.63,42.85,0.0,0.0,170.0
5572,34,14,884,1.24,43.74,17.77,40.33,19.34,42.08,46.66,3.43,4.81,53.85,19.69,47.61,82.13,43.33,17.39,40.86,2.17,35.84,14.56,73.68,1.14,55.4,10.24,30.0,4.46,40.43,16.8,38.46,1.83,46.56,17.43,37.5,0.0,0.0,552.0
5573,34,15,413,1.21,43.15,19.23,30.85,21.57,41.4,57.14,1.71,6.12,52.88,21.4,48.0,83.08,42.92,19.09,40.11,1.96,35.87,5.16,100.0,0.24,46.0,0.0,0.0,5.63,37.47,14.67,17.39,1.22,54.2,27.34,60.0,0.0,0.0,256.0
5574,34,16,917,1.19,43.78,19.17,40.27,17.74,41.11,43.83,8.05,8.16,51.22,22.13,33.78,73.84,43.03,19.05,41.85,1.21,35.81,18.72,90.9,0.88,41.62,18.75,50.0,6.62,45.91,15.45,33.33,1.21,52.81,15.01,36.36,0.0,0.0,519.0
5575,34,17,0,0.0,0.0,0.0,0.0,0.0,0.0,0.0,0.0,0.0,0.0,0.0,0.0,0.0,0.0,0.0,0.0,0.0,0.0,0.0,0.0,0.0,0.0,0.0,0.0,0.0,0.0,0.0,0.0,0.0,0.0,0.0,0.0,0.0,0.0,0.0
5576,34,18,1053,0.09,41.98,17.61,46.86,17.99,41.31,53.33,1.42,2.18,39.04,18.15,21.73,90.01,42.13,17.73,41.6,0.47,34.6,8.98,80.0,0.0,0.0,0.0,0.0,4.65,39.14,15.64,38.77,1.23,44.0,17.79,38.46,0.0,0.0,614.0
5577,34,19,657,0.0,41.62,17.44,41.62,12.62,43.53,50.0,1.21,2.13,50.71,16.4,85.71,88.28,41.06,17.37,42.75,1.21,42.75,13.97,75.0,1.06,48.71,7.88,28.57,5.63,43.18,19.45,32.43,0.45,69.33,18.71,66.66,0.0,0.0,403.0
5578,34,20,0,0.0,0.0,0.0,0.0,0.0,0.0,0.0,0.0,0.0,0.0,0.0,0.0,0.0,0.0,0.0,0.0,0.0,0.0,0.0,0.0,0.0,0.0,0.0,0.0,0.0,0.0,0.0,0.0,0.0,0.0,0.0,0.0,0.0,0.0,0.0
5579,34,21,430,0.23,41.87,17.85,33.87,10.94,43.25,62.5,1.86,6.99,51.63,20.18,60.0,80.18,41.33,17.56,41.86,2.09,41.44,16.16,55.55,0.46,42.0,5.65,50.0,6.99,37.29,13.57,33.33,1.39,51.83,30.88,33.33,0.0,0.0,241.0
5580,34,22,1118,0.89,42.07,18.4,42.11,20.88,43.91,55.55,3.24,4.51,48.06,20.71,46.0,80.5,41.88,18.25,42.93,2.43,35.33,11.36,70.37,1.26,46.5,13.57,35.71,6.49,38.11,18.77,36.11,1.53,55.94,17.64,52.94,0.0,0.0,654.0
5581,34,23,1121,0.53,42.74,18.09,46.48,19.21,41.74,44.0,2.24,4.75,49.11,19.98,47.16,83.04,42.14,17.99,41.46,1.79,34.65,15.4,60.0,0.71,48.62,10.08,50.0,5.56,42.51,17.87,33.87,1.88,52.42,13.51,33.33,0.0,0.0,694.0
5582,34,24,732,0.54,39.91,16.33,44.2,17.06,43.57,55.88,4.67,7.55,51.65,19.63,41.81,76.51,38.51,15.56,43.8,1.78,34.23,6.88,69.23,0.41,34.0,11.26,33.33,7.55,39.0,13.99,32.72,1.51,48.54,24.8,9.09,0.0,0.0,420.0
5583,34,25,760,0.65,39.88,17.3,43.15,26.75,45.39,46.15,1.72,3.97,44.6,19.05,36.66,87.41,39.88,17.14,46.66,0.79,30.5,7.94,83.33,0.26,48.5,21.92,50.0,5.29,32.85,12.87,27.5,0.52,62.0,5.22,25.0,0.0,0.0,446.0
5584,34,26,0,0.0,0.0,0.0,0.0,0.0,0.0,0.0,0.0,0.0,0.0,0.0,0.0,0.0,0.0,0.0,0.0,0.0,0.0,0.0,0.0,0.0,0.0,0.0,0.0,0.0,0.0,0.0,0.0,0.0,0.0,0.0,0.0,0.0,0.0,0.0
5585,34,27,1050,0.09,43.34,18.31,43.31,19.07,43.42,56.25,1.52,2.38,42.84,19.44,32.0,88.94,43.2,17.95,44.69,0.95,41.5,29.42,70.0,0.28,26.0,27.05,33.33,4.09,42.65,21.0,27.9,1.81,57.36,14.73,10.52,0.0,0.0,605.0
5586,34,28,833,0.48,41.79,17.72,38.2,7.71,43.33,50.0,1.2,2.53,38.95,15.01,47.61,86.85,41.61,17.95,45.0,0.96,41.25,16.02,87.5,0.12,55.0,0.0,0.0,6.63,41.29,16.55,18.18,1.68,57.78,12.58,21.42,0.0,0.0,518.0
5587,34,29,1096,0.54,40.12,17.91,38.56,24.34,42.06,62.5,1.46,3.39,47.91,19.65,37.83,86.6,39.68,17.7,42.9,0.91,35.0,9.89,80.0,0.18,47.5,14.84,50.0,6.78,42.6,17.32,28.37,0.64,42.57,19.0,0.0,0.0,0.0,620.0
5588,34,31,0,0.0,0.0,0.0,0.0,0.0,0.0,0.0,0.0,0.0,0.0,0.0,0.0,0.0,0.0,0.0,0.0,0.0,0.0,0.0,0.0,0.0,0.0,0.0,0.0,0.0,0.0,0.0,0.0,0.0,0.0,0.0,0.0,0.0,0.0,0.0
5589,34,32,837,2.03,42.48,17.6,47.55,19.91,43.13,60.0,2.43,5.6,48.5,18.4,43.47,79.39,41.25,17.28,43.16,2.19,36.77,14.85,83.33,0.0,0.0,0.0,0.0,7.31,44.5,15.87,33.33,3.04,51.32,15.85,24.0,0.0,0.0,473.0
5590,34,33,921,1.08,42.62,17.48,47.48,18.43,42.45,41.93,3.4,3.62,51.57,22.2,39.39,83.86,41.83,17.15,43.32,1.86,42.94,16.07,41.17,0.76,44.57,21.74,42.85,5.15,40.1,16.05,34.04,1.31,53.16,13.12,33.33,0.0,0.0,562.0
5591,34,34,1180,1.01,43.21,18.43,39.04,23.13,42.2,54.16,2.05,3.93,53.89,16.07,34.78,83.21,42.82,18.38,41.76,1.62,36.15,14.47,84.21,0.68,53.0,10.09,25.0,6.76,40.81,16.87,34.17,1.71,49.2,18.96,60.0,0.0,0.0,716.0
5592,34,35,798,1.87,41.97,19.16,45.33,22.19,42.1,57.14,2.68,5.74,51.86,18.95,42.22,79.18,40.79,18.28,43.38,2.29,30.27,22.1,77.77,0.51,42.75,21.92,0.0,7.66,41.58,18.72,20.0,1.91,47.8,23.75,33.33,0.0,0.0,461.0
5593,34,36,1133,1.23,43.12,18.4,45.13,18.96,40.77,50.0,1.96,5.0,51.67,17.41,37.5,83.1,41.53,18.28,41.18,1.16,39.76,20.34,76.92,1.07,45.75,21.08,33.33,5.63,48.33,12.84,30.15,2.05,54.95,13.67,30.43,0.0,0.0,691.0
5594,34,37,1088,0.82,41.13,18.02,39.56,21.98,42.83,73.91,2.13,3.89,50.8,19.55,45.23,84.24,40.71,18.01,42.57,1.29,41.14,11.14,50.0,0.37,50.25,4.99,0.0,7.22,39.74,16.29,34.61,0.83,42.0,14.8,22.22,0.0,0.0,628.0
5595,34,39,714,1.12,42.75,19.17,46.54,17.3,41.45,36.36,3.11,6.37,50.37,20.61,42.22,79.03,41.6,18.72,42.83,2.54,39.44,13.38,44.44,0.14,24.0,0.0,0.0,7.22,43.47,19.33,29.41,1.55,57.54,15.19,36.36,0.0,0.0,397.0
5596,34,40,0,0.0,0.0,0.0,0.0,0.0,0.0,0.0,0.0,0.0,0.0,0.0,0.0,0.0,0.0,0.0,0.0,0.0,0.0,0.0,0.0,0.0,0.0,0.0,0.0,0.0,0.0,0.0,0.0,0.0,0.0,0.0,0.0,0.0,0.0,0.0
5597,34,41,815,0.85,40.26,17.09,42.3,21.8,41.22,57.69,3.21,5.81,50.72,13.64,31.91,80.94,39.04,16.78,41.89,1.85,38.73,13.32,80.0,0.61,49.6,16.56,20.0,6.43,43.51,15.1,19.23,1.11,46.33,24.84,55.55,0.0,0.0,487.0
5598,34,42,427,3.04,41.87,16.96,50.64,10.5,43.32,71.42,3.38,6.52,49.29,26.08,44.44,78.01,40.29,15.01,42.72,2.41,37.2,21.03,50.0,0.48,46.5,13.43,0.0,7.48,40.67,19.49,32.25,1.69,56.0,20.38,42.85,0.0,0.0,259.0
5599,34,43,0,0.0,0.0,0.0,0.0,0.0,0.0,0.0,0.0,0.0,0.0,0.0,0.0,0.0,0.0,0.0,0.0,0.0,0.0,0.0,0.0,0.0,0.0,0.0,0.0,0.0,0.0,0.0,0.0,0.0,0.0,0.0,0.0,0.0,0.0,0.0
5600,34,44,0,0.0,0.0,0.0,0.0,0.0,0.0,0.0,0.0,0.0,0.0,0.0,0.0,0.0,0.0,0.0,0.0,0.0,0.0,0.0,0.0,0.0,0.0,0.0,0.0,0.0,0.0,0.0,0.0,0.0,0.0,0.0,0.0,0.0,0.0,0.0
5601,34,45,634,0.78,42.39,18.69,42.13,22.03,40.06,33.33,2.38,4.13,45.23,25.22,23.07,84.1,42.07,18.34,42.53,2.22,41.07,11.2,42.85,0.79,55.4,7.36,20.0,4.92,43.0,22.73,19.35,1.43,46.0,16.2,44.44,0.0,0.0,373.0
5602,34,46,603,0.66,42.66,18.98,50.21,20.31,41.62,57.14,2.33,4.0,54.0,10.65,41.66,83.13,41.43,18.99,40.36,1.83,35.9,14.82,90.9,0.66,47.75,7.58,25.0,6.51,48.23,19.16,33.33,1.5,47.22,23.02,55.55,0.0,0.0,373.0
5603,34,47,1020,0.39,41.5,18.48,47.22,19.69,42.35,50.0,1.77,4.23,47.81,18.47,41.86,85.13,40.77,18.56,42.31,1.77,39.0,17.55,83.33,0.49,48.4,9.55,40.0,5.51,43.85,16.65,26.78,1.08,53.27,17.7,36.36,0.0,0.0,600.0
5604,34,48,0,0.0,0.0,0.0,0.0,0.0,0.0,0.0,0.0,0.0,0.0,0.0,0.0,0.0,0.0,0.0,0.0,0.0,0.0,0.0,0.0,0.0,0.0,0.0,0.0,0.0,0.0,0.0,0.0,0.0,0.0,0.0,0.0,0.0,0.0,0.0
5605,34,49,816,1.1,41.0,19.03,44.33,18.84,42.76,57.14,2.6,3.96,46.34,21.87,31.25,83.76,40.46,18.82,44.82,1.48,32.16,12.86,58.33,1.23,55.4,16.38,10.0,5.45,41.2,16.52,22.72,1.48,51.58,20.7,33.33,0.0,0.0,462.0
5606,34,50,924,0.21,41.54,18.97,48.12,19.77,41.45,50.0,2.6,3.47,54.15,13.4,43.75,79.5,40.63,19.04,41.88,1.73,32.68,10.67,81.25,0.43,19.25,12.99,0.0,10.73,42.83,18.18,35.35,1.51,55.5,18.56,7.14,0.0,0.0,566.0
5607,34,51,876,0.91,43.73,19.37,43.91,14.07,41.21,43.47,2.64,3.34,55.27,17.04,37.93,83.29,42.94,19.32,41.9,1.26,41.81,22.29,54.54,0.46,43.5,6.13,25.0,7.83,42.82,19.74,29.41,1.15,60.3,22.88,80.0,0.0,0.0,560.0
5608,34,52,1002,0.89,41.13,18.55,43.03,17.5,40.51,40.74,2.71,3.92,51.1,12.22,41.02,85.19,40.52,18.43,40.3,1.1,38.81,17.26,90.9,0.0,0.0,0.0,0.0,5.74,39.14,21.28,31.57,1.3,48.76,24.76,38.46,0.0,0.0,617.0
5609,34,53,497,0.8,41.08,17.97,45.6,24.71,43.05,46.66,3.04,6.08,54.8,16.65,43.33,76.67,39.34,16.29,44.97,2.02,33.9,15.75,60.0,1.21,50.16,16.83,33.33,8.31,42.24,23.89,26.82,2.63,46.53,22.34,30.76,0.0,0.0,283.0
5610,34,54,1021,0.0,42.44,17.63,45.77,16.25,42.01,66.66,0.88,2.54,44.65,18.94,34.61,89.81,42.41,17.5,42.09,0.88,32.55,5.24,44.44,0.58,32.0,20.93,0.0,2.64,37.7,21.21,33.33,2.64,50.44,16.84,55.55,0.0,0.0,615.0
5611,34,57,1123,1.15,42.24,17.91,48.11,14.93,39.26,22.22,2.43,5.76,51.87,17.66,39.06,80.27,40.95,18.02,41.75,0.81,38.22,7.94,44.44,0.63,39.42,13.38,14.28,8.01,42.35,16.27,30.33,2.07,49.04,12.15,13.04,0.0,0.0,683.0
5612,34,58,617,1.45,40.75,17.87,45.85,19.83,39.87,42.85,3.45,5.26,47.68,18.58,43.75,79.6,40.04,17.49,40.08,1.15,34.42,5.62,71.42,0.65,51.75,12.65,25.0,8.38,39.25,17.16,35.29,1.48,48.55,28.44,44.44,0.0,0.0,378.0
5613,34,59,1011,1.78,42.57,18.48,38.72,19.45,39.46,34.48,2.92,5.74,50.73,15.71,40.35,79.15,42.14,18.34,40.33,1.51,40.53,5.84,66.66,0.5,38.4,10.43,20.0,9.16,40.03,18.68,31.86,1.0,38.0,22.86,40.0,0.0,0.0,615.0
5614,34,60,1139,0.87,42.76,18.65,43.42,21.8,41.08,47.36,1.68,3.63,47.75,12.91,41.46,85.56,42.45,18.47,41.09,1.77,36.95,14.82,90.0,0.26,51.33,48.74,0.0,6.11,39.75,19.39,28.98,0.97,58.18,19.18,18.18,0.0,0.0,653.0
5615,34,61,739,1.21,44.46,21.12,41.1,14.32,44.11,50.0,2.73,5.89,52.0,23.79,48.83,81.23,43.11,20.89,44.51,1.5,36.63,13.2,72.72,0.13,33.0,0.0,100.0,7.94,53.12,18.81,29.31,0.54,70.5,19.22,50.0,0.0,0.0,404.0
5616,34,62,660,2.27,46.17,19.8,44.94,20.9,38.18,64.7,2.63,8.21,53.22,21.61,43.39,75.65,44.69,19.15,36.68,2.32,49.66,22.2,80.0,0.15,69.0,0.0,100.0,8.99,46.34,20.39,31.03,2.01,57.23,15.17,23.07,0.0,0.0,388.0
5617,34,63,871,0.11,41.85,19.17,46.38,19.69,41.9,34.61,2.98,3.33,52.93,17.82,37.93,82.06,41.17,19.06,42.29,1.37,32.58,12.89,83.33,2.06,53.33,10.21,27.77,6.09,38.3,18.54,35.84,2.06,49.22,25.43,50.0,0.0,0.0,455.0
5618,34,64,777,0.77,43.1,18.38,48.35,19.67,40.15,32.25,4.02,5.05,52.0,18.82,46.15,79.37,42.6,18.26,41.33,1.68,35.84,10.53,76.92,0.9,38.57,9.48,0.0,7.78,40.73,16.28,30.0,1.16,54.66,26.78,22.22,0.0,0.0,464.0
5619,34,65,808,0.99,42.99,19.47,42.82,21.26,42.2,48.78,5.12,7.0,53.96,19.92,51.78,75.0,41.67,18.73,42.33,1.62,31.76,15.03,84.61,0.87,45.14,10.58,14.28,8.87,44.19,20.64,30.98,1.5,46.75,24.15,25.0,0.0,0.0,428.0
5620,34,66,785,0.63,44.9,19.31,51.63,16.46,40.25,36.36,1.41,8.07,52.12,19.98,26.98,78.58,43.78,19.14,42.9,1.41,40.63,17.15,54.54,0.25,59.0,12.72,50.0,8.46,43.92,18.67,24.24,1.79,58.85,20.12,57.14,0.0,0.0,445.0
5621,34,67,868,1.61,43.07,18.62,40.87,20.43,40.89,39.58,5.62,3.98,53.58,17.88,41.17,79.85,42.58,18.29,41.05,1.4,35.0,12.87,91.66,0.46,49.75,16.5,50.0,7.14,43.42,17.09,31.14,1.52,47.3,26.1,30.76,0.0,0.0,487.0
5622,34,68,918,0.65,41.06,18.45,40.41,21.15,41.28,48.27,3.17,6.68,53.39,14.72,44.26,80.04,40.37,18.4,41.78,1.42,34.69,9.21,61.53,0.76,38.57,15.29,42.85,6.35,37.91,16.71,29.31,1.53,44.71,18.66,21.42,0.0,0.0,523.0
5623,34,69,926,1.29,42.01,18.42,40.28,18.47,41.9,42.85,5.36,6.56,51.31,16.82,45.0,76.14,41.35,18.53,41.95,0.98,37.66,10.74,100.0,0.1,48.0,0.0,100.0,9.19,39.71,16.7,29.76,1.53,49.71,20.5,50.0,0.0,0.0,554.0
5624,34,70,1073,0.65,43.94,19.34,44.0,20.25,43.05,41.93,2.9,7.69,51.02,20.35,46.34,78.23,42.93,19.12,42.32,2.34,42.64,15.73,64.0,0.56,42.16,11.08,33.33,6.94,43.77,18.21,40.54,1.31,54.0,17.06,35.71,0.0,0.0,625.0
5625,34,71,1029,0.58,44.35,18.94,52.28,20.97,42.85,46.42,2.73,4.3,51.13,20.02,54.54,85.23,43.29,18.61,42.54,1.07,47.27,18.23,54.54,0.48,44.0,17.47,20.0,4.1,44.45,16.55,30.95,2.05,59.52,16.34,38.09,0.0,0.0,628.0
5626,34,72,773,0.12,43.05,18.4,52.23,18.7,43.07,52.94,2.2,3.1,44.04,23.24,45.83,87.04,42.54,18.08,42.85,1.16,31.0,9.74,100.0,0.12,46.0,0.0,100.0,4.27,41.84,17.18,24.24,2.07,60.37,18.7,43.75,0.0,0.0,395.0
5627,34,73,750,0.4,42.67,19.21,49.5,19.67,41.73,50.0,1.87,3.07,46.56,21.71,34.78,85.67,41.81,18.88,42.65,1.87,46.64,15.43,64.28,0.4,32.66,9.29,33.33,5.35,41.87,20.13,25.0,1.74,64.76,14.9,30.76,0.0,0.0,399.0
5628,34,74,852,0.58,41.1,18.93,42.18,18.12,42.37,50.0,3.77,4.72,52.67,20.0,55.0,80.87,40.13,18.88,41.45,1.65,31.14,8.24,71.42,0.59,48.2,21.51,40.0,7.55,43.23,18.22,31.25,0.82,52.28,15.34,57.14,0.0,0.0,489.0
5629,34,75,822,1.09,43.51,18.65,45.6,23.26,42.82,40.0,2.46,4.05,56.72,20.57,48.48,81.3,43.18,18.06,42.81,2.58,36.42,16.58,66.66,0.36,49.0,24.26,33.33,8.48,43.76,19.13,34.78,0.73,31.83,20.61,50.0,0.0,0.0,480.0
5630,34,76,988,0.7,42.61,17.97,42.58,21.17,42.3,50.98,5.19,5.19,55.09,17.46,35.29,80.73,41.55,17.48,42.42,1.63,41.93,15.15,68.75,0.2,50.0,32.52,0.0,6.21,44.19,16.92,40.98,0.81,50.62,26.92,12.5,0.0,0.0,543.0
5631,34,77,637,1.56,41.18,17.57,39.75,19.43,42.54,50.0,3.82,6.85,44.88,16.79,30.23,78.46,40.19,17.39,43.69,1.43,25.55,16.56,66.66,0.47,63.33,20.3,0.0,7.49,42.06,13.44,31.91,1.43,61.77,16.33,33.33,0.0,0.0,375.0
5632,34,79,0,0.0,0.0,0.0,0.0,0.0,0.0,0.0,0.0,0.0,0.0,0.0,0.0,0.0,0.0,0.0,0.0,0.0,0.0,0.0,0.0,0.0,0.0,0.0,0.0,0.0,0.0,0.0,0.0,0.0,0.0,0.0,0.0,0.0,0.0,0.0
5633,34,80,0,0.0,0.0,0.0,0.0,0.0,0.0,0.0,0.0,0.0,0.0,0.0,0.0,0.0,0.0,0.0,0.0,0.0,0.0,0.0,0.0,0.0,0.0,0.0,0.0,0.0,0.0,0.0,0.0,0.0,0.0,0.0,0.0,0.0,0.0,0.0
5634,34,81,673,1.04,43.31,18.84,46.35,23.05,39.97,35.71,2.1,4.65,45.32,16.17,35.48,80.33,43.06,19.15,40.93,1.95,31.76,9.88,76.92,0.3,25.5,4.94,50.0,9.15,44.19,17.08,29.5,1.5,49.4,19.47,30.0,0.0,0.0,356.0
5635,34,82,773,0.51,43.3,19.18,49.05,22.45,42.94,35.0,2.6,3.77,52.41,24.54,68.96,81.66,42.6,18.66,42.99,1.69,38.46,16.84,30.76,0.78,56.33,13.95,33.33,7.93,41.0,17.35,36.06,1.56,58.5,23.52,41.66,0.0,0.0,439.0
5636,34,83,1094,1.55,41.93,18.84,46.82,21.47,41.68,45.58,6.31,5.57,47.61,25.03,38.33,78.92,40.57,17.91,41.76,1.2,37.3,10.78,61.53,0.55,47.83,6.79,33.33,5.75,43.06,17.78,32.25,1.67,49.33,21.47,44.44,0.0,0.0,613.0
5637,34,84,1166,1.2,44.75,19.17,45.03,17.56,41.16,42.37,5.12,4.07,55.87,17.42,34.04,79.16,43.71,19.4,42.32,1.56,44.05,14.5,61.11,1.3,54.13,18.07,46.66,6.85,42.79,17.06,32.91,1.82,53.28,14.27,23.8,0.0,0.0,699.0
5638,34,85,488,1.02,41.31,18.71,51.09,11.2,41.59,18.18,2.27,6.21,47.66,18.47,33.33,82.81,39.56,18.52,43.5,0.62,44.0,17.32,100.0,0.82,45.25,14.7,25.0,5.59,44.33,11.69,18.51,1.65,72.0,15.98,75.0,0.0,0.0,284.0
5639,34,86,1091,0.73,44.35,19.34,50.59,17.68,42.89,51.85,2.49,3.32,50.36,19.82,47.22,81.99,43.24,19.4,42.11,2.21,37.7,17.33,79.16,0.92,58.3,11.89,30.0,7.2,46.56,16.61,32.05,1.84,60.8,17.92,60.0,0.0,0.0,627.0
5640,34,87,1095,0.54,42.65,18.83,43.23,19.86,43.37,53.84,2.38,5.05,48.05,18.62,52.72,79.79,41.84,18.84,43.95,1.28,42.21,14.21,71.42,0.64,58.85,15.31,28.57,9.91,43.24,17.56,29.62,0.91,50.2,24.48,50.0,0.0,0.0,663.0
5641,34,89,520,0.19,42.02,18.83,51.57,24.6,41.34,64.28,2.69,5.39,48.78,24.14,42.85,81.11,41.48,18.14,40.14,2.5,37.23,7.72,76.92,0.96,58.2,11.03,20.0,4.43,28.78,17.3,26.08,2.89,52.53,15.71,53.33,0.0,0.0,304.0
5642,34,90,851,0.82,44.01,18.73,46.71,15.5,43.36,53.84,4.62,4.5,46.63,24.9,39.47,78.19,43.16,18.45,42.87,1.54,41.3,23.6,53.84,0.59,36.79,24.39,60.0,8.76,45.78,16.36,37.83,1.77,56.33,21.85,60.0,0.0,0.0,492.0
5643,34,91,0,0.0,0.0,0.0,0.0,0.0,0.0,0.0,0.0,0.0,0.0,0.0,0.0,0.0,0.0,0.0,0.0,0.0,0.0,0.0,0.0,0.0,0.0,0.0,0.0,0.0,0.0,0.0,0.0,0.0,0.0,0.0,0.0,0.0,0.0,0.0
5644,34,92,764,1.17,41.88,17.78,49.44,22.17,43.32,48.0,3.31,3.84,52.1,18.78,58.62,84.23,40.84,17.34,42.29,1.19,22.88,14.44,66.66,0.39,45.0,4.58,66.66,5.69,47.97,13.88,34.88,1.32,39.6,24.6,50.0,0.0,0.0,440.0
5645,34,93,794,0.37,43.54,17.97,56.58,19.97,44.96,66.66,1.51,3.16,45.04,20.65,40.0,84.07,43.56,17.46,44.81,1.89,36.2,18.54,60.0,0.63,25.0,34.64,40.0,7.33,43.48,16.93,34.48,1.39,48.9,20.02,72.72,0.0,0.0,478.0
5646,34,94,949,0.0,45.16,18.96,46.44,18.3,40.56,55.55,1.89,3.05,55.34,15.34,55.17,85.35,44.58,19.02,39.87,1.05,37.7,8.19,60.0,1.47,50.71,24.9,14.28,5.79,45.49,18.52,29.09,1.36,54.92,15.44,92.3,0.0,0.0,574.0
5647,34,95,934,0.42,41.97,17.7,41.96,18.56,41.86,51.72,3.11,3.54,42.6,18.73,60.6,82.68,41.78,17.67,40.31,1.61,35.79,15.68,66.66,1.72,52.12,14.15,31.25,5.8,42.94,17.39,44.44,1.5,38.57,20.62,50.0,0.0,0.0,530.0
5648,34,96,690,0.43,43.05,18.53,52.26,16.27,43.33,53.33,2.18,3.78,48.38,12.34,46.15,84.13,42.37,18.54,42.38,0.87,35.83,8.86,83.33,0.0,0.0,0.0,0.0,8.29,44.7,20.41,42.1,0.72,43.4,18.36,60.0,0.0,0.0,413.0
5649,34,98,707,0.7,42.36,18.5,50.91,22.26,39.17,50.0,1.7,4.98,52.08,16.62,37.14,83.04,41.92,17.97,39.96,1.7,38.83,11.81,66.66,0.71,40.0,23.54,20.0,6.69,37.74,22.38,21.27,1.13,44.62,19.69,37.5,0.0,0.0,446.0
5650,34,99,925,0.43,44.64,19.93,47.41,23.23,40.97,29.16,2.6,5.53,50.84,24.39,31.37,77.41,43.52,19.42,42.63,1.52,29.42,19.3,57.14,1.08,58.0,11.65,50.0,9.88,46.13,17.46,37.36,1.95,62.72,22.07,16.66,0.0,0.0,564.0
5651,34,100,569,0.52,44.17,18.97,45.0,10.04,42.17,46.15,2.29,3.88,59.68,20.75,59.09,82.86,42.98,18.72,41.79,1.06,33.0,11.31,66.66,0.53,53.33,4.16,66.66,7.95,44.75,18.62,35.55,1.41,62.5,18.89,37.5,0.0,0.0,327.0
5652,34,101,735,1.63,44.45,17.99,42.36,20.88,41.63,50.0,3.04,6.91,47.88,17.86,40.0,81.46,43.8,17.61,42.1,1.38,46.2,16.81,60.0,0.13,27.0,0.0,0.0,4.84,44.82,15.42,25.71,2.21,46.93,24.4,43.75,0.0,0.0,451.0
5653,34,102,815,1.34,43.62,19.47,53.12,20.02,41.34,42.42,4.1,3.85,55.29,21.25,48.38,81.96,42.31,18.87,41.27,2.11,35.23,13.81,70.58,0.62,38.4,24.21,40.0,5.59,44.88,16.62,26.66,1.74,56.14,23.63,35.71,0.0,0.0,470.0
5654,34,103,522,2.29,45.02,19.12,56.33,20.26,39.84,58.33,2.35,6.07,52.51,17.64,41.93,81.76,44.17,18.87,40.04,0.78,48.5,13.52,75.0,0.39,35.0,49.49,50.0,7.45,42.02,14.87,28.94,1.17,45.66,24.71,50.0,0.0,0.0,336.0
5655,34,104,506,3.55,41.9,17.65,45.46,17.08,37.15,40.0,3.07,6.76,56.54,17.26,39.39,80.32,39.45,16.17,38.26,1.22,35.0,21.63,33.33,0.61,49.0,17.34,33.33,6.76,46.33,14.68,24.24,1.22,44.5,36.24,33.33,0.0,0.0,322.0
5656,34,105,824,0.97,43.55,18.98,42.71,20.05,41.38,57.14,2.57,2.69,46.09,15.47,50.0,83.45,43.2,19.18,41.11,1.1,32.66,13.0,88.88,1.47,49.41,9.28,33.33,7.23,43.11,18.78,32.2,1.47,51.16,16.0,8.33,0.0,0.0,494.0
5657,34,106,848,0.23,43.29,18.12,49.86,21.3,43.51,41.37,3.42,3.3,43.35,21.49,32.14,83.33,42.95,17.92,44.68,1.41,43.58,9.26,83.33,0.35,48.66,10.5,33.33,6.85,42.6,17.57,31.03,1.3,53.54,18.57,36.36,0.0,0.0,510.0
5658,34,107,596,1.34,42.12,19.04,47.35,18.6,40.77,50.0,2.38,4.93,54.96,14.32,48.27,83.67,40.9,19.31,40.85,0.51,32.33,0.57,33.33,0.34,47.0,9.89,0.0,7.82,41.15,13.09,32.6,0.34,71.0,7.07,100.0,0.0,0.0,368.0
5659,34,108,780,0.76,42.17,17.88,45.84,17.05,40.0,53.84,1.67,3.87,46.23,17.91,26.66,83.97,41.43,17.73,41.38,0.51,32.5,7.14,50.0,0.64,42.0,23.52,20.0,7.23,44.44,18.35,30.35,2.06,48.43,19.16,37.5,0.0,0.0,473.0
5660,34,109,667,0.29,42.2,18.26,40.29,25.3,39.73,47.05,2.55,3.0,52.45,18.54,35.0,84.66,41.89,18.16,40.67,1.2,36.62,18.33,50.0,0.3,54.5,2.12,0.0,7.51,41.44,15.98,28.0,0.75,55.0,18.9,40.0,0.0,0.0,370.0
5661,34,110,866,1.15,43.28,18.64,44.41,18.33,42.95,45.83,2.8,5.25,50.57,14.67,42.22,77.92,42.2,18.79,43.62,1.4,33.16,20.38,75.0,0.93,50.75,8.89,50.0,10.39,45.84,16.26,34.83,1.28,50.9,24.3,45.45,0.0,0.0,520.0
5662,34,111,929,0.32,43.21,19.43,43.69,24.43,42.3,38.46,1.4,4.1,47.89,21.65,44.73,83.58,42.88,19.25,42.11,1.29,39.83,13.9,83.33,0.43,52.75,15.94,50.0,8.31,41.63,19.39,40.25,0.86,59.25,17.44,25.0,0.0,0.0,551.0
5663,34,112,908,0.55,44.74,19.05,51.13,16.44,42.51,50.0,2.43,4.54,51.31,18.49,46.34,77.85,44.03,19.11,41.82,1.1,31.5,5.19,70.0,0.55,40.0,10.93,40.0,11.18,45.6,18.03,40.59,2.32,47.28,23.43,38.09,0.0,0.0,505.0
5664,34,113,0,0.0,0.0,0.0,0.0,0.0,0.0,0.0,0.0,0.0,0.0,0.0,0.0,0.0,0.0,0.0,0.0,0.0,0.0,0.0,0.0,0.0,0.0,0.0,0.0,0.0,0.0,0.0,0.0,0.0,0.0,0.0,0.0,0.0,0.0,0.0
5665,34,114,656,0.6,41.45,17.58,45.75,17.31,41.46,40.0,3.06,4.6,48.13,18.25,43.33,79.75,40.74,17.15,42.5,1.38,33.88,10.19,66.66,1.22,52.62,6.47,37.5,7.82,38.9,19.42,25.49,2.14,47.78,19.95,50.0,0.0,0.0,384.0
5666,34,115,0,0.0,0.0,0.0,0.0,0.0,0.0,0.0,0.0,0.0,0.0,0.0,0.0,0.0,0.0,0.0,0.0,0.0,0.0,0.0,0.0,0.0,0.0,0.0,0.0,0.0,0.0,0.0,0.0,0.0,0.0,0.0,0.0,0.0,0.0,0.0
5667,34,116,0,0.0,0.0,0.0,0.0,0.0,0.0,0.0,0.0,0.0,0.0,0.0,0.0,0.0,0.0,0.0,0.0,0.0,0.0,0.0,0.0,0.0,0.0,0.0,0.0,0.0,0.0,0.0,0.0,0.0,0.0,0.0,0.0,0.0,0.0,0.0
5668,34,117,697,1.29,43.04,17.63,44.29,16.76,43.61,70.58,2.47,3.34,42.6,11.69,34.78,84.3,42.99,17.91,43.1,1.59,37.72,10.71,72.72,0.58,44.25,13.86,50.0,6.83,43.1,18.97,42.55,0.87,41.66,9.85,50.0,0.0,0.0,390.0
5669,34,120,809,0.49,43.68,18.66,46.22,17.93,41.4,48.14,3.35,4.22,55.61,18.6,41.17,82.11,43.05,18.7,42.51,1.24,29.4,12.02,80.0,0.12,73.0,0.0,100.0,7.2,41.7,15.5,22.41,1.73,58.42,12.13,35.71,0.0,0.0,467.0
5670,34,121,533,0.56,41.88,18.33,45.94,13.64,41.65,52.94,3.2,5.09,58.81,15.47,44.44,82.83,40.27,17.81,41.91,0.94,24.4,22.63,60.0,0.0,0.0,0.0,0.0,6.41,46.91,16.5,29.41,1.5,49.62,29.45,37.5,0.0,0.0,334.0
5671,34,122,696,0.57,44.32,19.26,40.22,19.25,38.79,66.66,1.3,4.33,54.33,18.32,43.33,82.08,43.73,18.84,39.96,1.44,36.4,13.27,50.0,0.0,0.0,0.0,0.0,9.1,44.14,21.71,22.22,1.73,48.41,22.24,25.0,0.0,0.0,436.0
5672,34,123,398,1.0,44.92,19.11,42.36,18.63,42.21,54.54,2.79,4.82,49.73,16.11,63.15,81.97,44.98,18.97,41.48,0.5,46.5,17.67,50.0,0.0,0.0,0.0,0.0,8.37,40.18,21.24,39.39,1.52,56.83,26.94,16.66,0.0,0.0,250.0
5673,34,125,587,0.34,42.28,19.31,44.16,14.86,41.39,66.66,2.05,2.56,55.2,16.31,66.66,86.83,41.83,19.17,39.76,1.02,27.33,24.18,66.66,0.0,0.0,0.0,0.0,6.32,47.16,16.98,45.94,1.19,43.0,26.34,28.57,0.0,0.0,332.0
5674,34,126,0,0.0,0.0,0.0,0.0,0.0,0.0,0.0,0.0,0.0,0.0,0.0,0.0,0.0,0.0,0.0,0.0,0.0,0.0,0.0,0.0,0.0,0.0,0.0,0.0,0.0,0.0,0.0,0.0,0.0,0.0,0.0,0.0,0.0,0.0,0.0
5675,34,127,515,0.97,41.69,18.45,41.88,20.43,38.83,33.33,3.52,9.01,49.56,22.48,47.82,71.96,39.92,17.63,38.69,2.35,36.25,10.98,83.33,0.58,50.33,11.59,33.33,10.78,44.61,17.98,25.45,1.76,51.0,24.66,22.22,0.0,0.0,293.0
5676,34,128,534,1.12,44.91,19.02,40.37,24.32,41.94,20.83,4.54,4.16,49.13,21.91,50.0,81.81,44.79,18.55,43.51,1.51,37.5,13.04,50.0,0.0,0.0,0.0,0.0,6.06,48.15,15.39,21.87,1.89,44.7,28.01,60.0,0.0,0.0,296.0
5677,34,129,975,1.33,43.01,18.41,48.24,16.49,41.64,54.05,3.84,4.98,54.18,21.1,45.83,76.92,41.43,18.26,41.21,2.59,39.68,14.55,84.0,0.41,53.25,17.46,0.0,9.66,44.05,17.0,32.25,1.55,54.26,14.11,26.66,0.0,0.0,591.0
5678,34,130,145,0.68,40.55,17.72,44.11,14.98,46.89,33.33,6.25,4.86,49.0,26.2,57.14,74.3,39.41,17.66,47.66,2.77,39.5,13.17,100.0,0.0,0.0,0.0,0.0,6.25,34.0,11.81,44.44,5.55,49.0,17.53,25.0,0.0,0.0,86.0
5679,34,131,877,0.68,43.13,19.6,44.52,19.25,43.44,30.43,2.64,7.69,48.38,22.7,41.79,79.67,42.36,19.24,44.66,1.95,39.41,19.25,70.58,0.34,50.66,3.21,0.0,6.19,44.57,19.52,33.33,1.49,46.92,22.84,30.76,0.0,0.0,529.0
5680,34,132,514,0.19,42.01,18.04,38.66,19.69,41.24,46.66,2.92,6.04,46.22,24.18,35.48,82.84,41.6,17.62,41.41,0.77,34.75,7.8,100.0,0.58,43.0,7.0,33.33,6.04,45.06,18.31,38.7,0.77,49.0,12.78,25.0,0.0,0.0,308.0
5681,34,133,0,0.0,0.0,0.0,0.0,0.0,0.0,0.0,0.0,0.0,0.0,0.0,0.0,0.0,0.0,0.0,0.0,0.0,0.0,0.0,0.0,0.0,0.0,0.0,0.0,0.0,0.0,0.0,0.0,0.0,0.0,0.0,0.0,0.0,0.0,0.0
5682,34,134,531,0.75,44.86,18.97,44.93,18.46,39.73,53.33,2.84,4.17,52.0,25.77,50.0,80.26,43.3,18.73,39.24,1.13,52.5,27.62,66.66,1.32,42.0,9.39,57.14,7.59,50.1,13.97,30.0,2.65,57.92,15.48,28.57,0.0,0.0,329.0
5683,34,135,686,0.43,45.45,19.17,48.72,23.0,40.52,27.77,2.63,3.22,55.27,21.73,45.45,83.3,44.64,19.22,41.12,0.87,29.83,16.16,66.66,0.73,60.8,9.85,40.0,8.49,47.81,15.31,31.03,0.73,47.2,15.4,40.0,0.0,0.0,402.0
5684,34,137,0,0.0,0.0,0.0,0.0,0.0,0.0,0.0,0.0,0.0,0.0,0.0,0.0,0.0,0.0,0.0,0.0,0.0,0.0,0.0,0.0,0.0,0.0,0.0,0.0,0.0,0.0,0.0,0.0,0.0,0.0,0.0,0.0,0.0,0.0,0.0
5685,34,139,847,1.53,43.96,17.6,37.91,19.61,40.02,54.16,2.87,5.51,51.02,18.11,34.78,82.01,43.07,17.55,38.88,0.71,36.66,6.86,100.0,0.35,45.66,7.09,0.0,6.23,45.57,14.17,42.3,2.27,54.15,16.15,52.63,0.0,0.0,505.0
5686,34,140,747,1.87,44.07,18.67,45.96,17.33,39.62,31.25,4.36,5.59,52.24,17.53,46.34,77.35,42.08,18.52,41.09,0.95,42.71,10.4,85.71,0.68,40.2,17.19,0.0,8.04,47.16,16.29,23.72,3.0,65.59,18.45,31.81,0.0,0.0,463.0
5687,34,143,522,1.14,43.97,18.16,45.71,21.08,41.57,35.71,2.71,6.2,57.81,18.52,46.87,77.9,42.43,17.38,42.03,2.9,33.93,17.89,66.66,0.58,36.66,31.77,0.0,8.33,45.51,14.86,32.55,1.35,62.57,18.63,14.28,0.0,0.0,340.0
5688,34,145,564,1.24,43.21,17.45,44.94,15.77,41.31,58.82,3.05,4.3,48.95,16.69,50.0,81.5,42.69,17.54,40.3,1.97,36.72,8.03,72.72,0.0,0.0,0.0,0.0,7.18,41.15,17.21,32.5,1.97,50.63,13.07,36.36,0.0,0.0,353.0
5689,34,146,642,2.18,42.27,17.11,50.61,14.22,41.43,61.9,3.34,4.45,44.82,17.58,46.42,81.21,40.87,16.88,42.15,1.75,39.72,19.61,45.45,0.15,28.0,0.0,0.0,6.84,47.79,15.76,23.25,2.22,44.85,13.72,28.57,0.0,0.0,393.0
5690,34,147,777,2.18,44.44,18.12,43.88,17.58,42.47,47.05,2.23,6.05,56.71,15.97,52.17,78.94,42.95,17.93,42.16,1.97,33.53,16.48,60.0,0.26,36.5,3.53,50.0,8.68,45.81,18.31,34.84,1.84,54.71,14.95,50.0,0.0,0.0,498.0
5691,34,148,0,0.0,0.0,0.0,0.0,0.0,0.0,0.0,0.0,0.0,0.0,0.0,0.0,0.0,0.0,0.0,0.0,0.0,0.0,0.0,0.0,0.0,0.0,0.0,0.0,0.0,0.0,0.0,0.0,0.0,0.0,0.0,0.0,0.0,0.0,0.0
5692,34,149,773,1.16,42.86,18.13,46.86,21.56,42.69,47.36,4.97,6.15,49.48,20.31,38.29,77.09,42.3,17.56,42.95,1.96,43.0,19.87,80.0,0.39,38.0,8.54,33.33,7.85,40.16,16.81,23.33,1.57,46.41,26.99,66.66,0.0,0.0,455.0
5693,34,152,0,0.0,0.0,0.0,0.0,0.0,0.0,0.0,0.0,0.0,0.0,0.0,0.0,0.0,0.0,0.0,0.0,0.0,0.0,0.0,0.0,0.0,0.0,0.0,0.0,0.0,0.0,0.0,0.0,0.0,0.0,0.0,0.0,0.0,0.0,0.0
5694,34,153,0,0.0,0.0,0.0,0.0,0.0,0.0,0.0,0.0,0.0,0.0,0.0,0.0,0.0,0.0,0.0,0.0,0.0,0.0,0.0,0.0,0.0,0.0,0.0,0.0,0.0,0.0,0.0,0.0,0.0,0.0,0.0,0.0,0.0,0.0,0.0
5695,34,154,976,0.51,43.14,18.73,40.09,17.6,44.26,66.66,3.39,4.11,47.42,21.21,52.5,77.54,42.78,18.75,43.69,2.36,45.69,19.81,60.86,1.13,55.54,11.82,45.45,9.88,41.65,17.67,32.29,1.54,49.26,20.25,40.0,0.0,0.0,557.0
5696,34,155,586,0.34,43.89,18.64,45.1,18.73,40.44,42.1,3.25,3.93,44.39,20.57,47.82,78.93,43.08,18.58,40.13,1.71,40.5,11.45,90.0,0.68,51.0,12.19,50.0,8.56,44.56,19.75,34.0,2.91,59.88,11.82,17.64,0.0,0.0,332.0
5697,34,156,591,0.33,44.19,18.89,52.78,22.4,39.25,57.89,3.22,3.9,49.39,16.03,34.78,82.68,43.94,19.07,37.16,1.86,34.72,10.37,72.72,0.16,35.0,0.0,0.0,6.11,39.41,17.01,47.22,2.03,50.16,12.01,50.0,0.0,0.0,326.0
5698,34,160,542,0.73,42.95,17.95,48.54,14.6,40.03,36.36,2.04,2.6,48.5,13.38,28.57,84.75,42.53,17.82,41.66,1.11,30.83,8.32,33.33,0.0,0.0,0.0,0.0,7.43,42.9,21.36,25.0,2.04,56.81,16.82,45.45,0.0,0.0,290.0
5699,34,161,0,0.0,0.0,0.0,0.0,0.0,0.0,0.0,0.0,0.0,0.0,0.0,0.0,0.0,0.0,0.0,0.0,0.0,0.0,0.0,0.0,0.0,0.0,0.0,0.0,0.0,0.0,0.0,0.0,0.0,0.0,0.0,0.0,0.0,0.0,0.0
5700,34,164,975,1.02,39.33,18.07,39.77,24.26,43.17,44.44,1.86,4.14,47.62,17.39,42.5,84.66,38.86,17.86,43.81,1.65,32.87,6.89,75.0,0.31,33.0,28.58,33.33,6.63,38.71,19.13,29.68,0.72,51.0,9.66,42.85,0.0,0.0,516.0
5701,34,166,0,0.0,0.0,0.0,0.0,0.0,0.0,0.0,0.0,0.0,0.0,0.0,0.0,0.0,0.0,0.0,0.0,0.0,0.0,0.0,0.0,0.0,0.0,0.0,0.0,0.0,0.0,0.0,0.0,0.0,0.0,0.0,0.0,0.0,0.0,0.0
5702,34,167,932,1.39,39.83,17.28,42.09,16.51,43.66,46.34,4.46,5.76,39.67,19.83,35.84,78.12,39.42,17.14,45.12,1.08,35.4,9.48,80.0,0.87,36.87,4.7,50.0,8.16,41.64,17.72,26.66,1.52,42.14,22.11,28.57,0.0,0.0,415.0
5703,34,168,0,0.0,0.0,0.0,0.0,0.0,0.0,0.0,0.0,0.0,0.0,0.0,0.0,0.0,0.0,0.0,0.0,0.0,0.0,0.0,0.0,0.0,0.0,0.0,0.0,0.0,0.0,0.0,0.0,0.0,0.0,0.0,0.0,0.0,0.0,0.0
5704,34,170,0,0.0,0.0,0.0,0.0,0.0,0.0,0.0,0.0,0.0,0.0,0.0,0.0,0.0,0.0,0.0,0.0,0.0,0.0,0.0,0.0,0.0,0.0,0.0,0.0,0.0,0.0,0.0,0.0,0.0,0.0,0.0,0.0,0.0,0.0,0.0
5705,34,171,865,0.46,42.27,17.83,37.81,18.28,43.81,50.0,2.55,3.13,45.81,25.01,40.74,89.19,42.27,17.39,42.83,0.92,38.25,7.81,87.5,0.11,39.0,0.0,0.0,2.9,41.68,17.7,48.0,1.16,40.7,30.22,50.0,0.0,0.0,533.0
5706,34,174,0,0.0,0.0,0.0,0.0,0.0,0.0,0.0,0.0,0.0,0.0,0.0,0.0,0.0,0.0,0.0,0.0,0.0,0.0,0.0,0.0,0.0,0.0,0.0,0.0,0.0,0.0,0.0,0.0,0.0,0.0,0.0,0.0,0.0,0.0,0.0
5707,34,175,712,2.38,45.97,19.86,51.2,13.85,40.87,64.0,3.59,6.18,49.65,24.57,51.16,78.56,44.97,19.48,39.19,0.86,32.66,18.26,50.0,0.43,49.0,16.46,66.66,7.62,46.13,18.12,37.73,2.73,55.47,21.1,21.05,0.0,0.0,426.0
5708,34,182,804,0.74,44.3,18.07,49.04,25.05,38.18,40.0,3.13,5.13,55.04,19.43,39.02,78.44,42.53,17.54,38.81,2.0,40.12,15.16,50.0,0.0,0.0,0.0,0.0,9.27,49.21,15.61,28.37,2.0,53.93,16.72,37.5,0.0,0.0,550.0
5709,34,185,499,0.8,41.87,17.34,42.55,15.71,41.48,44.44,1.81,7.67,46.15,20.53,31.57,78.78,41.13,16.82,42.82,2.82,38.21,11.62,57.14,0.0,0.0,0.0,0.0,7.67,47.18,16.4,31.57,1.21,39.66,32.65,50.0,0.0,0.0,302.0
5710,34,191,0,0.0,0.0,0.0,0.0,0.0,0.0,0.0,0.0,0.0,0.0,0.0,0.0,0.0,0.0,0.0,0.0,0.0,0.0,0.0,0.0,0.0,0.0,0.0,0.0,0.0,0.0,0.0,0.0,0.0,0.0,0.0,0.0,0.0,0.0,0.0
5711,34,192,0,0.0,0.0,0.0,0.0,0.0,0.0,0.0,0.0,0.0,0.0,0.0,0.0,0.0,0.0,0.0,0.0,0.0,0.0,0.0,0.0,0.0,0.0,0.0,0.0,0.0,0.0,0.0,0.0,0.0,0.0,0.0,0.0,0.0,0.0,0.0
5712,34,193,856,1.75,44.43,19.77,46.96,17.53,39.13,35.71,3.32,5.11,45.97,20.48,27.9,81.21,44.54,19.38,40.11,1.3,26.36,20.87,45.45,0.11,45.0,0.0,100.0,6.18,45.78,19.73,26.92,2.73,41.13,24.18,47.82,0.0,0.0,504.0
5713,35,8,1105,2.89,43.21,18.39,53.36,17.51,42.35,58.33,3.35,0.27,48.66,22.18,66.66,88.07,42.15,18.38,41.26,2.05,42.27,21.25,81.81,0.46,47.8,3.42,60.0,4.38,49.34,13.85,34.04,1.39,49.4,22.24,53.33,0.0,32.98,670.0
5714,35,9,1141,3.41,43.19,17.78,46.51,22.02,40.75,42.42,2.99,0.27,56.33,29.56,100.0,87.11,42.09,17.51,41.25,1.45,43.75,13.19,62.5,0.72,46.37,11.87,25.0,6.07,48.1,16.02,23.88,1.36,52.46,13.25,66.66,0.0,27.09,735.0
5715,35,10,604,0.49,45.17,18.86,48.0,17.92,41.22,75.0,0.66,0.0,0.0,0.0,0.0,80.69,45.73,18.99,32.78,0.49,38.33,13.05,66.66,0.16,76.0,0.0,100.0,17.97,42.69,18.42,77.77,0.0,0.0,0.0,0.0,0.0,37.01,307.0
5716,35,11,697,2.58,40.83,18.12,42.0,18.83,44.04,27.27,1.62,0.14,50.0,0.0,0.0,82.76,40.53,18.11,37.54,0.44,48.0,15.62,66.66,0.0,0.0,0.0,0.0,13.4,41.02,18.8,84.61,1.62,46.81,19.13,45.45,0.0,32.78,376.0
5717,35,12,742,1.34,43.32,19.21,44.38,21.31,44.6,53.84,1.77,0.68,55.0,25.52,60.0,79.64,42.32,19.41,37.73,0.81,48.16,11.1,50.0,0.27,39.5,0.7,50.0,15.02,44.79,18.36,79.09,1.77,56.23,9.59,46.15,0.0,29.73,397.0
5718,35,13,555,0.18,44.21,18.88,46.36,19.52,43.78,27.27,1.98,0.54,59.33,14.22,66.66,77.43,44.0,19.04,35.19,0.18,28.0,0.0,100.0,0.36,66.0,14.14,0.0,18.95,43.63,18.23,80.95,0.54,58.0,15.62,33.33,0.0,28.2,332.0
5719,35,14,853,0.0,46.14,19.82,50.0,0.0,41.26,0.0,0.11,0.0,0.0,0.0,0.0,77.72,46.1,20.41,29.41,0.0,0.0,0.0,0.0,0.0,0.0,0.0,0.0,22.15,46.24,17.69,83.06,0.0,0.0,0.0,0.0,0.0,31.48,498.0
5720,35,16,821,0.36,45.94,21.15,47.53,18.44,39.95,23.07,1.58,0.0,0.0,0.0,0.0,78.23,45.75,21.25,29.68,0.12,33.0,0.0,100.0,0.24,45.0,1.41,50.0,19.55,46.14,21.13,81.87,0.24,72.0,35.35,0.0,0.0,29.22,506.0
5721,35,17,749,0.0,43.54,19.01,24.83,5.07,42.18,50.0,0.8,0.0,0.0,0.0,0.0,78.5,43.92,18.74,31.63,0.53,46.5,35.29,75.0,0.0,0.0,0.0,0.0,19.35,42.72,19.83,83.44,0.8,43.0,16.73,50.0,0.0,31.59,440.0
5722,35,18,790,0.0,43.13,17.74,27.66,7.09,44.43,66.66,0.37,0.0,0.0,0.0,0.0,76.32,43.86,18.01,30.34,0.12,24.0,0.0,0.0,0.25,44.5,10.6,100.0,22.65,40.98,16.81,91.06,0.25,46.0,12.72,50.0,0.0,27.78,420.0
5723,35,23,948,7.91,42.68,18.95,41.73,18.88,40.29,46.47,8.13,1.37,43.16,25.63,33.33,81.67,40.73,18.38,42.35,1.37,37.0,10.26,50.0,0.45,33.25,12.6,75.0,3.89,47.76,20.47,17.64,3.09,50.44,17.59,29.62,0.0,22.42,570.0
5724,35,24,834,4.07,41.58,17.55,40.84,19.69,45.2,38.46,9.75,0.25,29.5,0.7,100.0,79.25,40.86,17.1,45.42,2.12,42.23,15.71,52.94,0.5,35.25,9.74,50.0,6.5,44.05,16.69,42.3,1.62,50.3,23.25,53.84,0.0,25.99,466.0
5725,35,25,845,2.48,41.31,18.89,38.52,19.31,41.3,54.54,10.67,1.69,37.0,28.47,64.28,77.06,41.31,18.62,40.94,1.45,36.75,11.74,50.0,2.06,49.52,19.19,29.41,4.61,42.52,18.31,31.57,2.42,44.15,22.1,30.0,0.0,23.94,503.0
5726,35,unclear,1187,1.68,43.57,17.1,47.79,14.81,48.18,58.33,2.05,0.0,0.0,0.0,0.0,88.77,43.22,17.13,44.3,0.34,30.25,7.13,50.0,0.34,57.0,19.09,75.0,7.54,42.75,15.64,86.36,0.94,62.09,17.14,72.72,,,
5727,35,41,1038,1.15,42.19,19.69,40.38,12.43,41.61,38.88,1.75,0.19,50.5,4.94,0.0,81.18,42.23,19.9,35.53,0.48,33.2,10.8,80.0,0.58,45.0,11.27,16.66,15.59,42.31,20.12,74.37,0.19,35.0,11.31,50.0,0.0,22.82,573.0
5728,35,51,1072,0.65,41.86,17.18,35.71,10.27,45.42,57.14,0.65,0.37,39.0,16.53,50.0,93.61,41.84,17.21,46.03,0.84,41.66,19.58,66.66,0.75,41.37,19.5,37.5,2.53,39.0,14.19,33.33,1.22,54.61,18.46,15.38,0.0,28.48,612.0
5729,35,52,1440,0.83,39.83,18.46,37.38,16.23,44.44,38.29,3.29,0.56,45.37,12.38,25.0,88.16,40.03,18.74,44.0,1.05,31.26,11.24,46.66,0.28,47.75,1.7,75.0,5.74,36.98,17.27,59.75,0.91,50.69,17.58,23.07,0.0,20.79,752.0
5730,35,54,956,0.31,39.98,16.07,30.7,16.1,44.56,60.0,1.04,0.1,28.0,0.0,0.0,94.01,40.17,16.03,45.08,1.15,31.63,9.34,63.63,0.0,0.0,0.0,0.0,2.09,36.54,13.46,20.0,1.57,50.53,17.69,26.66,0.0,24.18,586.0
5731,35,55,1196,0.5,44.28,17.7,34.27,23.56,41.05,45.45,0.92,0.0,0.0,0.0,0.0,96.55,44.26,17.52,40.73,0.5,49.5,13.57,66.66,0.0,0.0,0.0,0.0,1.0,33.66,19.06,66.66,1.0,61.66,19.03,25.0,0.0,30.26,693.0
5732,35,56,924,0.54,42.57,18.77,34.3,18.42,43.39,61.53,1.41,0.1,78.0,0.0,0.0,89.98,42.57,18.76,40.5,1.41,41.07,11.84,69.23,0.1,73.0,0.0,0.0,6.42,42.55,20.46,76.27,0.54,47.2,12.79,40.0,0.0,26.72,476.0
5733,35,57,934,0.32,43.28,19.04,31.0,10.48,44.0,40.0,0.53,0.0,0.0,0.0,0.0,92.69,43.4,18.96,43.1,0.42,37.75,19.18,75.0,0.21,33.0,1.41,50.0,4.94,45.04,20.83,63.04,1.18,41.27,19.5,27.27,0.0,29.29,517.0
5734,35,58,835,0.0,44.25,18.93,50.0,31.11,42.87,50.0,0.23,0.23,27.5,3.53,50.0,90.89,44.42,18.65,40.05,0.11,30.0,0.0,100.0,0.59,60.6,13.5,20.0,7.06,39.47,21.63,83.05,0.83,59.42,14.92,14.28,0.0,27.95,466.0
5735,35,59,933,0.53,41.61,18.35,41.7,17.37,42.33,52.94,1.83,0.43,43.0,35.35,25.0,91.05,41.55,18.37,42.13,1.07,31.8,8.84,70.0,0.64,45.66,13.95,33.33,3.55,40.3,19.28,51.51,1.29,53.91,14.95,8.33,0.0,26.7,499.0
5736,35,60,1324,0.52,43.84,18.27,43.6,20.97,41.84,42.85,2.65,0.07,0.0,0.0,100.0,90.2,43.82,18.02,40.74,1.06,31.85,14.02,64.28,0.15,37.5,2.12,50.0,4.93,43.69,20.61,61.53,0.91,62.08,14.36,8.33,0.0,26.97,737.0
5737,35,64,1163,0.42,40.88,18.03,44.58,15.51,44.11,58.82,1.46,0.34,41.5,13.77,25.0,90.24,40.69,17.94,43.34,1.29,28.06,6.3,40.0,0.34,41.5,8.66,75.0,4.49,44.25,20.51,61.53,1.81,48.76,19.82,23.8,0.0,24.43,581.0
5738,35,66,1436,2.08,42.0,17.61,44.12,18.18,41.08,46.15,2.77,1.28,54.61,22.72,33.33,89.47,41.27,17.42,41.81,0.92,42.3,15.08,69.23,0.28,44.25,17.72,50.0,3.2,41.86,16.23,33.33,2.06,53.41,16.36,13.79,0.0,33.33,753.0
5739,35,73,739,4.19,41.59,17.98,44.13,20.2,38.15,28.26,6.49,0.84,51.33,18.62,33.33,79.23,40.79,18.11,37.07,2.11,35.0,13.63,73.33,1.41,43.5,25.69,20.0,6.92,43.61,13.73,59.18,2.96,46.95,19.97,42.85,0.0,30.47,454.0
5740,35,76,1062,2.44,43.04,17.9,47.91,17.5,42.74,60.86,2.22,0.19,80.5,3.53,100.0,89.47,42.28,17.54,41.31,0.19,25.0,1.41,100.0,0.48,55.4,14.75,60.0,5.69,40.57,17.01,67.79,1.73,56.55,19.99,5.55,0.0,30.36,636.0
5741,35,78,1089,2.29,42.05,17.47,47.3,16.18,43.7,61.53,1.22,0.18,39.5,14.84,0.0,90.78,41.63,17.27,43.99,1.12,31.66,21.28,75.0,0.37,40.5,5.19,0.0,4.88,39.53,16.9,32.69,1.4,56.06,12.86,33.33,0.0,27.49,712.0
5742,35,85,939,3.08,43.4,17.24,46.77,19.48,43.23,45.45,2.41,0.1,62.0,0.0,0.0,78.79,42.88,16.88,36.12,1.09,46.9,21.42,70.0,0.65,51.0,10.88,50.0,16.26,43.08,16.93,78.37,0.65,51.5,20.55,33.33,0.0,27.2,546.0
5743,35,86,881,1.58,42.68,18.11,50.54,20.2,43.24,27.27,1.26,0.11,0.0,0.0,0.0,87.19,42.38,18.0,41.79,0.8,42.85,10.43,71.42,0.34,38.33,10.78,33.33,7.15,40.62,18.84,72.58,3.11,55.0,14.08,22.22,0.0,27.66,533.0
5744,35,87,1063,2.06,43.64,18.72,42.12,18.28,42.05,40.42,4.51,0.0,0.0,0.0,0.0,86.55,43.03,18.86,43.39,1.24,40.76,15.74,61.53,1.05,47.18,20.65,27.27,4.7,45.75,16.31,24.48,1.92,59.55,13.06,35.0,0.0,36.83,622.0
5745,35,91,988,1.72,40.74,18.16,37.53,19.14,41.8,20.0,1.54,0.0,0.0,0.0,0.0,89.08,40.4,18.16,42.89,0.92,36.11,15.79,77.77,1.23,47.0,9.86,33.33,5.97,40.12,17.43,31.03,1.23,50.41,14.19,50.0,0.0,31.72,578.0
5746,35,92,1020,1.47,42.69,18.5,47.33,24.18,42.94,46.66,2.98,0.09,88.0,0.0,100.0,86.56,42.19,18.23,42.64,1.59,36.31,16.99,68.75,0.89,50.22,8.51,33.33,6.56,43.48,17.9,37.87,1.29,45.38,25.22,53.84,0.0,39.96,598.0
5747,35,95,470,0.21,43.44,19.31,32.25,5.73,42.97,50.0,0.85,0.0,0.0,0.0,0.0,75.69,44.71,20.06,29.85,0.42,54.0,28.28,100.0,0.0,0.0,0.0,0.0,23.02,39.32,16.17,85.18,0.0,0.0,0.0,0.0,0.0,29.21,269.0
5748,35,99,652,5.36,42.32,18.76,50.55,18.32,40.33,55.55,2.91,0.81,48.6,35.73,80.0,83.46,40.45,18.35,39.8,2.1,42.0,23.0,69.23,0.0,0.0,0.0,0.0,7.94,45.2,17.35,36.73,2.75,52.0,15.53,17.64,0.0,28.35,395.0
5749,35,103,1004,2.98,41.32,18.31,51.83,20.95,41.73,36.66,3.08,0.3,22.0,23.06,100.0,84.8,40.77,18.21,41.88,1.23,26.83,14.56,58.33,1.54,38.73,14.25,33.33,5.64,44.45,15.5,41.81,3.08,43.03,14.55,36.66,0.0,34.03,593.0
5750,35,104,1009,2.77,41.32,18.54,46.27,19.94,42.81,50.0,2.24,0.0,0.0,0.0,0.0,86.23,40.49,18.53,43.02,1.93,40.21,11.67,52.63,1.01,49.4,17.88,40.0,6.52,41.85,18.41,42.18,2.03,51.6,16.12,20.0,0.0,35.81,539.0
5751,35,113,705,0.85,42.79,18.9,39.5,29.37,41.13,80.0,1.43,0.14,60.0,0.0,100.0,92.27,42.82,18.38,42.32,0.42,23.33,20.81,33.33,0.28,39.5,17.67,0.0,5.0,43.48,20.63,14.28,0.42,41.66,36.08,0.0,0.0,35.14,426.0
5752,35,115,913,1.64,42.38,18.45,45.61,17.73,42.38,48.38,3.45,0.33,70.33,5.85,66.66,88.3,41.45,18.41,42.24,1.55,46.5,15.43,78.57,0.66,49.66,15.48,16.66,4.12,44.24,16.35,32.43,1.55,57.28,22.08,35.71,0.0,32.32,523.0
5753,35,116,901,1.77,41.49,18.78,43.95,17.72,43.17,42.85,2.37,0.11,54.0,0.0,100.0,88.47,41.03,18.42,44.06,1.8,44.06,11.86,56.25,0.33,20.66,18.14,33.33,5.98,41.9,20.06,24.52,0.9,62.25,21.11,62.5,0.0,35.82,479.0
5754,35,117,970,1.64,42.75,18.02,47.76,21.27,42.16,53.84,2.72,0.1,73.0,0.0,0.0,89.2,42.49,17.71,42.3,1.57,42.8,14.63,80.0,0.83,39.87,14.26,50.0,4.29,37.46,18.88,17.07,1.25,53.75,14.32,58.33,0.0,36.26,526.0
5755,35,120,457,0.21,45.03,19.59,28.5,12.02,39.82,0.0,0.43,0.0,0.0,0.0,0.0,82.01,45.55,20.42,31.81,0.43,59.5,24.74,0.0,0.0,0.0,0.0,0.0,16.44,41.97,14.35,84.0,0.65,49.66,24.68,0.0,0.0,35.08,262.0
5756,35,122,501,2.39,42.89,18.94,51.62,22.57,42.71,37.5,1.63,0.2,32.0,0.0,100.0,86.09,42.28,18.36,43.94,2.65,30.92,15.32,69.23,1.22,42.66,8.38,16.66,5.11,41.64,17.7,40.0,3.06,61.6,22.37,6.66,0.0,68.04,286.0
5757,35,123,720,3.61,43.33,19.39,43.92,21.16,40.55,42.85,4.03,0.43,67.33,17.61,33.33,80.97,41.8,18.48,40.56,1.58,38.45,15.18,63.63,1.87,50.07,13.13,30.76,8.06,43.35,19.06,30.35,3.02,60.52,24.74,52.38,0.0,51.87,425.0
5758,35,127,920,3.04,43.28,18.97,50.25,20.33,42.28,39.28,3.13,0.33,53.33,16.77,66.66,84.64,42.27,18.22,44.37,2.01,42.5,10.08,66.66,0.89,45.5,21.67,12.5,5.82,45.01,20.29,23.07,2.91,53.26,25.7,26.92,0.0,42.89,564.0
5759,35,128,1024,4.29,44.27,19.43,49.67,21.01,41.6,57.14,2.85,0.3,66.66,5.5,100.0,87.85,43.04,19.04,41.57,0.81,33.87,17.27,75.0,0.4,65.0,20.76,75.0,5.3,43.69,18.75,23.07,2.44,64.79,17.36,45.83,0.0,29.52,635.0
5760,35,129,918,5.66,42.98,19.21,52.51,18.14,40.3,51.85,3.11,0.46,59.25,42.76,50.0,85.21,41.05,18.39,40.78,1.96,48.58,17.46,58.82,1.38,48.75,21.35,41.66,5.42,47.51,21.09,27.65,2.42,55.38,17.52,42.85,0.0,34.09,524.0
5761,35,133,760,4.47,45.01,19.38,46.39,23.61,40.78,60.86,3.16,0.0,0.0,0.0,0.0,84.98,43.46,19.16,41.16,2.34,42.41,15.73,41.17,1.23,55.0,15.26,33.33,6.61,52.72,16.53,29.16,1.65,48.16,18.58,50.0,0.0,34.19,457.0
5762,35,139,585,1.88,40.38,18.17,48.16,12.12,41.53,83.33,1.04,0.0,0.0,0.0,0.0,87.45,40.15,18.14,41.03,1.56,33.77,19.82,44.44,0.69,48.25,5.31,25.0,7.66,40.77,18.35,45.45,1.56,45.33,26.32,44.44,0.0,64.5,330.0
5763,35,140,861,1.74,41.41,18.56,49.17,15.93,43.08,41.17,2.0,0.35,39.33,4.5,66.66,91.72,41.08,18.46,42.78,1.41,27.83,11.73,75.0,0.23,39.0,19.79,100.0,3.42,43.96,21.37,37.93,0.82,45.28,23.77,28.57,0.0,37.24,494.0
5764,35,141,967,1.24,41.76,18.84,39.23,22.61,43.43,28.57,2.19,0.0,0.0,0.0,0.0,89.31,41.65,18.73,43.61,1.98,34.1,9.64,63.15,1.04,53.0,12.67,40.0,4.18,41.6,22.37,27.5,1.25,52.25,15.33,66.66,0.0,28.94,536.0
5765,35,143,653,1.83,42.28,19.28,49.87,22.27,41.34,50.0,2.49,0.15,20.0,0.0,100.0,85.02,41.18,19.3,43.11,1.24,40.62,15.19,50.0,2.02,53.15,3.31,46.15,6.24,45.52,17.88,20.0,2.65,51.94,19.1,17.64,0.0,60.44,402.0
5766,35,145,1007,1.98,44.8,18.59,46.16,16.18,41.21,50.0,2.43,0.4,38.0,26.72,50.0,86.32,44.65,18.47,42.72,1.11,42.81,16.48,36.36,1.51,50.2,9.9,26.66,6.07,40.4,18.45,18.33,2.12,54.09,24.51,42.85,0.0,34.22,603.0
5767,35,146,814,3.93,43.84,18.88,48.92,20.07,40.78,35.71,3.58,0.38,38.66,18.03,33.33,82.73,42.92,19.06,40.8,1.53,43.33,20.57,75.0,1.27,43.8,10.98,50.0,8.43,45.03,16.14,36.36,2.04,52.56,16.53,43.75,0.0,35.65,512.0
5768,35,150,921,2.82,43.85,19.23,54.35,15.6,41.04,52.94,1.89,0.44,40.75,29.02,50.0,85.13,43.33,19.25,41.99,2.12,36.36,11.6,42.1,0.67,48.66,13.55,50.0,8.37,44.34,17.51,33.33,1.34,47.91,17.51,8.33,0.0,48.83,525.0
5769,35,153,788,4.82,43.92,19.1,48.8,18.63,40.1,45.0,2.66,0.26,32.5,0.7,50.0,84.13,42.26,18.69,40.25,1.6,36.08,13.76,66.66,1.33,56.7,12.12,30.0,7.33,45.63,17.91,36.36,2.66,58.5,16.29,35.0,0.0,36.6,498.0
5770,35,154,582,3.26,42.73,18.46,44.45,19.29,41.92,50.0,3.55,0.53,60.66,28.29,33.33,87.74,42.01,17.89,42.51,3.01,40.52,19.51,64.7,1.24,44.28,24.77,42.85,2.66,48.46,17.64,6.66,1.24,52.14,29.62,42.85,0.0,33.63,318.0
5771,35,155,904,4.31,42.94,18.74,46.47,27.6,40.92,38.09,2.42,0.23,50.5,10.6,50.0,85.43,41.84,17.94,42.08,2.08,34.44,18.25,55.55,0.23,41.5,12.02,0.0,5.66,48.36,16.76,34.69,3.93,45.2,22.3,23.52,0.0,32.53,551.0
5772,35,156,905,4.64,42.84,18.78,47.56,24.78,40.11,48.0,2.89,0.46,72.75,11.52,50.0,84.0,41.42,18.16,41.1,2.2,40.05,16.18,57.89,0.69,47.33,23.59,33.33,7.87,44.17,17.1,29.41,1.85,49.12,23.53,18.75,0.0,41.72,512.0
5773,35,unclear,1266,3.71,44.18,17.49,50.57,15.27,44.62,57.14,3.44,0.0,0.0,0.0,0.0,88.26,43.39,17.45,43.95,0.82,37.7,18.09,60.0,0.57,35.85,11.34,14.28,5.08,41.32,13.2,33.87,1.8,61.9,18.59,59.09,,,
5774,35,159,411,2.43,43.68,19.27,50.53,13.37,44.28,30.76,3.24,0.0,0.0,0.0,0.0,84.03,42.08,19.39,46.88,1.24,61.2,23.08,40.0,0.24,56.0,0.0,100.0,7.98,45.71,16.8,43.75,3.24,55.92,16.41,23.07,0.0,34.76,263.0
5775,35,160,888,2.92,44.52,18.71,44.82,22.93,39.75,35.29,3.94,0.81,60.28,17.32,42.85,86.89,43.86,18.37,40.85,1.16,36.5,16.71,80.0,0.34,39.33,9.01,0.0,4.98,40.16,16.51,32.55,1.85,57.06,16.21,18.75,0.0,35.37,532.0
5776,35,161,943,4.45,43.44,19.64,41.83,21.28,41.14,39.62,5.88,0.44,58.25,39.33,50.0,83.57,42.85,19.2,42.62,1.99,41.66,8.97,44.44,0.33,21.33,22.03,0.0,5.99,42.42,18.52,33.33,1.77,52.12,20.14,25.0,0.0,34.1,529.0
5777,35,162,854,2.92,42.52,19.34,48.36,19.54,40.51,36.36,2.65,0.0,0.0,0.0,0.0,83.95,41.5,18.98,41.66,2.53,40.71,14.23,66.66,0.36,50.33,20.3,33.33,8.56,46.23,20.65,23.94,1.93,46.37,23.44,31.25,0.0,34.15,506.0
5778,35,163,579,2.24,44.81,19.78,36.16,26.54,38.51,41.66,2.12,0.17,67.0,0.0,0.0,86.39,44.17,19.29,38.85,1.94,40.9,17.09,54.54,0.35,55.0,26.87,50.0,6.18,44.74,20.18,31.42,2.65,54.86,20.72,40.0,0.0,37.06,381.0
5779,35,164,668,1.49,42.04,19.51,41.4,26.34,41.46,60.0,0.75,0.0,0.0,0.0,0.0,92.85,42.09,19.6,41.73,1.21,35.0,8.33,50.0,0.15,45.0,0.0,0.0,3.34,47.4,18.15,45.45,1.67,45.45,14.69,36.36,0.0,35.01,401.0
5780,35,165,539,2.22,43.65,17.7,41.53,14.97,41.0,46.15,2.46,0.37,60.0,2.82,50.0,85.76,42.85,17.12,41.37,1.32,31.42,16.31,71.42,0.56,43.0,13.52,66.66,7.59,49.3,18.28,27.5,1.89,53.7,19.1,60.0,0.0,30.63,348.0
5781,35,unclear,1298,5.7,44.45,16.65,53.28,19.95,46.22,55.93,4.82,0.0,0.0,0.0,0.0,84.55,42.96,16.07,47.53,1.14,43.92,17.77,50.0,1.06,47.84,17.99,38.46,6.29,43.22,12.9,28.57,2.12,58.23,14.88,53.84,,,
5782,35,169,508,3.54,41.33,18.44,45.41,21.22,40.35,35.29,3.46,0.2,49.0,0.0,100.0,86.53,40.56,18.8,42.45,1.02,32.4,8.56,80.0,0.2,50.0,0.0,0.0,6.53,47.84,13.96,21.87,2.04,44.1,14.09,10.0,0.0,35.36,318.0
5783,35,170,1033,3.48,43.34,18.65,48.95,25.25,43.85,27.27,2.2,0.4,86.25,8.88,25.0,87.46,42.48,18.25,45.41,1.8,40.88,16.89,44.44,0.3,46.33,11.23,66.66,6.11,45.13,18.33,34.42,1.7,54.17,21.68,47.05,0.0,33.73,564.0
5784,35,172,918,2.83,42.07,18.75,47.5,18.13,42.48,60.0,1.12,0.11,46.0,0.0,100.0,87.66,41.34,18.67,42.96,2.01,41.22,15.99,44.44,0.78,39.42,20.32,28.57,5.82,42.38,17.94,26.92,2.46,50.72,20.03,45.45,0.0,35.21,567.0
5785,35,173,811,2.09,45.73,19.56,40.73,19.43,40.32,26.08,2.89,0.0,0.0,0.0,0.0,82.87,45.18,19.58,42.24,1.51,40.5,12.7,83.33,0.62,43.8,25.36,0.0,9.57,50.8,16.84,38.15,2.51,48.2,24.79,5.0,0.0,31.79,464.0
5786,35,175,658,4.4,45.68,18.84,50.6,18.9,42.4,45.45,5.24,0.47,40.66,27.15,66.66,81.87,44.48,18.53,41.74,2.22,42.14,20.2,85.71,1.27,52.87,17.83,50.0,6.51,48.31,18.65,26.82,2.38,55.06,19.53,53.33,0.0,55.57,399.0
5787,35,177,712,4.21,43.74,19.38,46.92,19.44,38.06,44.0,3.66,1.02,51.85,25.3,28.57,80.64,42.37,19.43,38.72,1.9,37.38,6.44,76.92,0.73,56.4,10.5,20.0,8.5,44.75,14.84,29.31,3.51,53.79,15.27,33.33,0.0,45.48,425.0
5788,35,179,784,5.86,44.59,18.01,55.22,15.89,39.92,68.18,2.98,0.54,61.75,11.44,75.0,82.92,42.69,17.63,39.21,1.76,38.0,8.87,84.61,1.35,41.1,20.06,30.0,6.91,47.82,14.22,33.33,3.52,55.53,20.72,50.0,0.0,35.68,486.0
5789,35,186,972,4.11,43.66,18.02,37.95,20.92,41.87,41.66,2.57,0.64,59.33,26.08,83.33,86.05,42.93,17.88,42.14,1.28,47.83,12.74,66.66,1.39,45.84,8.49,15.38,5.9,44.0,15.33,38.18,2.14,47.85,21.09,40.0,0.0,33.05,570.0
5790,35,187,660,4.69,44.33,20.71,38.54,18.64,39.24,33.33,7.63,0.79,52.2,17.15,40.0,80.6,43.75,20.47,40.23,1.27,41.0,20.16,87.5,0.63,39.75,11.84,25.0,6.51,44.07,21.44,24.39,2.54,48.18,16.06,37.5,0.0,49.92,384.0
5791,35,189,802,2.99,44.67,19.51,49.32,19.4,42.51,50.0,3.59,0.25,43.0,18.38,50.0,86.5,43.72,19.44,41.9,1.92,37.4,12.81,73.33,0.25,44.0,19.79,50.0,6.42,48.56,17.8,40.0,1.02,49.5,9.5,62.5,0.0,49.71,435.0
5792,35,190,488,2.86,42.62,18.7,46.91,22.8,38.72,54.16,5.06,0.0,0.0,0.0,0.0,83.75,41.48,18.11,37.53,2.53,35.58,17.74,75.0,0.84,48.75,12.52,50.0,6.54,45.58,16.16,25.8,1.26,75.5,11.27,50.0,0.0,35.36,309.0
5793,35,1,799,4.63,42.1,17.79,50.37,22.26,40.8,48.57,4.59,0.65,62.6,20.01,40.0,84.38,40.81,17.44,40.59,1.96,32.86,13.01,86.66,0.65,54.2,14.73,40.0,5.77,43.15,15.94,22.72,1.96,54.73,10.6,40.0,0.0,0.0,449.0
5794,35,2,712,4.49,43.7,18.24,49.07,16.48,42.27,52.63,5.58,1.47,59.2,12.89,30.0,80.44,42.46,17.9,40.95,2.35,41.75,17.89,62.5,1.02,43.85,23.3,57.14,5.88,43.85,20.49,37.5,3.23,50.09,23.74,45.45,0.0,0.0,409.0
5795,35,3,1010,3.06,43.57,18.51,47.74,22.85,39.4,41.93,3.16,0.2,53.5,26.16,0.0,88.76,42.77,18.17,39.35,1.53,43.33,15.08,86.66,1.12,52.45,19.32,45.45,2.34,49.39,17.22,21.73,2.86,46.32,14.76,35.71,0.0,0.0,570.0
5796,35,4,1176,4.42,43.15,17.82,55.45,19.35,41.15,48.38,2.75,0.53,55.83,24.59,66.66,84.51,41.53,17.33,42.52,1.69,44.84,21.21,73.68,1.24,43.35,20.87,28.57,5.6,42.74,16.45,26.98,3.64,49.78,15.79,31.7,0.0,0.0,715.0
5797,35,5,1181,4.48,43.5,18.47,49.48,19.19,40.81,48.14,2.39,0.62,52.42,15.66,42.85,85.1,42.1,17.8,40.83,2.21,41.24,18.09,72.0,0.17,50.0,7.07,50.0,7.35,46.38,19.41,30.12,2.12,51.79,24.75,37.5,0.0,0.0,646.0
5798,35,6,1085,3.68,43.43,19.0,47.51,19.48,40.73,42.22,4.3,0.28,48.0,41.76,100.0,85.45,42.62,18.76,40.98,1.81,39.63,21.49,63.15,0.47,40.79,8.58,20.0,5.16,46.12,14.36,29.62,2.48,48.88,23.66,53.84,0.0,0.0,626.0
5799,35,7,1111,3.51,44.32,18.45,47.15,21.41,42.12,43.58,3.63,0.37,60.75,18.4,25.0,85.72,43.45,18.82,42.0,1.67,40.88,9.48,61.11,0.83,49.77,10.1,33.33,5.69,49.01,13.78,40.98,2.05,52.86,14.1,40.9,0.0,0.0,687.0
5800,35,15,676,5.17,42.09,18.12,44.29,22.18,39.79,55.55,4.21,0.78,59.4,13.25,80.0,82.99,40.89,17.62,40.41,0.93,35.66,4.84,83.33,1.71,45.81,16.83,27.27,7.48,43.72,20.15,29.16,1.87,55.5,20.3,25.0,0.0,0.0,389.0
5801,35,19,541,2.58,39.62,16.49,43.68,18.09,40.66,50.0,3.03,0.0,0.0,0.0,0.0,87.66,38.27,15.88,42.2,0.75,31.5,10.96,50.0,0.75,52.5,20.82,50.0,4.93,44.92,16.12,15.38,2.84,47.4,19.43,20.0,0.0,0.0,311.0
5802,35,21,0,0.0,0.0,0.0,0.0,0.0,0.0,0.0,0.0,0.0,0.0,0.0,0.0,0.0,0.0,0.0,0.0,0.0,0.0,0.0,0.0,0.0,0.0,0.0,0.0,0.0,0.0,0.0,0.0,0.0,0.0,0.0,0.0,0.0,0.0,0.0
5803,35,22,735,6.25,41.05,17.24,43.33,19.06,42.58,45.83,3.48,0.58,60.5,22.7,25.0,84.61,39.53,16.66,43.39,1.45,38.4,12.51,60.0,1.59,45.81,16.38,36.36,4.78,37.96,16.89,30.3,3.19,47.59,12.95,40.9,0.0,0.0,438.0
5804,35,26,664,3.61,42.49,17.98,39.15,17.43,40.66,48.0,3.9,0.15,26.0,0.0,100.0,82.81,42.34,17.93,40.75,1.4,36.11,9.73,55.55,1.25,42.75,10.8,50.0,9.06,39.44,15.02,27.58,1.4,46.88,21.2,44.44,0.0,0.0,432.0
5805,35,27,638,2.03,43.59,18.81,50.14,15.3,40.75,64.28,2.24,0.0,0.0,0.0,0.0,86.4,43.22,18.55,40.74,1.44,35.88,24.67,66.66,0.8,53.2,5.63,40.0,7.84,42.57,19.99,32.65,1.28,64.37,14.72,50.0,0.0,0.0,422.0
5806,35,28,646,1.23,39.63,19.2,36.66,29.33,44.11,33.33,0.94,0.0,0.0,0.0,0.0,88.87,39.42,18.96,42.15,0.78,34.0,19.37,60.0,0.31,48.0,1.41,50.0,6.73,37.51,19.72,67.44,2.35,49.66,17.04,53.33,0.0,0.0,362.0
5807,35,30,1144,2.7,42.03,18.71,51.44,19.17,41.25,44.0,2.24,0.0,0.0,0.0,0.0,90.02,40.57,18.03,41.81,1.43,50.12,12.32,56.25,0.53,40.33,24.95,66.66,4.22,49.29,18.21,14.89,1.52,62.17,15.89,47.05,0.0,0.0,709.0
5808,35,31,436,3.44,41.36,17.56,44.66,19.34,43.11,46.66,3.56,0.71,68.66,14.01,0.0,84.08,40.25,17.28,43.22,1.66,51.0,17.86,71.42,0.95,58.0,14.16,75.0,7.83,42.96,16.0,33.33,1.18,55.6,9.6,80.0,0.0,0.0,281.0
5809,35,34,0,0.0,0.0,0.0,0.0,0.0,0.0,0.0,0.0,0.0,0.0,0.0,0.0,0.0,0.0,0.0,0.0,0.0,0.0,0.0,0.0,0.0,0.0,0.0,0.0,0.0,0.0,0.0,0.0,0.0,0.0,0.0,0.0,0.0,0.0,0.0
5810,35,35,0,0.0,0.0,0.0,0.0,0.0,0.0,0.0,0.0,0.0,0.0,0.0,0.0,0.0,0.0,0.0,0.0,0.0,0.0,0.0,0.0,0.0,0.0,0.0,0.0,0.0,0.0,0.0,0.0,0.0,0.0,0.0,0.0,0.0,0.0,0.0
5811,35,36,0,0.0,0.0,0.0,0.0,0.0,0.0,0.0,0.0,0.0,0.0,0.0,0.0,0.0,0.0,0.0,0.0,0.0,0.0,0.0,0.0,0.0,0.0,0.0,0.0,0.0,0.0,0.0,0.0,0.0,0.0,0.0,0.0,0.0,0.0,0.0
5812,35,37,862,3.24,41.8,19.35,49.33,22.84,41.18,55.55,2.15,0.95,29.75,31.75,12.5,86.09,40.79,18.52,41.5,2.15,46.55,16.3,61.11,0.11,43.0,0.0,100.0,5.87,47.16,22.67,30.61,2.63,45.27,23.28,31.81,0.0,0.0,501.0
5813,35,38,0,0.0,0.0,0.0,0.0,0.0,0.0,0.0,0.0,0.0,0.0,0.0,0.0,0.0,0.0,0.0,0.0,0.0,0.0,0.0,0.0,0.0,0.0,0.0,0.0,0.0,0.0,0.0,0.0,0.0,0.0,0.0,0.0,0.0,0.0,0.0
5814,35,39,1150,5.21,43.35,19.09,52.67,21.5,40.0,42.85,2.56,0.45,66.2,21.42,40.0,85.22,41.93,18.38,41.01,2.47,39.85,19.15,55.55,0.73,68.87,15.69,50.0,5.32,43.43,17.85,25.86,2.66,46.13,16.42,34.48,0.0,0.0,708.0
5815,35,40,0,0.0,0.0,0.0,0.0,0.0,0.0,0.0,0.0,0.0,0.0,0.0,0.0,0.0,0.0,0.0,0.0,0.0,0.0,0.0,0.0,0.0,0.0,0.0,0.0,0.0,0.0,0.0,0.0,0.0,0.0,0.0,0.0,0.0,0.0,0.0
5816,35,42,724,3.31,41.49,18.56,41.31,17.63,40.46,50.0,3.14,0.28,65.5,16.26,50.0,87.42,40.14,18.23,40.68,0.57,26.5,18.43,75.0,0.85,54.5,20.11,33.33,5.57,52.0,17.51,30.76,2.14,46.33,18.44,40.0,0.0,0.0,426.0
5817,35,43,928,2.58,42.16,19.62,42.14,23.52,41.16,42.85,1.54,0.0,0.0,0.0,0.0,89.82,41.1,19.29,41.37,0.88,31.87,14.34,87.5,1.54,51.85,9.8,35.71,3.76,48.14,19.4,47.05,2.43,52.27,20.27,18.18,0.0,0.0,604.0
5818,35,44,790,3.92,40.37,18.98,52.8,20.17,42.78,23.8,2.76,0.0,0.0,0.0,0.0,86.29,39.09,18.43,44.42,1.18,34.0,9.93,33.33,0.92,47.42,13.28,57.14,5.13,39.1,18.61,41.02,3.68,53.03,20.02,35.71,0.0,0.0,456.0
5819,35,45,990,4.74,42.48,18.27,53.5,21.8,41.51,42.85,1.48,0.1,56.0,0.0,0.0,87.8,41.88,17.74,42.27,1.59,37.6,13.37,46.66,0.84,49.25,16.19,50.0,5.51,35.65,16.58,25.0,2.65,44.32,20.31,36.0,0.0,0.0,549.0
5820,35,46,948,1.79,42.33,18.16,55.05,23.76,40.82,64.7,1.82,0.0,0.0,0.0,0.0,90.44,41.65,17.44,39.78,1.82,32.11,19.05,70.58,0.85,48.0,27.35,37.5,3.97,45.0,21.3,40.54,1.07,49.5,21.16,40.0,0.0,0.0,479.0
5821,35,47,834,4.19,42.06,18.71,50.29,12.41,40.64,45.83,3.0,0.25,12.5,17.67,0.0,85.35,41.33,18.79,40.61,1.37,31.18,18.2,63.63,1.25,39.1,11.52,30.0,6.0,41.37,15.54,39.58,2.75,52.13,15.54,50.0,0.0,0.0,499.0
5822,35,48,888,5.29,43.31,18.6,44.82,21.91,42.79,51.28,4.63,0.47,50.5,9.03,0.0,83.11,41.89,18.01,43.77,1.3,50.36,20.82,63.63,1.42,44.0,22.14,50.0,6.06,41.74,15.99,25.49,2.97,51.56,20.66,36.0,0.0,0.0,542.0
5823,35,49,628,2.7,43.61,18.49,46.3,22.46,40.92,20.0,1.63,0.0,0.0,0.0,0.0,89.68,43.07,18.41,41.78,1.96,43.66,14.88,50.0,0.81,40.2,26.18,20.0,4.41,38.51,13.61,37.03,1.47,57.33,17.76,22.22,0.0,0.0,404.0
5824,35,50,1123,0.89,40.41,18.11,34.26,21.63,43.0,40.0,1.34,0.26,66.66,17.21,33.33,92.27,40.25,17.68,42.84,1.07,39.33,11.23,75.0,0.26,41.66,40.1,33.33,3.59,43.67,19.83,52.5,1.16,47.61,27.98,15.38,0.0,0.0,614.0
5825,35,53,785,1.14,42.41,17.4,42.81,19.22,42.42,40.9,2.83,0.0,0.0,0.0,0.0,90.07,42.08,17.14,42.91,0.64,33.2,10.2,40.0,0.9,41.57,23.71,42.85,3.47,40.44,16.65,37.03,2.06,62.0,19.82,18.75,0.0,0.0,491.0
5826,35,61,0,0.0,0.0,0.0,0.0,0.0,0.0,0.0,0.0,0.0,0.0,0.0,0.0,0.0,0.0,0.0,0.0,0.0,0.0,0.0,0.0,0.0,0.0,0.0,0.0,0.0,0.0,0.0,0.0,0.0,0.0,0.0,0.0,0.0,0.0,0.0
5827,35,62,0,0.0,0.0,0.0,0.0,0.0,0.0,0.0,0.0,0.0,0.0,0.0,0.0,0.0,0.0,0.0,0.0,0.0,0.0,0.0,0.0,0.0,0.0,0.0,0.0,0.0,0.0,0.0,0.0,0.0,0.0,0.0,0.0,0.0,0.0,0.0
5828,35,63,1422,0.49,38.11,17.49,27.73,13.74,42.05,33.33,1.06,0.28,39.25,27.82,0.0,90.53,38.2,17.54,42.85,3.39,33.12,13.56,52.08,0.14,36.5,3.53,50.0,3.03,37.39,16.02,37.2,1.55,50.45,20.46,4.54,0.0,0.0,618.0
5829,35,65,0,0.0,0.0,0.0,0.0,0.0,0.0,0.0,0.0,0.0,0.0,0.0,0.0,0.0,0.0,0.0,0.0,0.0,0.0,0.0,0.0,0.0,0.0,0.0,0.0,0.0,0.0,0.0,0.0,0.0,0.0,0.0,0.0,0.0,0.0,0.0
5830,35,68,1258,0.39,45.0,18.74,35.33,14.03,41.97,33.33,1.19,0.07,82.0,0.0,100.0,92.65,45.47,18.62,42.46,4.07,32.41,19.19,43.13,0.23,48.33,10.59,0.0,0.71,43.88,11.99,22.22,1.03,54.0,15.61,15.38,0.0,0.0,714.0
5831,35,69,0,0.0,0.0,0.0,0.0,0.0,0.0,0.0,0.0,0.0,0.0,0.0,0.0,0.0,0.0,0.0,0.0,0.0,0.0,0.0,0.0,0.0,0.0,0.0,0.0,0.0,0.0,0.0,0.0,0.0,0.0,0.0,0.0,0.0,0.0,0.0
5832,35,70,741,2.15,42.78,17.1,50.2,18.81,40.89,40.0,1.37,0.41,40.0,26.45,66.66,90.89,42.47,17.14,40.66,1.37,42.1,13.67,90.0,1.24,52.66,10.92,44.44,3.72,38.44,17.96,33.33,0.96,51.71,10.3,28.57,0.0,0.0,408.0
5833,35,71,714,0.98,41.74,17.25,49.77,24.3,40.33,66.66,1.27,0.0,0.0,0.0,0.0,90.52,41.36,17.21,39.84,0.42,30.33,8.5,33.33,0.14,63.0,0.0,0.0,6.5,43.76,16.0,36.95,1.13,47.25,8.77,62.5,0.0,0.0,437.0
5834,35,72,956,5.02,41.1,17.78,42.46,17.35,41.84,40.21,10.13,0.66,63.5,20.48,33.33,78.08,39.74,17.14,43.3,0.99,39.44,22.02,55.55,0.66,39.83,5.23,66.66,6.71,40.01,19.16,29.5,2.75,48.92,19.27,36.0,0.0,0.0,599.0
5835,35,74,990,3.13,41.19,18.09,44.93,17.9,46.06,53.33,1.56,0.41,25.5,18.69,75.0,87.9,40.25,17.61,46.38,1.04,40.79,16.67,50.0,2.18,48.14,16.91,38.09,4.58,46.15,18.03,38.63,2.18,50.57,22.77,47.61,0.0,0.0,509.0
5836,35,75,950,2.52,41.52,18.05,39.88,19.74,43.15,29.41,1.83,0.0,0.0,0.0,0.0,87.9,40.88,17.78,42.75,1.29,42.25,11.36,58.33,0.43,55.0,15.18,50.0,7.23,43.67,19.2,46.26,1.29,49.16,15.75,41.66,0.0,0.0,533.0
5837,35,77,0,0.0,0.0,0.0,0.0,0.0,0.0,0.0,0.0,0.0,0.0,0.0,0.0,0.0,0.0,0.0,0.0,0.0,0.0,0.0,0.0,0.0,0.0,0.0,0.0,0.0,0.0,0.0,0.0,0.0,0.0,0.0,0.0,0.0,0.0,0.0
5838,35,79,0,0.0,0.0,0.0,0.0,0.0,0.0,0.0,0.0,0.0,0.0,0.0,0.0,0.0,0.0,0.0,0.0,0.0,0.0,0.0,0.0,0.0,0.0,0.0,0.0,0.0,0.0,0.0,0.0,0.0,0.0,0.0,0.0,0.0,0.0,0.0
5839,35,80,0,0.0,0.0,0.0,0.0,0.0,0.0,0.0,0.0,0.0,0.0,0.0,0.0,0.0,0.0,0.0,0.0,0.0,0.0,0.0,0.0,0.0,0.0,0.0,0.0,0.0,0.0,0.0,0.0,0.0,0.0,0.0,0.0,0.0,0.0,0.0
5840,35,81,898,2.0,43.1,19.02,52.7,17.24,40.2,43.33,3.4,0.34,18.66,16.16,100.0,88.63,42.19,18.76,40.12,1.13,35.7,20.18,70.0,0.45,56.75,3.2,25.0,3.97,43.8,19.31,31.42,1.93,59.0,22.51,29.41,0.0,0.0,546.0
5841,35,82,647,3.4,43.55,18.94,54.88,20.02,42.19,44.0,4.0,0.16,92.0,0.0,100.0,87.36,41.74,18.08,42.3,1.6,39.0,9.39,70.0,0.32,58.0,48.08,100.0,4.48,49.5,17.68,39.28,2.08,58.3,18.3,38.46,0.0,0.0,401.0
5842,35,83,1234,2.99,42.43,18.44,47.48,20.43,44.4,51.72,2.42,0.16,42.0,28.28,0.0,84.62,41.17,18.03,45.6,1.42,46.88,17.96,70.58,1.25,52.73,21.2,20.0,6.68,40.71,15.47,27.5,3.34,57.55,18.33,37.5,0.0,0.0,712.0
5843,35,84,0,0.0,0.0,0.0,0.0,0.0,0.0,0.0,0.0,0.0,0.0,0.0,0.0,0.0,0.0,0.0,0.0,0.0,0.0,0.0,0.0,0.0,0.0,0.0,0.0,0.0,0.0,0.0,0.0,0.0,0.0,0.0,0.0,0.0,0.0,0.0
5844,35,89,1018,2.45,43.13,18.53,45.82,25.7,41.06,62.06,2.92,0.0,0.0,0.0,0.0,84.99,42.7,18.26,40.87,1.4,49.07,19.57,78.57,0.5,43.0,19.51,40.0,7.65,41.35,18.38,28.94,2.51,53.12,16.46,36.0,0.0,0.0,631.0
5845,35,90,0,0.0,0.0,0.0,0.0,0.0,0.0,0.0,0.0,0.0,0.0,0.0,0.0,0.0,0.0,0.0,0.0,0.0,0.0,0.0,0.0,0.0,0.0,0.0,0.0,0.0,0.0,0.0,0.0,0.0,0.0,0.0,0.0,0.0,0.0,0.0
5846,35,93,821,2.8,41.07,18.63,49.57,24.97,39.7,52.63,2.38,0.75,39.83,25.09,33.33,85.21,39.7,18.28,40.29,1.87,46.8,15.55,46.66,1.75,46.0,11.58,28.57,6.01,47.0,16.98,33.33,2.0,44.06,21.5,37.5,0.0,0.0,461.0
5847,35,94,858,3.26,41.58,18.12,38.42,22.74,41.72,28.94,4.57,0.48,61.0,7.02,25.0,83.97,41.14,17.97,42.89,1.56,37.61,11.79,61.53,1.2,46.2,12.66,50.0,6.14,37.09,15.46,27.45,2.04,56.0,15.25,35.29,0.0,0.0,485.0
5848,35,96,919,4.57,43.65,18.85,47.16,15.85,42.76,43.24,4.21,1.02,60.77,19.01,55.55,82.55,42.33,18.77,43.92,1.25,36.27,11.53,81.81,0.79,34.14,18.59,14.28,7.63,45.28,17.46,26.86,2.5,53.09,18.91,50.0,0.0,0.0,573.0
5849,35,97,659,4.09,42.26,18.75,51.47,20.64,39.45,52.38,3.32,0.63,45.0,22.19,75.0,80.69,40.99,17.97,39.01,2.84,40.55,14.33,50.0,0.63,41.0,11.83,25.0,9.17,47.0,20.08,46.55,2.68,48.52,20.79,41.17,0.0,0.0,372.0
5850,35,98,0,0.0,0.0,0.0,0.0,0.0,0.0,0.0,0.0,0.0,0.0,0.0,0.0,0.0,0.0,0.0,0.0,0.0,0.0,0.0,0.0,0.0,0.0,0.0,0.0,0.0,0.0,0.0,0.0,0.0,0.0,0.0,0.0,0.0,0.0,0.0
5851,35,100,0,0.0,0.0,0.0,0.0,0.0,0.0,0.0,0.0,0.0,0.0,0.0,0.0,0.0,0.0,0.0,0.0,0.0,0.0,0.0,0.0,0.0,0.0,0.0,0.0,0.0,0.0,0.0,0.0,0.0,0.0,0.0,0.0,0.0,0.0,0.0
5852,35,102,0,0.0,0.0,0.0,0.0,0.0,0.0,0.0,0.0,0.0,0.0,0.0,0.0,0.0,0.0,0.0,0.0,0.0,0.0,0.0,0.0,0.0,0.0,0.0,0.0,0.0,0.0,0.0,0.0,0.0,0.0,0.0,0.0,0.0,0.0,0.0
5853,35,105,0,0.0,0.0,0.0,0.0,0.0,0.0,0.0,0.0,0.0,0.0,0.0,0.0,0.0,0.0,0.0,0.0,0.0,0.0,0.0,0.0,0.0,0.0,0.0,0.0,0.0,0.0,0.0,0.0,0.0,0.0,0.0,0.0,0.0,0.0,0.0
5854,35,106,872,5.27,42.41,17.43,48.54,14.98,45.18,48.48,3.99,0.6,50.4,30.67,60.0,83.29,40.98,17.21,46.07,1.69,42.71,14.08,50.0,0.72,45.66,12.07,66.66,7.14,45.4,17.81,30.5,2.54,48.61,17.18,47.61,0.0,0.0,501.0
5855,35,108,0,0.0,0.0,0.0,0.0,0.0,0.0,0.0,0.0,0.0,0.0,0.0,0.0,0.0,0.0,0.0,0.0,0.0,0.0,0.0,0.0,0.0,0.0,0.0,0.0,0.0,0.0,0.0,0.0,0.0,0.0,0.0,0.0,0.0,0.0,0.0
5856,35,109,0,0.0,0.0,0.0,0.0,0.0,0.0,0.0,0.0,0.0,0.0,0.0,0.0,0.0,0.0,0.0,0.0,0.0,0.0,0.0,0.0,0.0,0.0,0.0,0.0,0.0,0.0,0.0,0.0,0.0,0.0,0.0,0.0,0.0,0.0,0.0
5857,35,110,876,3.65,43.96,19.2,45.06,18.08,40.63,68.75,1.89,0.23,56.0,14.14,0.0,88.98,43.72,19.03,40.87,1.3,37.81,12.84,63.63,0.82,57.0,14.68,28.57,5.33,40.91,22.48,26.66,1.42,41.91,18.38,58.33,0.0,0.0,506.0
5858,35,111,0,0.0,0.0,0.0,0.0,0.0,0.0,0.0,0.0,0.0,0.0,0.0,0.0,0.0,0.0,0.0,0.0,0.0,0.0,0.0,0.0,0.0,0.0,0.0,0.0,0.0,0.0,0.0,0.0,0.0,0.0,0.0,0.0,0.0,0.0,0.0
5859,35,112,685,3.06,41.08,18.27,40.0,19.39,41.16,42.3,3.91,0.3,44.5,34.64,50.0,86.59,40.81,18.1,42.6,0.6,26.25,17.72,75.0,0.0,0.0,0.0,0.0,7.53,39.15,15.91,24.0,1.05,47.71,22.43,14.28,0.0,0.0,391.0
5860,35,114,0,0.0,0.0,0.0,0.0,0.0,0.0,0.0,0.0,0.0,0.0,0.0,0.0,0.0,0.0,0.0,0.0,0.0,0.0,0.0,0.0,0.0,0.0,0.0,0.0,0.0,0.0,0.0,0.0,0.0,0.0,0.0,0.0,0.0,0.0,0.0
5861,35,118,0,0.0,0.0,0.0,0.0,0.0,0.0,0.0,0.0,0.0,0.0,0.0,0.0,0.0,0.0,0.0,0.0,0.0,0.0,0.0,0.0,0.0,0.0,0.0,0.0,0.0,0.0,0.0,0.0,0.0,0.0,0.0,0.0,0.0,0.0,0.0
5862,35,119,781,2.56,40.99,18.29,44.85,22.64,42.5,65.0,2.62,0.13,66.0,0.0,100.0,88.56,40.38,17.98,42.43,1.97,41.06,8.92,60.0,0.52,35.75,12.12,0.0,4.2,39.09,20.49,34.37,1.97,48.6,26.33,40.0,0.0,0.0,474.0
5863,35,121,0,0.0,0.0,0.0,0.0,0.0,0.0,0.0,0.0,0.0,0.0,0.0,0.0,0.0,0.0,0.0,0.0,0.0,0.0,0.0,0.0,0.0,0.0,0.0,0.0,0.0,0.0,0.0,0.0,0.0,0.0,0.0,0.0,0.0,0.0,0.0
5864,35,124,716,4.74,43.0,18.96,51.05,18.5,40.5,55.0,2.93,0.14,40.0,0.0,100.0,86.95,42.19,18.82,40.3,1.61,34.63,18.85,54.54,1.31,53.33,22.55,33.33,5.57,42.31,20.58,34.21,1.46,44.0,14.83,50.0,0.0,0.0,406.0
5865,35,125,759,4.08,42.04,19.82,45.47,20.44,42.42,64.7,2.33,0.41,59.66,24.21,33.33,83.92,41.2,19.34,44.02,1.51,37.63,15.02,90.9,0.82,50.0,33.92,33.33,7.55,40.58,19.39,23.63,3.43,50.48,19.72,32.0,0.0,0.0,466.0
5866,35,126,872,3.21,42.47,19.13,47.76,19.48,38.07,46.15,1.54,0.11,56.0,0.0,100.0,86.72,41.56,19.46,39.34,1.18,44.0,10.94,70.0,0.94,41.0,22.25,12.5,7.22,44.04,12.24,26.22,2.25,49.78,14.07,21.05,0.0,0.0,567.0
5867,35,130,0,0.0,0.0,0.0,0.0,0.0,0.0,0.0,0.0,0.0,0.0,0.0,0.0,0.0,0.0,0.0,0.0,0.0,0.0,0.0,0.0,0.0,0.0,0.0,0.0,0.0,0.0,0.0,0.0,0.0,0.0,0.0,0.0,0.0,0.0,0.0
5868,35,131,0,0.0,0.0,0.0,0.0,0.0,0.0,0.0,0.0,0.0,0.0,0.0,0.0,0.0,0.0,0.0,0.0,0.0,0.0,0.0,0.0,0.0,0.0,0.0,0.0,0.0,0.0,0.0,0.0,0.0,0.0,0.0,0.0,0.0,0.0,0.0
5869,35,132,0,0.0,0.0,0.0,0.0,0.0,0.0,0.0,0.0,0.0,0.0,0.0,0.0,0.0,0.0,0.0,0.0,0.0,0.0,0.0,0.0,0.0,0.0,0.0,0.0,0.0,0.0,0.0,0.0,0.0,0.0,0.0,0.0,0.0,0.0,0.0
5870,35,134,879,4.77,42.73,18.21,47.15,13.8,40.95,46.15,3.1,0.59,74.8,6.94,40.0,81.36,41.4,18.23,40.67,2.86,38.95,17.17,62.5,0.59,45.2,12.59,40.0,9.19,44.87,15.93,37.66,2.27,50.57,15.37,57.89,0.0,0.0,562.0
5871,35,135,751,4.66,43.58,18.02,49.05,16.13,40.07,35.89,5.44,0.27,81.5,2.12,50.0,77.93,42.65,17.43,41.93,1.53,39.18,5.92,45.45,0.41,41.33,4.04,0.0,11.03,42.4,17.59,27.84,3.21,59.78,22.63,39.13,0.0,0.0,448.0
5872,35,136,945,3.7,44.36,18.66,47.51,16.91,41.48,48.27,3.18,0.21,43.0,4.24,50.0,82.74,43.6,18.6,42.62,1.42,41.23,18.82,76.92,1.42,46.07,16.66,30.76,7.69,44.0,18.99,25.71,3.29,52.2,17.02,46.66,0.0,0.0,550.0
5873,35,138,0,0.0,0.0,0.0,0.0,0.0,0.0,0.0,0.0,0.0,0.0,0.0,0.0,0.0,0.0,0.0,0.0,0.0,0.0,0.0,0.0,0.0,0.0,0.0,0.0,0.0,0.0,0.0,0.0,0.0,0.0,0.0,0.0,0.0,0.0,0.0
5874,35,142,0,0.0,0.0,0.0,0.0,0.0,0.0,0.0,0.0,0.0,0.0,0.0,0.0,0.0,0.0,0.0,0.0,0.0,0.0,0.0,0.0,0.0,0.0,0.0,0.0,0.0,0.0,0.0,0.0,0.0,0.0,0.0,0.0,0.0,0.0,0.0
5875,35,144,634,4.1,42.21,18.94,48.16,15.94,41.79,54.16,3.94,0.49,35.33,30.74,100.0,85.69,41.28,18.43,41.84,1.15,31.28,20.13,57.14,1.31,43.25,20.06,62.5,5.75,40.22,22.12,37.14,1.64,58.6,15.08,30.0,0.0,0.0,384.0
5876,35,147,0,0.0,0.0,0.0,0.0,0.0,0.0,0.0,0.0,0.0,0.0,0.0,0.0,0.0,0.0,0.0,0.0,0.0,0.0,0.0,0.0,0.0,0.0,0.0,0.0,0.0,0.0,0.0,0.0,0.0,0.0,0.0,0.0,0.0,0.0,0.0
5877,35,148,897,3.01,43.89,18.89,50.43,18.33,39.79,33.33,3.44,0.34,53.0,25.53,33.33,84.59,42.87,19.04,39.94,2.64,36.34,12.57,73.91,1.49,56.53,15.38,46.15,4.48,48.33,21.43,33.33,2.98,48.76,11.07,30.76,0.0,0.0,531.0
5878,35,149,734,3.13,43.8,17.98,45.85,13.95,40.59,40.74,3.79,0.42,36.66,9.29,33.33,84.24,43.43,18.06,41.56,1.82,35.15,16.82,53.84,1.4,48.8,11.37,50.0,5.34,44.5,18.56,34.21,2.95,47.0,19.0,19.04,0.0,0.0,453.0
5879,35,151,0,0.0,0.0,0.0,0.0,0.0,0.0,0.0,0.0,0.0,0.0,0.0,0.0,0.0,0.0,0.0,0.0,0.0,0.0,0.0,0.0,0.0,0.0,0.0,0.0,0.0,0.0,0.0,0.0,0.0,0.0,0.0,0.0,0.0,0.0,0.0
5880,35,152,713,2.94,42.71,19.04,41.4,20.65,42.63,20.0,1.44,0.14,38.0,0.0,100.0,88.87,42.67,18.86,43.9,2.02,37.92,14.05,50.0,0.86,60.66,13.07,16.66,5.63,45.71,19.67,35.89,1.01,49.42,6.92,42.85,0.0,0.0,428.0
5881,35,166,0,0.0,0.0,0.0,0.0,0.0,0.0,0.0,0.0,0.0,0.0,0.0,0.0,0.0,0.0,0.0,0.0,0.0,0.0,0.0,0.0,0.0,0.0,0.0,0.0,0.0,0.0,0.0,0.0,0.0,0.0,0.0,0.0,0.0,0.0,0.0
5882,35,171,0,0.0,0.0,0.0,0.0,0.0,0.0,0.0,0.0,0.0,0.0,0.0,0.0,0.0,0.0,0.0,0.0,0.0,0.0,0.0,0.0,0.0,0.0,0.0,0.0,0.0,0.0,0.0,0.0,0.0,0.0,0.0,0.0,0.0,0.0,0.0
5883,35,174,0,0.0,0.0,0.0,0.0,0.0,0.0,0.0,0.0,0.0,0.0,0.0,0.0,0.0,0.0,0.0,0.0,0.0,0.0,0.0,0.0,0.0,0.0,0.0,0.0,0.0,0.0,0.0,0.0,0.0,0.0,0.0,0.0,0.0,0.0,0.0
5884,35,176,620,5.48,43.29,19.33,47.07,20.2,38.22,26.92,4.43,0.0,0.0,0.0,0.0,85.15,42.2,18.34,38.07,2.04,44.16,26.35,66.66,0.85,40.79,20.71,60.0,5.11,42.6,17.36,33.33,2.38,51.5,26.05,42.85,0.0,0.0,395.0
5885,35,180,0,0.0,0.0,0.0,0.0,0.0,0.0,0.0,0.0,0.0,0.0,0.0,0.0,0.0,0.0,0.0,0.0,0.0,0.0,0.0,0.0,0.0,0.0,0.0,0.0,0.0,0.0,0.0,0.0,0.0,0.0,0.0,0.0,0.0,0.0,0.0
5886,35,181,658,2.73,45.09,19.56,46.09,25.42,40.88,72.72,1.71,0.15,33.0,0.0,0.0,86.09,44.29,19.37,41.37,2.03,38.92,11.62,61.53,0.78,61.6,19.34,40.0,6.71,41.67,15.33,27.9,2.5,61.75,19.84,50.0,0.0,0.0,412.0
5887,35,182,0,0.0,0.0,0.0,0.0,0.0,0.0,0.0,0.0,0.0,0.0,0.0,0.0,0.0,0.0,0.0,0.0,0.0,0.0,0.0,0.0,0.0,0.0,0.0,0.0,0.0,0.0,0.0,0.0,0.0,0.0,0.0,0.0,0.0,0.0,0.0
5888,35,183,0,0.0,0.0,0.0,0.0,0.0,0.0,0.0,0.0,0.0,0.0,0.0,0.0,0.0,0.0,0.0,0.0,0.0,0.0,0.0,0.0,0.0,0.0,0.0,0.0,0.0,0.0,0.0,0.0,0.0,0.0,0.0,0.0,0.0,0.0,0.0
5889,35,184,798,3.5,42.09,19.41,43.0,16.13,40.97,38.46,1.68,0.51,54.5,40.55,50.0,81.68,41.49,19.12,43.08,2.2,38.11,16.9,52.94,1.55,44.41,9.11,25.0,9.09,41.6,17.94,30.0,3.24,35.79,23.86,20.0,0.0,0.0,503.0
5890,35,185,0,0.0,0.0,0.0,0.0,0.0,0.0,0.0,0.0,0.0,0.0,0.0,0.0,0.0,0.0,0.0,0.0,0.0,0.0,0.0,0.0,0.0,0.0,0.0,0.0,0.0,0.0,0.0,0.0,0.0,0.0,0.0,0.0,0.0,0.0,0.0
5891,35,188,0,0.0,0.0,0.0,0.0,0.0,0.0,0.0,0.0,0.0,0.0,0.0,0.0,0.0,0.0,0.0,0.0,0.0,0.0,0.0,0.0,0.0,0.0,0.0,0.0,0.0,0.0,0.0,0.0,0.0,0.0,0.0,0.0,0.0,0.0,0.0
5892,36,34,449,1.55,39.53,18.77,40.87,25.71,44.98,62.5,1.8,0.0,0.0,0.0,0.0,85.52,39.6,18.73,45.23,2.94,35.53,9.5,69.23,0.9,41.0,27.38,0.0,7.01,40.93,19.85,38.7,1.8,32.25,22.89,25.0,0.0,24.66,247.0
5893,36,44,910,1.53,39.54,16.79,29.17,12.43,43.95,34.48,3.23,1.11,41.0,16.05,20.0,86.16,39.59,16.96,44.81,1.45,36.61,10.9,46.15,0.22,78.0,15.55,0.0,5.8,39.07,14.56,51.92,2.0,48.27,16.39,33.33,0.0,48.87,481.0
5894,36,45,1288,0.38,38.92,18.28,27.7,13.19,43.47,60.0,0.77,0.15,42.5,31.81,50.0,93.21,39.0,18.31,42.64,1.09,30.78,13.06,64.28,0.15,44.0,19.79,50.0,3.89,39.02,19.05,52.0,0.7,48.66,17.81,44.44,0.0,38.52,653.0
5895,36,50,1290,0.23,41.89,18.9,42.89,22.48,40.69,52.63,1.47,0.23,49.66,12.74,66.66,94.63,41.89,18.9,40.64,0.46,46.83,18.96,66.66,0.15,37.0,0.0,0.0,2.02,38.5,17.04,42.3,1.01,42.46,21.62,23.07,0.0,34.51,764.0
5896,36,56,1225,0.81,43.25,18.38,30.88,20.73,44.48,35.29,1.39,0.16,21.5,30.4,100.0,92.09,43.29,18.16,44.05,1.06,36.61,15.64,53.84,0.32,44.0,9.2,50.0,3.37,44.95,19.96,51.21,1.56,54.63,23.54,36.84,0.0,20.91,747.0
5897,36,57,1358,0.36,41.45,19.09,41.03,20.46,44.03,42.3,1.92,0.29,29.5,11.03,100.0,92.01,41.62,19.02,43.21,1.4,37.31,10.95,73.68,0.14,46.0,36.76,50.0,3.62,38.04,19.62,51.02,0.59,51.12,25.54,12.5,0.0,21.13,775.0
5898,36,55,522,0.19,43.4,18.08,53.0,15.16,42.91,40.0,0.95,0.19,44.0,0.0,0.0,92.13,43.23,18.02,43.54,1.34,38.57,19.45,85.71,0.0,0.0,0.0,0.0,4.41,45.13,17.33,30.43,0.95,57.6,19.2,0.0,0.0,67.49,315.0
5899,36,64,869,1.03,42.21,18.66,39.5,18.0,41.88,42.3,3.02,0.69,65.5,14.96,33.33,90.93,41.94,18.63,42.32,0.81,34.71,13.16,57.14,0.23,45.0,24.04,0.0,3.48,44.56,15.56,23.33,0.81,44.71,26.09,57.14,0.0,35.67,510.0
5900,36,65,1105,0.54,41.43,18.45,39.0,18.72,43.71,50.0,1.27,0.27,31.66,4.72,33.33,93.99,41.45,18.31,43.65,0.72,45.37,17.54,50.0,0.0,0.0,0.0,0.0,3.09,39.0,22.39,35.29,0.63,40.71,24.91,42.85,0.0,22.34,657.0
5901,36,66,1159,0.94,42.43,18.51,41.3,18.44,45.72,61.53,1.13,0.0,0.0,0.0,0.0,93.37,42.06,18.38,45.61,2.17,37.08,14.45,48.0,0.08,48.0,0.0,100.0,2.17,48.88,23.35,40.0,1.04,58.66,15.13,25.0,0.0,32.06,738.0
5902,36,68,765,1.04,43.11,18.25,42.66,13.17,44.7,40.0,1.98,0.26,38.0,22.62,0.0,90.22,43.62,18.26,44.21,2.37,28.94,5.36,61.11,0.0,0.0,0.0,0.0,3.03,38.3,19.23,52.17,2.11,51.0,13.85,43.75,0.0,49.16,453.0
5903,36,77,1339,0.82,42.72,19.5,46.74,21.81,43.46,43.58,2.93,0.9,46.33,16.57,41.66,90.96,42.54,19.44,43.54,1.12,41.4,15.45,46.66,0.52,56.42,18.69,14.28,2.71,40.44,20.53,41.66,0.82,54.45,13.66,54.54,0.0,23.31,757.0
5904,36,72,1299,0.84,41.41,16.86,37.46,13.59,43.34,42.22,3.49,0.38,54.2,18.04,40.0,88.66,41.39,17.03,44.57,1.24,36.18,8.52,62.5,0.69,42.11,16.46,22.22,3.72,39.62,12.48,27.08,1.78,54.86,18.49,17.39,0.0,21.69,773.0
5905,36,78,1173,0.51,42.94,18.28,30.42,8.08,42.62,57.14,1.19,0.34,19.5,13.17,50.0,93.83,43.16,18.35,42.0,1.02,41.25,13.88,66.66,0.17,46.5,27.57,50.0,2.82,43.06,15.95,42.42,0.59,35.57,22.17,28.57,0.0,35.37,652.0
5906,36,80,1293,0.69,42.19,18.18,32.0,7.0,43.23,60.0,0.77,0.07,48.0,0.0,0.0,93.3,42.29,18.16,43.4,1.55,35.85,9.79,60.0,0.23,55.33,19.73,33.33,3.27,39.71,19.55,38.09,0.77,58.3,25.41,0.0,0.0,24.91,742.0
5907,36,81,973,0.41,41.29,18.2,48.7,20.09,44.09,60.0,1.03,0.0,0.0,0.0,0.0,93.8,41.28,18.23,44.44,1.54,33.26,12.02,60.0,0.0,0.0,0.0,0.0,2.78,40.18,17.62,33.33,0.82,57.12,18.18,0.0,0.0,48.87,477.0
5908,36,83,1123,0.44,44.66,19.07,36.15,15.97,42.03,45.0,1.78,0.08,24.0,0.0,0.0,94.81,44.75,18.91,42.16,0.71,42.87,13.56,75.0,0.0,0.0,0.0,0.0,1.61,40.0,25.16,33.33,0.98,56.81,26.82,18.18,0.0,32.95,653.0
5909,36,85,983,0.0,45.83,19.06,36.76,20.43,40.99,46.15,1.32,0.1,72.0,0.0,100.0,92.57,46.11,19.01,40.87,3.76,37.02,15.06,45.94,0.0,0.0,0.0,0.0,1.11,58.72,16.44,45.45,1.11,48.0,23.77,18.18,0.0,33.26,533.0
5910,36,87,1198,0.41,41.92,18.06,42.45,21.12,41.81,70.0,1.67,0.0,0.0,0.0,0.0,91.36,41.88,17.93,41.1,2.68,37.62,14.8,56.25,0.16,46.5,0.7,50.0,2.84,41.85,18.48,35.29,1.25,45.86,25.89,33.33,0.0,37.4,655.0
5911,36,89,754,0.13,44.25,18.12,42.06,21.1,43.23,66.66,1.99,0.53,51.0,39.87,25.0,93.22,44.07,17.85,43.01,1.46,38.09,24.89,45.45,0.0,0.0,0.0,0.0,1.46,51.72,10.47,36.36,1.32,55.9,17.66,30.0,0.0,56.79,390.0
5912,36,91,1222,1.06,40.96,17.15,35.13,17.65,42.96,46.66,1.24,0.08,64.0,0.0,0.0,91.89,41.0,17.06,42.12,1.32,30.5,14.09,81.25,0.0,0.0,0.0,0.0,4.05,39.4,17.13,46.93,1.4,53.17,16.49,29.41,0.0,36.74,643.0
5913,36,97,1235,0.48,43.39,18.82,42.43,19.32,40.89,43.75,1.3,0.08,27.0,0.0,0.0,92.43,43.61,18.93,41.19,1.87,42.3,15.36,47.82,0.24,27.33,28.57,33.33,2.6,34.28,14.22,31.25,1.46,51.66,18.06,27.77,0.0,28.15,665.0
5914,36,98,1121,0.53,43.36,19.41,41.05,10.73,44.42,73.68,1.7,0.35,33.25,27.94,50.0,90.85,43.8,19.44,44.52,2.33,38.92,19.35,53.84,0.08,59.0,0.0,0.0,3.4,37.52,18.54,26.31,1.25,39.64,23.1,28.57,0.0,39.76,622.0
5915,36,100,725,0.55,40.59,19.2,29.52,17.69,43.03,52.94,2.35,0.13,82.0,0.0,0.0,90.29,40.43,19.15,41.62,1.24,37.33,11.64,88.88,0.27,42.5,3.53,0.0,3.74,42.62,16.59,44.44,1.94,50.35,24.32,64.28,0.0,54.94,381.0
5916,36,101,1232,0.48,39.18,18.42,31.52,16.42,43.5,36.84,1.54,0.16,25.0,7.07,50.0,93.06,39.25,18.38,43.9,1.38,32.7,16.82,41.17,0.24,62.66,5.5,33.33,2.12,36.23,19.21,42.3,1.46,48.66,19.22,38.88,0.0,37.01,529.0
5917,36,106,706,3.54,38.79,16.66,43.6,18.93,42.35,39.02,6.02,1.46,34.0,8.96,80.0,82.67,37.91,16.29,42.98,0.73,32.6,7.23,40.0,0.73,46.0,12.5,0.0,5.43,41.16,18.49,37.83,2.93,42.1,21.01,10.0,0.0,56.52,361.0
5918,36,111,1200,0.33,43.08,18.19,34.0,11.17,41.25,56.25,1.33,0.25,34.66,16.16,33.33,93.31,43.14,18.18,41.03,2.09,40.76,16.75,52.0,0.41,46.4,33.03,40.0,1.83,45.4,20.35,40.9,0.75,49.55,20.67,11.11,0.0,32.08,594.0
5919,36,113,768,1.04,43.07,17.36,32.33,24.09,41.92,44.44,1.18,0.26,59.5,28.99,50.0,94.6,43.06,17.23,41.58,1.05,35.75,8.06,87.5,0.13,22.0,0.0,0.0,1.97,46.2,16.09,33.33,0.78,58.66,23.15,16.66,0.0,29.21,465.0
5920,36,114,795,0.75,43.79,17.11,48.2,21.03,39.87,60.0,1.26,0.12,23.0,0.0,100.0,92.64,43.59,17.14,39.94,1.01,32.12,8.54,62.5,1.14,50.66,6.96,22.22,3.16,44.68,17.83,28.0,0.63,58.4,19.02,20.0,0.0,30.32,504.0
5921,36,116,818,2.07,40.98,17.65,40.37,22.8,45.47,54.16,2.99,0.12,69.0,0.0,100.0,90.26,40.68,17.43,44.95,0.62,28.6,17.99,100.0,0.74,47.16,14.94,33.33,4.11,41.21,19.74,39.39,1.12,53.33,12.1,33.33,0.0,51.42,465.0
5922,36,119,1092,0.27,40.31,16.15,36.63,18.15,44.13,72.72,1.01,0.18,49.0,9.89,100.0,92.01,40.33,16.29,43.61,0.82,34.77,9.58,77.77,0.36,48.25,17.85,25.0,5.14,40.76,14.65,41.07,0.45,45.0,13.72,40.0,0.0,27.05,557.0
5923,36,123,1037,1.83,42.09,17.0,47.7,16.76,43.78,60.0,1.96,0.39,46.25,11.08,75.0,88.11,41.7,17.36,44.48,1.57,33.68,10.24,81.25,0.29,44.0,13.11,0.0,5.79,43.54,13.42,28.81,1.86,47.57,13.72,21.05,0.0,30.35,636.0
5924,36,124,1286,1.71,41.85,16.98,39.66,20.08,41.52,40.0,2.37,0.07,0.0,0.0,0.0,88.52,41.81,16.87,41.37,0.79,33.1,15.82,60.0,0.47,38.16,22.75,33.33,5.53,41.51,15.46,41.42,2.05,48.3,16.3,42.3,0.0,29.72,726.0
5925,36,130,903,2.21,42.14,17.95,43.87,17.13,43.85,48.48,3.73,1.81,40.56,17.8,37.5,87.76,42.01,18.11,42.96,1.47,33.76,9.78,53.84,0.22,40.5,6.36,0.0,2.83,45.24,18.5,60.0,2.15,45.68,17.77,42.1,0.0,43.63,485.0
5926,36,unclear,1359,1.03,40.71,15.3,39.16,17.64,47.31,51.38,5.35,0.0,0.0,0.0,0.0,90.18,40.75,15.04,47.15,0.52,32.85,9.29,57.14,0.74,42.6,14.58,40.0,1.41,37.1,15.27,21.05,1.78,48.41,20.66,62.5,,,
5927,36,140,624,0.16,42.46,17.77,38.0,2.82,42.46,50.0,0.32,0.32,52.0,16.97,100.0,93.9,42.51,17.84,41.7,3.04,34.57,13.92,57.89,0.0,0.0,0.0,0.0,1.92,49.66,19.63,50.0,0.48,48.66,18.92,33.33,0.0,28.6,373.0
5928,36,145,665,2.25,44.27,18.3,43.64,18.03,45.86,52.0,3.84,0.76,31.4,26.42,40.0,83.23,43.93,17.89,46.39,2.46,28.0,14.69,43.75,0.3,56.5,4.94,50.0,7.07,49.56,19.43,41.3,2.3,56.6,17.71,46.66,0.0,57.96,382.0
5929,36,148,1229,2.27,41.81,16.41,43.7,17.8,43.53,40.0,2.49,0.24,50.33,6.65,33.33,89.67,41.59,16.11,44.19,0.91,38.63,10.32,72.72,0.58,42.14,26.51,42.85,4.66,39.25,17.92,35.71,1.41,58.94,17.97,29.41,0.0,35.68,721.0
5930,36,unclear,1145,2.62,40.19,14.94,42.38,14.77,45.15,57.89,5.11,0.0,0.0,0.0,0.0,87.89,39.94,14.97,44.89,0.8,29.55,5.68,66.66,0.89,44.2,17.23,30.0,3.67,38.6,12.78,31.7,1.61,48.88,18.12,55.55,,,
5931,36,151,832,1.2,42.28,18.29,53.0,22.53,40.62,85.71,0.85,0.0,0.0,0.0,0.0,91.84,41.93,18.05,40.79,1.21,36.4,16.93,50.0,0.36,53.66,13.31,0.0,4.01,40.42,20.06,33.33,1.7,54.85,24.59,14.28,0.0,28.52,518.0
5932,36,152,992,2.01,41.7,18.02,36.82,15.77,41.02,47.82,2.36,0.41,40.5,12.92,50.0,91.56,41.7,17.82,40.67,1.02,31.5,16.39,70.0,0.1,29.0,0.0,0.0,3.18,41.7,21.6,38.7,1.33,51.0,22.48,38.46,0.0,29.04,556.0
5933,36,154,645,3.1,40.45,17.66,34.27,14.35,43.25,22.72,3.52,0.16,27.0,0.0,0.0,84.16,40.41,18.14,43.34,1.91,37.41,14.22,83.33,1.76,40.0,16.97,36.36,6.88,41.02,14.72,30.23,1.6,50.4,16.22,70.0,0.0,60.4,369.0
5934,36,157,1032,4.26,42.39,18.06,43.96,20.16,42.73,45.16,3.13,0.5,47.2,31.9,80.0,82.99,41.9,17.88,42.07,2.42,40.0,16.6,75.0,0.4,52.75,10.3,0.0,9.31,41.95,18.97,34.78,1.21,49.83,20.68,25.0,0.0,30.5,632.0
5935,36,158,651,2.61,42.23,18.46,39.94,18.49,42.54,47.05,2.68,0.0,0.0,0.0,0.0,86.9,41.68,18.42,42.64,0.63,32.5,6.85,100.0,0.63,38.75,12.68,25.0,7.25,44.84,17.66,34.78,1.89,54.25,16.31,25.0,0.0,57.91,348.0
5936,36,159,955,4.39,43.78,18.92,45.94,17.41,42.19,38.88,1.97,0.1,48.0,0.0,100.0,85.76,43.46,19.12,42.4,2.19,41.55,14.11,60.0,0.32,43.33,7.57,0.0,7.77,43.3,16.25,36.61,1.86,45.76,24.47,35.29,0.0,38.06,539.0
5937,36,161,625,3.36,44.21,18.34,44.25,13.41,43.04,58.33,1.98,0.82,57.8,23.14,40.0,85.09,44.48,18.66,43.38,2.15,45.38,14.33,61.53,0.66,35.75,24.94,50.0,8.6,40.65,17.73,32.69,0.66,36.25,13.32,75.0,0.0,32.57,358.0
5938,36,163,503,1.39,43.11,18.22,39.85,21.03,40.75,42.85,1.41,0.0,0.0,0.0,0.0,91.12,42.85,18.18,40.48,1.2,28.16,6.49,66.66,0.2,66.0,0.0,100.0,4.83,45.5,14.38,37.5,1.2,56.5,13.08,50.0,0.0,28.14,313.0
5939,36,164,1086,2.3,43.12,18.35,43.37,22.36,43.09,55.55,2.54,0.65,68.57,13.92,71.42,84.91,42.33,18.22,41.95,2.07,33.36,13.85,54.54,0.37,54.75,2.5,50.0,8.38,47.01,17.47,39.32,1.03,52.09,17.59,72.72,0.0,34.73,642.0
5940,36,166,902,1.99,44.04,19.69,43.16,23.7,44.01,50.0,1.35,0.45,47.0,14.53,50.0,86.76,43.39,19.71,44.32,1.13,41.8,14.16,80.0,0.33,66.33,20.74,0.0,8.82,46.37,18.96,34.61,1.13,52.1,17.86,40.0,0.0,28.29,522.0
5941,36,unclear,1273,1.8,40.97,15.36,40.95,12.89,45.95,61.9,1.68,0.0,0.0,0.0,0.0,92.88,40.62,15.32,45.13,0.64,35.25,7.42,87.5,0.47,43.83,14.71,50.0,2.56,39.03,13.21,37.5,1.76,49.4,14.94,72.72,,,
5942,36,170,447,2.68,42.21,18.23,38.11,19.92,40.93,40.0,5.74,0.45,29.0,1.41,100.0,82.75,41.12,17.82,41.38,2.06,40.88,12.4,55.55,0.0,0.0,0.0,0.0,8.04,49.34,18.79,25.71,0.91,61.25,17.46,50.0,0.0,26.6,271.0
5943,36,171,1144,2.44,42.79,18.36,45.26,19.08,43.35,40.96,7.43,1.16,29.69,23.62,23.07,80.19,42.48,18.12,43.01,2.68,33.29,13.4,70.0,0.44,52.6,14.84,40.0,6.0,44.26,18.47,37.31,2.06,46.34,19.13,60.86,0.0,27.82,690.0
5944,36,172,551,5.62,40.47,18.06,51.87,14.54,43.73,68.75,3.07,0.57,61.66,15.56,33.33,86.73,38.66,17.59,43.9,1.15,36.33,13.36,83.33,1.15,33.66,20.6,50.0,4.8,41.2,18.42,24.0,2.5,49.84,14.32,38.46,0.0,25.74,326.0
5945,36,unclear,1290,3.95,44.42,16.71,47.89,17.58,44.18,59.57,3.79,0.0,0.0,0.0,0.0,86.19,43.82,16.7,42.79,1.37,27.35,3.08,88.23,0.8,50.5,22.87,30.0,4.76,45.35,14.24,33.89,3.06,55.89,13.57,57.89,,,
5946,36,unclear,1192,3.02,43.45,15.8,40.53,11.96,44.46,55.55,5.44,0.0,0.0,0.0,0.0,86.93,43.42,15.95,43.98,0.6,32.57,7.97,85.71,0.95,43.72,16.31,27.27,3.54,39.97,12.77,31.7,2.5,59.37,15.2,65.51,,,
5947,36,179,380,5.52,40.52,17.94,40.68,20.95,43.94,54.28,9.74,0.55,48.0,28.28,50.0,78.83,39.57,17.34,40.98,1.67,47.0,12.55,100.0,0.27,50.0,0.0,0.0,7.52,44.74,17.64,37.03,1.39,46.6,16.65,80.0,0.0,29.36,216.0
5948,36,180,974,2.25,44.62,18.4,56.12,17.68,43.01,54.16,2.52,0.21,55.0,11.31,50.0,86.76,43.94,18.56,42.61,1.36,39.07,14.19,92.3,0.42,46.5,5.91,25.0,6.19,48.55,12.01,44.06,2.52,35.41,20.25,25.0,0.0,33.33,585.0
5949,36,unclear,1209,3.22,42.24,16.33,40.6,16.84,46.98,56.66,2.56,0.0,0.0,0.0,0.0,87.86,41.91,16.23,46.3,1.11,32.46,10.2,76.92,1.02,43.16,13.86,33.33,4.87,41.4,13.64,35.08,2.56,45.7,19.02,66.66,,,
5950,36,183,1138,2.37,42.32,18.25,58.52,17.39,42.53,71.42,1.89,0.27,69.33,8.5,100.0,87.48,41.43,18.33,41.97,1.26,30.78,10.77,57.14,0.63,45.57,12.42,28.57,6.39,43.45,15.32,29.57,2.07,49.34,17.88,52.17,0.0,27.97,662.0
5951,36,184,993,2.51,43.06,17.92,49.35,21.61,42.09,45.94,3.82,0.1,73.0,0.0,100.0,85.02,42.18,17.69,41.31,1.65,32.75,18.53,81.25,0.1,40.0,0.0,0.0,7.64,45.91,14.15,37.83,1.65,55.62,16.81,43.75,0.0,28.71,607.0
5952,36,185,1023,1.27,42.33,17.87,37.82,19.76,44.18,52.94,1.68,0.0,0.0,0.0,0.0,91.18,42.12,17.84,44.19,0.79,42.0,24.67,75.0,0.09,27.0,0.0,0.0,5.14,44.88,17.24,34.61,1.08,48.72,16.04,54.54,0.0,27.49,599.0
5953,36,1,981,4.07,41.18,17.68,46.52,23.69,41.89,38.23,3.61,0.74,60.14,15.06,42.85,84.8,40.33,17.08,42.23,1.27,35.08,7.62,66.66,0.53,37.2,21.6,60.0,7.65,42.27,20.05,33.33,1.38,43.76,18.69,53.84,0.0,0.0,562.0
5954,36,2,966,3.1,41.75,18.37,40.18,22.9,41.82,45.45,2.35,0.21,42.0,7.07,50.0,86.11,41.04,17.77,40.94,1.49,32.42,6.9,92.85,0.32,53.0,7.0,66.66,7.79,41.73,20.97,35.61,1.7,54.31,23.95,56.25,0.0,0.0,560.0
5955,36,3,753,2.65,41.47,18.84,45.93,21.39,40.9,43.75,2.18,0.54,39.5,12.01,25.0,86.49,40.98,18.74,40.85,1.9,37.78,19.22,57.14,0.54,55.25,15.64,25.0,7.77,43.47,19.03,36.84,0.54,59.25,15.47,100.0,0.0,0.0,430.0
5956,36,4,648,0.92,42.19,17.63,42.04,12.78,46.45,45.45,3.42,0.31,59.5,10.6,100.0,87.38,42.24,17.55,47.23,2.18,31.64,14.61,64.28,0.0,0.0,0.0,0.0,5.45,39.79,19.68,31.42,1.24,48.62,20.29,0.0,0.0,0.0,401.0
5957,36,5,941,2.97,42.29,16.95,36.33,14.65,43.57,55.55,2.95,0.54,52.0,3.8,40.0,86.85,41.65,17.0,44.51,1.2,39.9,7.64,36.36,0.43,47.25,16.5,50.0,6.24,45.19,14.83,28.07,1.75,47.12,17.76,37.5,0.0,0.0,526.0
5958,36,6,888,3.49,41.5,17.49,40.51,18.45,39.63,33.78,8.63,0.46,52.5,21.37,25.0,78.87,41.08,17.31,40.82,1.28,39.09,15.4,63.63,1.16,40.6,23.77,30.0,7.81,41.16,17.23,31.34,1.75,47.6,13.31,53.33,0.0,0.0,515.0
5959,36,7,1183,2.28,41.96,18.88,40.86,17.94,37.61,34.88,3.71,0.17,45.5,14.84,0.0,82.78,41.43,18.69,38.14,1.29,34.73,5.95,86.66,0.95,50.36,10.02,36.36,8.56,44.64,20.68,33.33,2.5,48.68,21.49,17.24,0.0,0.0,683.0
5960,36,8,1011,2.67,41.73,17.64,46.04,17.41,39.86,64.0,2.54,0.2,54.0,22.62,100.0,84.04,41.07,17.55,39.17,1.42,40.5,18.26,78.57,0.91,47.33,18.47,44.44,8.73,43.23,17.71,31.39,2.13,45.57,21.77,28.57,0.0,0.0,606.0
5961,36,9,1183,3.71,42.57,19.06,49.43,18.94,40.82,37.73,4.65,0.52,63.0,16.22,83.33,83.49,41.79,18.8,41.11,2.01,33.26,19.02,60.86,0.43,44.0,16.46,20.0,6.93,41.77,17.35,32.91,1.93,50.04,20.46,50.0,0.0,0.0,680.0
5962,36,10,1082,4.15,42.67,18.22,41.12,17.62,40.57,40.32,5.97,0.96,65.0,21.94,50.0,80.52,41.63,18.21,41.19,1.06,37.9,8.84,100.0,0.28,51.0,5.56,33.33,8.96,43.79,16.07,32.25,2.12,55.45,20.55,31.81,0.0,0.0,627.0
5963,36,11,1108,3.06,42.59,18.73,46.18,17.78,41.69,47.36,3.53,0.0,0.0,0.0,0.0,84.07,42.06,18.75,41.3,2.42,35.23,11.26,76.92,0.65,40.0,9.05,28.57,7.72,42.8,17.32,34.93,1.58,57.41,20.1,35.29,0.0,0.0,665.0
5964,36,12,540,0.92,40.19,18.43,50.5,8.82,44.25,83.33,1.12,0.18,54.0,0.0,100.0,91.21,40.29,18.41,44.67,0.93,27.8,2.58,60.0,0.18,24.0,0.0,100.0,5.98,35.78,20.33,28.12,0.37,60.0,4.24,0.0,0.0,0.0,317.0
5965,36,13,955,3.87,41.11,18.19,37.9,17.52,41.57,48.38,3.37,0.21,48.5,0.7,100.0,83.44,40.31,18.12,41.51,1.3,32.58,8.03,66.66,1.41,52.69,14.34,30.76,8.71,40.68,17.38,33.75,1.52,54.71,23.26,28.57,0.0,0.0,564.0
5966,36,14,0,0.0,0.0,0.0,0.0,0.0,0.0,0.0,0.0,0.0,0.0,0.0,0.0,0.0,0.0,0.0,0.0,0.0,0.0,0.0,0.0,0.0,0.0,0.0,0.0,0.0,0.0,0.0,0.0,0.0,0.0,0.0,0.0,0.0,0.0,0.0
5967,36,15,1152,3.9,43.03,18.82,48.19,18.01,41.49,50.0,3.25,0.54,27.5,21.42,66.66,82.83,42.31,18.86,41.11,2.07,36.39,14.33,82.6,0.45,48.4,27.71,20.0,8.49,42.58,15.17,38.29,2.34,50.11,22.92,38.46,0.0,0.0,665.0
5968,36,16,834,5.99,40.65,17.34,45.82,18.94,43.28,69.56,2.93,0.63,47.2,17.28,40.0,81.88,39.05,16.91,43.92,2.16,35.76,13.37,58.82,0.63,56.0,15.03,40.0,8.67,43.85,15.88,27.94,3.06,45.45,18.08,41.66,0.0,0.0,480.0
5969,36,17,798,3.75,42.84,18.29,48.25,15.44,42.23,40.0,2.6,0.26,56.5,23.33,50.0,82.42,41.71,18.43,43.28,1.17,37.0,20.91,66.66,0.78,36.83,8.75,16.66,11.45,45.09,15.74,35.22,1.3,51.2,17.37,40.0,0.0,0.0,508.0
5970,36,18,732,3.14,41.36,17.21,37.81,22.02,41.53,45.45,1.55,0.28,45.5,10.6,50.0,88.57,40.89,16.8,42.35,1.26,33.44,11.25,55.55,0.84,41.5,20.6,66.66,6.06,41.9,18.35,30.23,1.41,46.9,24.63,20.0,0.0,0.0,414.0
5971,36,19,0,0.0,0.0,0.0,0.0,0.0,0.0,0.0,0.0,0.0,0.0,0.0,0.0,0.0,0.0,0.0,0.0,0.0,0.0,0.0,0.0,0.0,0.0,0.0,0.0,0.0,0.0,0.0,0.0,0.0,0.0,0.0,0.0,0.0,0.0,0.0
5972,36,20,686,2.04,42.88,18.64,32.7,16.01,42.56,50.0,1.48,0.29,79.5,9.19,100.0,88.69,42.69,18.28,42.11,1.63,32.45,28.35,54.54,1.19,53.87,6.19,37.5,4.61,41.61,17.6,35.48,2.08,48.78,24.81,42.85,0.0,0.0,404.0
5973,36,21,927,2.8,43.41,17.89,41.23,21.89,42.28,50.0,2.88,0.11,20.0,0.0,100.0,85.68,43.49,17.88,41.06,1.44,29.15,16.95,61.53,0.55,52.4,9.93,80.0,8.21,44.63,15.44,39.18,1.1,41.4,14.94,70.0,0.0,0.0,557.0
5974,36,22,1003,2.99,41.31,18.72,41.46,19.63,41.67,53.84,2.67,0.2,41.5,6.36,50.0,83.55,40.82,18.72,42.18,1.23,36.83,17.16,75.0,0.61,50.5,9.66,16.66,9.66,39.73,17.26,34.04,2.05,52.7,16.78,35.0,0.0,0.0,628.0
5975,36,23,831,3.24,41.83,17.81,40.57,14.61,41.87,50.0,3.23,0.0,0.0,0.0,0.0,85.32,41.02,18.06,41.83,1.24,33.9,15.08,60.0,0.74,50.66,19.61,16.66,8.2,45.1,14.94,37.87,1.24,53.7,12.55,20.0,0.0,0.0,481.0
5976,36,24,1225,2.53,42.96,18.85,44.88,19.79,41.87,34.28,2.93,0.33,59.75,17.17,25.0,84.42,42.13,18.84,41.76,1.0,32.16,13.76,91.66,0.75,57.11,6.64,33.33,8.62,45.0,16.34,40.77,1.92,47.39,26.47,34.78,0.0,0.0,722.0
5977,36,25,962,4.88,42.06,16.9,45.8,16.12,45.11,28.57,2.29,0.87,54.0,23.34,62.5,79.01,40.9,16.54,46.47,2.29,35.57,13.45,57.14,0.98,42.44,19.37,44.44,11.91,42.03,16.41,37.61,2.62,48.83,11.22,45.83,0.0,0.0,604.0
5978,36,26,1048,1.71,41.19,17.5,38.21,13.6,45.32,52.17,2.23,0.29,54.33,22.94,66.66,90.67,41.18,17.56,45.28,1.16,27.25,14.32,83.33,0.67,44.71,22.86,57.14,4.17,41.34,15.22,32.55,0.67,60.42,9.82,28.57,0.0,0.0,556.0
5979,36,27,1064,0.75,40.93,17.95,38.4,18.96,45.39,50.0,2.08,0.09,57.0,0.0,0.0,91.19,41.01,18.01,45.79,0.85,30.33,8.73,77.77,0.0,0.0,0.0,0.0,4.92,37.94,16.08,26.92,0.85,54.88,14.7,55.55,0.0,0.0,540.0
5980,36,28,856,0.81,42.36,17.6,39.12,19.14,43.57,37.5,0.94,0.23,70.0,21.21,50.0,92.1,42.26,17.57,43.73,0.94,37.37,12.03,62.5,0.11,33.0,0.0,100.0,4.35,40.83,15.16,35.13,1.29,52.18,20.8,27.27,0.0,0.0,512.0
5981,36,29,0,0.0,0.0,0.0,0.0,0.0,0.0,0.0,0.0,0.0,0.0,0.0,0.0,0.0,0.0,0.0,0.0,0.0,0.0,0.0,0.0,0.0,0.0,0.0,0.0,0.0,0.0,0.0,0.0,0.0,0.0,0.0,0.0,0.0,0.0,0.0
5982,36,30,0,0.0,0.0,0.0,0.0,0.0,0.0,0.0,0.0,0.0,0.0,0.0,0.0,0.0,0.0,0.0,0.0,0.0,0.0,0.0,0.0,0.0,0.0,0.0,0.0,0.0,0.0,0.0,0.0,0.0,0.0,0.0,0.0,0.0,0.0,0.0
5983,36,31,747,2.54,43.08,18.86,48.73,19.59,38.01,42.1,2.6,0.13,47.0,0.0,0.0,84.61,42.64,18.28,40.09,1.37,35.6,10.5,50.0,0.27,46.5,27.57,0.0,9.34,42.27,20.06,23.52,1.64,53.66,27.8,25.0,0.0,0.0,432.0
5984,36,32,778,2.18,42.72,18.47,44.61,19.1,41.64,44.44,4.73,0.26,50.5,37.47,0.0,82.65,41.9,18.2,41.81,1.57,34.66,19.01,83.33,0.39,61.0,4.58,0.0,8.4,45.75,18.7,34.37,1.97,47.73,22.34,46.66,0.0,0.0,479.0
5985,36,33,0,0.0,0.0,0.0,0.0,0.0,0.0,0.0,0.0,0.0,0.0,0.0,0.0,0.0,0.0,0.0,0.0,0.0,0.0,0.0,0.0,0.0,0.0,0.0,0.0,0.0,0.0,0.0,0.0,0.0,0.0,0.0,0.0,0.0,0.0,0.0
5986,36,35,0,0.0,0.0,0.0,0.0,0.0,0.0,0.0,0.0,0.0,0.0,0.0,0.0,0.0,0.0,0.0,0.0,0.0,0.0,0.0,0.0,0.0,0.0,0.0,0.0,0.0,0.0,0.0,0.0,0.0,0.0,0.0,0.0,0.0,0.0,0.0
5987,36,36,619,2.42,40.67,18.06,47.46,17.77,43.78,53.33,2.48,0.16,0.0,0.0,0.0,88.74,40.5,17.76,44.02,0.99,32.0,6.44,83.33,0.66,60.0,18.77,75.0,5.46,35.96,21.41,18.18,1.49,50.44,15.66,55.55,0.0,0.0,411.0
5988,36,37,629,2.7,41.26,19.15,43.66,25.15,42.44,38.88,2.94,0.49,63.66,15.27,66.66,91.01,40.61,18.77,42.01,1.63,39.6,16.45,70.0,0.0,0.0,0.0,0.0,2.94,40.44,18.78,33.33,0.98,42.33,11.62,33.33,0.0,0.0,379.0
5989,36,38,0,0.0,0.0,0.0,0.0,0.0,0.0,0.0,0.0,0.0,0.0,0.0,0.0,0.0,0.0,0.0,0.0,0.0,0.0,0.0,0.0,0.0,0.0,0.0,0.0,0.0,0.0,0.0,0.0,0.0,0.0,0.0,0.0,0.0,0.0,0.0
5990,36,39,744,3.36,44.15,19.66,38.72,25.16,43.68,40.9,3.05,0.41,49.33,12.09,0.0,86.23,44.0,19.15,43.87,1.66,33.83,12.34,91.66,0.13,56.0,0.0,0.0,7.78,41.55,22.37,33.92,0.69,57.2,17.34,60.0,0.0,0.0,401.0
5991,36,40,894,3.69,43.27,19.07,44.08,18.48,43.4,44.0,2.9,0.23,49.5,33.23,50.0,87.45,42.68,18.2,43.55,2.09,27.05,13.77,61.11,0.69,39.83,12.99,33.33,5.22,45.2,20.32,26.66,1.39,46.41,24.35,50.0,0.0,0.0,532.0
5992,36,41,1017,1.27,39.91,18.35,41.6,17.6,42.96,54.54,3.28,0.19,62.0,9.89,0.0,86.85,39.75,18.25,42.54,2.29,38.6,9.99,69.56,0.39,39.75,26.66,50.0,5.77,37.98,19.28,32.75,1.19,48.16,23.04,41.66,0.0,0.0,524.0
5993,36,42,1042,2.68,43.05,18.55,46.42,16.73,40.97,40.47,4.14,0.88,55.66,20.02,66.66,83.33,42.26,18.68,42.13,1.67,31.94,17.74,41.17,0.78,49.12,13.18,37.5,6.8,45.89,16.33,34.78,2.36,50.37,20.68,29.16,0.0,0.0,606.0
5994,36,43,859,1.51,38.2,16.12,36.75,15.22,46.33,48.27,3.42,1.3,45.0,12.82,27.27,88.88,38.11,16.15,45.34,1.18,35.9,6.72,80.0,0.23,60.0,2.82,50.0,4.13,33.82,17.15,45.71,0.82,46.71,18.07,71.42,0.0,0.0,453.0
5995,36,46,1039,0.76,41.23,17.06,24.28,20.82,41.28,42.85,0.67,0.0,0.0,0.0,0.0,94.37,41.07,16.91,41.41,0.58,41.66,15.98,66.66,0.19,34.5,48.79,0.0,2.23,40.86,16.21,56.52,1.93,52.35,17.17,25.0,0.0,0.0,590.0
5996,36,47,1447,1.31,38.42,17.63,34.37,15.3,43.53,50.0,1.12,0.49,52.57,18.72,42.85,91.45,38.07,17.33,43.18,1.4,30.85,16.88,65.0,0.35,41.6,26.57,40.0,3.71,39.3,18.39,50.94,1.26,53.44,20.72,27.77,0.0,0.0,642.0
5997,36,49,0,0.0,0.0,0.0,0.0,0.0,0.0,0.0,0.0,0.0,0.0,0.0,0.0,0.0,0.0,0.0,0.0,0.0,0.0,0.0,0.0,0.0,0.0,0.0,0.0,0.0,0.0,0.0,0.0,0.0,0.0,0.0,0.0,0.0,0.0,0.0
5998,36,51,547,0.54,39.79,17.69,37.2,17.19,44.42,73.33,2.75,0.36,60.5,48.79,0.0,90.62,39.67,17.64,43.81,0.55,33.0,3.6,66.66,0.0,0.0,0.0,0.0,5.14,40.64,17.99,39.28,0.55,46.33,20.81,33.33,0.0,0.0,306.0
5999,36,52,964,0.2,43.59,19.31,40.89,21.15,43.56,57.89,1.97,0.2,24.0,33.94,50.0,91.99,44.14,19.21,43.61,1.35,28.15,15.25,53.84,0.1,44.0,0.0,0.0,2.8,37.11,19.15,29.62,1.55,43.4,19.93,33.33,0.0,0.0,599.0
6000,36,53,0,0.0,0.0,0.0,0.0,0.0,0.0,0.0,0.0,0.0,0.0,0.0,0.0,0.0,0.0,0.0,0.0,0.0,0.0,0.0,0.0,0.0,0.0,0.0,0.0,0.0,0.0,0.0,0.0,0.0,0.0,0.0,0.0,0.0,0.0,0.0
6001,36,58,1138,2.28,42.21,17.56,47.61,20.31,43.84,31.91,4.22,0.26,46.66,2.51,100.0,86.87,41.79,17.06,44.2,1.34,33.6,14.32,73.33,0.17,75.0,11.31,50.0,5.39,43.36,18.42,41.66,1.7,33.94,22.43,31.57,0.0,0.0,665.0
6002,36,59,0,0.0,0.0,0.0,0.0,0.0,0.0,0.0,0.0,0.0,0.0,0.0,0.0,0.0,0.0,0.0,0.0,0.0,0.0,0.0,0.0,0.0,0.0,0.0,0.0,0.0,0.0,0.0,0.0,0.0,0.0,0.0,0.0,0.0,0.0,0.0
6003,36,60,1003,1.19,38.1,18.07,39.72,14.25,44.76,40.9,2.21,0.2,56.5,40.3,50.0,88.49,38.01,18.03,45.38,1.51,34.86,10.81,80.0,0.7,34.0,17.65,28.57,5.85,36.67,18.67,36.2,0.9,38.77,25.41,11.11,0.0,0.0,509.0
6004,36,61,975,2.05,43.35,18.77,43.16,18.66,41.84,38.7,3.24,0.0,0.0,0.0,0.0,87.95,43.01,18.81,42.14,0.83,38.5,8.31,87.5,0.62,52.0,12.75,50.0,4.5,45.13,17.41,44.18,2.82,48.14,22.06,29.62,0.0,0.0,551.0
6005,36,62,646,0.92,41.02,18.18,33.14,16.22,44.42,0.0,1.09,0.15,34.0,0.0,0.0,91.25,41.22,17.82,45.37,1.4,29.33,24.32,88.88,0.0,0.0,0.0,0.0,4.68,42.23,19.98,26.66,1.4,36.55,24.87,55.55,0.0,0.0,309.0
6006,36,63,1140,1.31,38.03,18.16,35.57,18.85,44.47,53.84,2.31,0.17,73.5,9.19,0.0,89.15,37.72,17.99,44.46,1.68,30.89,14.17,73.68,0.53,42.33,6.02,33.33,4.62,39.61,19.6,34.61,1.51,49.58,21.4,35.29,0.0,0.0,550.0
6007,36,67,855,1.16,41.19,18.57,35.56,17.64,41.98,48.0,2.95,0.11,38.0,0.0,0.0,90.53,41.56,18.37,41.43,2.48,33.23,18.95,52.38,0.0,0.0,0.0,0.0,3.31,39.96,22.66,42.85,0.59,49.6,15.17,20.0,0.0,0.0,380.0
6008,36,69,0,0.0,0.0,0.0,0.0,0.0,0.0,0.0,0.0,0.0,0.0,0.0,0.0,0.0,0.0,0.0,0.0,0.0,0.0,0.0,0.0,0.0,0.0,0.0,0.0,0.0,0.0,0.0,0.0,0.0,0.0,0.0,0.0,0.0,0.0,0.0
6009,36,70,0,0.0,0.0,0.0,0.0,0.0,0.0,0.0,0.0,0.0,0.0,0.0,0.0,0.0,0.0,0.0,0.0,0.0,0.0,0.0,0.0,0.0,0.0,0.0,0.0,0.0,0.0,0.0,0.0,0.0,0.0,0.0,0.0,0.0,0.0,0.0
6010,36,73,768,2.6,41.32,18.1,37.65,17.56,42.57,50.0,4.27,0.8,46.16,21.53,16.66,86.36,40.91,17.61,42.72,0.93,38.57,24.97,85.71,0.53,42.5,15.6,25.0,5.48,39.63,20.91,34.14,1.6,51.75,22.47,25.0,0.0,0.0,364.0
6011,36,74,787,1.52,37.63,16.83,38.15,17.56,41.29,57.89,2.45,0.51,47.0,3.55,25.0,87.87,37.52,16.81,40.52,1.93,24.0,14.44,73.33,0.51,50.5,19.6,0.0,5.8,36.33,12.75,35.55,0.9,44.0,23.17,42.85,0.0,0.0,355.0
6012,36,75,1170,1.19,43.06,19.04,42.31,17.35,42.73,43.75,2.76,0.17,36.5,17.67,100.0,88.14,43.04,19.01,42.1,1.55,43.27,26.69,50.0,0.51,37.5,9.6,50.0,5.19,42.23,18.41,43.33,1.55,50.94,17.17,44.44,0.0,0.0,693.0
6013,36,76,0,0.0,0.0,0.0,0.0,0.0,0.0,0.0,0.0,0.0,0.0,0.0,0.0,0.0,0.0,0.0,0.0,0.0,0.0,0.0,0.0,0.0,0.0,0.0,0.0,0.0,0.0,0.0,0.0,0.0,0.0,0.0,0.0,0.0,0.0,0.0
6014,36,79,1091,0.54,45.23,19.91,48.05,21.89,40.23,58.82,1.56,0.09,20.0,0.0,100.0,91.33,45.44,19.65,39.65,1.47,35.75,25.42,50.0,0.27,42.33,20.79,0.0,3.77,42.97,20.27,46.34,1.47,49.87,27.14,25.0,0.0,0.0,645.0
6015,36,82,0,0.0,0.0,0.0,0.0,0.0,0.0,0.0,0.0,0.0,0.0,0.0,0.0,0.0,0.0,0.0,0.0,0.0,0.0,0.0,0.0,0.0,0.0,0.0,0.0,0.0,0.0,0.0,0.0,0.0,0.0,0.0,0.0,0.0,0.0,0.0
6016,36,84,0,0.0,0.0,0.0,0.0,0.0,0.0,0.0,0.0,0.0,0.0,0.0,0.0,0.0,0.0,0.0,0.0,0.0,0.0,0.0,0.0,0.0,0.0,0.0,0.0,0.0,0.0,0.0,0.0,0.0,0.0,0.0,0.0,0.0,0.0,0.0
6017,36,86,0,0.0,0.0,0.0,0.0,0.0,0.0,0.0,0.0,0.0,0.0,0.0,0.0,0.0,0.0,0.0,0.0,0.0,0.0,0.0,0.0,0.0,0.0,0.0,0.0,0.0,0.0,0.0,0.0,0.0,0.0,0.0,0.0,0.0,0.0,0.0
6018,36,88,1085,0.64,42.63,18.13,36.44,9.98,43.13,77.77,0.83,0.09,37.0,0.0,0.0,93.13,42.61,18.16,42.92,1.2,34.53,20.69,61.53,0.09,75.0,0.0,100.0,3.71,43.35,12.95,35.0,0.92,54.8,20.66,30.0,0.0,0.0,656.0
6019,36,90,0,0.0,0.0,0.0,0.0,0.0,0.0,0.0,0.0,0.0,0.0,0.0,0.0,0.0,0.0,0.0,0.0,0.0,0.0,0.0,0.0,0.0,0.0,0.0,0.0,0.0,0.0,0.0,0.0,0.0,0.0,0.0,0.0,0.0,0.0,0.0
6020,36,92,1451,0.62,41.48,18.43,41.34,18.27,43.21,60.86,1.59,0.06,74.0,0.0,0.0,89.87,41.19,18.45,43.28,1.59,33.39,18.07,65.21,0.48,46.28,9.7,28.57,5.06,43.71,15.56,35.61,1.31,51.68,23.2,21.05,0.0,0.0,739.0
6021,36,93,0,0.0,0.0,0.0,0.0,0.0,0.0,0.0,0.0,0.0,0.0,0.0,0.0,0.0,0.0,0.0,0.0,0.0,0.0,0.0,0.0,0.0,0.0,0.0,0.0,0.0,0.0,0.0,0.0,0.0,0.0,0.0,0.0,0.0,0.0,0.0
6022,36,94,0,0.0,0.0,0.0,0.0,0.0,0.0,0.0,0.0,0.0,0.0,0.0,0.0,0.0,0.0,0.0,0.0,0.0,0.0,0.0,0.0,0.0,0.0,0.0,0.0,0.0,0.0,0.0,0.0,0.0,0.0,0.0,0.0,0.0,0.0,0.0
6023,36,95,0,0.0,0.0,0.0,0.0,0.0,0.0,0.0,0.0,0.0,0.0,0.0,0.0,0.0,0.0,0.0,0.0,0.0,0.0,0.0,0.0,0.0,0.0,0.0,0.0,0.0,0.0,0.0,0.0,0.0,0.0,0.0,0.0,0.0,0.0,0.0
6024,36,96,0,0.0,0.0,0.0,0.0,0.0,0.0,0.0,0.0,0.0,0.0,0.0,0.0,0.0,0.0,0.0,0.0,0.0,0.0,0.0,0.0,0.0,0.0,0.0,0.0,0.0,0.0,0.0,0.0,0.0,0.0,0.0,0.0,0.0,0.0,0.0
6025,36,99,1097,0.36,41.45,19.58,45.92,15.59,44.48,28.57,1.28,0.0,0.0,0.0,0.0,92.68,41.34,19.46,45.31,1.18,27.46,13.59,61.53,0.27,36.0,31.74,33.33,3.47,43.02,20.94,34.21,1.09,52.0,22.66,8.33,0.0,0.0,627.0
6026,36,102,1193,0.58,40.39,18.99,31.23,10.15,45.93,41.17,1.43,0.16,46.0,25.45,50.0,92.49,40.51,18.88,45.94,0.84,33.9,14.94,80.0,0.0,0.0,0.0,0.0,3.28,40.97,19.72,35.89,1.77,39.23,26.63,47.61,0.0,0.0,623.0
6027,36,103,0,0.0,0.0,0.0,0.0,0.0,0.0,0.0,0.0,0.0,0.0,0.0,0.0,0.0,0.0,0.0,0.0,0.0,0.0,0.0,0.0,0.0,0.0,0.0,0.0,0.0,0.0,0.0,0.0,0.0,0.0,0.0,0.0,0.0,0.0,0.0
6028,36,105,695,2.87,38.42,16.4,39.18,14.38,44.31,36.36,3.25,1.03,35.42,27.87,14.28,87.7,38.03,16.3,45.6,0.88,30.0,5.76,50.0,0.29,54.5,2.12,50.0,4.59,38.29,17.59,32.25,2.22,42.06,13.61,40.0,0.0,0.0,334.0
6029,36,107,1029,2.23,40.0,16.83,38.19,15.86,43.34,57.69,2.58,0.09,39.0,0.0,0.0,88.36,39.26,16.56,44.2,1.88,40.57,16.23,57.89,0.59,38.16,10.98,16.66,4.97,44.26,18.36,24.0,1.39,48.42,12.34,28.57,0.0,0.0,541.0
6030,36,108,919,1.41,39.56,17.16,36.75,12.23,43.3,43.75,1.76,0.33,36.0,15.09,33.33,90.17,39.37,16.99,44.18,1.54,30.0,11.73,42.85,0.11,59.0,0.0,0.0,4.3,39.89,15.94,38.46,1.76,41.0,19.86,31.25,0.0,0.0,470.0
6031,36,109,1124,1.33,39.13,17.03,39.84,14.04,43.14,53.84,2.34,0.54,43.0,15.69,50.0,89.08,38.99,16.93,42.81,1.44,26.75,11.75,68.75,0.18,46.0,11.31,50.0,4.77,40.81,18.34,43.39,1.62,49.44,21.46,33.33,0.0,0.0,528.0
6032,36,110,783,1.4,40.63,16.68,39.68,16.79,42.27,40.9,2.84,0.12,53.0,0.0,0.0,89.63,40.67,16.48,43.64,1.16,24.44,16.03,55.55,0.12,35.0,0.0,0.0,4.4,40.55,17.01,26.47,1.68,46.84,17.4,38.46,0.0,0.0,446.0
6033,36,112,1090,0.36,42.57,18.58,42.6,19.25,43.21,70.0,0.92,0.0,0.0,0.0,0.0,90.6,43.23,18.59,42.98,6.53,35.19,15.81,40.84,0.0,0.0,0.0,0.0,1.01,43.72,17.26,45.45,0.92,22.5,17.55,40.0,0.0,0.0,627.0
6034,36,115,1204,0.33,42.49,17.56,44.61,17.64,42.27,72.22,1.5,0.08,24.0,0.0,100.0,92.5,42.28,17.31,41.44,1.5,34.55,13.73,61.11,0.16,43.5,20.5,0.0,2.91,48.08,22.69,42.85,1.33,46.87,19.45,43.75,0.0,0.0,708.0
6035,36,117,800,1.12,38.83,16.39,36.11,17.05,42.12,58.82,2.14,0.0,0.0,0.0,0.0,87.73,38.93,16.32,42.21,2.02,31.68,9.93,56.25,0.37,45.33,12.01,33.33,6.44,38.54,17.38,27.45,1.26,48.6,12.63,40.0,0.0,0.0,397.0
6036,36,118,890,1.23,39.46,17.15,41.23,22.44,40.78,69.23,1.47,0.0,0.0,0.0,0.0,90.21,39.33,16.92,40.47,1.36,29.33,11.0,75.0,0.79,56.28,11.62,14.28,5.11,36.64,16.74,31.11,1.02,45.44,19.27,33.33,0.0,0.0,429.0
6037,36,121,1023,2.05,40.82,16.76,37.0,17.1,43.01,32.14,2.79,0.19,26.5,3.53,50.0,88.92,40.32,16.7,43.65,0.59,33.0,17.74,66.66,0.39,50.5,3.1,25.0,5.48,46.78,13.74,38.18,1.59,49.06,18.47,31.25,0.0,0.0,564.0
6038,36,125,0,0.0,0.0,0.0,0.0,0.0,0.0,0.0,0.0,0.0,0.0,0.0,0.0,0.0,0.0,0.0,0.0,0.0,0.0,0.0,0.0,0.0,0.0,0.0,0.0,0.0,0.0,0.0,0.0,0.0,0.0,0.0,0.0,0.0,0.0,0.0
6039,36,126,0,0.0,0.0,0.0,0.0,0.0,0.0,0.0,0.0,0.0,0.0,0.0,0.0,0.0,0.0,0.0,0.0,0.0,0.0,0.0,0.0,0.0,0.0,0.0,0.0,0.0,0.0,0.0,0.0,0.0,0.0,0.0,0.0,0.0,0.0,0.0
6040,36,127,597,1.0,40.49,17.85,47.41,16.8,42.71,41.66,2.03,0.16,26.0,0.0,0.0,86.8,40.8,18.06,42.88,1.86,38.54,10.27,72.72,0.0,0.0,0.0,0.0,7.44,37.0,16.82,36.36,1.69,40.2,15.58,30.0,0.0,0.0,303.0
6041,36,128,0,0.0,0.0,0.0,0.0,0.0,0.0,0.0,0.0,0.0,0.0,0.0,0.0,0.0,0.0,0.0,0.0,0.0,0.0,0.0,0.0,0.0,0.0,0.0,0.0,0.0,0.0,0.0,0.0,0.0,0.0,0.0,0.0,0.0,0.0,0.0
6042,36,129,1112,1.07,41.88,17.23,36.08,17.71,42.89,54.16,2.18,0.18,57.5,13.43,0.0,89.63,41.63,17.16,42.79,1.18,41.76,17.55,46.15,0.36,56.5,16.82,25.0,4.72,43.63,17.07,38.46,1.72,46.89,20.73,52.63,0.0,0.0,613.0
6043,36,131,0,0.0,0.0,0.0,0.0,0.0,0.0,0.0,0.0,0.0,0.0,0.0,0.0,0.0,0.0,0.0,0.0,0.0,0.0,0.0,0.0,0.0,0.0,0.0,0.0,0.0,0.0,0.0,0.0,0.0,0.0,0.0,0.0,0.0,0.0,0.0
6044,36,132,756,0.26,40.3,16.24,42.29,17.89,43.51,47.05,2.25,0.0,0.0,0.0,0.0,89.52,40.05,16.04,41.92,1.85,32.07,12.77,85.71,0.39,50.66,13.31,33.33,5.3,44.52,19.43,57.5,0.66,45.0,12.62,20.0,0.0,0.0,405.0
6045,36,136,0,0.0,0.0,0.0,0.0,0.0,0.0,0.0,0.0,0.0,0.0,0.0,0.0,0.0,0.0,0.0,0.0,0.0,0.0,0.0,0.0,0.0,0.0,0.0,0.0,0.0,0.0,0.0,0.0,0.0,0.0,0.0,0.0,0.0,0.0,0.0
6046,36,137,0,0.0,0.0,0.0,0.0,0.0,0.0,0.0,0.0,0.0,0.0,0.0,0.0,0.0,0.0,0.0,0.0,0.0,0.0,0.0,0.0,0.0,0.0,0.0,0.0,0.0,0.0,0.0,0.0,0.0,0.0,0.0,0.0,0.0,0.0,0.0
6047,36,139,0,0.0,0.0,0.0,0.0,0.0,0.0,0.0,0.0,0.0,0.0,0.0,0.0,0.0,0.0,0.0,0.0,0.0,0.0,0.0,0.0,0.0,0.0,0.0,0.0,0.0,0.0,0.0,0.0,0.0,0.0,0.0,0.0,0.0,0.0,0.0
6048,36,141,1090,0.45,44.35,18.27,42.85,21.26,43.3,40.0,1.84,0.18,25.5,3.53,50.0,91.88,44.62,17.96,43.02,2.21,33.62,21.25,54.16,0.0,0.0,0.0,0.0,3.13,41.52,18.32,50.0,0.73,60.12,27.39,25.0,0.0,0.0,634.0
6049,36,142,0,0.0,0.0,0.0,0.0,0.0,0.0,0.0,0.0,0.0,0.0,0.0,0.0,0.0,0.0,0.0,0.0,0.0,0.0,0.0,0.0,0.0,0.0,0.0,0.0,0.0,0.0,0.0,0.0,0.0,0.0,0.0,0.0,0.0,0.0,0.0
6050,36,143,0,0.0,0.0,0.0,0.0,0.0,0.0,0.0,0.0,0.0,0.0,0.0,0.0,0.0,0.0,0.0,0.0,0.0,0.0,0.0,0.0,0.0,0.0,0.0,0.0,0.0,0.0,0.0,0.0,0.0,0.0,0.0,0.0,0.0,0.0,0.0
6051,36,144,739,2.3,38.29,15.21,39.48,14.51,44.51,45.45,4.57,0.0,0.0,0.0,0.0,87.25,37.91,14.95,45.55,1.38,26.9,14.53,80.0,0.0,0.0,0.0,0.0,6.09,39.43,15.84,27.27,0.69,54.6,15.17,20.0,0.0,0.0,438.0
6052,36,146,0,0.0,0.0,0.0,0.0,0.0,0.0,0.0,0.0,0.0,0.0,0.0,0.0,0.0,0.0,0.0,0.0,0.0,0.0,0.0,0.0,0.0,0.0,0.0,0.0,0.0,0.0,0.0,0.0,0.0,0.0,0.0,0.0,0.0,0.0,0.0
6053,36,147,1284,2.1,41.79,16.88,44.23,21.16,41.27,50.0,3.02,0.39,31.4,25.33,80.0,86.95,41.64,16.92,39.79,1.35,36.88,13.86,88.23,0.31,42.5,8.66,25.0,6.36,40.31,14.12,41.25,1.59,48.15,15.86,40.0,0.0,0.0,735.0
6054,36,153,0,0.0,0.0,0.0,0.0,0.0,0.0,0.0,0.0,0.0,0.0,0.0,0.0,0.0,0.0,0.0,0.0,0.0,0.0,0.0,0.0,0.0,0.0,0.0,0.0,0.0,0.0,0.0,0.0,0.0,0.0,0.0,0.0,0.0,0.0,0.0
6055,36,155,0,0.0,0.0,0.0,0.0,0.0,0.0,0.0,0.0,0.0,0.0,0.0,0.0,0.0,0.0,0.0,0.0,0.0,0.0,0.0,0.0,0.0,0.0,0.0,0.0,0.0,0.0,0.0,0.0,0.0,0.0,0.0,0.0,0.0,0.0,0.0
6056,36,156,823,2.3,41.13,17.82,48.86,21.07,43.49,45.45,2.73,0.12,62.0,0.0,100.0,84.2,40.25,17.95,43.13,1.74,32.71,15.35,71.42,1.11,55.77,9.44,0.0,9.2,43.81,15.51,45.94,0.87,43.85,17.42,28.57,0.0,0.0,451.0
6057,36,160,854,2.34,42.69,19.71,50.15,16.4,40.63,63.15,2.27,0.11,33.0,0.0,100.0,87.17,41.79,20.05,40.3,1.55,37.07,10.07,61.53,0.23,42.5,4.94,50.0,7.31,48.04,17.77,32.78,1.31,48.54,22.45,36.36,0.0,0.0,487.0
6058,36,162,0,0.0,0.0,0.0,0.0,0.0,0.0,0.0,0.0,0.0,0.0,0.0,0.0,0.0,0.0,0.0,0.0,0.0,0.0,0.0,0.0,0.0,0.0,0.0,0.0,0.0,0.0,0.0,0.0,0.0,0.0,0.0,0.0,0.0,0.0,0.0
6059,36,165,559,3.39,40.67,16.66,34.62,24.27,42.75,43.75,2.96,0.37,38.0,19.79,50.0,86.29,40.16,16.59,43.99,0.92,29.0,17.49,60.0,0.37,49.0,1.41,50.0,7.77,43.33,14.55,35.71,1.29,49.85,10.88,14.28,0.0,0.0,343.0
6060,36,169,0,0.0,0.0,0.0,0.0,0.0,0.0,0.0,0.0,0.0,0.0,0.0,0.0,0.0,0.0,0.0,0.0,0.0,0.0,0.0,0.0,0.0,0.0,0.0,0.0,0.0,0.0,0.0,0.0,0.0,0.0,0.0,0.0,0.0,0.0,0.0
6061,36,175,0,0.0,0.0,0.0,0.0,0.0,0.0,0.0,0.0,0.0,0.0,0.0,0.0,0.0,0.0,0.0,0.0,0.0,0.0,0.0,0.0,0.0,0.0,0.0,0.0,0.0,0.0,0.0,0.0,0.0,0.0,0.0,0.0,0.0,0.0,0.0
6062,36,178,0,0.0,0.0,0.0,0.0,0.0,0.0,0.0,0.0,0.0,0.0,0.0,0.0,0.0,0.0,0.0,0.0,0.0,0.0,0.0,0.0,0.0,0.0,0.0,0.0,0.0,0.0,0.0,0.0,0.0,0.0,0.0,0.0,0.0,0.0,0.0
6063,36,186,0,0.0,0.0,0.0,0.0,0.0,0.0,0.0,0.0,0.0,0.0,0.0,0.0,0.0,0.0,0.0,0.0,0.0,0.0,0.0,0.0,0.0,0.0,0.0,0.0,0.0,0.0,0.0,0.0,0.0,0.0,0.0,0.0,0.0,0.0,0.0
6064,37,93,708,3.53,43.88,18.93,50.33,13.96,38.98,50.0,1.75,0.29,58.5,2.12,100.0,88.87,42.55,18.76,38.38,1.02,46.42,19.38,57.14,0.73,60.8,8.55,60.0,5.41,48.05,20.85,32.43,1.9,59.38,12.14,38.46,0.0,27.01,418.0
6065,37,94,962,0.2,44.09,20.26,12.5,17.67,42.2,100.0,0.2,0.0,0.0,0.0,0.0,79.68,44.28,20.17,30.58,0.52,36.2,22.87,80.0,0.1,27.0,0.0,0.0,19.27,43.76,20.29,88.64,0.2,31.0,5.65,0.0,0.0,32.91,496.0
6066,37,95,978,1.12,44.16,20.21,44.07,20.95,42.02,38.46,1.34,0.1,38.0,0.0,0.0,84.79,44.23,20.12,36.21,0.41,45.25,10.62,75.0,0.1,30.0,0.0,0.0,12.4,41.42,20.19,80.83,0.82,55.0,26.59,62.5,0.0,32.41,568.0
6067,37,99,943,2.22,41.31,18.67,50.3,14.68,40.19,60.0,1.08,0.32,58.66,22.89,100.0,91.43,40.41,18.4,40.33,1.4,37.3,19.22,46.15,0.54,61.0,20.61,20.0,4.01,44.21,21.66,27.02,1.19,58.9,11.7,45.45,0.0,29.15,512.0
6068,37,121,635,9.29,43.64,18.45,49.05,19.45,42.04,55.0,3.47,0.69,53.5,34.15,75.0,80.2,41.83,17.36,41.55,2.25,32.76,13.07,61.53,1.38,36.25,19.48,37.5,7.81,48.04,16.88,26.66,4.16,48.41,20.37,33.33,0.0,33.99,357.0
6069,37,132,357,3.64,43.18,17.82,37.88,20.75,39.49,33.33,2.61,0.0,0.0,0.0,0.0,85.75,42.85,17.59,38.98,1.74,33.0,5.05,50.0,0.58,41.0,1.41,50.0,7.84,45.11,19.84,37.03,1.45,57.4,6.18,60.0,0.0,37.69,223.0
6070,37,150,543,7.36,41.51,18.1,43.7,29.92,39.41,40.0,1.98,0.19,0.0,0.0,0.0,83.1,39.56,16.72,37.08,3.37,40.94,19.74,58.82,0.59,46.0,2.0,100.0,8.74,45.79,15.06,36.36,1.98,55.7,14.05,40.0,0.0,34.57,345.0
6071,37,157,1124,1.6,41.98,17.12,32.88,19.02,41.99,55.55,1.62,0.36,39.5,21.85,0.0,91.41,42.24,17.13,42.43,1.98,29.22,10.09,50.0,0.18,48.0,25.45,0.0,3.61,43.07,14.84,35.0,0.54,48.66,16.31,16.66,0.0,32.08,668.0
6072,37,160,1004,1.39,42.58,19.33,35.14,9.23,41.23,35.71,1.41,0.5,43.4,12.64,80.0,89.39,42.63,19.27,41.24,1.81,32.72,8.99,72.22,0.1,28.0,0.0,0.0,4.84,45.45,21.73,37.5,1.91,43.36,23.87,26.31,0.0,43.59,595.0
6073,37,162,830,0.24,41.35,18.08,32.0,16.86,41.08,28.57,0.84,0.36,45.66,17.61,66.66,88.16,41.29,18.23,41.09,1.69,34.35,14.72,71.42,0.6,38.4,16.47,20.0,5.91,42.93,15.32,42.85,2.29,45.52,21.65,21.05,0.0,48.41,450.0
6074,37,163,849,2.12,43.82,18.72,45.8,13.58,43.69,52.0,3.0,0.0,0.0,0.0,0.0,87.48,43.96,18.68,43.46,1.08,30.11,4.85,77.77,0.84,46.14,21.62,28.57,4.81,38.5,15.57,35.0,2.64,52.63,24.17,36.36,0.0,35.73,545.0
6075,37,165,807,1.85,42.47,18.92,44.14,14.73,40.39,28.57,0.88,0.12,54.0,0.0,0.0,86.99,42.71,19.0,41.65,1.64,34.3,7.53,76.92,0.63,39.6,10.11,20.0,5.42,40.18,19.77,27.9,4.16,46.6,20.44,24.24,0.0,37.58,488.0
6076,37,167,516,2.9,44.84,19.49,48.7,21.94,43.6,70.0,1.99,0.19,36.0,0.0,0.0,88.22,44.96,19.47,43.21,1.79,29.11,21.9,88.88,0.0,0.0,0.0,0.0,6.38,43.06,17.38,31.25,1.39,47.0,24.96,0.0,0.0,37.68,334.0
6077,37,168,776,3.09,41.83,17.95,41.88,16.6,44.84,42.3,3.45,0.13,64.0,0.0,100.0,86.96,41.69,18.2,46.78,1.72,33.0,12.04,61.53,0.26,40.5,6.36,0.0,4.65,43.57,17.33,28.57,2.79,44.8,14.95,23.8,0.0,38.16,482.0
6078,37,173,705,6.66,42.63,17.22,45.58,14.54,40.0,47.05,2.58,0.45,62.33,8.14,66.66,79.78,41.62,16.83,40.95,2.73,32.27,13.36,72.22,0.6,37.25,14.31,0.0,11.24,41.82,17.5,27.02,2.58,50.41,17.99,23.52,0.0,51.44,437.0
6079,37,176,959,2.5,43.89,19.3,59.0,21.87,40.35,52.63,2.03,0.1,70.0,0.0,100.0,88.44,43.44,19.12,39.66,1.92,40.61,13.71,66.66,0.85,44.62,18.63,37.5,4.59,40.58,16.63,34.88,2.03,48.15,24.43,36.84,0.0,37.88,545.0
6080,37,178,632,4.74,40.34,18.61,50.0,25.01,43.03,66.66,0.99,0.0,0.0,0.0,0.0,84.88,39.85,18.52,42.27,1.49,42.0,19.06,66.66,0.49,33.33,29.95,33.33,10.29,36.53,18.49,46.77,1.82,55.9,18.26,27.27,0.0,32.33,384.0
6081,37,180,617,4.21,45.79,20.31,47.35,20.35,42.13,47.05,2.87,0.84,40.79,27.61,60.0,81.89,44.8,20.38,42.14,2.53,47.13,18.92,53.33,1.18,37.85,22.28,28.57,8.79,46.44,18.64,38.46,1.86,56.54,19.04,45.45,0.0,59.48,387.0
6082,37,181,259,3.47,40.96,20.34,39.0,32.18,38.99,28.57,2.8,0.4,58.0,0.0,100.0,86.0,40.14,19.95,38.6,3.2,28.12,12.66,75.0,0.4,58.0,0.0,0.0,6.4,47.68,19.73,25.0,0.8,33.0,14.14,50.0,0.0,30.93,149.0
6083,37,185,600,8.83,42.84,16.66,52.25,18.87,42.66,55.0,3.65,0.73,53.25,14.99,50.0,80.8,41.32,16.07,41.85,1.82,43.0,18.19,60.0,0.91,51.4,10.4,60.0,9.87,44.61,14.61,37.03,2.19,51.83,16.67,66.66,0.0,34.06,392.0
6084,37,189,1058,4.53,44.2,18.48,41.32,20.74,41.3,25.8,3.06,0.29,83.0,21.79,66.66,81.18,43.18,18.07,42.92,0.69,36.42,8.3,57.14,1.48,33.53,13.59,46.66,10.89,44.3,18.07,33.63,2.37,54.7,12.55,20.83,0.0,37.06,639.0
6085,37,unclear,1097,4.01,41.88,16.2,45.2,14.13,46.3,52.94,3.22,0.0,0.0,0.0,0.0,88.41,40.99,16.11,45.97,0.94,37.6,15.86,50.0,0.47,45.8,12.15,40.0,4.46,42.06,10.81,29.78,2.46,55.15,18.25,61.53,,,
6086,37,194,594,2.52,43.84,18.84,52.33,14.57,42.59,66.66,0.51,0.17,45.0,0.0,0.0,90.32,43.14,18.79,42.63,1.38,33.5,23.04,87.5,1.55,46.22,4.08,44.44,4.31,47.44,15.46,36.0,1.72,56.3,23.69,10.0,0.0,56.57,348.0
6087,37,195,817,4.89,43.66,19.23,49.19,23.45,42.83,52.38,2.7,0.12,74.0,0.0,100.0,84.16,42.72,18.99,43.88,1.67,34.53,17.8,53.84,0.9,47.42,12.97,14.28,7.46,41.93,17.36,34.48,2.96,51.04,19.79,34.78,0.0,30.29,480.0
6088,37,196,710,3.66,43.69,18.23,41.26,22.35,43.09,60.0,2.19,0.43,51.0,33.18,66.66,82.74,42.57,18.18,43.46,2.04,39.64,15.08,78.57,1.02,40.0,7.3,42.85,8.62,47.91,15.34,33.89,2.92,50.1,18.93,20.0,0.0,35.57,430.0
6089,37,198,568,3.69,42.4,18.38,43.33,19.73,39.08,33.33,0.54,0.18,28.0,0.0,100.0,90.49,42.61,18.74,39.59,1.27,40.28,23.64,85.71,0.91,34.4,10.11,20.0,4.75,39.73,14.79,19.23,1.82,43.9,11.96,50.0,0.0,35.74,340.0
6090,37,200,881,5.67,44.07,18.34,43.87,21.13,39.16,50.0,2.88,0.6,57.4,35.32,40.0,81.1,43.07,17.95,40.2,1.8,35.86,17.99,60.0,0.84,29.71,28.02,14.28,10.34,45.98,14.16,26.74,2.16,46.33,19.96,33.33,0.0,32.9,552.0
6091,37,203,762,5.64,44.1,19.08,48.6,20.54,40.15,30.3,4.58,0.69,59.6,35.0,20.0,83.72,43.2,18.7,39.7,1.25,31.33,7.88,100.0,0.55,44.25,11.87,25.0,6.39,41.08,19.42,39.13,2.78,55.0,14.62,40.0,0.0,37.69,435.0
6092,37,204,725,5.65,45.43,18.58,42.46,19.44,42.75,53.84,3.8,0.29,70.0,9.89,50.0,84.94,44.76,18.7,41.48,1.31,37.88,13.33,66.66,0.87,45.33,6.5,33.33,7.45,45.68,18.26,35.29,1.31,56.77,20.98,88.88,0.0,33.42,420.0
6093,37,205,790,3.03,43.93,19.75,42.15,26.57,41.13,42.1,2.48,0.13,97.0,0.0,100.0,86.68,43.97,19.8,40.21,1.04,36.12,23.66,75.0,0.39,54.66,25.38,33.33,7.31,38.85,15.0,37.5,1.95,52.4,15.0,40.0,0.0,34.65,486.0
6094,37,206,227,4.4,39.5,17.73,31.76,15.7,44.49,46.15,5.99,0.92,39.0,18.38,50.0,76.03,39.95,18.62,46.06,3.22,34.42,8.3,85.71,0.92,29.0,1.41,50.0,11.52,38.0,15.79,32.0,1.38,47.33,21.36,0.0,0.0,30.15,134.0
6095,37,208,658,5.62,41.77,17.98,51.58,13.87,42.7,58.33,1.93,0.16,54.0,0.0,0.0,81.64,40.64,17.56,42.4,1.61,28.7,15.43,60.0,0.96,43.66,8.14,33.33,11.11,39.53,16.09,33.33,2.41,53.6,25.57,40.0,0.0,32.65,406.0
6096,37,209,633,5.21,42.37,18.44,40.6,13.46,41.07,60.0,2.5,0.33,67.0,1.41,0.0,81.66,42.0,18.12,41.83,2.16,35.46,17.67,53.84,1.66,46.4,30.91,30.0,9.16,40.69,17.51,27.27,2.5,52.86,13.91,46.66,0.0,38.36,368.0
6097,37,210,546,5.12,43.62,17.53,40.0,16.16,43.95,45.45,4.24,0.38,75.5,2.12,0.0,78.76,43.12,17.33,46.07,1.54,35.25,8.77,100.0,0.77,52.5,11.93,25.0,12.54,43.86,17.18,30.76,1.73,50.44,22.46,33.33,0.0,36.87,349.0
6098,37,211,564,4.43,43.23,18.19,49.41,22.22,43.26,64.7,3.15,0.37,54.5,44.54,100.0,79.77,42.36,17.79,41.62,1.48,37.0,7.98,87.5,1.29,42.0,21.67,57.14,12.61,44.19,17.36,39.7,1.29,43.57,16.86,42.85,0.0,40.06,347.0
6099,37,unclear,1196,7.1,42.26,15.19,49.53,14.63,45.9,57.44,4.23,0.0,0.0,0.0,0.0,82.71,41.16,15.1,45.81,1.26,29.07,5.22,78.57,1.44,38.18,9.15,31.25,4.86,36.55,10.68,22.22,5.49,50.52,14.96,55.73,,,
6100,37,215,541,4.25,42.58,19.95,54.12,16.32,39.92,25.0,1.54,0.77,45.0,39.82,25.0,87.25,41.55,19.98,40.26,1.15,40.83,13.37,50.0,0.96,49.6,4.77,0.0,7.14,43.35,19.02,24.32,1.15,66.5,15.69,100.0,0.0,58.89,317.0
6101,37,217,694,3.17,44.21,18.74,29.26,19.21,40.05,60.0,2.23,0.0,0.0,0.0,0.0,85.26,44.01,18.34,39.26,1.33,34.11,16.13,88.88,0.29,63.5,21.92,50.0,8.18,42.32,17.06,34.54,2.67,55.5,21.62,27.77,0.0,57.23,410.0
6102,37,218,715,2.65,44.14,19.48,57.45,27.35,40.13,36.36,1.58,0.28,48.0,25.45,50.0,89.79,43.71,19.24,40.0,1.29,41.77,14.83,77.77,0.71,41.4,9.47,20.0,4.59,37.21,14.95,40.62,1.72,59.66,22.44,41.66,0.0,45.08,421.0
6103,37,220,765,9.01,41.71,17.52,43.47,16.24,43.66,43.47,3.3,1.0,59.0,16.0,57.14,82.47,39.74,17.11,43.9,1.86,40.92,22.4,69.23,0.57,31.0,4.24,25.0,7.61,41.15,17.54,43.39,3.16,58.45,16.89,40.9,0.0,46.35,492.0
6104,37,221,719,5.56,42.63,18.06,44.75,19.54,41.58,56.25,2.35,0.14,76.0,0.0,100.0,82.47,41.98,18.24,41.42,2.5,37.7,10.79,70.58,0.14,38.0,0.0,0.0,10.01,39.97,17.06,27.94,2.35,49.87,14.74,43.75,0.0,34.69,453.0
6105,37,224,947,7.6,44.85,20.06,42.37,21.38,42.66,55.81,4.91,0.57,64.0,23.64,20.0,78.4,43.52,19.52,43.73,1.71,39.0,13.7,33.33,0.91,53.37,18.13,25.0,10.51,41.59,20.17,35.86,2.97,56.65,15.45,38.46,0.0,34.59,576.0
6106,37,225,914,6.23,44.19,18.32,44.7,15.99,42.12,41.66,5.6,1.05,60.55,16.0,55.55,78.06,43.56,18.34,43.34,2.68,33.95,13.47,65.21,0.35,45.33,17.09,33.33,9.56,41.76,18.09,30.48,2.68,60.56,14.0,39.13,0.0,35.22,589.0
6107,37,1,917,2.29,43.79,18.25,45.2,18.5,43.51,55.0,2.23,0.22,37.0,0.0,50.0,82.92,43.26,18.4,43.74,1.89,39.35,11.16,58.82,0.11,92.0,0.0,100.0,10.71,45.21,19.08,38.54,1.89,47.64,11.77,47.05,0.0,0.0,539.0
6108,37,2,0,0.0,0.0,0.0,0.0,0.0,0.0,0.0,0.0,0.0,0.0,0.0,0.0,0.0,0.0,0.0,0.0,0.0,0.0,0.0,0.0,0.0,0.0,0.0,0.0,0.0,0.0,0.0,0.0,0.0,0.0,0.0,0.0,0.0,0.0,0.0
6109,37,3,0,0.0,0.0,0.0,0.0,0.0,0.0,0.0,0.0,0.0,0.0,0.0,0.0,0.0,0.0,0.0,0.0,0.0,0.0,0.0,0.0,0.0,0.0,0.0,0.0,0.0,0.0,0.0,0.0,0.0,0.0,0.0,0.0,0.0,0.0,0.0
6110,37,4,931,5.58,43.13,18.01,47.28,15.7,42.85,65.62,3.64,0.45,69.5,6.6,100.0,82.36,41.45,17.91,41.57,1.59,36.07,17.04,85.71,1.02,42.33,7.31,33.33,8.53,46.13,17.38,34.66,2.38,53.85,14.82,47.61,0.0,0.0,585.0
6111,37,5,0,0.0,0.0,0.0,0.0,0.0,0.0,0.0,0.0,0.0,0.0,0.0,0.0,0.0,0.0,0.0,0.0,0.0,0.0,0.0,0.0,0.0,0.0,0.0,0.0,0.0,0.0,0.0,0.0,0.0,0.0,0.0,0.0,0.0,0.0,0.0
6112,37,6,1099,5.45,43.96,19.75,51.62,19.66,42.4,55.55,2.59,0.86,68.22,13.66,66.66,79.88,42.49,19.13,42.77,2.79,39.96,16.62,58.62,0.76,44.0,8.84,12.5,10.29,41.96,20.86,28.97,2.79,54.37,20.45,48.27,0.0,0.0,659.0
6113,37,7,1141,5.6,42.36,19.02,41.26,18.54,41.19,39.28,5.19,1.11,43.16,29.55,58.33,81.05,40.88,18.66,41.35,1.39,41.2,10.45,73.33,0.74,50.37,18.09,25.0,8.17,43.8,17.69,35.22,2.32,53.12,18.63,40.0,0.0,0.0,668.0
6114,37,8,1122,6.06,42.39,18.35,50.85,19.8,43.04,36.58,3.88,0.85,51.33,19.64,66.66,80.83,40.19,17.46,42.84,2.18,38.73,21.22,60.86,0.85,42.22,18.92,33.33,7.77,46.06,17.2,37.8,3.6,51.5,21.58,47.36,0.0,0.0,674.0
6115,37,9,0,0.0,0.0,0.0,0.0,0.0,0.0,0.0,0.0,0.0,0.0,0.0,0.0,0.0,0.0,0.0,0.0,0.0,0.0,0.0,0.0,0.0,0.0,0.0,0.0,0.0,0.0,0.0,0.0,0.0,0.0,0.0,0.0,0.0,0.0,0.0
6116,37,10,1035,5.41,44.61,19.31,51.16,16.74,40.77,33.33,3.06,0.61,52.33,14.69,16.66,80.28,43.18,19.65,40.58,2.96,43.68,22.11,68.96,1.22,43.41,12.51,25.0,7.76,46.42,16.83,35.52,4.08,47.25,11.99,40.0,0.0,0.0,619.0
6117,37,11,705,12.19,44.54,17.68,51.07,15.75,42.12,42.3,4.2,1.77,63.9,15.92,45.45,76.09,41.76,17.13,43.09,2.42,33.2,6.0,73.33,1.29,44.87,11.17,12.5,10.82,47.56,15.9,34.32,3.39,51.52,17.81,42.85,0.0,0.0,422.0
6118,37,12,876,10.27,44.69,18.66,48.73,23.98,41.09,46.66,1.9,2.03,59.5,15.89,43.75,82.31,42.86,18.26,41.73,1.52,38.0,16.7,58.33,0.89,44.57,10.7,28.57,8.14,42.62,15.56,26.56,3.18,54.72,17.84,28.0,0.0,0.0,549.0
6119,37,13,785,10.31,42.77,18.78,47.48,18.31,41.01,32.25,4.4,0.85,62.5,24.54,50.0,78.97,40.18,17.65,42.26,1.98,36.71,16.29,57.14,1.56,46.81,19.37,18.18,8.66,46.11,16.96,32.78,3.55,49.04,19.46,40.0,0.0,0.0,499.0
6120,37,14,0,0.0,0.0,0.0,0.0,0.0,0.0,0.0,0.0,0.0,0.0,0.0,0.0,0.0,0.0,0.0,0.0,0.0,0.0,0.0,0.0,0.0,0.0,0.0,0.0,0.0,0.0,0.0,0.0,0.0,0.0,0.0,0.0,0.0,0.0,0.0
6121,37,15,943,5.51,42.92,19.05,43.72,22.31,41.67,40.9,2.46,1.23,46.18,23.04,45.45,84.17,42.18,18.08,41.33,2.46,30.5,17.01,68.18,0.56,57.6,13.83,20.0,6.73,42.33,19.73,38.33,2.24,53.95,23.38,25.0,0.0,0.0,499.0
6122,37,16,967,7.13,41.22,18.26,40.44,14.94,40.74,37.93,3.22,0.89,51.25,21.84,37.5,81.73,40.0,17.63,41.68,1.22,33.09,16.88,81.81,0.22,23.5,33.23,100.0,10.02,40.02,18.92,37.77,2.67,44.75,22.14,29.16,0.0,0.0,560.0
6123,37,17,869,6.67,42.18,18.75,47.31,20.03,41.65,42.1,2.34,0.49,56.0,19.71,50.0,80.88,40.61,18.3,41.92,2.34,32.94,15.66,73.68,1.1,33.22,24.62,55.55,9.98,44.88,16.91,32.09,2.83,50.73,19.13,30.43,0.0,0.0,486.0
6124,37,18,705,6.38,43.13,19.63,43.39,17.59,41.13,47.36,5.75,0.6,79.0,16.37,75.0,78.33,41.28,19.43,40.42,2.12,42.0,12.0,50.0,0.9,31.16,16.58,16.66,9.39,42.58,17.96,43.54,2.87,49.21,18.82,26.31,0.0,0.0,413.0
6125,37,19,686,4.95,44.47,19.14,47.66,30.11,40.96,66.66,1.84,0.76,54.6,14.53,0.0,84.81,43.45,18.5,41.04,2.91,41.89,18.14,57.89,1.53,44.3,23.32,40.0,5.52,41.63,20.18,27.77,2.6,57.88,15.12,23.52,0.0,0.0,384.0
6126,37,20,939,4.89,44.27,19.58,50.97,18.78,42.17,41.3,5.15,0.33,34.0,30.04,66.66,81.97,43.31,19.49,42.34,2.01,39.72,21.35,55.55,1.0,55.66,15.36,33.33,6.38,40.24,16.1,38.59,3.13,57.64,15.93,42.85,0.0,0.0,524.0
6127,37,21,0,0.0,0.0,0.0,0.0,0.0,0.0,0.0,0.0,0.0,0.0,0.0,0.0,0.0,0.0,0.0,0.0,0.0,0.0,0.0,0.0,0.0,0.0,0.0,0.0,0.0,0.0,0.0,0.0,0.0,0.0,0.0,0.0,0.0,0.0,0.0
6128,37,22,1012,5.92,43.32,19.6,51.85,27.11,41.89,59.25,2.83,0.94,61.0,17.97,55.55,78.67,42.02,19.16,42.05,2.41,38.95,16.22,65.21,1.68,46.68,23.23,31.25,10.29,43.52,17.76,34.69,3.15,49.5,19.34,43.33,0.0,0.0,617.0
6129,37,23,946,7.29,43.91,18.77,50.23,18.69,40.8,39.53,4.9,0.34,72.33,21.96,66.66,78.33,42.18,18.77,41.04,1.36,44.66,23.61,50.0,1.02,39.11,9.8,22.22,12.2,44.01,16.71,33.64,1.82,53.87,14.78,56.25,0.0,0.0,512.0
6130,37,24,1010,5.84,44.32,19.24,48.18,20.57,40.79,53.12,3.36,0.73,76.28,8.59,42.85,79.81,42.88,19.19,41.23,1.89,39.94,11.25,55.55,0.84,42.0,20.51,62.5,10.41,44.74,15.9,31.31,2.94,50.5,19.07,46.42,0.0,0.0,602.0
6131,37,25,1045,7.55,43.91,19.51,43.29,18.11,40.09,45.45,4.55,1.13,51.09,20.12,45.45,76.91,41.98,19.46,41.18,1.75,43.17,18.9,82.35,1.13,53.81,16.55,27.27,10.66,45.53,18.44,26.21,3.83,49.75,17.48,37.83,0.0,0.0,593.0
6132,37,26,0,0.0,0.0,0.0,0.0,0.0,0.0,0.0,0.0,0.0,0.0,0.0,0.0,0.0,0.0,0.0,0.0,0.0,0.0,0.0,0.0,0.0,0.0,0.0,0.0,0.0,0.0,0.0,0.0,0.0,0.0,0.0,0.0,0.0,0.0,0.0
6133,37,27,923,7.04,43.72,18.45,44.85,16.42,41.06,42.85,2.44,0.23,82.0,5.65,0.0,82.98,42.48,17.97,41.71,2.33,39.04,16.78,70.0,1.39,45.33,13.26,33.33,7.8,43.01,19.93,34.32,2.79,50.04,19.72,33.33,0.0,0.0,582.0
6134,37,28,1075,7.25,43.16,18.97,54.34,19.65,39.16,38.46,2.6,0.6,60.5,22.48,50.0,81.84,41.74,18.6,39.95,1.6,35.18,12.1,68.75,2.0,48.15,15.85,40.0,8.02,42.03,17.05,31.25,3.3,51.15,21.49,21.21,0.0,0.0,716.0
6135,37,29,0,0.0,0.0,0.0,0.0,0.0,0.0,0.0,0.0,0.0,0.0,0.0,0.0,0.0,0.0,0.0,0.0,0.0,0.0,0.0,0.0,0.0,0.0,0.0,0.0,0.0,0.0,0.0,0.0,0.0,0.0,0.0,0.0,0.0,0.0,0.0
6136,37,30,937,7.57,42.16,18.4,59.64,16.72,40.55,50.0,1.61,0.57,43.6,21.03,60.0,84.64,40.86,18.2,39.97,2.42,35.76,12.18,71.42,0.8,43.0,4.65,14.28,7.5,42.32,15.13,29.23,2.42,38.42,18.49,42.85,0.0,0.0,586.0
6137,37,31,1051,7.23,42.35,18.46,45.94,17.74,40.91,38.23,3.48,0.0,0.0,0.0,0.0,79.28,40.96,17.95,41.65,2.05,36.5,17.59,55.0,0.82,34.0,15.73,12.5,9.12,41.01,16.6,33.7,5.23,48.96,19.79,31.37,0.0,0.0,639.0
6138,37,32,0,0.0,0.0,0.0,0.0,0.0,0.0,0.0,0.0,0.0,0.0,0.0,0.0,0.0,0.0,0.0,0.0,0.0,0.0,0.0,0.0,0.0,0.0,0.0,0.0,0.0,0.0,0.0,0.0,0.0,0.0,0.0,0.0,0.0,0.0,0.0
6139,37,33,988,6.37,42.25,18.33,46.16,18.61,40.18,47.61,4.54,0.64,63.5,14.4,16.66,79.24,40.84,17.56,40.92,1.18,26.0,14.57,81.81,1.08,32.5,15.65,40.0,9.4,41.85,20.6,26.43,3.89,53.05,18.46,47.22,0.0,0.0,576.0
6140,37,34,0,0.0,0.0,0.0,0.0,0.0,0.0,0.0,0.0,0.0,0.0,0.0,0.0,0.0,0.0,0.0,0.0,0.0,0.0,0.0,0.0,0.0,0.0,0.0,0.0,0.0,0.0,0.0,0.0,0.0,0.0,0.0,0.0,0.0,0.0,0.0
6141,37,35,997,7.42,43.08,18.15,50.97,12.35,39.91,45.94,4.0,0.54,51.2,31.49,40.0,81.04,42.01,17.78,40.5,1.84,32.11,6.66,70.58,1.4,42.61,10.03,46.15,8.01,41.78,19.85,31.08,3.14,41.58,24.46,24.13,0.0,0.0,649.0
6142,37,36,1062,4.7,44.74,17.65,45.92,16.89,43.69,47.05,5.03,0.39,62.25,25.85,50.0,79.64,43.6,17.33,44.29,1.67,36.17,8.17,82.35,0.19,47.0,4.24,100.0,9.88,46.06,16.54,32.0,3.16,52.06,20.25,40.62,0.0,0.0,654.0
6143,37,37,613,3.42,42.68,19.2,53.13,13.65,41.59,40.0,2.53,0.16,38.0,0.0,0.0,84.45,41.93,19.29,41.2,1.85,29.54,12.69,63.63,0.5,53.33,8.5,33.33,7.26,41.6,15.25,41.86,3.2,46.42,18.57,31.57,0.0,0.0,376.0
6144,37,38,926,4.31,44.08,18.52,47.09,18.56,39.74,60.6,3.72,0.79,56.14,16.01,42.85,81.15,43.06,18.42,39.49,1.58,34.14,11.92,78.57,1.12,44.0,12.56,40.0,9.7,45.34,18.06,30.23,1.91,53.58,16.22,29.41,0.0,0.0,557.0
6145,37,39,624,8.17,41.14,17.99,47.91,17.03,41.98,50.0,2.09,0.69,65.25,30.05,75.0,84.99,39.91,17.83,41.88,1.57,38.44,14.44,44.44,1.04,37.16,20.91,33.33,7.32,38.45,14.74,38.09,2.26,55.0,12.95,15.38,0.0,0.0,375.0
6146,37,40,0,0.0,0.0,0.0,0.0,0.0,0.0,0.0,0.0,0.0,0.0,0.0,0.0,0.0,0.0,0.0,0.0,0.0,0.0,0.0,0.0,0.0,0.0,0.0,0.0,0.0,0.0,0.0,0.0,0.0,0.0,0.0,0.0,0.0,0.0,0.0
6147,37,41,917,4.79,41.45,18.91,43.32,19.34,42.2,39.28,3.2,0.45,61.25,22.99,25.0,86.25,40.1,18.79,42.23,1.6,39.85,15.37,78.57,0.8,54.85,11.42,42.85,5.95,43.17,14.33,36.53,1.71,42.0,21.81,26.66,0.0,0.0,483.0
6148,37,42,0,0.0,0.0,0.0,0.0,0.0,0.0,0.0,0.0,0.0,0.0,0.0,0.0,0.0,0.0,0.0,0.0,0.0,0.0,0.0,0.0,0.0,0.0,0.0,0.0,0.0,0.0,0.0,0.0,0.0,0.0,0.0,0.0,0.0,0.0,0.0
6149,37,43,803,5.1,44.05,18.37,47.5,17.47,40.84,55.0,2.62,0.65,43.4,15.97,40.0,78.74,43.39,18.45,39.83,1.96,31.26,16.67,46.66,0.65,45.8,13.49,60.0,11.54,42.23,19.17,32.95,3.8,50.17,15.95,44.82,0.0,0.0,465.0
6150,37,44,0,0.0,0.0,0.0,0.0,0.0,0.0,0.0,0.0,0.0,0.0,0.0,0.0,0.0,0.0,0.0,0.0,0.0,0.0,0.0,0.0,0.0,0.0,0.0,0.0,0.0,0.0,0.0,0.0,0.0,0.0,0.0,0.0,0.0,0.0,0.0
6151,37,45,0,0.0,0.0,0.0,0.0,0.0,0.0,0.0,0.0,0.0,0.0,0.0,0.0,0.0,0.0,0.0,0.0,0.0,0.0,0.0,0.0,0.0,0.0,0.0,0.0,0.0,0.0,0.0,0.0,0.0,0.0,0.0,0.0,0.0,0.0,0.0
6152,37,46,0,0.0,0.0,0.0,0.0,0.0,0.0,0.0,0.0,0.0,0.0,0.0,0.0,0.0,0.0,0.0,0.0,0.0,0.0,0.0,0.0,0.0,0.0,0.0,0.0,0.0,0.0,0.0,0.0,0.0,0.0,0.0,0.0,0.0,0.0,0.0
6153,37,47,818,2.68,41.98,17.28,48.0,17.44,39.6,50.0,2.26,0.12,53.0,0.0,0.0,87.06,41.69,16.86,39.53,1.5,31.66,17.62,75.0,0.37,42.66,20.03,33.33,5.27,38.38,14.07,26.19,3.39,53.29,18.75,44.44,0.0,0.0,505.0
6154,37,48,1004,2.98,43.99,18.98,44.37,19.58,42.52,51.85,2.77,0.2,43.0,7.07,100.0,86.44,43.56,18.64,42.99,1.23,36.83,13.94,66.66,0.41,39.5,9.88,25.0,7.8,45.15,20.48,27.63,1.12,51.9,19.76,54.54,0.0,0.0,554.0
6155,37,49,990,5.75,43.07,19.33,46.92,18.33,41.81,53.84,1.39,0.32,47.33,26.02,100.0,84.24,42.56,19.0,41.98,1.28,35.0,7.61,66.66,0.53,50.6,3.64,40.0,10.61,40.56,20.37,36.36,1.6,39.79,21.75,26.66,0.0,0.0,624.0
6156,37,50,0,0.0,0.0,0.0,0.0,0.0,0.0,0.0,0.0,0.0,0.0,0.0,0.0,0.0,0.0,0.0,0.0,0.0,0.0,0.0,0.0,0.0,0.0,0.0,0.0,0.0,0.0,0.0,0.0,0.0,0.0,0.0,0.0,0.0,0.0,0.0
6157,37,51,0,0.0,0.0,0.0,0.0,0.0,0.0,0.0,0.0,0.0,0.0,0.0,0.0,0.0,0.0,0.0,0.0,0.0,0.0,0.0,0.0,0.0,0.0,0.0,0.0,0.0,0.0,0.0,0.0,0.0,0.0,0.0,0.0,0.0,0.0,0.0
6158,37,52,831,2.4,42.0,18.27,44.76,20.02,42.11,24.0,3.08,0.36,43.0,41.58,33.33,81.99,41.59,18.12,42.25,3.08,39.32,16.44,60.0,0.24,36.0,18.38,50.0,8.87,40.25,16.99,37.5,2.34,56.52,20.96,52.63,0.0,0.0,513.0
6159,37,53,1059,4.24,41.77,18.4,43.75,15.07,42.11,42.42,3.25,0.59,44.83,20.78,83.33,80.76,41.14,18.66,42.61,2.26,34.56,14.97,65.21,1.18,39.91,13.91,41.66,8.77,42.25,17.37,35.95,3.15,47.28,18.23,31.25,0.0,0.0,617.0
6160,37,54,1110,4.41,42.36,18.92,42.97,20.53,40.9,42.55,4.42,0.28,60.0,19.31,66.66,79.92,41.4,18.79,42.09,1.5,36.06,10.85,50.0,1.5,42.81,7.52,31.25,9.89,41.89,18.19,27.61,2.45,54.76,23.21,38.46,0.0,0.0,622.0
6161,37,55,900,3.66,42.68,19.18,38.68,19.85,41.44,57.89,2.19,0.11,66.0,0.0,100.0,85.92,42.31,19.58,39.32,1.84,35.75,12.2,87.5,0.57,43.4,7.63,0.0,7.84,42.69,13.75,42.64,1.49,53.84,19.99,53.84,0.0,0.0,580.0
6162,37,56,1255,6.85,43.99,19.21,51.5,16.97,41.27,52.0,4.27,0.42,60.4,28.71,80.0,79.98,41.73,18.88,40.53,1.28,36.93,7.42,53.33,1.62,36.57,12.81,31.57,8.46,47.07,19.11,38.38,3.93,57.28,13.87,41.3,0.0,0.0,734.0
6163,37,57,1012,7.21,42.21,17.16,46.84,18.49,43.37,46.15,4.15,0.74,64.14,12.61,28.57,79.76,40.72,16.41,43.79,1.59,33.0,12.64,60.0,2.02,40.0,9.74,31.57,8.83,44.95,17.82,34.93,2.87,48.37,21.57,48.14,0.0,0.0,557.0
6164,37,58,0,0.0,0.0,0.0,0.0,0.0,0.0,0.0,0.0,0.0,0.0,0.0,0.0,0.0,0.0,0.0,0.0,0.0,0.0,0.0,0.0,0.0,0.0,0.0,0.0,0.0,0.0,0.0,0.0,0.0,0.0,0.0,0.0,0.0,0.0,0.0
6165,37,59,1108,8.12,43.58,18.63,49.27,22.11,42.5,47.72,4.32,0.88,50.22,30.73,55.55,82.02,41.91,18.2,42.39,2.16,38.09,12.27,68.18,1.47,53.26,17.62,33.33,6.28,42.78,14.39,39.06,2.65,52.29,18.13,33.33,0.0,0.0,638.0
6166,37,60,913,7.11,42.82,18.51,51.13,16.81,43.04,37.77,5.3,0.47,57.25,22.23,50.0,81.25,40.82,17.89,42.96,1.76,36.46,17.23,60.0,1.17,47.3,7.33,50.0,8.13,41.02,18.14,33.33,1.88,50.31,11.06,81.25,0.0,0.0,598.0
6167,37,61,719,2.64,42.38,18.45,40.85,17.03,42.28,64.28,2.0,0.14,70.0,0.0,100.0,85.57,41.98,18.29,40.9,2.14,31.0,18.53,80.0,0.71,38.6,10.08,20.0,7.71,40.72,17.29,38.88,1.71,59.0,16.61,66.66,0.0,0.0,418.0
6168,37,62,894,7.94,42.29,18.19,39.4,13.43,43.4,43.24,4.49,1.09,60.66,17.93,33.33,79.22,40.34,17.96,44.17,1.82,42.46,18.63,86.66,0.48,48.5,35.23,25.0,9.47,43.79,16.05,34.61,3.4,51.28,19.4,50.0,0.0,0.0,577.0
6169,37,63,821,6.57,41.7,18.43,49.52,20.45,44.45,52.63,2.47,0.52,65.75,16.33,75.0,85.13,40.28,18.31,44.56,1.56,34.25,9.5,66.66,1.04,41.5,13.65,25.0,7.04,43.87,17.79,37.03,2.21,47.05,20.48,52.94,0.0,0.0,467.0
6170,37,64,846,3.9,43.72,18.39,42.52,21.59,43.26,52.63,2.33,0.24,78.0,2.82,100.0,84.13,42.23,18.16,43.56,1.35,34.81,11.86,72.72,0.36,68.0,19.07,0.0,7.99,48.13,15.33,35.38,3.56,52.27,19.25,31.03,0.0,0.0,510.0
6171,37,65,0,0.0,0.0,0.0,0.0,0.0,0.0,0.0,0.0,0.0,0.0,0.0,0.0,0.0,0.0,0.0,0.0,0.0,0.0,0.0,0.0,0.0,0.0,0.0,0.0,0.0,0.0,0.0,0.0,0.0,0.0,0.0,0.0,0.0,0.0,0.0
6172,37,66,841,4.28,43.15,19.45,42.55,22.08,40.54,44.44,3.35,0.62,78.2,4.38,80.0,84.84,41.91,19.31,41.28,1.61,40.61,11.42,53.84,0.24,59.5,10.6,0.0,7.7,45.01,18.91,29.03,1.61,60.23,15.8,30.76,0.0,0.0,533.0
6173,37,67,912,4.16,41.87,18.35,47.29,18.16,40.02,38.7,3.54,0.57,60.6,22.08,40.0,85.46,41.06,18.08,39.89,2.4,39.57,16.97,66.66,0.68,36.66,13.85,16.66,5.26,39.6,18.85,28.26,2.05,50.66,21.38,27.77,0.0,0.0,579.0
6174,37,68,489,4.49,41.35,16.86,40.25,17.6,40.69,35.0,4.28,0.85,57.5,27.57,25.0,79.01,39.77,15.89,40.65,2.99,35.92,11.55,57.14,1.49,46.0,27.55,14.28,8.13,45.34,15.48,42.1,3.21,48.2,12.63,33.33,0.0,0.0,283.0
6175,37,69,745,5.36,44.53,17.95,54.37,14.49,42.01,50.0,2.26,0.7,44.0,13.43,80.0,84.82,43.32,17.92,41.63,1.56,40.36,11.62,54.54,0.28,36.5,3.53,100.0,7.94,42.17,18.73,28.57,2.41,58.94,13.52,29.41,0.0,0.0,457.0
6176,37,70,0,0.0,0.0,0.0,0.0,0.0,0.0,0.0,0.0,0.0,0.0,0.0,0.0,0.0,0.0,0.0,0.0,0.0,0.0,0.0,0.0,0.0,0.0,0.0,0.0,0.0,0.0,0.0,0.0,0.0,0.0,0.0,0.0,0.0,0.0,0.0
6177,37,71,951,5.67,43.67,18.14,44.7,20.01,43.11,55.0,2.22,0.11,44.0,0.0,0.0,83.61,42.81,17.9,42.66,2.11,39.63,15.47,47.36,0.22,50.0,31.11,0.0,8.24,42.55,16.01,39.18,3.45,53.22,19.34,48.38,0.0,0.0,590.0
6178,37,72,855,7.13,44.32,18.71,47.28,17.0,40.23,47.61,2.64,0.75,57.16,23.6,50.0,82.11,42.94,18.95,40.18,1.0,40.62,8.48,87.5,1.38,44.54,18.5,36.36,9.19,44.34,14.67,36.98,2.89,49.47,15.61,30.43,0.0,0.0,517.0
6179,37,73,1076,4.27,43.13,17.32,44.29,19.59,41.72,33.33,2.33,0.09,56.0,0.0,100.0,82.42,42.1,17.33,43.1,1.94,39.15,14.25,55.0,0.29,45.0,1.0,33.33,10.29,46.61,16.25,30.18,2.62,48.33,17.88,33.33,0.0,0.0,708.0
6180,37,74,0,0.0,0.0,0.0,0.0,0.0,0.0,0.0,0.0,0.0,0.0,0.0,0.0,0.0,0.0,0.0,0.0,0.0,0.0,0.0,0.0,0.0,0.0,0.0,0.0,0.0,0.0,0.0,0.0,0.0,0.0,0.0,0.0,0.0,0.0,0.0
6181,37,75,1135,10.13,41.99,17.57,40.94,16.78,40.88,51.28,3.82,1.27,59.92,20.93,23.07,78.82,39.89,16.33,41.41,1.76,31.05,6.72,88.88,0.39,45.0,3.46,25.0,8.72,40.23,20.57,24.71,5.19,49.5,14.89,41.5,0.0,0.0,652.0
6182,37,76,882,9.18,43.84,18.31,48.78,22.2,43.87,45.94,4.61,0.37,36.33,31.5,33.33,78.02,42.12,17.4,44.0,1.62,34.38,15.05,69.23,1.49,41.25,4.49,33.33,10.36,45.4,18.21,37.34,3.49,55.57,17.81,46.42,0.0,0.0,571.0
6183,37,77,0,0.0,0.0,0.0,0.0,0.0,0.0,0.0,0.0,0.0,0.0,0.0,0.0,0.0,0.0,0.0,0.0,0.0,0.0,0.0,0.0,0.0,0.0,0.0,0.0,0.0,0.0,0.0,0.0,0.0,0.0,0.0,0.0,0.0,0.0,0.0
6184,37,78,645,5.27,45.94,20.02,63.31,23.07,38.91,43.75,2.61,0.65,71.0,34.03,75.0,80.85,44.86,19.41,37.85,1.47,27.22,11.51,55.55,0.0,0.0,0.0,0.0,12.6,44.1,17.42,35.06,1.8,57.54,18.65,45.45,0.0,0.0,376.0
6185,37,79,0,0.0,0.0,0.0,0.0,0.0,0.0,0.0,0.0,0.0,0.0,0.0,0.0,0.0,0.0,0.0,0.0,0.0,0.0,0.0,0.0,0.0,0.0,0.0,0.0,0.0,0.0,0.0,0.0,0.0,0.0,0.0,0.0,0.0,0.0,0.0
6186,37,80,751,5.99,45.38,18.8,42.0,12.78,40.87,52.63,2.69,0.42,47.0,10.53,33.33,84.27,44.83,19.02,39.15,1.69,44.0,19.32,75.0,1.13,40.87,7.12,37.5,7.79,46.12,15.73,38.18,1.98,52.42,16.42,42.85,0.0,0.0,449.0
6187,37,81,0,0.0,0.0,0.0,0.0,0.0,0.0,0.0,0.0,0.0,0.0,0.0,0.0,0.0,0.0,0.0,0.0,0.0,0.0,0.0,0.0,0.0,0.0,0.0,0.0,0.0,0.0,0.0,0.0,0.0,0.0,0.0,0.0,0.0,0.0,0.0
6188,37,82,989,4.75,44.79,18.48,47.7,20.94,40.14,40.0,1.06,0.63,59.66,8.04,33.33,86.3,44.33,18.67,40.34,1.06,32.29,18.61,70.0,0.53,47.2,17.45,40.0,7.85,41.06,16.7,35.13,2.54,51.04,14.51,25.0,0.0,0.0,621.0
6189,37,83,0,0.0,0.0,0.0,0.0,0.0,0.0,0.0,0.0,0.0,0.0,0.0,0.0,0.0,0.0,0.0,0.0,0.0,0.0,0.0,0.0,0.0,0.0,0.0,0.0,0.0,0.0,0.0,0.0,0.0,0.0,0.0,0.0,0.0,0.0,0.0
6190,37,84,914,3.82,45.16,18.38,59.14,16.77,41.02,64.28,1.59,0.68,63.83,19.23,33.33,81.11,44.23,18.26,40.67,2.5,45.54,15.56,81.81,0.79,50.28,12.91,28.57,10.69,42.87,16.2,37.23,2.61,53.39,20.43,26.08,0.0,0.0,505.0
6191,37,85,627,4.46,45.74,18.46,50.33,2.88,39.23,33.33,0.5,0.83,60.4,34.85,20.0,82.8,44.5,18.57,39.71,1.0,36.16,7.7,83.33,0.33,40.0,14.14,0.0,12.02,46.75,15.57,27.77,2.5,59.86,18.97,40.0,0.0,0.0,379.0
6192,37,86,714,5.04,42.66,19.04,51.92,19.55,41.31,53.84,1.91,0.58,40.25,31.68,50.0,82.15,41.92,18.52,41.65,2.65,35.72,11.08,77.77,1.32,46.22,24.99,0.0,9.29,40.44,20.86,26.98,2.06,53.35,11.82,50.0,0.0,0.0,436.0
6193,37,87,0,0.0,0.0,0.0,0.0,0.0,0.0,0.0,0.0,0.0,0.0,0.0,0.0,0.0,0.0,0.0,0.0,0.0,0.0,0.0,0.0,0.0,0.0,0.0,0.0,0.0,0.0,0.0,0.0,0.0,0.0,0.0,0.0,0.0,0.0,0.0
6194,37,88,0,0.0,0.0,0.0,0.0,0.0,0.0,0.0,0.0,0.0,0.0,0.0,0.0,0.0,0.0,0.0,0.0,0.0,0.0,0.0,0.0,0.0,0.0,0.0,0.0,0.0,0.0,0.0,0.0,0.0,0.0,0.0,0.0,0.0,0.0,0.0
6195,37,89,981,8.25,43.8,19.14,48.29,22.43,39.34,36.17,5.22,1.0,47.88,21.03,55.55,76.66,40.76,18.43,40.86,1.44,36.15,16.57,76.92,2.0,51.61,11.58,33.33,9.55,48.74,18.29,26.74,4.11,52.97,18.87,35.13,0.0,0.0,556.0
6196,37,90,0,0.0,0.0,0.0,0.0,0.0,0.0,0.0,0.0,0.0,0.0,0.0,0.0,0.0,0.0,0.0,0.0,0.0,0.0,0.0,0.0,0.0,0.0,0.0,0.0,0.0,0.0,0.0,0.0,0.0,0.0,0.0,0.0,0.0,0.0,0.0
6197,37,91,1076,6.04,44.45,18.59,46.1,19.51,41.91,35.08,5.63,0.89,59.77,13.71,44.44,77.44,42.82,18.37,41.5,1.58,34.25,17.33,62.5,1.58,50.31,12.86,31.25,10.28,42.54,15.95,37.5,2.57,55.69,14.86,57.69,0.0,0.0,600.0
6198,37,92,931,5.15,44.75,19.29,51.92,22.55,39.74,52.0,2.83,0.33,56.66,5.5,66.66,82.21,43.46,19.35,39.11,1.69,41.53,22.41,60.0,0.9,45.12,8.11,50.0,9.73,44.77,15.8,38.37,2.26,52.7,18.82,25.0,0.0,0.0,492.0
6199,37,96,0,0.0,0.0,0.0,0.0,0.0,0.0,0.0,0.0,0.0,0.0,0.0,0.0,0.0,0.0,0.0,0.0,0.0,0.0,0.0,0.0,0.0,0.0,0.0,0.0,0.0,0.0,0.0,0.0,0.0,0.0,0.0,0.0,0.0,0.0,0.0
6200,37,97,0,0.0,0.0,0.0,0.0,0.0,0.0,0.0,0.0,0.0,0.0,0.0,0.0,0.0,0.0,0.0,0.0,0.0,0.0,0.0,0.0,0.0,0.0,0.0,0.0,0.0,0.0,0.0,0.0,0.0,0.0,0.0,0.0,0.0,0.0,0.0
6201,37,98,987,5.06,42.28,18.04,47.66,15.77,39.91,43.33,3.2,0.53,71.0,16.06,60.0,85.69,40.92,17.53,40.09,1.49,38.28,10.07,71.42,0.64,43.5,19.31,33.33,5.86,44.78,18.81,30.9,2.56,51.25,18.91,29.16,0.0,0.0,541.0
6202,37,100,580,3.27,42.8,18.81,53.68,15.34,44.31,47.36,3.38,0.17,54.0,0.0,100.0,90.19,41.69,18.54,44.66,0.71,22.25,17.57,50.0,0.53,53.0,13.07,0.0,3.56,41.4,20.6,50.0,1.42,53.5,13.94,25.0,0.0,0.0,321.0
6203,37,101,1094,2.37,43.0,17.85,50.33,17.1,43.14,45.83,2.24,0.74,30.25,26.82,25.0,87.26,42.11,17.47,44.52,0.46,45.4,18.6,40.0,0.56,42.16,6.3,16.66,7.3,43.96,16.36,28.2,1.4,64.06,19.3,46.66,0.0,0.0,648.0
6204,37,102,0,0.0,0.0,0.0,0.0,0.0,0.0,0.0,0.0,0.0,0.0,0.0,0.0,0.0,0.0,0.0,0.0,0.0,0.0,0.0,0.0,0.0,0.0,0.0,0.0,0.0,0.0,0.0,0.0,0.0,0.0,0.0,0.0,0.0,0.0,0.0
6205,37,103,0,0.0,0.0,0.0,0.0,0.0,0.0,0.0,0.0,0.0,0.0,0.0,0.0,0.0,0.0,0.0,0.0,0.0,0.0,0.0,0.0,0.0,0.0,0.0,0.0,0.0,0.0,0.0,0.0,0.0,0.0,0.0,0.0,0.0,0.0,0.0
6206,37,104,681,3.67,43.33,18.22,47.07,23.86,42.43,30.76,1.98,0.45,59.0,10.14,33.33,81.09,43.6,17.7,43.79,1.98,31.38,17.47,61.53,0.45,16.66,14.46,0.0,13.26,40.8,17.37,34.48,0.76,41.4,31.26,80.0,0.0,0.0,388.0
6207,37,105,925,5.18,43.71,18.07,42.17,27.91,43.24,52.94,1.93,0.34,60.0,30.8,66.66,85.4,43.23,17.71,41.78,1.14,41.8,13.75,80.0,1.25,41.36,9.36,36.36,6.61,39.01,15.6,36.2,3.3,51.79,21.31,48.27,0.0,0.0,494.0
6208,37,106,574,4.7,45.17,17.99,42.88,19.34,43.37,23.52,3.1,0.18,56.0,0.0,100.0,82.63,43.89,18.09,43.8,1.82,34.29,10.33,70.0,0.91,31.4,28.78,40.0,10.23,51.08,14.01,37.5,1.09,58.5,8.98,50.0,0.0,0.0,340.0
6209,37,107,901,4.55,43.84,18.06,40.03,17.1,42.28,45.45,3.83,0.58,50.4,28.34,80.0,83.95,43.16,18.07,41.13,1.27,39.27,17.98,81.81,0.69,51.0,12.39,33.33,7.09,42.88,15.88,40.98,2.55,54.86,17.97,45.45,0.0,0.0,535.0
6210,37,108,912,6.03,42.51,17.93,52.33,19.42,42.54,66.66,2.45,0.46,57.5,21.39,25.0,82.49,40.86,17.79,40.31,2.68,36.26,13.25,78.26,0.58,35.79,12.17,60.0,8.63,44.89,16.66,41.89,2.68,51.08,20.64,47.82,0.0,0.0,534.0
6211,37,109,792,5.8,42.46,18.29,44.73,17.93,42.42,40.0,2.01,0.4,70.0,7.21,66.66,86.46,40.97,18.17,43.1,0.67,37.79,11.81,80.0,0.26,49.0,24.04,50.0,7.64,43.05,14.82,26.31,2.54,49.57,19.54,47.36,0.0,0.0,484.0
6212,37,110,961,6.65,43.59,18.27,51.08,16.76,41.62,50.0,4.01,0.66,64.0,13.89,100.0,81.38,41.71,17.51,41.91,2.22,38.04,17.67,70.0,0.33,44.66,38.69,33.33,9.58,47.27,18.33,32.55,1.67,48.0,14.64,40.0,0.0,0.0,568.0
6213,37,111,828,3.01,42.29,18.94,47.95,20.2,39.13,54.16,2.98,0.49,51.0,16.2,75.0,86.67,41.46,18.71,37.21,1.24,37.79,13.57,60.0,1.36,55.54,21.84,27.27,6.22,42.44,20.55,50.0,0.99,48.5,16.48,37.5,0.0,0.0,460.0
6214,37,112,0,0.0,0.0,0.0,0.0,0.0,0.0,0.0,0.0,0.0,0.0,0.0,0.0,0.0,0.0,0.0,0.0,0.0,0.0,0.0,0.0,0.0,0.0,0.0,0.0,0.0,0.0,0.0,0.0,0.0,0.0,0.0,0.0,0.0,0.0,0.0
6215,37,113,713,6.17,46.71,20.34,46.06,22.94,42.21,29.03,4.63,1.64,66.27,14.88,45.45,79.37,44.58,19.92,44.06,1.19,39.87,18.56,50.0,1.79,35.33,23.41,33.33,8.66,49.74,13.94,29.31,2.69,53.05,16.92,50.0,0.0,0.0,398.0
6216,37,114,753,6.9,44.22,18.38,44.04,17.52,39.97,43.47,3.28,0.42,57.66,23.45,100.0,85.73,42.43,18.33,38.26,1.99,40.78,14.2,64.28,0.28,35.0,2.82,50.0,6.7,50.38,15.57,44.68,1.56,57.18,15.16,18.18,0.0,0.0,479.0
6217,37,115,569,4.56,43.24,18.05,47.0,20.15,41.82,45.45,4.05,0.18,24.0,0.0,0.0,84.89,42.36,17.93,42.29,1.65,43.0,15.07,55.55,0.73,35.0,27.43,25.0,6.44,44.25,14.7,34.28,2.02,49.81,21.36,36.36,0.0,0.0,331.0
6218,37,116,0,0.0,0.0,0.0,0.0,0.0,0.0,0.0,0.0,0.0,0.0,0.0,0.0,0.0,0.0,0.0,0.0,0.0,0.0,0.0,0.0,0.0,0.0,0.0,0.0,0.0,0.0,0.0,0.0,0.0,0.0,0.0,0.0,0.0,0.0,0.0
6219,37,117,844,5.45,44.98,19.64,50.95,16.72,41.58,62.5,3.0,0.5,58.25,39.76,50.0,80.32,43.08,19.61,40.4,3.13,37.96,9.82,64.0,0.5,66.25,11.61,50.0,8.64,45.04,16.76,37.68,3.88,59.22,12.75,29.03,0.0,0.0,504.0
6220,37,118,0,0.0,0.0,0.0,0.0,0.0,0.0,0.0,0.0,0.0,0.0,0.0,0.0,0.0,0.0,0.0,0.0,0.0,0.0,0.0,0.0,0.0,0.0,0.0,0.0,0.0,0.0,0.0,0.0,0.0,0.0,0.0,0.0,0.0,0.0,0.0
6221,37,119,678,5.16,43.85,18.41,47.33,17.06,41.29,40.74,4.19,0.31,61.0,9.89,50.0,79.93,42.31,18.14,41.82,1.39,35.11,16.13,55.55,1.86,41.5,14.83,41.66,9.33,43.91,19.45,30.0,2.79,59.94,13.83,38.88,0.0,0.0,405.0
6222,37,120,0,0.0,0.0,0.0,0.0,0.0,0.0,0.0,0.0,0.0,0.0,0.0,0.0,0.0,0.0,0.0,0.0,0.0,0.0,0.0,0.0,0.0,0.0,0.0,0.0,0.0,0.0,0.0,0.0,0.0,0.0,0.0,0.0,0.0,0.0,0.0
6223,37,122,978,6.44,43.37,18.56,43.26,19.66,43.66,63.15,2.07,0.21,80.5,3.53,100.0,83.49,42.34,18.46,44.37,2.84,36.23,8.24,69.23,1.31,43.66,11.84,33.33,7.97,42.19,16.65,32.87,2.07,52.73,21.18,31.57,0.0,0.0,605.0
6224,37,123,908,7.26,43.81,17.77,44.54,19.68,42.07,30.9,6.53,0.71,58.66,22.63,16.66,76.95,42.44,17.72,43.51,1.3,41.54,11.57,72.72,1.42,45.25,10.57,50.0,10.68,44.97,17.05,36.66,2.37,47.85,17.44,40.0,0.0,0.0,544.0
6225,37,124,0,0.0,0.0,0.0,0.0,0.0,0.0,0.0,0.0,0.0,0.0,0.0,0.0,0.0,0.0,0.0,0.0,0.0,0.0,0.0,0.0,0.0,0.0,0.0,0.0,0.0,0.0,0.0,0.0,0.0,0.0,0.0,0.0,0.0,0.0,0.0
6226,37,125,946,6.55,41.15,18.45,44.82,19.42,44.18,36.58,4.63,0.79,36.28,15.37,57.14,82.12,39.32,17.7,44.76,1.92,29.58,13.75,70.58,0.56,41.0,9.0,40.0,7.23,41.4,18.81,37.5,2.71,53.29,15.37,33.33,0.0,0.0,578.0
6227,37,126,341,4.39,44.04,17.66,44.22,8.7,43.98,55.55,2.76,0.0,0.0,0.0,0.0,88.03,43.87,17.6,43.55,1.53,29.8,19.52,80.0,1.53,52.8,16.99,20.0,3.37,44.63,15.36,45.45,2.76,56.22,16.47,44.44,0.0,0.0,199.0
6228,37,127,943,3.71,43.81,18.82,49.54,15.8,42.84,50.0,2.64,0.44,44.25,31.92,100.0,85.24,42.88,18.83,42.11,1.32,35.58,9.95,83.33,1.54,48.28,12.99,35.71,7.04,41.54,15.45,31.25,1.76,60.37,16.52,37.5,0.0,0.0,558.0
6229,37,128,918,3.15,43.55,18.75,39.0,17.28,42.48,45.83,2.69,0.11,56.0,0.0,100.0,86.16,42.86,18.42,41.38,2.36,45.33,19.01,47.61,0.44,32.25,22.86,75.0,6.41,44.42,19.24,40.35,1.79,58.37,16.36,50.0,0.0,0.0,563.0
6230,37,129,0,0.0,0.0,0.0,0.0,0.0,0.0,0.0,0.0,0.0,0.0,0.0,0.0,0.0,0.0,0.0,0.0,0.0,0.0,0.0,0.0,0.0,0.0,0.0,0.0,0.0,0.0,0.0,0.0,0.0,0.0,0.0,0.0,0.0,0.0,0.0
6231,37,130,0,0.0,0.0,0.0,0.0,0.0,0.0,0.0,0.0,0.0,0.0,0.0,0.0,0.0,0.0,0.0,0.0,0.0,0.0,0.0,0.0,0.0,0.0,0.0,0.0,0.0,0.0,0.0,0.0,0.0,0.0,0.0,0.0,0.0,0.0,0.0
6232,37,131,676,4.14,43.79,19.14,51.36,25.05,40.97,42.1,2.93,0.15,82.0,0.0,100.0,85.64,42.73,18.81,40.54,2.0,37.15,14.97,61.53,0.77,49.6,13.75,20.0,7.4,46.18,16.09,39.58,1.08,49.14,36.03,42.85,0.0,0.0,410.0
6233,37,133,873,7.1,44.0,19.08,54.63,16.38,41.8,50.0,2.71,0.49,52.5,16.58,100.0,79.4,42.15,18.98,42.23,1.84,36.6,5.84,80.0,0.24,52.0,8.48,50.0,13.44,44.98,16.9,33.02,1.84,55.8,19.09,40.0,0.0,0.0,532.0
6234,37,134,543,6.44,42.05,18.89,38.9,8.76,39.77,45.45,2.16,0.78,73.0,15.53,75.0,83.46,40.41,18.41,39.85,1.57,37.0,21.78,50.0,0.19,36.0,0.0,0.0,10.23,46.11,18.23,30.76,1.57,39.0,26.84,50.0,0.0,0.0,329.0
6235,37,135,0,0.0,0.0,0.0,0.0,0.0,0.0,0.0,0.0,0.0,0.0,0.0,0.0,0.0,0.0,0.0,0.0,0.0,0.0,0.0,0.0,0.0,0.0,0.0,0.0,0.0,0.0,0.0,0.0,0.0,0.0,0.0,0.0,0.0,0.0,0.0
6236,37,136,942,6.58,44.82,19.34,52.7,15.87,41.5,54.16,2.72,1.02,60.77,27.1,44.44,79.65,43.01,18.56,41.51,1.7,41.0,23.75,60.0,1.02,53.77,8.71,33.33,10.34,44.15,19.5,29.67,3.52,52.29,21.58,29.03,0.0,0.0,580.0
6237,37,137,988,4.95,43.53,18.93,50.75,18.7,39.97,33.33,3.51,0.95,26.77,29.02,11.11,82.53,42.87,18.77,40.77,1.27,37.25,15.84,66.66,0.74,33.57,5.15,28.57,7.66,41.94,16.48,34.72,3.3,49.48,23.93,29.03,0.0,0.0,645.0
6238,37,139,833,6.24,41.96,17.92,45.32,18.86,43.81,46.42,3.58,0.0,0.0,0.0,0.0,82.58,41.39,17.88,43.25,1.66,33.07,6.7,61.53,0.51,28.75,6.23,50.0,9.34,39.12,15.84,38.35,2.3,41.72,20.31,33.33,0.0,0.0,519.0
6239,37,140,656,6.25,42.06,18.35,36.94,16.66,41.61,36.84,3.08,0.65,52.25,19.73,25.0,82.76,41.17,17.86,41.65,1.95,34.66,13.96,83.33,0.48,44.66,5.77,66.66,8.45,43.4,18.05,30.76,2.6,46.12,28.16,12.5,0.0,0.0,426.0
6240,37,141,0,0.0,0.0,0.0,0.0,0.0,0.0,0.0,0.0,0.0,0.0,0.0,0.0,0.0,0.0,0.0,0.0,0.0,0.0,0.0,0.0,0.0,0.0,0.0,0.0,0.0,0.0,0.0,0.0,0.0,0.0,0.0,0.0,0.0,0.0,0.0
6241,37,142,0,0.0,0.0,0.0,0.0,0.0,0.0,0.0,0.0,0.0,0.0,0.0,0.0,0.0,0.0,0.0,0.0,0.0,0.0,0.0,0.0,0.0,0.0,0.0,0.0,0.0,0.0,0.0,0.0,0.0,0.0,0.0,0.0,0.0,0.0,0.0
6242,37,143,0,0.0,0.0,0.0,0.0,0.0,0.0,0.0,0.0,0.0,0.0,0.0,0.0,0.0,0.0,0.0,0.0,0.0,0.0,0.0,0.0,0.0,0.0,0.0,0.0,0.0,0.0,0.0,0.0,0.0,0.0,0.0,0.0,0.0,0.0,0.0
6243,37,144,798,9.14,44.96,19.15,41.26,18.64,42.98,30.0,4.13,0.82,59.16,18.76,83.33,79.44,43.59,19.26,42.88,1.93,26.0,12.07,57.14,1.65,55.83,8.73,41.66,8.82,44.17,17.01,31.25,3.17,49.26,19.94,56.52,0.0,0.0,472.0
6244,37,145,0,0.0,0.0,0.0,0.0,0.0,0.0,0.0,0.0,0.0,0.0,0.0,0.0,0.0,0.0,0.0,0.0,0.0,0.0,0.0,0.0,0.0,0.0,0.0,0.0,0.0,0.0,0.0,0.0,0.0,0.0,0.0,0.0,0.0,0.0,0.0
6245,37,146,780,3.46,43.68,19.15,51.0,18.15,42.56,26.66,1.99,0.39,51.0,22.33,100.0,88.04,42.95,19.14,42.38,1.85,32.78,12.92,64.28,0.92,43.71,8.59,42.85,5.44,46.75,18.66,26.82,1.32,56.4,16.58,70.0,0.0,0.0,443.0
6246,37,147,0,0.0,0.0,0.0,0.0,0.0,0.0,0.0,0.0,0.0,0.0,0.0,0.0,0.0,0.0,0.0,0.0,0.0,0.0,0.0,0.0,0.0,0.0,0.0,0.0,0.0,0.0,0.0,0.0,0.0,0.0,0.0,0.0,0.0,0.0,0.0
6247,37,148,696,6.6,42.2,19.1,45.0,20.82,39.94,46.66,2.3,0.15,60.0,0.0,100.0,80.92,40.29,19.35,40.3,3.38,35.63,9.75,50.0,1.53,42.1,18.89,40.0,8.76,47.15,15.19,29.82,2.92,50.89,19.05,57.89,0.0,0.0,438.0
6248,37,149,694,6.19,44.69,19.42,43.19,21.02,39.76,43.9,6.29,0.3,69.5,10.6,0.0,75.11,42.63,18.89,39.05,1.68,44.63,13.05,72.72,1.68,46.27,14.81,54.54,11.98,45.82,18.68,35.89,2.91,55.94,20.07,47.36,0.0,0.0,454.0
6249,37,151,742,4.98,41.44,18.1,41.16,16.96,45.82,32.0,3.54,0.0,0.0,0.0,0.0,83.26,40.8,17.92,44.8,2.41,34.64,13.46,82.35,0.56,49.0,13.29,50.0,8.93,39.93,18.34,50.79,1.27,52.22,20.24,66.66,0.0,0.0,436.0
6250,37,152,865,5.2,40.77,17.53,41.87,17.5,43.0,56.25,3.9,0.48,67.0,11.57,25.0,79.14,39.76,17.21,43.45,2.92,36.2,16.71,66.66,1.46,45.83,16.8,25.0,10.73,42.79,19.24,38.63,1.34,46.9,12.73,36.36,0.0,0.0,510.0
6251,37,153,713,6.03,42.45,18.38,51.29,15.01,43.61,58.82,2.53,0.59,65.0,18.67,0.0,81.94,40.7,18.36,43.89,1.79,40.66,22.84,66.66,0.29,34.5,16.26,0.0,10.74,43.43,12.9,41.66,2.08,55.07,19.31,35.71,0.0,0.0,401.0
6252,37,154,783,6.64,43.09,18.73,45.84,16.62,45.59,46.15,3.55,0.41,72.66,16.04,66.66,83.31,41.86,18.79,47.45,2.18,36.43,11.7,62.5,0.54,48.75,12.86,25.0,6.97,46.17,17.16,37.25,3.0,46.95,17.09,31.81,0.0,0.0,496.0
6253,37,155,0,0.0,0.0,0.0,0.0,0.0,0.0,0.0,0.0,0.0,0.0,0.0,0.0,0.0,0.0,0.0,0.0,0.0,0.0,0.0,0.0,0.0,0.0,0.0,0.0,0.0,0.0,0.0,0.0,0.0,0.0,0.0,0.0,0.0,0.0,0.0
6254,37,156,509,6.09,43.03,18.07,39.33,19.48,42.43,44.44,1.88,0.0,0.0,0.0,0.0,81.79,41.43,17.66,42.71,1.88,36.44,15.86,55.55,0.83,40.0,31.37,25.0,12.13,46.08,17.87,36.2,1.46,63.0,12.42,57.14,0.0,0.0,316.0
6255,37,158,0,0.0,0.0,0.0,0.0,0.0,0.0,0.0,0.0,0.0,0.0,0.0,0.0,0.0,0.0,0.0,0.0,0.0,0.0,0.0,0.0,0.0,0.0,0.0,0.0,0.0,0.0,0.0,0.0,0.0,0.0,0.0,0.0,0.0,0.0,0.0
6256,37,159,819,1.95,38.45,17.81,42.93,17.62,45.29,12.5,1.99,0.37,45.66,27.31,33.33,85.18,38.61,18.04,46.34,1.86,33.6,12.67,73.33,0.87,42.57,13.07,42.85,7.47,35.9,14.2,36.66,2.24,29.94,23.31,44.44,0.0,0.0,429.0
6257,37,161,651,0.92,45.8,18.64,45.83,20.84,41.32,33.33,0.93,0.15,27.0,0.0,100.0,93.33,45.65,18.75,41.52,1.55,44.1,15.79,50.0,0.15,47.0,0.0,0.0,2.48,46.25,16.27,43.75,1.39,57.44,8.07,22.22,0.0,0.0,393.0
6258,37,164,0,0.0,0.0,0.0,0.0,0.0,0.0,0.0,0.0,0.0,0.0,0.0,0.0,0.0,0.0,0.0,0.0,0.0,0.0,0.0,0.0,0.0,0.0,0.0,0.0,0.0,0.0,0.0,0.0,0.0,0.0,0.0,0.0,0.0,0.0,0.0
6259,37,166,0,0.0,0.0,0.0,0.0,0.0,0.0,0.0,0.0,0.0,0.0,0.0,0.0,0.0,0.0,0.0,0.0,0.0,0.0,0.0,0.0,0.0,0.0,0.0,0.0,0.0,0.0,0.0,0.0,0.0,0.0,0.0,0.0,0.0,0.0,0.0
6260,37,169,0,0.0,0.0,0.0,0.0,0.0,0.0,0.0,0.0,0.0,0.0,0.0,0.0,0.0,0.0,0.0,0.0,0.0,0.0,0.0,0.0,0.0,0.0,0.0,0.0,0.0,0.0,0.0,0.0,0.0,0.0,0.0,0.0,0.0,0.0,0.0
6261,37,170,0,0.0,0.0,0.0,0.0,0.0,0.0,0.0,0.0,0.0,0.0,0.0,0.0,0.0,0.0,0.0,0.0,0.0,0.0,0.0,0.0,0.0,0.0,0.0,0.0,0.0,0.0,0.0,0.0,0.0,0.0,0.0,0.0,0.0,0.0,0.0
6262,37,171,788,6.85,43.35,17.84,53.33,20.06,43.9,50.0,3.26,0.0,0.0,0.0,0.0,80.51,41.52,17.36,45.34,2.45,39.66,15.47,61.11,0.95,45.28,14.31,42.85,10.49,42.27,15.88,25.97,2.31,54.58,17.55,47.05,0.0,0.0,526.0
6263,37,172,0,0.0,0.0,0.0,0.0,0.0,0.0,0.0,0.0,0.0,0.0,0.0,0.0,0.0,0.0,0.0,0.0,0.0,0.0,0.0,0.0,0.0,0.0,0.0,0.0,0.0,0.0,0.0,0.0,0.0,0.0,0.0,0.0,0.0,0.0,0.0
6264,37,174,423,5.43,43.34,19.76,72.33,18.53,43.02,66.66,1.5,1.0,49.25,12.99,50.0,81.25,42.54,19.88,40.61,2.25,38.77,14.06,77.77,0.25,37.0,0.0,0.0,11.5,40.76,18.47,39.13,2.25,48.55,19.15,44.44,0.0,0.0,268.0
6265,37,175,700,6.28,44.56,18.85,51.53,17.95,41.71,41.46,6.25,0.91,47.16,24.19,16.66,77.28,43.76,18.53,42.8,1.82,36.75,15.79,58.33,1.21,37.0,19.27,37.5,10.51,40.28,17.99,31.88,1.98,58.69,20.84,46.15,0.0,0.0,443.0
6266,37,177,0,0.0,0.0,0.0,0.0,0.0,0.0,0.0,0.0,0.0,0.0,0.0,0.0,0.0,0.0,0.0,0.0,0.0,0.0,0.0,0.0,0.0,0.0,0.0,0.0,0.0,0.0,0.0,0.0,0.0,0.0,0.0,0.0,0.0,0.0,0.0
6267,37,179,0,0.0,0.0,0.0,0.0,0.0,0.0,0.0,0.0,0.0,0.0,0.0,0.0,0.0,0.0,0.0,0.0,0.0,0.0,0.0,0.0,0.0,0.0,0.0,0.0,0.0,0.0,0.0,0.0,0.0,0.0,0.0,0.0,0.0,0.0,0.0
6268,37,182,0,0.0,0.0,0.0,0.0,0.0,0.0,0.0,0.0,0.0,0.0,0.0,0.0,0.0,0.0,0.0,0.0,0.0,0.0,0.0,0.0,0.0,0.0,0.0,0.0,0.0,0.0,0.0,0.0,0.0,0.0,0.0,0.0,0.0,0.0,0.0
6269,37,183,1042,5.66,43.34,19.36,45.71,15.48,40.21,43.58,3.96,0.3,67.0,24.24,66.66,83.51,42.73,19.33,41.29,1.42,32.28,11.86,71.42,0.71,46.85,23.54,14.28,7.12,42.2,17.21,31.42,2.95,51.65,17.12,37.93,0.0,0.0,638.0
6270,37,184,1073,4.1,42.53,17.6,49.44,17.9,42.87,51.85,2.62,0.29,47.0,16.52,33.33,85.81,41.68,17.42,43.26,1.94,35.45,7.53,65.0,0.87,47.55,13.78,33.33,6.89,42.92,16.59,32.39,1.55,45.43,20.76,31.25,0.0,0.0,691.0
6271,37,186,1065,4.88,44.45,19.96,45.7,22.84,40.56,50.0,1.97,0.69,55.14,17.88,28.57,85.98,43.81,19.69,41.1,1.18,33.83,14.44,66.66,1.08,48.63,8.9,36.36,6.51,42.04,18.8,30.3,2.56,53.61,20.17,34.61,0.0,0.0,639.0
6272,37,187,816,6.37,43.59,17.96,45.96,12.95,42.15,51.85,3.53,0.39,48.33,16.44,66.66,82.85,41.66,17.59,41.86,1.57,40.25,10.64,83.33,0.91,40.14,20.48,28.57,9.55,49.78,17.28,36.98,1.17,50.88,22.69,22.22,0.0,0.0,490.0
6273,37,188,0,0.0,0.0,0.0,0.0,0.0,0.0,0.0,0.0,0.0,0.0,0.0,0.0,0.0,0.0,0.0,0.0,0.0,0.0,0.0,0.0,0.0,0.0,0.0,0.0,0.0,0.0,0.0,0.0,0.0,0.0,0.0,0.0,0.0,0.0,0.0
6274,37,192,0,0.0,0.0,0.0,0.0,0.0,0.0,0.0,0.0,0.0,0.0,0.0,0.0,0.0,0.0,0.0,0.0,0.0,0.0,0.0,0.0,0.0,0.0,0.0,0.0,0.0,0.0,0.0,0.0,0.0,0.0,0.0,0.0,0.0,0.0,0.0
6275,37,193,0,0.0,0.0,0.0,0.0,0.0,0.0,0.0,0.0,0.0,0.0,0.0,0.0,0.0,0.0,0.0,0.0,0.0,0.0,0.0,0.0,0.0,0.0,0.0,0.0,0.0,0.0,0.0,0.0,0.0,0.0,0.0,0.0,0.0,0.0,0.0
6276,37,197,0,0.0,0.0,0.0,0.0,0.0,0.0,0.0,0.0,0.0,0.0,0.0,0.0,0.0,0.0,0.0,0.0,0.0,0.0,0.0,0.0,0.0,0.0,0.0,0.0,0.0,0.0,0.0,0.0,0.0,0.0,0.0,0.0,0.0,0.0,0.0
6277,37,199,0,0.0,0.0,0.0,0.0,0.0,0.0,0.0,0.0,0.0,0.0,0.0,0.0,0.0,0.0,0.0,0.0,0.0,0.0,0.0,0.0,0.0,0.0,0.0,0.0,0.0,0.0,0.0,0.0,0.0,0.0,0.0,0.0,0.0,0.0,0.0
6278,37,201,0,0.0,0.0,0.0,0.0,0.0,0.0,0.0,0.0,0.0,0.0,0.0,0.0,0.0,0.0,0.0,0.0,0.0,0.0,0.0,0.0,0.0,0.0,0.0,0.0,0.0,0.0,0.0,0.0,0.0,0.0,0.0,0.0,0.0,0.0,0.0
6279,37,202,0,0.0,0.0,0.0,0.0,0.0,0.0,0.0,0.0,0.0,0.0,0.0,0.0,0.0,0.0,0.0,0.0,0.0,0.0,0.0,0.0,0.0,0.0,0.0,0.0,0.0,0.0,0.0,0.0,0.0,0.0,0.0,0.0,0.0,0.0,0.0
6280,37,214,0,0.0,0.0,0.0,0.0,0.0,0.0,0.0,0.0,0.0,0.0,0.0,0.0,0.0,0.0,0.0,0.0,0.0,0.0,0.0,0.0,0.0,0.0,0.0,0.0,0.0,0.0,0.0,0.0,0.0,0.0,0.0,0.0,0.0,0.0,0.0
6281,37,216,0,0.0,0.0,0.0,0.0,0.0,0.0,0.0,0.0,0.0,0.0,0.0,0.0,0.0,0.0,0.0,0.0,0.0,0.0,0.0,0.0,0.0,0.0,0.0,0.0,0.0,0.0,0.0,0.0,0.0,0.0,0.0,0.0,0.0,0.0,0.0
6282,37,219,0,0.0,0.0,0.0,0.0,0.0,0.0,0.0,0.0,0.0,0.0,0.0,0.0,0.0,0.0,0.0,0.0,0.0,0.0,0.0,0.0,0.0,0.0,0.0,0.0,0.0,0.0,0.0,0.0,0.0,0.0,0.0,0.0,0.0,0.0,0.0
6283,37,222,0,0.0,0.0,0.0,0.0,0.0,0.0,0.0,0.0,0.0,0.0,0.0,0.0,0.0,0.0,0.0,0.0,0.0,0.0,0.0,0.0,0.0,0.0,0.0,0.0,0.0,0.0,0.0,0.0,0.0,0.0,0.0,0.0,0.0,0.0,0.0
6284,37,223,0,0.0,0.0,0.0,0.0,0.0,0.0,0.0,0.0,0.0,0.0,0.0,0.0,0.0,0.0,0.0,0.0,0.0,0.0,0.0,0.0,0.0,0.0,0.0,0.0,0.0,0.0,0.0,0.0,0.0,0.0,0.0,0.0,0.0,0.0,0.0
6285,38,1,641,1.24,43.07,18.59,42.0,20.51,45.08,0.0,0.63,3.63,49.17,23.54,65.21,77.25,42.61,18.85,36.19,0.47,37.66,12.66,66.66,0.31,43.0,7.07,50.0,16.11,41.37,15.85,85.29,1.57,58.9,12.32,30.0,0.0,37.03,362.0
6286,38,2,676,3.99,44.08,18.79,43.9,17.36,41.27,40.9,3.38,8.93,52.96,18.99,56.89,71.03,42.34,18.59,36.22,2.0,41.46,15.43,61.53,1.07,54.42,19.62,42.85,10.93,41.7,19.03,63.38,2.61,49.52,15.4,41.17,0.0,37.17,357.0
6287,38,9,257,3.11,44.89,18.63,43.11,15.89,43.57,55.55,3.61,16.06,55.27,17.79,50.0,71.08,41.8,18.27,43.5,0.4,33.0,0.0,0.0,0.4,52.0,0.0,0.0,3.61,46.77,14.93,33.33,4.81,52.58,23.58,25.0,0.0,78.03,163.0
6288,38,unclear,1134,2.82,43.6,15.82,54.15,13.26,45.14,69.23,1.17,0.0,0.0,0.0,0.0,87.74,43.64,15.98,40.12,0.0,0.0,0.0,0.0,0.27,44.33,20.55,33.33,10.25,39.01,13.02,84.95,0.54,53.33,15.66,66.66,,,
6289,38,unclear,1280,5.39,42.25,16.79,50.28,18.4,46.56,47.61,1.73,0.0,0.0,0.0,0.0,91.49,41.31,16.43,43.77,0.49,36.5,18.83,83.33,0.08,72.0,0.0,100.0,4.62,37.94,13.58,80.35,1.56,57.73,16.6,68.42,,,
6290,38,24,783,0.89,42.97,19.01,47.31,22.7,44.18,36.36,2.83,3.22,58.04,19.7,44.0,81.18,42.08,18.68,41.11,1.15,41.88,13.33,66.66,0.51,59.5,24.44,0.0,9.92,40.58,17.86,72.72,1.15,50.66,18.15,22.22,0.0,51.93,476.0
6291,38,26,899,4.22,42.4,18.35,49.15,19.44,42.15,31.25,3.71,8.01,50.78,19.94,46.37,78.04,40.63,17.47,41.22,1.62,43.14,20.91,64.28,0.11,53.0,0.0,100.0,6.38,40.18,19.12,47.27,2.09,47.83,19.17,38.88,0.0,35.09,543.0
6292,38,27,709,0.56,41.64,18.2,41.3,15.42,41.74,38.46,1.84,3.12,51.18,17.82,59.09,83.54,40.79,18.02,38.37,0.99,36.57,8.52,42.85,0.99,42.14,9.65,57.14,6.8,43.45,19.28,72.91,2.69,50.42,22.11,42.1,0.0,35.77,394.0
6293,38,30,620,0.64,43.28,17.61,61.46,16.46,41.29,69.23,2.11,3.4,46.0,14.12,28.57,85.87,42.76,17.52,40.45,0.81,35.79,7.79,40.0,0.0,0.0,0.0,0.0,5.19,39.65,16.19,65.62,2.59,48.43,19.89,12.5,0.0,34.59,348.0
6294,38,31,922,0.1,42.94,17.51,42.93,21.46,43.05,31.25,1.73,1.52,50.5,15.63,50.0,83.71,43.32,17.4,38.13,0.43,22.5,15.84,50.0,0.32,57.0,13.89,0.0,10.85,38.69,16.29,82.0,1.41,46.46,22.51,46.15,0.0,35.65,518.0
6295,38,unclear,1065,7.32,43.39,16.09,53.69,16.39,47.69,72.22,3.64,0.0,0.0,0.0,0.0,86.52,41.82,15.67,46.37,0.4,29.0,4.08,100.0,0.4,47.0,16.06,50.0,4.96,39.61,12.73,44.89,4.05,57.02,15.42,40.0,,,
6296,38,42,905,2.09,43.24,18.77,50.0,15.38,42.32,33.33,1.01,5.75,49.35,15.75,47.05,79.23,42.38,18.5,36.75,0.67,59.33,8.52,33.33,0.11,79.0,0.0,0.0,12.64,40.85,20.62,73.21,0.56,50.2,23.22,60.0,0.0,35.03,480.0
6297,38,43,572,0.0,45.35,20.17,38.75,12.68,44.23,75.0,0.69,1.57,40.66,20.66,44.44,76.39,46.56,20.13,33.18,0.17,56.0,0.0,100.0,0.0,0.0,0.0,0.0,20.27,40.81,19.91,82.75,0.87,56.8,22.46,80.0,0.0,32.06,351.0
6298,38,62,565,2.12,44.19,20.36,43.7,13.62,41.06,41.66,4.33,8.67,55.0,20.66,41.66,77.39,42.96,20.31,40.88,1.44,43.87,14.19,62.5,0.9,45.0,12.44,20.0,4.88,40.55,14.21,48.14,2.35,32.69,25.64,38.46,0.0,58.42,305.0
6299,38,88,758,1.97,43.04,16.78,45.08,19.37,42.74,52.17,3.09,8.74,55.35,18.61,49.23,79.94,41.09,15.85,42.59,1.07,35.25,5.06,37.5,0.26,40.0,7.07,50.0,5.51,42.31,15.67,26.82,1.21,56.11,11.03,66.66,0.0,35.76,497.0
6300,38,91,906,1.1,42.05,18.64,43.48,17.65,42.27,34.14,4.57,9.82,52.36,20.42,51.13,75.0,40.53,18.24,43.0,1.56,31.71,17.52,57.14,0.89,41.12,11.35,12.5,7.03,42.95,15.68,30.15,1.11,51.2,20.26,30.0,0.0,36.64,520.0
6301,38,92,505,0.19,44.8,18.74,50.3,27.37,39.8,50.0,1.98,7.34,57.59,17.01,43.24,79.96,44.22,18.62,39.45,2.57,38.07,13.82,69.23,0.79,34.0,23.42,25.0,6.54,38.6,14.85,30.3,0.79,51.75,10.34,0.0,0.0,36.15,290.0
6302,38,109,760,2.63,43.23,18.72,43.32,20.48,42.1,44.11,4.59,5.94,51.34,15.53,36.36,75.4,41.45,18.21,43.18,1.35,42.8,17.33,50.0,0.4,43.66,11.54,0.0,9.18,43.36,18.98,33.82,3.1,54.34,19.16,47.82,0.0,50.58,462.0
6303,38,112,631,1.58,43.59,19.27,45.23,22.11,43.26,46.15,4.18,6.28,52.41,23.31,48.71,76.81,41.83,17.89,42.34,1.61,48.5,20.55,80.0,0.64,48.75,3.77,50.0,7.24,40.75,20.86,40.0,3.22,56.55,18.8,40.0,0.0,39.32,351.0
6304,38,120,929,0.32,39.71,17.4,33.71,19.38,42.51,64.28,1.51,2.15,42.35,19.74,40.0,88.33,39.62,17.27,42.42,1.4,34.3,13.65,76.92,0.43,66.0,30.0,50.0,4.31,38.7,15.02,32.5,1.83,44.7,20.19,35.29,0.0,47.63,511.0
6305,38,124,937,0.1,43.35,18.23,37.6,19.63,42.9,40.0,1.06,1.6,43.2,22.02,66.66,92.09,43.23,18.03,42.92,0.96,40.22,9.92,77.77,0.1,62.0,0.0,0.0,2.13,44.4,22.34,25.0,2.02,49.15,20.78,26.31,0.0,39.11,532.0
6306,38,126,822,0.72,43.45,17.37,52.14,22.91,43.3,50.0,1.71,3.43,52.96,18.14,50.0,85.78,42.76,17.16,43.42,1.71,33.92,17.08,64.28,0.36,12.33,21.36,33.33,4.77,44.05,12.66,30.76,2.2,56.55,12.24,33.33,0.0,42.15,502.0
6307,38,129,714,0.42,41.6,18.63,40.0,17.5,41.17,50.0,2.53,2.1,48.13,17.8,46.66,88.6,41.39,18.6,40.79,1.26,35.33,10.28,66.66,0.14,65.0,0.0,100.0,3.93,38.92,21.59,32.14,1.4,53.0,15.12,40.0,0.0,38.28,379.0
6308,38,130,793,0.37,41.19,17.89,35.73,19.5,41.86,60.0,1.89,2.02,34.18,19.18,25.0,88.73,41.5,17.75,41.65,1.51,38.83,13.47,75.0,0.0,0.0,0.0,0.0,4.68,38.18,18.89,43.24,1.13,53.0,22.15,22.22,0.0,37.31,457.0
6309,38,135,976,0.1,40.71,17.99,39.94,18.05,42.52,58.82,1.74,2.46,44.54,15.79,20.83,87.07,40.41,18.0,43.58,0.92,34.22,7.08,77.77,0.51,35.2,12.31,60.0,4.71,43.04,17.75,34.78,2.56,45.08,21.71,16.0,0.0,34.0,522.0
6310,38,141,1123,0.0,42.3,18.42,41.14,14.85,40.33,64.28,1.24,1.86,55.14,22.43,33.33,91.45,42.1,18.48,40.21,2.76,37.16,14.46,58.06,0.0,0.0,0.0,0.0,1.69,42.05,14.58,21.05,0.97,52.9,13.77,18.18,0.0,34.05,556.0
6311,38,142,1090,0.0,41.32,18.3,36.85,34.34,41.0,57.14,0.64,1.46,48.12,30.26,50.0,91.74,41.37,17.95,40.89,1.65,31.22,6.15,66.66,0.45,43.2,16.54,20.0,2.56,37.03,17.83,35.71,1.46,51.62,21.5,18.75,0.0,36.77,586.0
6312,38,143,708,0.14,41.12,17.98,40.0,18.99,41.94,57.14,0.99,1.55,47.63,21.41,45.45,92.07,41.08,17.67,41.78,1.69,36.58,13.57,25.0,0.0,0.0,0.0,0.0,2.26,31.56,22.67,43.75,1.41,54.8,20.53,50.0,0.0,34.07,387.0
6313,38,148,867,0.11,41.07,18.07,25.4,17.02,43.82,50.0,1.15,3.69,47.96,19.41,37.5,86.95,40.88,17.63,43.82,0.8,32.85,8.85,100.0,0.23,46.5,12.02,50.0,4.73,38.75,18.55,41.46,2.42,51.76,25.88,33.33,0.0,36.34,458.0
6314,38,149,599,0.16,43.06,19.51,47.66,26.72,43.4,83.33,1.0,0.83,51.6,36.39,40.0,91.63,43.05,19.36,42.88,4.01,36.5,13.44,54.16,0.0,0.0,0.0,0.0,1.33,52.87,18.91,37.5,1.17,44.14,28.19,28.57,0.0,34.39,331.0
6315,38,150,607,0.0,43.85,18.12,39.0,28.62,40.69,60.0,0.82,2.47,46.6,15.05,46.66,90.6,43.8,18.21,40.54,2.47,41.4,20.8,53.33,0.0,0.0,0.0,0.0,2.14,41.38,9.63,23.07,1.31,50.87,16.71,37.5,0.0,36.7,352.0
6316,38,151,927,0.1,42.96,18.46,37.83,17.96,43.47,66.66,1.29,1.29,48.16,12.14,50.0,93.84,43.15,18.47,43.03,0.75,38.85,15.67,85.71,0.1,42.0,0.0,0.0,2.26,36.61,23.67,38.09,0.43,46.25,4.64,0.0,0.0,38.11,528.0
6317,38,153,1147,0.26,41.16,18.39,38.57,14.95,39.31,34.28,3.05,2.27,44.8,25.44,46.15,88.46,41.32,18.26,39.52,1.31,27.06,12.86,46.66,0.08,53.0,0.0,0.0,3.14,36.72,17.42,38.88,1.66,51.73,19.46,21.05,0.0,28.71,596.0
6318,38,155,730,0.0,41.79,17.81,34.26,20.31,42.32,31.57,2.6,1.64,54.25,21.24,50.0,91.78,41.66,17.74,42.23,1.23,39.88,14.8,33.33,0.27,48.0,2.82,50.0,1.78,47.92,12.14,53.84,0.68,42.0,17.01,60.0,0.0,35.62,425.0
6319,38,156,530,3.77,41.09,18.64,41.81,21.35,45.66,40.74,5.29,9.01,46.73,16.76,41.3,60.78,39.89,19.11,39.67,1.37,40.71,13.79,71.42,0.19,0.0,0.0,0.0,21.56,39.72,16.94,63.63,1.76,38.22,13.92,22.22,0.0,36.6,294.0
6320,38,157,718,2.92,42.24,17.78,48.57,20.53,44.42,50.0,2.0,5.59,50.53,15.23,51.28,72.16,41.49,17.68,39.16,1.72,41.58,12.44,75.0,0.71,47.0,26.41,20.0,16.64,39.94,18.48,66.37,1.14,44.5,12.36,12.5,0.0,38.1,391.0
6321,38,159,1010,4.85,42.04,18.67,35.72,19.33,42.57,35.29,7.07,10.09,51.89,17.57,50.51,68.47,40.24,18.19,40.72,2.18,36.33,14.8,80.95,1.76,48.29,13.41,23.52,8.22,38.31,14.68,35.44,2.18,53.61,15.44,47.61,0.0,37.07,557.0
6322,38,unclear,1042,8.54,42.68,15.02,44.17,13.77,45.87,46.37,7.24,0.0,0.0,0.0,0.0,79.64,41.7,14.8,46.37,1.25,32.75,12.64,83.33,1.04,38.0,11.84,60.0,6.08,36.67,13.09,27.58,4.72,53.24,13.28,44.44,,,
6323,38,163,731,2.87,43.54,17.65,48.66,15.54,37.48,55.55,2.53,9.71,55.04,20.63,46.37,73.23,40.08,16.2,38.26,0.42,42.33,9.29,66.66,0.7,62.6,14.55,40.0,8.73,47.82,15.0,20.96,4.64,52.51,20.55,36.36,0.0,36.32,415.0
6324,38,164,633,3.63,44.51,19.4,47.21,23.6,41.39,52.63,3.11,10.0,57.21,19.72,44.26,77.04,41.08,18.05,41.48,0.65,36.0,7.52,100.0,0.65,58.25,18.19,25.0,6.72,46.53,17.36,21.95,1.8,63.54,16.53,72.72,0.0,37.94,367.0
6325,38,165,679,3.24,42.29,17.28,42.55,21.71,41.67,44.44,4.1,10.5,52.59,20.21,43.47,72.6,40.53,16.33,41.5,2.13,32.78,19.62,50.0,0.6,40.0,4.32,25.0,7.45,39.59,14.96,32.65,2.58,49.05,11.06,52.94,0.0,52.25,359.0
6326,38,167,570,4.03,44.08,18.82,49.75,18.26,41.75,50.0,2.19,15.9,56.7,17.59,36.78,68.37,39.57,17.54,45.18,1.46,47.62,11.62,50.0,0.54,50.33,17.38,33.33,8.95,44.53,18.68,28.57,2.55,49.5,13.93,7.14,0.0,57.11,288.0
6327,38,168,905,2.98,45.87,19.65,50.06,13.11,43.09,43.75,1.82,11.5,61.79,17.25,45.54,70.04,42.57,18.8,43.9,2.5,36.77,10.56,68.18,0.45,35.75,6.23,25.0,11.61,44.25,18.2,32.35,2.05,60.16,16.56,27.77,0.0,48.16,490.0
6328,38,170,922,3.25,42.93,19.2,42.94,21.98,41.75,37.14,3.92,10.65,51.15,19.69,41.05,73.43,40.79,18.61,42.29,1.45,33.84,18.22,76.92,0.33,47.33,10.5,0.0,8.74,45.79,16.9,32.05,1.45,37.61,22.14,46.15,0.0,49.11,520.0
6329,38,171,918,4.03,43.08,18.3,41.22,19.37,44.11,44.44,3.06,10.89,52.13,21.75,44.79,70.37,40.84,16.73,45.0,1.92,33.52,15.34,64.7,0.68,37.16,21.2,50.0,10.44,43.92,15.81,33.69,2.61,48.69,20.57,34.78,0.0,42.94,547.0
6330,38,173,716,0.55,42.75,19.91,38.92,17.81,43.57,30.76,1.82,2.24,50.31,25.28,50.0,83.14,42.92,20.01,44.93,2.24,41.37,15.39,62.5,0.42,47.0,4.35,0.0,8.7,39.77,16.6,29.03,1.4,33.1,25.42,40.0,0.0,36.18,418.0
6331,38,174,903,1.66,43.64,18.22,44.35,17.21,42.52,52.94,1.91,4.39,50.3,25.75,51.28,83.44,42.94,17.66,43.45,0.78,44.0,9.98,14.28,0.9,56.25,9.25,37.5,5.4,39.77,16.28,29.16,3.15,46.53,19.86,35.71,0.0,37.11,496.0
6332,38,175,737,1.35,43.86,20.61,50.27,16.57,36.9,50.0,3.02,3.85,49.75,20.58,39.28,76.2,43.67,20.86,38.44,1.51,32.0,12.14,54.54,0.41,42.0,5.0,0.0,10.31,42.69,18.99,24.0,4.67,40.88,20.98,29.41,0.0,50.99,427.0
6333,38,176,793,1.13,45.23,19.74,48.66,21.63,42.11,50.0,1.53,4.71,52.83,21.68,56.75,78.31,45.37,19.52,42.34,1.27,26.9,10.72,90.0,0.38,41.33,5.85,33.33,10.07,37.78,17.17,29.11,3.69,54.24,21.29,34.48,0.0,47.27,482.0
6334,38,178,547,2.74,40.75,17.61,45.87,20.35,40.21,43.75,3.0,3.38,53.72,19.52,22.22,84.39,39.42,17.18,40.08,1.12,43.5,18.55,50.0,0.75,59.0,20.29,50.0,5.45,40.79,15.89,37.93,1.87,42.9,13.46,50.0,0.0,64.17,306.0
6335,38,unclear,1056,5.58,41.65,15.8,44.97,17.42,44.98,51.42,3.51,0.0,0.0,0.0,0.0,84.15,40.3,15.38,43.74,1.2,32.58,9.89,75.0,1.3,40.07,17.69,30.76,6.11,41.22,11.82,34.42,3.71,53.27,15.52,62.16,,,
6336,38,185,669,2.09,43.2,17.64,47.86,20.4,39.76,52.17,3.51,4.88,54.56,19.26,46.87,80.91,41.74,17.27,38.86,1.06,44.57,9.69,57.14,0.61,44.75,24.01,25.0,7.78,43.49,13.77,37.25,1.22,53.75,19.0,25.0,0.0,53.86,410.0
6337,38,187,699,1.57,42.79,18.34,39.0,16.57,40.05,35.84,7.7,6.54,51.33,20.82,53.33,73.54,42.54,18.28,40.71,1.59,34.81,10.12,63.63,1.16,47.25,7.24,25.0,7.12,40.53,18.14,22.44,2.32,43.81,19.0,37.5,0.0,50.67,452.0
6338,38,188,504,0.59,42.27,18.2,45.17,20.12,44.44,52.94,3.39,6.18,46.38,24.49,51.61,77.44,41.39,17.81,43.55,1.39,32.14,8.0,71.42,0.19,35.0,0.0,100.0,7.78,43.74,17.18,33.33,3.59,50.66,13.02,44.44,0.0,63.92,293.0
6339,38,191,944,1.37,44.61,19.36,43.34,24.61,43.22,44.82,3.11,4.29,53.97,17.84,32.5,82.06,43.59,19.07,43.32,1.28,37.08,18.64,91.66,0.53,52.6,10.83,20.0,6.76,47.19,17.78,31.74,1.93,45.22,20.73,66.66,0.0,34.21,577.0
6340,38,193,373,0.53,42.56,17.19,55.18,18.53,41.55,63.63,2.96,8.08,53.73,23.21,43.33,78.43,41.21,16.07,39.51,1.34,33.2,6.87,40.0,1.07,36.25,2.75,75.0,6.19,38.91,17.85,34.78,1.88,49.28,13.33,85.71,0.0,35.68,215.0
6341,38,194,554,1.8,44.17,17.96,51.42,24.6,40.25,57.14,2.57,7.72,53.26,20.89,40.47,76.28,43.04,17.51,42.16,0.73,36.25,2.98,75.0,0.18,46.0,0.0,100.0,9.92,40.53,14.15,24.07,2.57,50.71,14.89,21.42,0.0,35.87,331.0
6342,38,195,644,3.57,42.61,18.49,48.68,25.91,41.3,50.0,2.57,7.56,47.68,20.54,42.55,76.81,40.6,17.93,40.67,1.44,38.33,5.7,100.0,0.48,40.0,18.0,0.0,9.33,46.05,13.79,31.03,1.77,50.81,14.92,54.54,0.0,39.81,371.0
6343,38,unclear,1332,7.35,43.26,16.15,50.38,17.2,46.69,44.77,5.42,0.0,0.0,0.0,0.0,80.14,41.65,16.24,46.81,0.89,33.63,16.5,90.9,0.81,43.3,4.62,40.0,7.21,42.31,10.66,35.95,5.51,50.94,14.3,52.94,,,
6344,38,198,953,1.04,43.45,18.39,46.85,18.92,41.13,48.14,2.86,4.45,47.71,20.62,45.23,83.45,42.73,18.01,42.56,0.95,50.11,20.01,66.66,0.42,49.5,16.84,25.0,5.4,41.74,18.51,13.72,2.43,51.13,20.73,26.08,0.0,38.51,557.0
6345,38,200,556,3.59,45.54,19.52,37.85,26.95,43.34,85.71,1.3,7.08,54.13,21.87,36.84,78.17,43.99,19.19,44.39,1.3,40.85,7.77,71.42,1.11,40.33,6.62,33.33,9.7,49.15,16.98,34.61,1.3,45.42,18.36,42.85,0.0,59.71,346.0
6346,38,203,647,2.78,41.58,18.55,44.76,17.38,43.89,58.82,2.7,6.83,48.65,20.73,39.53,77.26,40.14,17.86,45.06,1.9,38.08,21.37,50.0,0.63,46.5,17.69,25.0,7.94,38.82,19.28,30.0,2.7,52.52,20.51,47.05,0.0,63.91,339.0
6347,38,205,840,2.02,41.85,18.99,43.36,18.21,40.11,56.66,3.64,4.73,47.02,18.28,41.02,82.5,40.69,18.44,40.64,1.09,44.44,13.77,55.55,0.24,55.5,38.89,0.0,5.71,41.1,18.44,19.14,2.06,51.7,18.9,35.29,0.0,39.65,419.0
6348,38,206,862,2.66,43.82,17.67,40.64,16.3,38.63,41.17,6.07,7.5,57.33,20.1,41.26,74.97,41.42,16.71,38.31,1.07,42.0,9.7,66.66,0.59,52.2,36.45,40.0,7.74,48.29,14.78,27.69,2.02,54.35,20.54,41.17,0.0,37.85,544.0
6349,38,unclear,1197,6.18,43.26,15.89,50.8,17.0,44.61,45.61,5.07,0.0,0.0,0.0,0.0,86.01,41.45,15.39,43.78,0.89,35.7,14.07,80.0,0.17,53.0,18.38,50.0,3.38,43.15,11.26,42.1,4.45,54.7,12.4,48.0,,,
6350,38,209,689,3.62,42.69,17.76,33.76,21.23,42.96,34.61,3.91,7.98,48.11,18.81,39.62,73.79,41.59,16.89,44.08,1.65,32.72,5.51,54.54,0.3,33.0,8.48,50.0,9.18,41.91,16.07,37.7,3.16,55.61,14.06,28.57,0.0,56.91,398.0
6351,38,210,865,5.08,44.44,18.83,46.12,20.35,43.69,28.12,3.89,7.42,47.81,18.95,34.42,76.49,42.86,18.0,45.7,1.46,31.75,12.64,75.0,0.24,39.5,7.77,0.0,8.4,43.4,17.74,36.23,2.07,57.7,18.68,29.41,0.0,37.31,508.0
6352,38,211,899,3.44,43.66,18.41,48.14,19.88,42.04,35.71,1.61,7.48,50.06,24.13,41.53,79.26,42.38,17.32,42.0,1.38,39.41,20.46,75.0,0.46,59.25,15.75,25.0,7.14,42.93,17.5,30.64,2.64,45.6,23.83,26.08,0.0,36.19,522.0
6353,38,212,583,1.54,44.04,18.67,41.86,20.11,43.39,40.0,2.61,6.96,56.67,19.84,57.5,77.0,42.68,18.45,42.76,1.21,43.42,20.79,71.42,0.52,30.0,3.46,66.66,10.8,44.69,14.9,32.25,0.87,52.0,16.0,60.0,0.0,58.35,327.0
6354,38,216,474,1.05,45.02,19.09,45.37,13.62,40.71,25.0,1.7,4.9,42.0,24.47,47.82,79.1,44.66,18.27,39.08,0.21,75.0,0.0,100.0,1.49,49.28,13.59,42.85,9.59,44.15,21.87,48.88,2.98,49.57,22.68,50.0,0.0,63.22,294.0
6355,38,217,951,1.68,43.25,19.71,41.96,21.48,42.27,37.5,3.42,5.77,52.72,19.51,50.0,82.45,42.49,19.43,42.02,1.6,31.0,15.14,60.0,0.21,48.0,1.41,50.0,4.91,38.1,16.15,39.13,1.6,52.86,21.84,40.0,0.0,33.02,556.0
6356,38,218,737,1.49,42.04,17.45,42.09,13.25,41.51,47.61,2.89,5.23,50.18,16.83,44.73,80.16,40.75,17.58,40.72,0.96,32.71,8.86,71.42,0.13,46.0,0.0,0.0,8.4,45.01,13.5,36.06,2.2,50.93,25.12,56.25,0.0,36.84,462.0
6357,38,3,859,4.19,43.58,19.69,53.12,13.68,38.64,68.75,1.94,9.35,51.23,21.58,41.55,74.24,41.32,19.38,36.82,1.33,39.72,10.02,81.81,1.33,45.63,10.28,36.36,10.32,43.49,19.31,37.64,1.45,55.75,13.32,25.0,0.0,0.0,528.0
6358,38,4,890,4.26,44.4,18.77,55.66,17.29,42.8,40.74,3.16,12.44,49.01,19.93,46.22,69.71,42.24,17.5,42.76,1.17,31.0,12.61,100.0,0.82,40.28,12.56,57.14,8.45,41.87,17.4,40.27,4.22,54.47,21.01,30.55,0.0,0.0,557.0
6359,38,5,944,2.64,44.06,19.0,43.4,21.15,41.52,53.12,3.48,6.74,46.96,24.94,38.7,77.58,43.5,18.29,42.35,2.72,38.36,15.46,64.0,0.87,44.0,11.03,25.0,5.44,42.7,18.97,24.0,3.15,48.13,22.1,20.68,0.0,0.0,544.0
6360,38,6,0,0.0,0.0,0.0,0.0,0.0,0.0,0.0,0.0,0.0,0.0,0.0,0.0,0.0,0.0,0.0,0.0,0.0,0.0,0.0,0.0,0.0,0.0,0.0,0.0,0.0,0.0,0.0,0.0,0.0,0.0,0.0,0.0,0.0,0.0,0.0
6361,38,7,912,5.48,42.41,17.25,46.39,16.23,44.29,57.89,4.4,11.6,49.1,18.38,41.0,72.27,39.91,16.75,44.62,1.5,29.3,6.86,53.84,0.81,37.71,8.92,57.14,5.68,42.77,13.19,36.73,3.71,49.62,15.86,40.62,0.0,0.0,532.0
6362,38,8,745,3.75,42.33,17.51,48.7,16.26,43.62,52.94,2.37,7.53,48.01,17.83,38.88,75.73,40.22,17.05,43.83,1.25,40.44,13.71,77.77,0.69,40.0,15.42,40.0,9.48,44.39,15.97,36.76,2.92,49.66,20.58,38.09,0.0,0.0,426.0
6363,38,10,896,3.34,43.81,18.05,47.85,16.96,45.31,61.76,3.92,13.51,55.36,17.82,48.71,68.01,39.94,16.83,45.84,2.42,43.52,19.32,66.66,1.15,42.8,10.41,30.0,6.46,44.1,13.97,32.14,4.5,55.33,18.66,25.64,0.0,0.0,542.0
6364,38,11,0,0.0,0.0,0.0,0.0,0.0,0.0,0.0,0.0,0.0,0.0,0.0,0.0,0.0,0.0,0.0,0.0,0.0,0.0,0.0,0.0,0.0,0.0,0.0,0.0,0.0,0.0,0.0,0.0,0.0,0.0,0.0,0.0,0.0,0.0,0.0
6365,38,12,917,2.18,40.16,17.16,45.8,22.24,40.89,23.8,2.34,8.02,50.19,13.98,38.88,78.03,37.81,16.37,41.71,1.78,43.75,14.51,75.0,0.33,22.66,2.51,33.33,6.8,44.44,16.97,34.42,2.67,48.66,14.55,41.66,0.0,0.0,523.0
6366,38,13,661,1.96,40.14,17.49,52.5,26.44,42.81,30.0,1.54,5.7,52.4,16.55,48.64,83.17,38.58,16.67,42.11,0.77,47.4,6.22,100.0,0.15,27.0,0.0,0.0,5.86,39.13,16.7,42.1,2.77,46.61,23.77,38.88,0.0,0.0,335.0
6367,38,14,588,3.06,41.52,19.07,50.61,19.72,43.36,30.76,2.28,8.59,51.26,22.54,44.89,77.19,38.97,17.18,42.95,1.75,36.29,15.84,100.0,0.87,52.2,19.8,20.0,7.36,44.26,19.91,35.71,1.92,37.0,28.62,36.36,0.0,0.0,331.0
6368,38,15,0,0.0,0.0,0.0,0.0,0.0,0.0,0.0,0.0,0.0,0.0,0.0,0.0,0.0,0.0,0.0,0.0,0.0,0.0,0.0,0.0,0.0,0.0,0.0,0.0,0.0,0.0,0.0,0.0,0.0,0.0,0.0,0.0,0.0,0.0,0.0
6369,38,16,0,0.0,0.0,0.0,0.0,0.0,0.0,0.0,0.0,0.0,0.0,0.0,0.0,0.0,0.0,0.0,0.0,0.0,0.0,0.0,0.0,0.0,0.0,0.0,0.0,0.0,0.0,0.0,0.0,0.0,0.0,0.0,0.0,0.0,0.0,0.0
6370,38,17,0,0.0,0.0,0.0,0.0,0.0,0.0,0.0,0.0,0.0,0.0,0.0,0.0,0.0,0.0,0.0,0.0,0.0,0.0,0.0,0.0,0.0,0.0,0.0,0.0,0.0,0.0,0.0,0.0,0.0,0.0,0.0,0.0,0.0,0.0,0.0
6371,38,18,0,0.0,0.0,0.0,0.0,0.0,0.0,0.0,0.0,0.0,0.0,0.0,0.0,0.0,0.0,0.0,0.0,0.0,0.0,0.0,0.0,0.0,0.0,0.0,0.0,0.0,0.0,0.0,0.0,0.0,0.0,0.0,0.0,0.0,0.0,0.0
6372,38,19,0,0.0,0.0,0.0,0.0,0.0,0.0,0.0,0.0,0.0,0.0,0.0,0.0,0.0,0.0,0.0,0.0,0.0,0.0,0.0,0.0,0.0,0.0,0.0,0.0,0.0,0.0,0.0,0.0,0.0,0.0,0.0,0.0,0.0,0.0,0.0
6373,38,25,610,2.95,40.74,19.13,50.96,22.94,42.45,36.66,5.06,10.47,54.53,20.43,51.61,75.84,37.91,17.19,40.08,0.84,32.2,5.76,100.0,0.5,51.0,6.24,33.33,5.4,33.56,19.21,53.12,1.85,45.81,20.46,27.27,0.0,0.0,317.0
6374,38,28,0,0.0,0.0,0.0,0.0,0.0,0.0,0.0,0.0,0.0,0.0,0.0,0.0,0.0,0.0,0.0,0.0,0.0,0.0,0.0,0.0,0.0,0.0,0.0,0.0,0.0,0.0,0.0,0.0,0.0,0.0,0.0,0.0,0.0,0.0,0.0
6375,38,29,0,0.0,0.0,0.0,0.0,0.0,0.0,0.0,0.0,0.0,0.0,0.0,0.0,0.0,0.0,0.0,0.0,0.0,0.0,0.0,0.0,0.0,0.0,0.0,0.0,0.0,0.0,0.0,0.0,0.0,0.0,0.0,0.0,0.0,0.0,0.0
6376,38,32,851,1.88,43.25,18.93,39.68,21.85,42.06,57.89,2.27,11.13,51.54,18.4,43.01,74.01,41.56,18.34,42.07,1.91,44.93,14.14,62.5,0.71,29.83,17.97,33.33,6.22,44.03,18.1,30.76,3.71,49.32,22.55,45.16,0.0,0.0,503.0
6377,38,33,803,3.23,44.65,16.88,43.73,14.7,42.59,61.9,5.4,9.9,54.1,16.18,48.05,68.33,42.57,15.95,42.18,1.28,31.4,15.34,90.0,1.15,48.11,17.36,22.22,11.06,44.45,16.17,27.9,2.83,47.4,23.2,31.81,0.0,0.0,490.0
6378,38,34,881,2.61,44.8,18.77,38.36,19.94,41.43,42.1,2.21,9.32,52.71,18.24,41.25,73.65,42.92,18.38,42.08,1.39,38.66,16.79,83.33,0.93,59.25,11.38,50.0,8.27,43.38,16.9,32.39,4.19,52.94,19.25,30.55,0.0,0.0,506.0
6379,38,35,964,2.48,41.45,18.28,45.36,20.5,41.7,40.0,2.65,10.42,48.83,19.07,32.65,70.31,39.65,17.75,44.32,2.34,32.63,12.31,72.72,1.06,41.4,13.38,30.0,9.46,40.07,16.44,33.7,3.72,49.74,21.8,17.14,0.0,0.0,549.0
6380,38,36,0,0.0,0.0,0.0,0.0,0.0,0.0,0.0,0.0,0.0,0.0,0.0,0.0,0.0,0.0,0.0,0.0,0.0,0.0,0.0,0.0,0.0,0.0,0.0,0.0,0.0,0.0,0.0,0.0,0.0,0.0,0.0,0.0,0.0,0.0,0.0
6381,38,37,898,4.56,44.89,18.51,46.86,18.66,40.86,24.32,4.31,13.65,52.71,19.72,41.02,67.21,41.41,17.25,41.49,1.98,44.7,17.26,70.58,0.93,46.75,9.13,12.5,8.98,49.58,17.42,36.36,2.91,48.68,20.11,48.0,0.0,0.0,538.0
6382,38,38,0,0.0,0.0,0.0,0.0,0.0,0.0,0.0,0.0,0.0,0.0,0.0,0.0,0.0,0.0,0.0,0.0,0.0,0.0,0.0,0.0,0.0,0.0,0.0,0.0,0.0,0.0,0.0,0.0,0.0,0.0,0.0,0.0,0.0,0.0,0.0
6383,38,41,825,3.51,41.78,18.19,53.07,17.44,42.42,64.28,1.75,9.42,51.66,21.7,50.66,75.62,39.39,16.82,41.36,1.0,33.25,5.06,87.5,0.5,37.75,7.76,0.0,8.54,42.19,17.65,38.23,3.14,44.96,21.86,28.0,0.0,0.0,445.0
6384,38,44,0,0.0,0.0,0.0,0.0,0.0,0.0,0.0,0.0,0.0,0.0,0.0,0.0,0.0,0.0,0.0,0.0,0.0,0.0,0.0,0.0,0.0,0.0,0.0,0.0,0.0,0.0,0.0,0.0,0.0,0.0,0.0,0.0,0.0,0.0,0.0
6385,38,45,0,0.0,0.0,0.0,0.0,0.0,0.0,0.0,0.0,0.0,0.0,0.0,0.0,0.0,0.0,0.0,0.0,0.0,0.0,0.0,0.0,0.0,0.0,0.0,0.0,0.0,0.0,0.0,0.0,0.0,0.0,0.0,0.0,0.0,0.0,0.0
6386,38,46,896,3.34,41.77,17.84,42.36,22.03,42.85,48.0,2.88,5.65,52.59,19.66,46.93,77.94,40.32,17.28,42.66,1.96,35.7,12.69,88.23,0.34,30.33,26.31,33.33,8.54,39.72,14.72,29.72,2.65,49.78,16.91,34.78,0.0,0.0,537.0
6387,38,47,0,0.0,0.0,0.0,0.0,0.0,0.0,0.0,0.0,0.0,0.0,0.0,0.0,0.0,0.0,0.0,0.0,0.0,0.0,0.0,0.0,0.0,0.0,0.0,0.0,0.0,0.0,0.0,0.0,0.0,0.0,0.0,0.0,0.0,0.0,0.0
6388,38,48,0,0.0,0.0,0.0,0.0,0.0,0.0,0.0,0.0,0.0,0.0,0.0,0.0,0.0,0.0,0.0,0.0,0.0,0.0,0.0,0.0,0.0,0.0,0.0,0.0,0.0,0.0,0.0,0.0,0.0,0.0,0.0,0.0,0.0,0.0,0.0
6389,38,49,958,2.08,41.26,18.79,33.86,18.61,43.73,40.0,3.19,6.71,49.66,21.97,38.09,77.71,40.43,17.64,44.17,1.49,30.5,14.78,100.0,0.63,40.5,20.55,0.0,8.42,41.78,20.02,29.11,1.81,49.94,24.47,76.47,0.0,0.0,541.0
6390,38,50,0,0.0,0.0,0.0,0.0,0.0,0.0,0.0,0.0,0.0,0.0,0.0,0.0,0.0,0.0,0.0,0.0,0.0,0.0,0.0,0.0,0.0,0.0,0.0,0.0,0.0,0.0,0.0,0.0,0.0,0.0,0.0,0.0,0.0,0.0,0.0
6391,38,51,0,0.0,0.0,0.0,0.0,0.0,0.0,0.0,0.0,0.0,0.0,0.0,0.0,0.0,0.0,0.0,0.0,0.0,0.0,0.0,0.0,0.0,0.0,0.0,0.0,0.0,0.0,0.0,0.0,0.0,0.0,0.0,0.0,0.0,0.0,0.0
6392,38,52,0,0.0,0.0,0.0,0.0,0.0,0.0,0.0,0.0,0.0,0.0,0.0,0.0,0.0,0.0,0.0,0.0,0.0,0.0,0.0,0.0,0.0,0.0,0.0,0.0,0.0,0.0,0.0,0.0,0.0,0.0,0.0,0.0,0.0,0.0,0.0
6393,38,53,845,2.6,41.43,17.64,41.34,19.69,42.95,45.71,4.25,7.41,48.62,17.03,44.26,74.96,39.8,17.47,42.3,2.43,38.29,14.17,80.0,0.36,53.33,22.47,33.33,7.77,41.93,14.84,40.62,2.79,51.13,15.44,43.47,0.0,0.0,461.0
6394,38,54,794,2.01,44.1,17.82,40.58,18.18,41.43,32.25,3.98,7.06,53.21,18.76,43.63,76.47,42.97,17.01,41.34,1.54,42.25,10.42,75.0,0.64,35.0,21.0,0.0,7.19,40.78,18.66,32.14,3.08,59.45,19.01,45.83,0.0,0.0,474.0
6395,38,55,0,0.0,0.0,0.0,0.0,0.0,0.0,0.0,0.0,0.0,0.0,0.0,0.0,0.0,0.0,0.0,0.0,0.0,0.0,0.0,0.0,0.0,0.0,0.0,0.0,0.0,0.0,0.0,0.0,0.0,0.0,0.0,0.0,0.0,0.0,0.0
6396,38,56,946,2.21,41.53,17.88,51.69,16.77,42.6,50.0,3.89,5.62,50.67,19.36,51.92,75.89,40.55,17.29,41.88,1.51,36.64,10.38,71.42,1.4,40.53,9.22,23.07,9.4,38.81,15.8,34.48,2.27,39.04,30.25,42.85,0.0,0.0,526.0
6397,38,57,0,0.0,0.0,0.0,0.0,0.0,0.0,0.0,0.0,0.0,0.0,0.0,0.0,0.0,0.0,0.0,0.0,0.0,0.0,0.0,0.0,0.0,0.0,0.0,0.0,0.0,0.0,0.0,0.0,0.0,0.0,0.0,0.0,0.0,0.0,0.0
6398,38,58,795,1.25,41.98,17.22,47.85,15.03,42.51,92.85,1.78,3.94,47.25,18.83,51.61,82.67,41.16,17.28,42.06,1.01,36.62,18.97,100.0,0.63,29.2,8.7,20.0,8.53,43.58,13.62,28.35,1.4,53.45,13.88,27.27,0.0,0.0,463.0
6399,38,59,878,1.13,43.75,19.46,45.31,19.18,42.48,56.25,1.84,5.41,48.4,18.83,51.06,83.75,43.06,19.22,41.4,1.03,41.44,18.33,88.88,0.57,47.2,23.53,0.0,5.18,40.24,19.38,31.11,2.18,57.1,19.52,57.89,0.0,0.0,512.0
6400,38,60,0,0.0,0.0,0.0,0.0,0.0,0.0,0.0,0.0,0.0,0.0,0.0,0.0,0.0,0.0,0.0,0.0,0.0,0.0,0.0,0.0,0.0,0.0,0.0,0.0,0.0,0.0,0.0,0.0,0.0,0.0,0.0,0.0,0.0,0.0,0.0
6401,38,61,611,2.12,42.57,18.29,46.87,16.73,39.6,50.0,1.33,9.03,53.55,18.08,50.0,78.26,40.96,17.72,38.46,2.0,34.66,19.98,75.0,0.66,47.0,8.12,25.0,7.52,40.82,17.0,28.88,1.17,54.71,18.5,42.85,0.0,0.0,329.0
6402,38,63,442,1.8,43.5,18.66,54.44,15.5,40.72,61.11,4.14,5.99,53.8,19.56,42.3,76.03,41.54,18.06,41.51,1.61,41.57,12.56,71.42,0.23,34.0,0.0,0.0,9.21,39.25,18.05,25.0,2.76,60.5,18.78,25.0,0.0,0.0,232.0
6403,38,64,741,3.37,43.81,18.97,43.47,18.48,43.58,47.5,5.58,9.35,55.44,15.88,58.2,69.41,41.2,18.55,42.25,1.39,35.4,6.09,80.0,0.83,57.0,21.26,50.0,10.47,44.21,19.87,38.66,2.93,56.76,16.33,38.09,0.0,0.0,414.0
6404,38,65,765,2.87,43.14,18.4,49.59,19.14,41.17,40.74,3.63,6.46,51.62,20.09,39.58,72.54,41.62,18.13,41.55,3.36,38.28,18.16,56.0,0.94,43.71,14.18,28.57,9.01,40.26,15.64,40.29,4.03,51.76,18.23,23.33,0.0,0.0,417.0
6405,38,67,802,1.49,43.64,19.09,53.61,22.42,41.89,33.33,2.27,6.07,56.29,18.43,41.66,75.69,41.62,18.59,44.14,1.39,36.63,6.78,72.72,1.13,44.0,11.0,22.22,9.74,44.19,19.28,27.27,3.67,55.75,15.99,31.03,0.0,0.0,472.0
6406,38,68,690,3.76,43.5,18.82,45.0,21.21,42.31,42.85,4.21,16.26,52.98,17.91,46.29,66.71,40.02,17.52,42.66,1.8,48.0,22.15,58.33,0.9,43.33,24.91,33.33,7.53,42.14,17.67,36.0,2.56,50.58,23.94,41.17,0.0,0.0,404.0
6407,38,69,509,2.55,43.12,18.79,50.66,13.74,40.86,55.55,1.81,8.46,52.02,19.57,45.23,73.99,41.73,18.6,41.41,1.61,32.0,5.6,100.0,0.4,55.0,25.45,0.0,11.29,41.69,18.82,32.14,2.21,50.9,21.02,18.18,0.0,0.0,259.0
6408,38,70,896,2.23,42.72,18.01,45.2,19.25,42.29,22.85,3.99,11.18,52.72,19.38,44.89,70.77,40.62,17.21,44.19,1.36,34.5,13.71,75.0,1.25,41.0,19.33,9.09,8.78,41.59,15.67,35.06,2.62,48.69,22.26,30.43,0.0,0.0,502.0
6409,38,71,885,4.18,44.17,19.06,51.4,20.22,40.67,36.36,2.59,12.85,54.16,20.62,44.95,71.34,41.16,18.19,39.5,1.29,35.09,13.04,81.81,0.35,65.0,13.22,33.33,8.72,41.81,15.54,36.48,2.83,59.62,16.72,45.83,0.0,0.0,503.0
6410,38,72,0,0.0,0.0,0.0,0.0,0.0,0.0,0.0,0.0,0.0,0.0,0.0,0.0,0.0,0.0,0.0,0.0,0.0,0.0,0.0,0.0,0.0,0.0,0.0,0.0,0.0,0.0,0.0,0.0,0.0,0.0,0.0,0.0,0.0,0.0,0.0
6411,38,73,0,0.0,0.0,0.0,0.0,0.0,0.0,0.0,0.0,0.0,0.0,0.0,0.0,0.0,0.0,0.0,0.0,0.0,0.0,0.0,0.0,0.0,0.0,0.0,0.0,0.0,0.0,0.0,0.0,0.0,0.0,0.0,0.0,0.0,0.0,0.0
6412,38,75,922,2.6,42.97,19.32,52.31,19.31,43.38,51.72,3.22,8.68,54.71,17.67,47.43,74.05,40.42,18.67,42.55,2.11,35.73,11.7,89.47,0.55,55.6,24.26,0.0,7.34,40.15,18.14,33.33,4.0,50.72,17.6,33.33,0.0,0.0,527.0
6413,38,76,842,3.2,44.47,19.32,51.87,20.25,40.61,56.25,1.96,9.69,54.03,20.17,37.97,74.96,42.4,18.62,39.11,2.45,44.35,19.93,75.0,0.0,0.0,0.0,0.0,7.11,40.06,18.56,31.03,3.8,53.16,18.93,51.61,0.0,0.0,515.0
6414,38,78,706,3.39,42.54,18.18,45.04,15.66,41.92,52.38,3.07,11.73,50.07,18.22,48.75,73.02,40.76,17.87,41.56,1.75,38.16,15.39,66.66,0.58,43.25,10.62,25.0,8.21,41.33,18.81,26.78,1.61,48.09,22.5,36.36,0.0,0.0,412.0
6415,38,79,0,0.0,0.0,0.0,0.0,0.0,0.0,0.0,0.0,0.0,0.0,0.0,0.0,0.0,0.0,0.0,0.0,0.0,0.0,0.0,0.0,0.0,0.0,0.0,0.0,0.0,0.0,0.0,0.0,0.0,0.0,0.0,0.0,0.0,0.0,0.0
6416,38,80,0,0.0,0.0,0.0,0.0,0.0,0.0,0.0,0.0,0.0,0.0,0.0,0.0,0.0,0.0,0.0,0.0,0.0,0.0,0.0,0.0,0.0,0.0,0.0,0.0,0.0,0.0,0.0,0.0,0.0,0.0,0.0,0.0,0.0,0.0,0.0
6417,38,81,546,1.28,43.93,17.38,43.85,15.82,43.22,42.85,2.59,8.16,55.81,15.71,47.72,76.25,42.62,17.25,41.11,3.15,41.47,17.24,88.23,0.37,41.5,3.53,100.0,7.05,41.76,14.52,34.21,2.41,47.69,21.56,46.15,0.0,0.0,302.0
6418,38,82,0,0.0,0.0,0.0,0.0,0.0,0.0,0.0,0.0,0.0,0.0,0.0,0.0,0.0,0.0,0.0,0.0,0.0,0.0,0.0,0.0,0.0,0.0,0.0,0.0,0.0,0.0,0.0,0.0,0.0,0.0,0.0,0.0,0.0,0.0,0.0
6419,38,83,0,0.0,0.0,0.0,0.0,0.0,0.0,0.0,0.0,0.0,0.0,0.0,0.0,0.0,0.0,0.0,0.0,0.0,0.0,0.0,0.0,0.0,0.0,0.0,0.0,0.0,0.0,0.0,0.0,0.0,0.0,0.0,0.0,0.0,0.0,0.0
6420,38,84,548,3.64,43.17,18.63,54.31,18.13,40.32,42.1,3.59,8.14,50.48,20.71,48.83,70.83,39.75,16.4,39.83,2.27,45.41,24.56,50.0,1.7,39.55,22.04,44.44,9.65,44.13,18.64,33.33,3.78,57.7,20.49,50.0,0.0,0.0,337.0
6421,38,85,516,4.45,41.18,18.3,49.9,20.92,45.93,60.0,4.05,12.77,53.31,18.48,52.38,70.58,37.49,16.56,44.54,1.41,32.57,20.99,100.0,0.4,30.0,9.89,50.0,9.53,39.78,16.35,36.17,1.21,59.83,17.53,50.0,0.0,0.0,318.0
6422,38,86,0,0.0,0.0,0.0,0.0,0.0,0.0,0.0,0.0,0.0,0.0,0.0,0.0,0.0,0.0,0.0,0.0,0.0,0.0,0.0,0.0,0.0,0.0,0.0,0.0,0.0,0.0,0.0,0.0,0.0,0.0,0.0,0.0,0.0,0.0,0.0
6423,38,89,646,3.4,41.31,18.95,46.16,18.78,42.1,50.0,2.88,7.69,46.56,20.67,43.75,80.28,40.09,18.23,41.51,0.96,35.0,15.46,100.0,0.48,40.0,28.79,66.66,6.73,42.52,15.94,35.71,0.96,56.33,33.96,33.33,0.0,0.0,362.0
6424,38,90,0,0.0,0.0,0.0,0.0,0.0,0.0,0.0,0.0,0.0,0.0,0.0,0.0,0.0,0.0,0.0,0.0,0.0,0.0,0.0,0.0,0.0,0.0,0.0,0.0,0.0,0.0,0.0,0.0,0.0,0.0,0.0,0.0,0.0,0.0,0.0
6425,38,93,499,1.2,43.11,17.08,46.16,18.39,40.88,33.33,2.43,7.09,51.77,17.11,40.0,78.7,42.11,17.27,43.29,1.62,44.62,11.66,50.0,0.6,41.33,20.03,0.0,8.11,40.37,13.02,12.5,1.41,46.85,13.92,57.14,0.0,0.0,267.0
6426,38,94,522,0.57,41.23,16.83,49.5,17.0,43.29,58.33,2.31,6.35,47.63,18.67,48.48,77.64,40.26,16.57,43.17,2.5,44.3,20.99,76.92,1.54,42.75,14.65,12.5,7.51,39.66,15.23,35.89,2.11,41.81,14.77,9.09,0.0,0.0,258.0
6427,38,95,723,1.93,43.27,18.6,51.84,28.24,42.32,42.1,2.67,7.89,55.46,15.69,44.64,75.88,41.81,17.88,41.44,2.96,35.09,13.12,76.19,0.14,37.0,0.0,100.0,8.6,39.27,18.02,29.5,1.83,50.15,21.22,53.84,0.0,0.0,415.0
6428,38,96,422,1.89,44.23,17.65,52.88,15.59,42.41,66.66,2.17,7.97,53.45,14.56,42.42,71.98,42.31,17.36,41.61,1.69,34.85,19.48,57.14,0.24,37.0,0.0,0.0,10.38,41.25,14.31,46.51,5.55,58.26,18.29,39.13,0.0,0.0,249.0
6429,38,97,879,2.73,44.29,18.36,44.36,13.86,43.45,52.63,2.22,7.36,56.34,18.21,39.68,77.07,42.49,17.57,44.3,1.52,34.69,12.22,69.23,0.81,55.0,14.61,28.57,8.88,42.4,19.44,31.57,2.1,53.33,18.58,50.0,0.0,0.0,500.0
6430,38,99,829,2.65,43.86,18.53,44.32,17.64,42.58,32.0,3.09,6.56,54.69,19.34,43.39,72.24,41.96,18.09,43.73,1.48,36.25,9.42,83.33,1.36,44.54,20.82,36.36,9.91,42.01,18.46,32.5,5.32,52.27,15.23,32.55,0.0,0.0,475.0
6431,38,100,866,2.42,42.6,19.14,52.06,24.58,41.33,33.33,1.77,5.32,53.08,21.1,51.11,77.39,41.2,18.38,40.67,1.77,31.0,15.71,73.33,0.94,39.87,20.73,37.5,10.41,39.97,17.12,32.95,2.36,56.75,21.56,40.0,0.0,0.0,475.0
6432,38,101,0,0.0,0.0,0.0,0.0,0.0,0.0,0.0,0.0,0.0,0.0,0.0,0.0,0.0,0.0,0.0,0.0,0.0,0.0,0.0,0.0,0.0,0.0,0.0,0.0,0.0,0.0,0.0,0.0,0.0,0.0,0.0,0.0,0.0,0.0,0.0
6433,38,102,873,1.71,44.28,18.81,48.6,21.94,41.8,36.0,2.91,5.82,53.3,22.33,56.0,77.73,42.52,17.64,42.12,2.09,31.55,11.05,83.33,1.16,45.3,21.76,10.0,6.87,47.01,19.66,25.42,3.37,57.58,18.53,34.48,0.0,0.0,489.0
6434,38,103,573,1.22,42.18,18.12,55.22,16.61,39.61,50.0,3.18,5.47,57.16,18.59,32.25,79.68,40.7,17.71,41.24,1.23,42.0,21.09,57.14,1.23,39.14,19.18,28.57,6.89,35.25,10.99,30.76,2.29,46.61,12.58,15.38,0.0,0.0,360.0
6435,38,104,717,1.25,42.11,18.83,51.45,24.21,41.14,90.9,1.55,6.77,53.35,21.92,50.0,75.98,40.42,18.01,39.77,1.41,37.5,13.94,80.0,0.56,28.5,20.37,50.0,8.05,38.26,17.42,35.08,5.64,51.32,17.59,25.0,0.0,0.0,385.0
6436,38,105,973,1.74,42.7,19.24,40.91,22.59,42.54,38.88,3.76,9.72,48.4,20.17,38.7,74.16,41.07,18.59,44.28,1.98,37.36,7.99,100.0,0.73,50.71,22.82,0.0,6.69,42.15,15.92,25.0,2.92,51.03,20.92,35.71,0.0,0.0,545.0
6437,38,106,727,1.78,42.53,17.67,55.0,16.46,40.57,37.5,2.24,4.62,50.75,17.46,39.39,81.51,41.01,17.4,39.69,1.82,41.38,19.57,69.23,0.56,47.75,12.44,25.0,7.0,46.5,13.56,36.0,2.24,50.56,17.18,50.0,0.0,0.0,432.0
6438,38,107,0,0.0,0.0,0.0,0.0,0.0,0.0,0.0,0.0,0.0,0.0,0.0,0.0,0.0,0.0,0.0,0.0,0.0,0.0,0.0,0.0,0.0,0.0,0.0,0.0,0.0,0.0,0.0,0.0,0.0,0.0,0.0,0.0,0.0,0.0,0.0
6439,38,108,827,1.2,41.77,18.69,42.31,14.81,41.11,47.36,2.32,6.97,50.59,20.25,50.87,79.19,40.71,17.9,40.18,0.73,28.66,17.33,50.0,0.24,52.0,11.31,0.0,8.81,41.08,20.25,37.5,1.71,44.78,21.82,50.0,0.0,0.0,493.0
6440,38,110,0,0.0,0.0,0.0,0.0,0.0,0.0,0.0,0.0,0.0,0.0,0.0,0.0,0.0,0.0,0.0,0.0,0.0,0.0,0.0,0.0,0.0,0.0,0.0,0.0,0.0,0.0,0.0,0.0,0.0,0.0,0.0,0.0,0.0,0.0,0.0
6441,38,116,479,1.04,43.04,17.45,46.0,23.74,45.09,62.5,1.68,6.11,52.2,20.56,44.82,77.42,42.5,16.94,45.5,2.74,33.53,12.29,84.61,0.0,0.0,0.0,0.0,8.43,39.22,12.89,27.5,3.58,51.64,20.63,23.52,0.0,0.0,270.0
6442,38,117,548,1.45,43.95,17.78,39.2,27.44,43.24,50.0,1.85,4.44,52.62,19.35,41.66,82.03,43.99,17.69,44.24,0.55,29.33,6.42,100.0,0.37,42.5,6.36,50.0,7.4,40.97,15.16,37.5,3.33,39.11,16.72,27.77,0.0,0.0,315.0
6443,38,118,0,0.0,0.0,0.0,0.0,0.0,0.0,0.0,0.0,0.0,0.0,0.0,0.0,0.0,0.0,0.0,0.0,0.0,0.0,0.0,0.0,0.0,0.0,0.0,0.0,0.0,0.0,0.0,0.0,0.0,0.0,0.0,0.0,0.0,0.0,0.0
6444,38,119,0,0.0,0.0,0.0,0.0,0.0,0.0,0.0,0.0,0.0,0.0,0.0,0.0,0.0,0.0,0.0,0.0,0.0,0.0,0.0,0.0,0.0,0.0,0.0,0.0,0.0,0.0,0.0,0.0,0.0,0.0,0.0,0.0,0.0,0.0,0.0
6445,38,121,1067,0.37,40.21,19.31,38.54,14.35,42.92,54.83,2.91,2.35,49.92,27.03,40.0,85.79,39.86,19.36,42.43,1.5,36.62,14.4,62.5,0.09,36.0,0.0,0.0,5.73,39.67,18.17,40.98,1.59,50.05,14.13,35.29,0.0,0.0,562.0
6446,38,122,1146,0.26,39.28,17.98,43.0,16.5,43.01,80.0,0.43,2.71,48.22,22.83,54.83,87.05,39.2,17.83,43.71,1.66,37.42,16.7,52.63,0.43,18.39,17.47,40.0,5.33,35.26,14.8,27.86,2.36,45.62,20.22,22.22,0.0,0.0,542.0
6447,38,123,850,0.58,40.88,17.6,36.4,10.34,42.35,36.36,2.6,4.49,49.15,20.69,44.73,85.79,40.83,17.43,42.2,1.65,34.71,6.99,64.28,0.23,50.5,37.47,100.0,4.61,37.48,19.23,35.89,0.59,44.8,20.43,40.0,0.0,0.0,422.0
6448,38,125,0,0.0,0.0,0.0,0.0,0.0,0.0,0.0,0.0,0.0,0.0,0.0,0.0,0.0,0.0,0.0,0.0,0.0,0.0,0.0,0.0,0.0,0.0,0.0,0.0,0.0,0.0,0.0,0.0,0.0,0.0,0.0,0.0,0.0,0.0,0.0
6449,38,127,0,0.0,0.0,0.0,0.0,0.0,0.0,0.0,0.0,0.0,0.0,0.0,0.0,0.0,0.0,0.0,0.0,0.0,0.0,0.0,0.0,0.0,0.0,0.0,0.0,0.0,0.0,0.0,0.0,0.0,0.0,0.0,0.0,0.0,0.0,0.0
6450,38,128,0,0.0,0.0,0.0,0.0,0.0,0.0,0.0,0.0,0.0,0.0,0.0,0.0,0.0,0.0,0.0,0.0,0.0,0.0,0.0,0.0,0.0,0.0,0.0,0.0,0.0,0.0,0.0,0.0,0.0,0.0,0.0,0.0,0.0,0.0,0.0
6451,38,131,0,0.0,0.0,0.0,0.0,0.0,0.0,0.0,0.0,0.0,0.0,0.0,0.0,0.0,0.0,0.0,0.0,0.0,0.0,0.0,0.0,0.0,0.0,0.0,0.0,0.0,0.0,0.0,0.0,0.0,0.0,0.0,0.0,0.0,0.0,0.0
6452,38,132,0,0.0,0.0,0.0,0.0,0.0,0.0,0.0,0.0,0.0,0.0,0.0,0.0,0.0,0.0,0.0,0.0,0.0,0.0,0.0,0.0,0.0,0.0,0.0,0.0,0.0,0.0,0.0,0.0,0.0,0.0,0.0,0.0,0.0,0.0,0.0
6453,38,133,844,0.23,39.35,17.67,39.28,17.53,43.24,38.09,4.98,2.96,45.84,22.12,64.0,85.15,38.9,17.37,43.37,0.47,33.5,12.34,75.0,0.59,43.8,12.04,40.0,3.91,39.66,20.97,42.42,1.9,46.25,17.54,18.75,0.0,0.0,427.0
6454,38,134,756,0.0,37.88,16.3,33.09,12.94,41.93,36.36,2.91,3.43,46.15,17.4,34.61,84.52,37.57,16.03,42.41,1.71,36.76,14.51,84.61,0.52,35.5,10.37,25.0,5.15,37.66,16.87,41.02,1.71,47.15,26.36,7.69,0.0,0.0,347.0
6455,38,136,0,0.0,0.0,0.0,0.0,0.0,0.0,0.0,0.0,0.0,0.0,0.0,0.0,0.0,0.0,0.0,0.0,0.0,0.0,0.0,0.0,0.0,0.0,0.0,0.0,0.0,0.0,0.0,0.0,0.0,0.0,0.0,0.0,0.0,0.0,0.0
6456,38,139,0,0.0,0.0,0.0,0.0,0.0,0.0,0.0,0.0,0.0,0.0,0.0,0.0,0.0,0.0,0.0,0.0,0.0,0.0,0.0,0.0,0.0,0.0,0.0,0.0,0.0,0.0,0.0,0.0,0.0,0.0,0.0,0.0,0.0,0.0,0.0
6457,38,140,0,0.0,0.0,0.0,0.0,0.0,0.0,0.0,0.0,0.0,0.0,0.0,0.0,0.0,0.0,0.0,0.0,0.0,0.0,0.0,0.0,0.0,0.0,0.0,0.0,0.0,0.0,0.0,0.0,0.0,0.0,0.0,0.0,0.0,0.0,0.0
6458,38,144,846,0.0,43.63,19.2,50.44,19.28,41.48,44.44,1.06,0.82,61.57,13.92,42.85,92.55,43.51,19.15,41.37,1.53,32.61,12.74,46.15,0.0,0.0,0.0,0.0,2.48,39.95,21.96,38.09,1.53,53.61,16.52,46.15,0.0,0.0,452.0
6459,38,145,0,0.0,0.0,0.0,0.0,0.0,0.0,0.0,0.0,0.0,0.0,0.0,0.0,0.0,0.0,0.0,0.0,0.0,0.0,0.0,0.0,0.0,0.0,0.0,0.0,0.0,0.0,0.0,0.0,0.0,0.0,0.0,0.0,0.0,0.0,0.0
6460,38,146,0,0.0,0.0,0.0,0.0,0.0,0.0,0.0,0.0,0.0,0.0,0.0,0.0,0.0,0.0,0.0,0.0,0.0,0.0,0.0,0.0,0.0,0.0,0.0,0.0,0.0,0.0,0.0,0.0,0.0,0.0,0.0,0.0,0.0,0.0,0.0
6461,38,147,0,0.0,0.0,0.0,0.0,0.0,0.0,0.0,0.0,0.0,0.0,0.0,0.0,0.0,0.0,0.0,0.0,0.0,0.0,0.0,0.0,0.0,0.0,0.0,0.0,0.0,0.0,0.0,0.0,0.0,0.0,0.0,0.0,0.0,0.0,0.0
6462,38,152,0,0.0,0.0,0.0,0.0,0.0,0.0,0.0,0.0,0.0,0.0,0.0,0.0,0.0,0.0,0.0,0.0,0.0,0.0,0.0,0.0,0.0,0.0,0.0,0.0,0.0,0.0,0.0,0.0,0.0,0.0,0.0,0.0,0.0,0.0,0.0
6463,38,154,1000,0.0,44.21,18.42,41.08,13.81,41.9,52.17,2.3,0.8,52.37,29.58,50.0,91.1,44.11,18.35,41.71,2.0,38.4,15.26,65.0,0.0,0.0,0.0,0.0,2.0,49.55,16.0,35.0,1.8,50.05,24.67,16.66,0.0,0.0,544.0
6464,38,158,919,2.28,42.77,18.25,42.85,20.55,43.19,45.0,2.22,13.14,55.39,18.65,44.91,67.48,39.76,17.0,42.73,2.11,36.31,11.3,89.47,0.33,31.33,7.37,33.33,12.02,42.85,15.77,37.96,2.56,47.43,22.75,30.43,0.0,0.0,451.0
6465,38,162,0,0.0,0.0,0.0,0.0,0.0,0.0,0.0,0.0,0.0,0.0,0.0,0.0,0.0,0.0,0.0,0.0,0.0,0.0,0.0,0.0,0.0,0.0,0.0,0.0,0.0,0.0,0.0,0.0,0.0,0.0,0.0,0.0,0.0,0.0,0.0
6466,38,169,0,0.0,0.0,0.0,0.0,0.0,0.0,0.0,0.0,0.0,0.0,0.0,0.0,0.0,0.0,0.0,0.0,0.0,0.0,0.0,0.0,0.0,0.0,0.0,0.0,0.0,0.0,0.0,0.0,0.0,0.0,0.0,0.0,0.0,0.0,0.0
6467,38,172,0,0.0,0.0,0.0,0.0,0.0,0.0,0.0,0.0,0.0,0.0,0.0,0.0,0.0,0.0,0.0,0.0,0.0,0.0,0.0,0.0,0.0,0.0,0.0,0.0,0.0,0.0,0.0,0.0,0.0,0.0,0.0,0.0,0.0,0.0,0.0
6468,38,177,722,1.1,44.74,19.65,52.38,21.59,40.72,61.53,1.82,4.06,52.86,21.84,37.93,79.97,44.86,19.58,43.6,0.56,36.5,5.97,50.0,0.42,41.66,4.16,33.33,8.68,38.01,16.58,22.58,4.48,45.25,20.84,18.75,0.0,0.0,421.0
6469,38,179,562,2.31,43.11,17.75,40.66,21.37,42.7,77.77,1.63,4.18,50.86,21.67,65.21,83.42,42.04,17.3,40.17,1.27,36.57,16.59,71.42,0.91,35.4,12.42,40.0,6.92,45.63,13.16,31.57,1.63,53.33,24.68,66.66,0.0,0.0,318.0
6470,38,180,0,0.0,0.0,0.0,0.0,0.0,0.0,0.0,0.0,0.0,0.0,0.0,0.0,0.0,0.0,0.0,0.0,0.0,0.0,0.0,0.0,0.0,0.0,0.0,0.0,0.0,0.0,0.0,0.0,0.0,0.0,0.0,0.0,0.0,0.0,0.0
6471,38,182,0,0.0,0.0,0.0,0.0,0.0,0.0,0.0,0.0,0.0,0.0,0.0,0.0,0.0,0.0,0.0,0.0,0.0,0.0,0.0,0.0,0.0,0.0,0.0,0.0,0.0,0.0,0.0,0.0,0.0,0.0,0.0,0.0,0.0,0.0,0.0
6472,38,186,673,2.37,43.75,18.72,46.08,19.17,41.6,51.42,5.32,5.78,52.23,21.47,57.89,78.23,42.12,18.43,40.46,0.76,37.79,23.58,80.0,0.15,52.0,0.0,0.0,7.76,44.52,13.46,31.37,1.97,56.53,16.62,38.46,0.0,0.0,407.0
6473,38,189,0,0.0,0.0,0.0,0.0,0.0,0.0,0.0,0.0,0.0,0.0,0.0,0.0,0.0,0.0,0.0,0.0,0.0,0.0,0.0,0.0,0.0,0.0,0.0,0.0,0.0,0.0,0.0,0.0,0.0,0.0,0.0,0.0,0.0,0.0,0.0
6474,38,190,0,0.0,0.0,0.0,0.0,0.0,0.0,0.0,0.0,0.0,0.0,0.0,0.0,0.0,0.0,0.0,0.0,0.0,0.0,0.0,0.0,0.0,0.0,0.0,0.0,0.0,0.0,0.0,0.0,0.0,0.0,0.0,0.0,0.0,0.0,0.0
6475,38,192,0,0.0,0.0,0.0,0.0,0.0,0.0,0.0,0.0,0.0,0.0,0.0,0.0,0.0,0.0,0.0,0.0,0.0,0.0,0.0,0.0,0.0,0.0,0.0,0.0,0.0,0.0,0.0,0.0,0.0,0.0,0.0,0.0,0.0,0.0,0.0
6476,38,199,0,0.0,0.0,0.0,0.0,0.0,0.0,0.0,0.0,0.0,0.0,0.0,0.0,0.0,0.0,0.0,0.0,0.0,0.0,0.0,0.0,0.0,0.0,0.0,0.0,0.0,0.0,0.0,0.0,0.0,0.0,0.0,0.0,0.0,0.0,0.0
6477,38,201,709,1.83,44.63,17.42,46.68,19.63,42.17,50.0,2.29,4.59,55.37,21.76,56.25,79.02,43.12,16.79,40.72,2.72,36.89,18.78,73.68,1.0,39.0,9.34,28.57,8.18,49.94,15.68,38.59,2.15,58.73,11.09,33.33,0.0,0.0,453.0
6478,38,202,0,0.0,0.0,0.0,0.0,0.0,0.0,0.0,0.0,0.0,0.0,0.0,0.0,0.0,0.0,0.0,0.0,0.0,0.0,0.0,0.0,0.0,0.0,0.0,0.0,0.0,0.0,0.0,0.0,0.0,0.0,0.0,0.0,0.0,0.0,0.0
6479,38,204,0,0.0,0.0,0.0,0.0,0.0,0.0,0.0,0.0,0.0,0.0,0.0,0.0,0.0,0.0,0.0,0.0,0.0,0.0,0.0,0.0,0.0,0.0,0.0,0.0,0.0,0.0,0.0,0.0,0.0,0.0,0.0,0.0,0.0,0.0,0.0
6480,38,213,0,0.0,0.0,0.0,0.0,0.0,0.0,0.0,0.0,0.0,0.0,0.0,0.0,0.0,0.0,0.0,0.0,0.0,0.0,0.0,0.0,0.0,0.0,0.0,0.0,0.0,0.0,0.0,0.0,0.0,0.0,0.0,0.0,0.0,0.0,0.0
6481,38,214,0,0.0,0.0,0.0,0.0,0.0,0.0,0.0,0.0,0.0,0.0,0.0,0.0,0.0,0.0,0.0,0.0,0.0,0.0,0.0,0.0,0.0,0.0,0.0,0.0,0.0,0.0,0.0,0.0,0.0,0.0,0.0,0.0,0.0,0.0,0.0
6482,38,215,0,0.0,0.0,0.0,0.0,0.0,0.0,0.0,0.0,0.0,0.0,0.0,0.0,0.0,0.0,0.0,0.0,0.0,0.0,0.0,0.0,0.0,0.0,0.0,0.0,0.0,0.0,0.0,0.0,0.0,0.0,0.0,0.0,0.0,0.0,0.0
6483,39,85,831,0.0,42.75,18.82,45.63,20.41,45.12,36.36,1.32,0.84,57.42,20.25,28.57,92.17,42.44,18.78,45.03,1.32,41.27,18.15,63.63,0.24,58.0,22.62,50.0,3.12,44.42,20.22,53.84,0.96,48.62,13.13,25.0,0.0,43.88,440.0
6484,39,121,654,0.76,41.64,19.73,48.45,19.97,42.66,65.0,3.08,2.77,44.72,16.92,55.55,85.36,41.09,19.69,39.71,0.15,39.0,0.0,100.0,0.3,56.5,2.12,50.0,6.16,36.72,16.98,72.5,2.15,58.0,22.45,28.57,0.0,39.33,355.0
6485,39,122,583,0.34,44.11,19.1,35.0,19.33,42.02,28.57,1.2,1.2,48.57,18.57,28.57,93.8,43.95,19.03,42.93,0.51,40.66,5.03,100.0,0.34,42.0,19.79,50.0,1.2,48.14,26.53,14.28,1.72,50.7,20.99,10.0,0.0,41.81,331.0
6486,39,177,617,0.64,42.25,21.01,49.6,15.21,43.43,66.66,2.44,2.12,51.15,23.5,61.53,88.58,41.72,21.07,41.8,1.14,38.42,10.7,85.71,0.0,0.0,0.0,0.0,4.89,42.26,22.34,43.33,0.81,52.2,21.89,20.0,0.0,62.65,306.0
6487,39,181,497,0.2,42.71,19.54,50.71,19.99,43.05,86.95,9.27,3.42,47.05,19.92,41.17,78.42,41.71,19.88,35.73,1.0,36.79,9.67,60.0,0.0,0.0,0.0,0.0,6.25,41.64,15.04,70.96,1.61,43.0,9.44,25.0,0.0,39.61,267.0
6488,39,185,805,0.24,40.14,20.18,45.23,18.92,43.47,57.14,2.61,2.73,49.63,18.53,59.09,90.16,39.81,20.15,42.26,1.49,35.75,16.42,83.33,0.0,0.0,0.0,0.0,1.99,33.68,19.51,25.0,0.99,49.5,29.62,37.5,0.0,55.57,393.0
6489,39,188,861,1.74,43.82,20.35,53.36,20.1,44.01,63.33,3.54,5.67,47.72,21.46,54.16,82.03,42.72,20.32,41.06,2.36,43.9,21.23,65.0,0.11,50.0,0.0,0.0,5.08,46.25,18.01,48.83,1.18,38.0,21.04,40.0,0.0,51.02,488.0
6490,39,189,454,1.54,41.85,18.51,31.87,20.65,41.85,50.0,1.78,5.59,44.28,20.51,44.0,80.98,41.14,18.43,40.6,2.23,45.3,17.39,100.0,0.67,57.66,24.09,0.0,7.15,41.03,14.51,25.0,1.56,55.14,18.85,85.71,0.0,39.54,253.0
6491,39,190,705,0.85,42.42,18.97,51.11,15.43,42.41,66.66,1.28,2.57,46.94,20.97,44.44,89.69,41.82,19.1,42.58,1.0,26.57,12.46,100.0,0.0,0.0,0.0,0.0,3.43,47.62,12.05,20.83,2.0,51.07,17.88,28.57,0.0,36.08,425.0
6492,39,192,726,0.68,42.24,19.54,43.75,18.7,42.69,62.5,1.1,4.16,53.93,14.47,56.66,87.23,41.52,19.85,41.33,1.24,28.55,14.95,77.77,0.13,63.0,0.0,0.0,5.4,44.87,13.63,38.46,0.69,59.6,14.94,60.0,0.0,55.18,385.0
6493,39,201,706,1.55,39.77,17.41,54.14,15.24,40.65,64.28,2.01,3.74,52.19,14.97,53.84,85.32,38.82,17.48,38.95,0.71,37.0,9.82,100.0,0.0,0.0,0.0,0.0,7.19,36.64,13.57,42.0,1.0,56.0,15.48,57.14,0.0,50.28,379.0
6494,39,206,565,0.35,41.58,20.72,46.0,15.09,42.83,57.14,1.24,0.88,33.79,20.95,80.0,89.16,41.35,20.92,39.04,0.35,36.5,2.12,100.0,0.0,0.0,0.0,0.0,6.74,45.71,15.84,73.68,1.59,35.0,32.09,66.66,0.0,64.84,339.0
6495,39,207,778,0.64,40.43,19.84,40.0,9.83,41.38,46.15,1.68,3.23,47.64,15.2,52.0,89.0,39.85,20.14,40.4,1.16,36.22,12.02,77.77,0.25,62.0,5.65,50.0,3.75,43.0,15.22,34.48,0.9,45.0,31.91,57.14,0.0,53.16,414.0
6496,39,209,815,0.49,39.55,20.0,34.0,19.77,42.33,52.94,2.09,4.43,45.94,17.91,72.22,88.28,39.37,20.09,40.22,1.1,25.66,15.57,88.88,0.49,38.25,31.15,50.0,2.71,40.13,17.64,50.0,0.86,49.28,18.65,14.28,0.0,51.05,466.0
6497,39,210,735,1.36,42.71,19.63,52.64,14.16,43.94,64.7,2.34,2.48,51.94,20.32,50.0,79.86,42.46,19.33,38.68,1.65,35.83,16.25,100.0,0.13,46.0,0.0,0.0,11.86,38.83,19.94,65.11,1.65,48.25,23.74,41.66,0.0,49.38,419.0
6498,39,213,697,0.28,40.82,21.96,44.37,15.05,41.17,37.5,1.15,3.3,50.6,26.77,47.82,89.64,40.71,21.73,40.93,1.15,34.12,16.04,87.5,0.14,40.0,0.0,0.0,2.15,36.73,20.66,33.33,2.44,38.23,27.06,23.52,0.0,49.38,358.0
6499,39,216,604,0.0,40.96,20.98,48.13,19.18,43.04,80.0,2.48,1.15,37.42,23.45,42.85,85.76,40.72,21.17,38.61,0.49,23.33,20.23,100.0,0.0,0.0,0.0,0.0,9.1,43.05,19.78,72.72,0.99,37.33,14.33,33.33,0.0,59.43,311.0
6500,39,217,674,1.03,41.55,19.37,35.11,24.29,43.47,33.33,2.69,2.39,47.93,14.24,50.0,78.71,41.97,19.46,37.71,0.89,28.16,12.31,50.0,0.29,55.0,29.69,0.0,13.34,40.42,18.15,79.77,1.64,34.45,15.87,45.45,0.0,39.22,380.0
6501,39,222,877,1.25,42.71,20.18,46.39,20.45,41.04,53.57,3.23,6.58,51.21,15.35,45.61,76.44,42.17,20.12,41.23,2.19,31.63,19.49,57.89,0.8,39.14,18.9,28.57,7.5,40.38,22.42,29.23,3.23,43.75,18.15,35.71,0.0,45.96,413.0
6502,39,225,854,1.4,44.47,19.06,49.62,22.33,42.97,53.12,3.8,7.71,51.87,16.97,53.84,74.34,43.59,19.03,40.57,2.37,43.0,15.9,80.0,0.83,42.42,8.42,28.57,7.71,45.18,16.94,44.61,3.2,36.51,22.24,18.51,0.0,40.94,477.0
6503,39,227,275,1.81,41.1,18.35,32.0,11.31,41.81,50.0,0.74,9.25,51.92,19.42,56.0,72.59,38.84,16.75,39.79,2.22,34.66,19.71,66.66,0.0,0.0,0.0,0.0,12.96,44.54,20.72,37.14,2.22,39.33,26.56,33.33,0.0,39.56,161.0
6504,39,228,679,1.47,42.5,20.17,46.46,23.86,40.35,60.0,2.24,5.53,53.54,21.41,40.54,77.72,41.31,19.82,39.23,1.79,42.08,20.99,58.33,0.74,40.79,30.87,20.0,9.41,42.93,18.66,41.26,2.54,37.47,17.58,29.41,0.0,37.01,333.0
6505,39,229,294,1.02,37.25,17.6,30.57,10.97,43.87,28.57,4.81,5.15,47.26,20.31,53.33,80.06,37.07,17.95,45.06,1.37,35.5,7.41,100.0,0.34,66.0,0.0,0.0,6.52,37.73,15.57,26.31,1.71,27.4,5.5,20.0,0.0,34.66,166.0
6506,39,230,542,1.29,39.71,19.44,53.25,16.99,44.28,100.0,1.49,5.79,52.35,15.28,45.16,84.85,38.03,19.47,42.73,0.56,29.66,5.03,100.0,0.93,40.4,29.07,40.0,4.67,41.92,12.76,44.0,1.68,50.22,20.27,33.33,0.0,65.18,279.0
6507,39,232,923,2.81,42.72,19.31,55.38,24.22,41.71,55.55,2.0,5.9,49.16,17.62,49.05,82.38,40.98,19.15,41.54,0.89,57.87,25.7,50.0,1.22,41.36,15.74,36.36,5.46,42.51,15.02,28.57,2.11,48.57,17.93,26.31,0.0,39.51,486.0
6508,39,unclear,1402,4.2,41.35,15.61,44.74,14.59,44.72,55.81,3.2,0.0,0.0,0.0,0.0,85.77,40.65,15.55,43.92,0.59,40.5,19.89,100.0,1.41,35.05,8.84,36.84,6.25,41.33,13.43,33.33,2.75,46.91,15.22,64.86,,,
6509,39,2,0,0.0,0.0,0.0,0.0,0.0,0.0,0.0,0.0,0.0,0.0,0.0,0.0,0.0,0.0,0.0,0.0,0.0,0.0,0.0,0.0,0.0,0.0,0.0,0.0,0.0,0.0,0.0,0.0,0.0,0.0,0.0,0.0,0.0,0.0,0.0
6510,39,7,0,0.0,0.0,0.0,0.0,0.0,0.0,0.0,0.0,0.0,0.0,0.0,0.0,0.0,0.0,0.0,0.0,0.0,0.0,0.0,0.0,0.0,0.0,0.0,0.0,0.0,0.0,0.0,0.0,0.0,0.0,0.0,0.0,0.0,0.0,0.0
6511,39,20,0,0.0,0.0,0.0,0.0,0.0,0.0,0.0,0.0,0.0,0.0,0.0,0.0,0.0,0.0,0.0,0.0,0.0,0.0,0.0,0.0,0.0,0.0,0.0,0.0,0.0,0.0,0.0,0.0,0.0,0.0,0.0,0.0,0.0,0.0,0.0
6512,39,21,0,0.0,0.0,0.0,0.0,0.0,0.0,0.0,0.0,0.0,0.0,0.0,0.0,0.0,0.0,0.0,0.0,0.0,0.0,0.0,0.0,0.0,0.0,0.0,0.0,0.0,0.0,0.0,0.0,0.0,0.0,0.0,0.0,0.0,0.0,0.0
6513,39,27,0,0.0,0.0,0.0,0.0,0.0,0.0,0.0,0.0,0.0,0.0,0.0,0.0,0.0,0.0,0.0,0.0,0.0,0.0,0.0,0.0,0.0,0.0,0.0,0.0,0.0,0.0,0.0,0.0,0.0,0.0,0.0,0.0,0.0,0.0,0.0
6514,39,28,0,0.0,0.0,0.0,0.0,0.0,0.0,0.0,0.0,0.0,0.0,0.0,0.0,0.0,0.0,0.0,0.0,0.0,0.0,0.0,0.0,0.0,0.0,0.0,0.0,0.0,0.0,0.0,0.0,0.0,0.0,0.0,0.0,0.0,0.0,0.0
6515,39,29,0,0.0,0.0,0.0,0.0,0.0,0.0,0.0,0.0,0.0,0.0,0.0,0.0,0.0,0.0,0.0,0.0,0.0,0.0,0.0,0.0,0.0,0.0,0.0,0.0,0.0,0.0,0.0,0.0,0.0,0.0,0.0,0.0,0.0,0.0,0.0
6516,39,33,0,0.0,0.0,0.0,0.0,0.0,0.0,0.0,0.0,0.0,0.0,0.0,0.0,0.0,0.0,0.0,0.0,0.0,0.0,0.0,0.0,0.0,0.0,0.0,0.0,0.0,0.0,0.0,0.0,0.0,0.0,0.0,0.0,0.0,0.0,0.0
6517,39,35,0,0.0,0.0,0.0,0.0,0.0,0.0,0.0,0.0,0.0,0.0,0.0,0.0,0.0,0.0,0.0,0.0,0.0,0.0,0.0,0.0,0.0,0.0,0.0,0.0,0.0,0.0,0.0,0.0,0.0,0.0,0.0,0.0,0.0,0.0,0.0
6518,39,36,0,0.0,0.0,0.0,0.0,0.0,0.0,0.0,0.0,0.0,0.0,0.0,0.0,0.0,0.0,0.0,0.0,0.0,0.0,0.0,0.0,0.0,0.0,0.0,0.0,0.0,0.0,0.0,0.0,0.0,0.0,0.0,0.0,0.0,0.0,0.0
6519,39,39,0,0.0,0.0,0.0,0.0,0.0,0.0,0.0,0.0,0.0,0.0,0.0,0.0,0.0,0.0,0.0,0.0,0.0,0.0,0.0,0.0,0.0,0.0,0.0,0.0,0.0,0.0,0.0,0.0,0.0,0.0,0.0,0.0,0.0,0.0,0.0
6520,39,43,0,0.0,0.0,0.0,0.0,0.0,0.0,0.0,0.0,0.0,0.0,0.0,0.0,0.0,0.0,0.0,0.0,0.0,0.0,0.0,0.0,0.0,0.0,0.0,0.0,0.0,0.0,0.0,0.0,0.0,0.0,0.0,0.0,0.0,0.0,0.0
6521,39,46,0,0.0,0.0,0.0,0.0,0.0,0.0,0.0,0.0,0.0,0.0,0.0,0.0,0.0,0.0,0.0,0.0,0.0,0.0,0.0,0.0,0.0,0.0,0.0,0.0,0.0,0.0,0.0,0.0,0.0,0.0,0.0,0.0,0.0,0.0,0.0
6522,39,47,0,0.0,0.0,0.0,0.0,0.0,0.0,0.0,0.0,0.0,0.0,0.0,0.0,0.0,0.0,0.0,0.0,0.0,0.0,0.0,0.0,0.0,0.0,0.0,0.0,0.0,0.0,0.0,0.0,0.0,0.0,0.0,0.0,0.0,0.0,0.0
6523,39,50,0,0.0,0.0,0.0,0.0,0.0,0.0,0.0,0.0,0.0,0.0,0.0,0.0,0.0,0.0,0.0,0.0,0.0,0.0,0.0,0.0,0.0,0.0,0.0,0.0,0.0,0.0,0.0,0.0,0.0,0.0,0.0,0.0,0.0,0.0,0.0
6524,39,51,0,0.0,0.0,0.0,0.0,0.0,0.0,0.0,0.0,0.0,0.0,0.0,0.0,0.0,0.0,0.0,0.0,0.0,0.0,0.0,0.0,0.0,0.0,0.0,0.0,0.0,0.0,0.0,0.0,0.0,0.0,0.0,0.0,0.0,0.0,0.0
6525,39,54,0,0.0,0.0,0.0,0.0,0.0,0.0,0.0,0.0,0.0,0.0,0.0,0.0,0.0,0.0,0.0,0.0,0.0,0.0,0.0,0.0,0.0,0.0,0.0,0.0,0.0,0.0,0.0,0.0,0.0,0.0,0.0,0.0,0.0,0.0,0.0
6526,39,55,0,0.0,0.0,0.0,0.0,0.0,0.0,0.0,0.0,0.0,0.0,0.0,0.0,0.0,0.0,0.0,0.0,0.0,0.0,0.0,0.0,0.0,0.0,0.0,0.0,0.0,0.0,0.0,0.0,0.0,0.0,0.0,0.0,0.0,0.0,0.0
6527,39,56,0,0.0,0.0,0.0,0.0,0.0,0.0,0.0,0.0,0.0,0.0,0.0,0.0,0.0,0.0,0.0,0.0,0.0,0.0,0.0,0.0,0.0,0.0,0.0,0.0,0.0,0.0,0.0,0.0,0.0,0.0,0.0,0.0,0.0,0.0,0.0
6528,39,57,0,0.0,0.0,0.0,0.0,0.0,0.0,0.0,0.0,0.0,0.0,0.0,0.0,0.0,0.0,0.0,0.0,0.0,0.0,0.0,0.0,0.0,0.0,0.0,0.0,0.0,0.0,0.0,0.0,0.0,0.0,0.0,0.0,0.0,0.0,0.0
6529,39,58,0,0.0,0.0,0.0,0.0,0.0,0.0,0.0,0.0,0.0,0.0,0.0,0.0,0.0,0.0,0.0,0.0,0.0,0.0,0.0,0.0,0.0,0.0,0.0,0.0,0.0,0.0,0.0,0.0,0.0,0.0,0.0,0.0,0.0,0.0,0.0
6530,39,59,0,0.0,0.0,0.0,0.0,0.0,0.0,0.0,0.0,0.0,0.0,0.0,0.0,0.0,0.0,0.0,0.0,0.0,0.0,0.0,0.0,0.0,0.0,0.0,0.0,0.0,0.0,0.0,0.0,0.0,0.0,0.0,0.0,0.0,0.0,0.0
6531,39,62,0,0.0,0.0,0.0,0.0,0.0,0.0,0.0,0.0,0.0,0.0,0.0,0.0,0.0,0.0,0.0,0.0,0.0,0.0,0.0,0.0,0.0,0.0,0.0,0.0,0.0,0.0,0.0,0.0,0.0,0.0,0.0,0.0,0.0,0.0,0.0
6532,39,63,0,0.0,0.0,0.0,0.0,0.0,0.0,0.0,0.0,0.0,0.0,0.0,0.0,0.0,0.0,0.0,0.0,0.0,0.0,0.0,0.0,0.0,0.0,0.0,0.0,0.0,0.0,0.0,0.0,0.0,0.0,0.0,0.0,0.0,0.0,0.0
6533,39,66,0,0.0,0.0,0.0,0.0,0.0,0.0,0.0,0.0,0.0,0.0,0.0,0.0,0.0,0.0,0.0,0.0,0.0,0.0,0.0,0.0,0.0,0.0,0.0,0.0,0.0,0.0,0.0,0.0,0.0,0.0,0.0,0.0,0.0,0.0,0.0
6534,39,67,0,0.0,0.0,0.0,0.0,0.0,0.0,0.0,0.0,0.0,0.0,0.0,0.0,0.0,0.0,0.0,0.0,0.0,0.0,0.0,0.0,0.0,0.0,0.0,0.0,0.0,0.0,0.0,0.0,0.0,0.0,0.0,0.0,0.0,0.0,0.0
6535,39,70,0,0.0,0.0,0.0,0.0,0.0,0.0,0.0,0.0,0.0,0.0,0.0,0.0,0.0,0.0,0.0,0.0,0.0,0.0,0.0,0.0,0.0,0.0,0.0,0.0,0.0,0.0,0.0,0.0,0.0,0.0,0.0,0.0,0.0,0.0,0.0
6536,39,73,0,0.0,0.0,0.0,0.0,0.0,0.0,0.0,0.0,0.0,0.0,0.0,0.0,0.0,0.0,0.0,0.0,0.0,0.0,0.0,0.0,0.0,0.0,0.0,0.0,0.0,0.0,0.0,0.0,0.0,0.0,0.0,0.0,0.0,0.0,0.0
6537,39,74,0,0.0,0.0,0.0,0.0,0.0,0.0,0.0,0.0,0.0,0.0,0.0,0.0,0.0,0.0,0.0,0.0,0.0,0.0,0.0,0.0,0.0,0.0,0.0,0.0,0.0,0.0,0.0,0.0,0.0,0.0,0.0,0.0,0.0,0.0,0.0
6538,39,75,0,0.0,0.0,0.0,0.0,0.0,0.0,0.0,0.0,0.0,0.0,0.0,0.0,0.0,0.0,0.0,0.0,0.0,0.0,0.0,0.0,0.0,0.0,0.0,0.0,0.0,0.0,0.0,0.0,0.0,0.0,0.0,0.0,0.0,0.0,0.0
6539,39,80,0,0.0,0.0,0.0,0.0,0.0,0.0,0.0,0.0,0.0,0.0,0.0,0.0,0.0,0.0,0.0,0.0,0.0,0.0,0.0,0.0,0.0,0.0,0.0,0.0,0.0,0.0,0.0,0.0,0.0,0.0,0.0,0.0,0.0,0.0,0.0
6540,39,87,0,0.0,0.0,0.0,0.0,0.0,0.0,0.0,0.0,0.0,0.0,0.0,0.0,0.0,0.0,0.0,0.0,0.0,0.0,0.0,0.0,0.0,0.0,0.0,0.0,0.0,0.0,0.0,0.0,0.0,0.0,0.0,0.0,0.0,0.0,0.0
6541,39,89,0,0.0,0.0,0.0,0.0,0.0,0.0,0.0,0.0,0.0,0.0,0.0,0.0,0.0,0.0,0.0,0.0,0.0,0.0,0.0,0.0,0.0,0.0,0.0,0.0,0.0,0.0,0.0,0.0,0.0,0.0,0.0,0.0,0.0,0.0,0.0
6542,39,92,0,0.0,0.0,0.0,0.0,0.0,0.0,0.0,0.0,0.0,0.0,0.0,0.0,0.0,0.0,0.0,0.0,0.0,0.0,0.0,0.0,0.0,0.0,0.0,0.0,0.0,0.0,0.0,0.0,0.0,0.0,0.0,0.0,0.0,0.0,0.0
6543,39,96,0,0.0,0.0,0.0,0.0,0.0,0.0,0.0,0.0,0.0,0.0,0.0,0.0,0.0,0.0,0.0,0.0,0.0,0.0,0.0,0.0,0.0,0.0,0.0,0.0,0.0,0.0,0.0,0.0,0.0,0.0,0.0,0.0,0.0,0.0,0.0
6544,39,97,0,0.0,0.0,0.0,0.0,0.0,0.0,0.0,0.0,0.0,0.0,0.0,0.0,0.0,0.0,0.0,0.0,0.0,0.0,0.0,0.0,0.0,0.0,0.0,0.0,0.0,0.0,0.0,0.0,0.0,0.0,0.0,0.0,0.0,0.0,0.0
6545,39,99,0,0.0,0.0,0.0,0.0,0.0,0.0,0.0,0.0,0.0,0.0,0.0,0.0,0.0,0.0,0.0,0.0,0.0,0.0,0.0,0.0,0.0,0.0,0.0,0.0,0.0,0.0,0.0,0.0,0.0,0.0,0.0,0.0,0.0,0.0,0.0
6546,39,101,0,0.0,0.0,0.0,0.0,0.0,0.0,0.0,0.0,0.0,0.0,0.0,0.0,0.0,0.0,0.0,0.0,0.0,0.0,0.0,0.0,0.0,0.0,0.0,0.0,0.0,0.0,0.0,0.0,0.0,0.0,0.0,0.0,0.0,0.0,0.0
6547,39,107,0,0.0,0.0,0.0,0.0,0.0,0.0,0.0,0.0,0.0,0.0,0.0,0.0,0.0,0.0,0.0,0.0,0.0,0.0,0.0,0.0,0.0,0.0,0.0,0.0,0.0,0.0,0.0,0.0,0.0,0.0,0.0,0.0,0.0,0.0,0.0
6548,39,109,0,0.0,0.0,0.0,0.0,0.0,0.0,0.0,0.0,0.0,0.0,0.0,0.0,0.0,0.0,0.0,0.0,0.0,0.0,0.0,0.0,0.0,0.0,0.0,0.0,0.0,0.0,0.0,0.0,0.0,0.0,0.0,0.0,0.0,0.0,0.0
6549,39,110,0,0.0,0.0,0.0,0.0,0.0,0.0,0.0,0.0,0.0,0.0,0.0,0.0,0.0,0.0,0.0,0.0,0.0,0.0,0.0,0.0,0.0,0.0,0.0,0.0,0.0,0.0,0.0,0.0,0.0,0.0,0.0,0.0,0.0,0.0,0.0
6550,39,113,0,0.0,0.0,0.0,0.0,0.0,0.0,0.0,0.0,0.0,0.0,0.0,0.0,0.0,0.0,0.0,0.0,0.0,0.0,0.0,0.0,0.0,0.0,0.0,0.0,0.0,0.0,0.0,0.0,0.0,0.0,0.0,0.0,0.0,0.0,0.0
6551,39,114,0,0.0,0.0,0.0,0.0,0.0,0.0,0.0,0.0,0.0,0.0,0.0,0.0,0.0,0.0,0.0,0.0,0.0,0.0,0.0,0.0,0.0,0.0,0.0,0.0,0.0,0.0,0.0,0.0,0.0,0.0,0.0,0.0,0.0,0.0,0.0
6552,39,115,0,0.0,0.0,0.0,0.0,0.0,0.0,0.0,0.0,0.0,0.0,0.0,0.0,0.0,0.0,0.0,0.0,0.0,0.0,0.0,0.0,0.0,0.0,0.0,0.0,0.0,0.0,0.0,0.0,0.0,0.0,0.0,0.0,0.0,0.0,0.0
6553,39,119,0,0.0,0.0,0.0,0.0,0.0,0.0,0.0,0.0,0.0,0.0,0.0,0.0,0.0,0.0,0.0,0.0,0.0,0.0,0.0,0.0,0.0,0.0,0.0,0.0,0.0,0.0,0.0,0.0,0.0,0.0,0.0,0.0,0.0,0.0,0.0
6554,39,126,0,0.0,0.0,0.0,0.0,0.0,0.0,0.0,0.0,0.0,0.0,0.0,0.0,0.0,0.0,0.0,0.0,0.0,0.0,0.0,0.0,0.0,0.0,0.0,0.0,0.0,0.0,0.0,0.0,0.0,0.0,0.0,0.0,0.0,0.0,0.0
6555,39,128,0,0.0,0.0,0.0,0.0,0.0,0.0,0.0,0.0,0.0,0.0,0.0,0.0,0.0,0.0,0.0,0.0,0.0,0.0,0.0,0.0,0.0,0.0,0.0,0.0,0.0,0.0,0.0,0.0,0.0,0.0,0.0,0.0,0.0,0.0,0.0
6556,39,131,0,0.0,0.0,0.0,0.0,0.0,0.0,0.0,0.0,0.0,0.0,0.0,0.0,0.0,0.0,0.0,0.0,0.0,0.0,0.0,0.0,0.0,0.0,0.0,0.0,0.0,0.0,0.0,0.0,0.0,0.0,0.0,0.0,0.0,0.0,0.0
6557,39,132,0,0.0,0.0,0.0,0.0,0.0,0.0,0.0,0.0,0.0,0.0,0.0,0.0,0.0,0.0,0.0,0.0,0.0,0.0,0.0,0.0,0.0,0.0,0.0,0.0,0.0,0.0,0.0,0.0,0.0,0.0,0.0,0.0,0.0,0.0,0.0
6558,39,133,0,0.0,0.0,0.0,0.0,0.0,0.0,0.0,0.0,0.0,0.0,0.0,0.0,0.0,0.0,0.0,0.0,0.0,0.0,0.0,0.0,0.0,0.0,0.0,0.0,0.0,0.0,0.0,0.0,0.0,0.0,0.0,0.0,0.0,0.0,0.0
6559,39,135,0,0.0,0.0,0.0,0.0,0.0,0.0,0.0,0.0,0.0,0.0,0.0,0.0,0.0,0.0,0.0,0.0,0.0,0.0,0.0,0.0,0.0,0.0,0.0,0.0,0.0,0.0,0.0,0.0,0.0,0.0,0.0,0.0,0.0,0.0,0.0
6560,39,140,0,0.0,0.0,0.0,0.0,0.0,0.0,0.0,0.0,0.0,0.0,0.0,0.0,0.0,0.0,0.0,0.0,0.0,0.0,0.0,0.0,0.0,0.0,0.0,0.0,0.0,0.0,0.0,0.0,0.0,0.0,0.0,0.0,0.0,0.0,0.0
6561,39,141,0,0.0,0.0,0.0,0.0,0.0,0.0,0.0,0.0,0.0,0.0,0.0,0.0,0.0,0.0,0.0,0.0,0.0,0.0,0.0,0.0,0.0,0.0,0.0,0.0,0.0,0.0,0.0,0.0,0.0,0.0,0.0,0.0,0.0,0.0,0.0
6562,39,142,0,0.0,0.0,0.0,0.0,0.0,0.0,0.0,0.0,0.0,0.0,0.0,0.0,0.0,0.0,0.0,0.0,0.0,0.0,0.0,0.0,0.0,0.0,0.0,0.0,0.0,0.0,0.0,0.0,0.0,0.0,0.0,0.0,0.0,0.0,0.0
6563,39,145,0,0.0,0.0,0.0,0.0,0.0,0.0,0.0,0.0,0.0,0.0,0.0,0.0,0.0,0.0,0.0,0.0,0.0,0.0,0.0,0.0,0.0,0.0,0.0,0.0,0.0,0.0,0.0,0.0,0.0,0.0,0.0,0.0,0.0,0.0,0.0
6564,39,146,0,0.0,0.0,0.0,0.0,0.0,0.0,0.0,0.0,0.0,0.0,0.0,0.0,0.0,0.0,0.0,0.0,0.0,0.0,0.0,0.0,0.0,0.0,0.0,0.0,0.0,0.0,0.0,0.0,0.0,0.0,0.0,0.0,0.0,0.0,0.0
6565,39,147,0,0.0,0.0,0.0,0.0,0.0,0.0,0.0,0.0,0.0,0.0,0.0,0.0,0.0,0.0,0.0,0.0,0.0,0.0,0.0,0.0,0.0,0.0,0.0,0.0,0.0,0.0,0.0,0.0,0.0,0.0,0.0,0.0,0.0,0.0,0.0
6566,39,148,0,0.0,0.0,0.0,0.0,0.0,0.0,0.0,0.0,0.0,0.0,0.0,0.0,0.0,0.0,0.0,0.0,0.0,0.0,0.0,0.0,0.0,0.0,0.0,0.0,0.0,0.0,0.0,0.0,0.0,0.0,0.0,0.0,0.0,0.0,0.0
6567,39,149,0,0.0,0.0,0.0,0.0,0.0,0.0,0.0,0.0,0.0,0.0,0.0,0.0,0.0,0.0,0.0,0.0,0.0,0.0,0.0,0.0,0.0,0.0,0.0,0.0,0.0,0.0,0.0,0.0,0.0,0.0,0.0,0.0,0.0,0.0,0.0
6568,39,151,0,0.0,0.0,0.0,0.0,0.0,0.0,0.0,0.0,0.0,0.0,0.0,0.0,0.0,0.0,0.0,0.0,0.0,0.0,0.0,0.0,0.0,0.0,0.0,0.0,0.0,0.0,0.0,0.0,0.0,0.0,0.0,0.0,0.0,0.0,0.0
6569,39,152,0,0.0,0.0,0.0,0.0,0.0,0.0,0.0,0.0,0.0,0.0,0.0,0.0,0.0,0.0,0.0,0.0,0.0,0.0,0.0,0.0,0.0,0.0,0.0,0.0,0.0,0.0,0.0,0.0,0.0,0.0,0.0,0.0,0.0,0.0,0.0
6570,39,154,0,0.0,0.0,0.0,0.0,0.0,0.0,0.0,0.0,0.0,0.0,0.0,0.0,0.0,0.0,0.0,0.0,0.0,0.0,0.0,0.0,0.0,0.0,0.0,0.0,0.0,0.0,0.0,0.0,0.0,0.0,0.0,0.0,0.0,0.0,0.0
6571,39,158,0,0.0,0.0,0.0,0.0,0.0,0.0,0.0,0.0,0.0,0.0,0.0,0.0,0.0,0.0,0.0,0.0,0.0,0.0,0.0,0.0,0.0,0.0,0.0,0.0,0.0,0.0,0.0,0.0,0.0,0.0,0.0,0.0,0.0,0.0,0.0
6572,39,159,0,0.0,0.0,0.0,0.0,0.0,0.0,0.0,0.0,0.0,0.0,0.0,0.0,0.0,0.0,0.0,0.0,0.0,0.0,0.0,0.0,0.0,0.0,0.0,0.0,0.0,0.0,0.0,0.0,0.0,0.0,0.0,0.0,0.0,0.0,0.0
6573,39,166,0,0.0,0.0,0.0,0.0,0.0,0.0,0.0,0.0,0.0,0.0,0.0,0.0,0.0,0.0,0.0,0.0,0.0,0.0,0.0,0.0,0.0,0.0,0.0,0.0,0.0,0.0,0.0,0.0,0.0,0.0,0.0,0.0,0.0,0.0,0.0
6574,39,167,0,0.0,0.0,0.0,0.0,0.0,0.0,0.0,0.0,0.0,0.0,0.0,0.0,0.0,0.0,0.0,0.0,0.0,0.0,0.0,0.0,0.0,0.0,0.0,0.0,0.0,0.0,0.0,0.0,0.0,0.0,0.0,0.0,0.0,0.0,0.0
6575,39,168,576,0.34,42.76,20.85,52.84,13.17,46.0,84.61,2.26,1.56,49.88,13.95,55.55,84.32,42.6,21.38,42.76,1.21,41.14,16.6,85.71,0.17,56.0,0.0,0.0,9.75,40.6,19.35,60.71,0.69,37.5,12.5,25.0,0.0,0.0,300.0
6576,39,169,0,0.0,0.0,0.0,0.0,0.0,0.0,0.0,0.0,0.0,0.0,0.0,0.0,0.0,0.0,0.0,0.0,0.0,0.0,0.0,0.0,0.0,0.0,0.0,0.0,0.0,0.0,0.0,0.0,0.0,0.0,0.0,0.0,0.0,0.0,0.0
6577,39,176,0,0.0,0.0,0.0,0.0,0.0,0.0,0.0,0.0,0.0,0.0,0.0,0.0,0.0,0.0,0.0,0.0,0.0,0.0,0.0,0.0,0.0,0.0,0.0,0.0,0.0,0.0,0.0,0.0,0.0,0.0,0.0,0.0,0.0,0.0,0.0
6578,39,178,0,0.0,0.0,0.0,0.0,0.0,0.0,0.0,0.0,0.0,0.0,0.0,0.0,0.0,0.0,0.0,0.0,0.0,0.0,0.0,0.0,0.0,0.0,0.0,0.0,0.0,0.0,0.0,0.0,0.0,0.0,0.0,0.0,0.0,0.0,0.0
6579,39,179,722,0.41,41.78,20.21,38.37,19.89,41.68,75.0,1.11,1.39,57.3,24.44,20.0,92.76,41.38,20.26,41.37,1.11,38.75,16.13,87.5,0.0,0.0,0.0,0.0,2.92,44.76,14.53,33.33,0.69,51.4,22.76,60.0,0.0,0.0,391.0
6580,39,180,0,0.0,0.0,0.0,0.0,0.0,0.0,0.0,0.0,0.0,0.0,0.0,0.0,0.0,0.0,0.0,0.0,0.0,0.0,0.0,0.0,0.0,0.0,0.0,0.0,0.0,0.0,0.0,0.0,0.0,0.0,0.0,0.0,0.0,0.0,0.0
6581,39,182,0,0.0,0.0,0.0,0.0,0.0,0.0,0.0,0.0,0.0,0.0,0.0,0.0,0.0,0.0,0.0,0.0,0.0,0.0,0.0,0.0,0.0,0.0,0.0,0.0,0.0,0.0,0.0,0.0,0.0,0.0,0.0,0.0,0.0,0.0,0.0
6582,39,183,942,0.21,39.34,20.42,41.85,17.87,40.97,38.09,2.23,1.7,48.31,20.75,43.75,91.06,38.99,20.56,40.77,1.8,36.17,16.62,76.47,0.21,34.5,14.84,50.0,1.59,43.2,18.44,40.0,1.38,47.76,21.51,15.38,0.0,0.0,436.0
6583,39,184,0,0.0,0.0,0.0,0.0,0.0,0.0,0.0,0.0,0.0,0.0,0.0,0.0,0.0,0.0,0.0,0.0,0.0,0.0,0.0,0.0,0.0,0.0,0.0,0.0,0.0,0.0,0.0,0.0,0.0,0.0,0.0,0.0,0.0,0.0,0.0
6584,39,186,0,0.0,0.0,0.0,0.0,0.0,0.0,0.0,0.0,0.0,0.0,0.0,0.0,0.0,0.0,0.0,0.0,0.0,0.0,0.0,0.0,0.0,0.0,0.0,0.0,0.0,0.0,0.0,0.0,0.0,0.0,0.0,0.0,0.0,0.0,0.0
6585,39,187,673,0.59,42.66,18.18,48.0,19.69,42.79,35.0,2.98,4.63,49.29,14.28,54.83,83.4,42.13,18.05,41.93,1.49,40.6,16.08,80.0,0.89,41.66,24.9,16.66,4.78,43.62,16.29,40.62,1.79,32.66,24.96,41.66,0.0,0.0,348.0
6586,39,191,0,0.0,0.0,0.0,0.0,0.0,0.0,0.0,0.0,0.0,0.0,0.0,0.0,0.0,0.0,0.0,0.0,0.0,0.0,0.0,0.0,0.0,0.0,0.0,0.0,0.0,0.0,0.0,0.0,0.0,0.0,0.0,0.0,0.0,0.0,0.0
6587,39,193,631,0.47,41.15,19.37,46.75,27.67,45.64,87.5,1.27,3.98,50.76,12.44,72.0,85.66,39.86,19.34,42.37,0.79,27.0,15.52,100.0,0.63,41.0,13.34,50.0,6.05,48.02,14.16,50.0,1.59,57.4,26.99,70.0,0.0,0.0,357.0
6588,39,194,0,0.0,0.0,0.0,0.0,0.0,0.0,0.0,0.0,0.0,0.0,0.0,0.0,0.0,0.0,0.0,0.0,0.0,0.0,0.0,0.0,0.0,0.0,0.0,0.0,0.0,0.0,0.0,0.0,0.0,0.0,0.0,0.0,0.0,0.0,0.0
6589,39,195,0,0.0,0.0,0.0,0.0,0.0,0.0,0.0,0.0,0.0,0.0,0.0,0.0,0.0,0.0,0.0,0.0,0.0,0.0,0.0,0.0,0.0,0.0,0.0,0.0,0.0,0.0,0.0,0.0,0.0,0.0,0.0,0.0,0.0,0.0,0.0
6590,39,196,0,0.0,0.0,0.0,0.0,0.0,0.0,0.0,0.0,0.0,0.0,0.0,0.0,0.0,0.0,0.0,0.0,0.0,0.0,0.0,0.0,0.0,0.0,0.0,0.0,0.0,0.0,0.0,0.0,0.0,0.0,0.0,0.0,0.0,0.0,0.0
6591,39,197,0,0.0,0.0,0.0,0.0,0.0,0.0,0.0,0.0,0.0,0.0,0.0,0.0,0.0,0.0,0.0,0.0,0.0,0.0,0.0,0.0,0.0,0.0,0.0,0.0,0.0,0.0,0.0,0.0,0.0,0.0,0.0,0.0,0.0,0.0,0.0
6592,39,198,0,0.0,0.0,0.0,0.0,0.0,0.0,0.0,0.0,0.0,0.0,0.0,0.0,0.0,0.0,0.0,0.0,0.0,0.0,0.0,0.0,0.0,0.0,0.0,0.0,0.0,0.0,0.0,0.0,0.0,0.0,0.0,0.0,0.0,0.0,0.0
6593,39,199,0,0.0,0.0,0.0,0.0,0.0,0.0,0.0,0.0,0.0,0.0,0.0,0.0,0.0,0.0,0.0,0.0,0.0,0.0,0.0,0.0,0.0,0.0,0.0,0.0,0.0,0.0,0.0,0.0,0.0,0.0,0.0,0.0,0.0,0.0,0.0
6594,39,200,0,0.0,0.0,0.0,0.0,0.0,0.0,0.0,0.0,0.0,0.0,0.0,0.0,0.0,0.0,0.0,0.0,0.0,0.0,0.0,0.0,0.0,0.0,0.0,0.0,0.0,0.0,0.0,0.0,0.0,0.0,0.0,0.0,0.0,0.0,0.0
6595,39,202,655,0.15,44.29,21.07,63.0,21.95,43.51,70.0,1.52,1.22,55.12,12.25,37.5,87.15,43.79,20.99,40.7,0.61,38.25,33.21,75.0,0.3,66.0,8.48,50.0,7.64,44.4,19.68,72.0,1.52,47.0,21.19,30.0,0.0,0.0,316.0
6596,39,203,0,0.0,0.0,0.0,0.0,0.0,0.0,0.0,0.0,0.0,0.0,0.0,0.0,0.0,0.0,0.0,0.0,0.0,0.0,0.0,0.0,0.0,0.0,0.0,0.0,0.0,0.0,0.0,0.0,0.0,0.0,0.0,0.0,0.0,0.0,0.0
6597,39,205,0,0.0,0.0,0.0,0.0,0.0,0.0,0.0,0.0,0.0,0.0,0.0,0.0,0.0,0.0,0.0,0.0,0.0,0.0,0.0,0.0,0.0,0.0,0.0,0.0,0.0,0.0,0.0,0.0,0.0,0.0,0.0,0.0,0.0,0.0,0.0
6598,39,208,763,1.17,39.94,19.73,48.14,16.83,43.77,78.57,1.85,4.64,45.6,19.01,54.28,87.66,39.33,19.65,42.05,1.19,29.22,5.76,100.0,0.0,0.0,0.0,0.0,2.51,50.52,17.02,36.84,2.12,36.93,25.15,31.25,0.0,0.0,403.0
6599,39,211,719,0.55,43.59,20.84,50.94,15.33,43.25,57.89,2.65,3.35,60.58,18.1,66.66,87.27,42.62,20.55,40.38,1.39,35.9,7.89,80.0,0.13,84.0,0.0,100.0,3.21,40.56,23.22,52.17,1.95,50.5,27.43,50.0,0.0,0.0,361.0
6600,39,212,733,0.81,40.1,20.86,51.15,23.52,41.88,46.15,1.78,2.75,52.2,17.75,50.0,90.92,39.15,20.55,41.45,1.78,39.61,23.87,61.53,0.41,31.0,7.0,0.0,1.51,51.45,24.32,36.36,0.68,45.4,25.97,60.0,0.0,0.0,387.0
6601,39,214,0,0.0,0.0,0.0,0.0,0.0,0.0,0.0,0.0,0.0,0.0,0.0,0.0,0.0,0.0,0.0,0.0,0.0,0.0,0.0,0.0,0.0,0.0,0.0,0.0,0.0,0.0,0.0,0.0,0.0,0.0,0.0,0.0,0.0,0.0,0.0
6602,39,215,0,0.0,0.0,0.0,0.0,0.0,0.0,0.0,0.0,0.0,0.0,0.0,0.0,0.0,0.0,0.0,0.0,0.0,0.0,0.0,0.0,0.0,0.0,0.0,0.0,0.0,0.0,0.0,0.0,0.0,0.0,0.0,0.0,0.0,0.0,0.0
6603,39,218,0,0.0,0.0,0.0,0.0,0.0,0.0,0.0,0.0,0.0,0.0,0.0,0.0,0.0,0.0,0.0,0.0,0.0,0.0,0.0,0.0,0.0,0.0,0.0,0.0,0.0,0.0,0.0,0.0,0.0,0.0,0.0,0.0,0.0,0.0,0.0
6604,39,219,0,0.0,0.0,0.0,0.0,0.0,0.0,0.0,0.0,0.0,0.0,0.0,0.0,0.0,0.0,0.0,0.0,0.0,0.0,0.0,0.0,0.0,0.0,0.0,0.0,0.0,0.0,0.0,0.0,0.0,0.0,0.0,0.0,0.0,0.0,0.0
6605,39,221,869,2.87,41.67,19.07,45.77,15.73,42.0,59.09,2.6,7.7,50.92,20.74,44.61,76.54,40.66,18.66,41.02,2.01,34.11,20.93,76.47,0.94,33.87,20.99,37.5,5.8,39.32,16.34,28.57,4.38,39.4,19.35,43.24,0.0,0.0,435.0
6606,39,223,0,0.0,0.0,0.0,0.0,0.0,0.0,0.0,0.0,0.0,0.0,0.0,0.0,0.0,0.0,0.0,0.0,0.0,0.0,0.0,0.0,0.0,0.0,0.0,0.0,0.0,0.0,0.0,0.0,0.0,0.0,0.0,0.0,0.0,0.0,0.0
6607,39,224,0,0.0,0.0,0.0,0.0,0.0,0.0,0.0,0.0,0.0,0.0,0.0,0.0,0.0,0.0,0.0,0.0,0.0,0.0,0.0,0.0,0.0,0.0,0.0,0.0,0.0,0.0,0.0,0.0,0.0,0.0,0.0,0.0,0.0,0.0,0.0
6608,39,226,0,0.0,0.0,0.0,0.0,0.0,0.0,0.0,0.0,0.0,0.0,0.0,0.0,0.0,0.0,0.0,0.0,0.0,0.0,0.0,0.0,0.0,0.0,0.0,0.0,0.0,0.0,0.0,0.0,0.0,0.0,0.0,0.0,0.0,0.0,0.0
6609,39,231,0,0.0,0.0,0.0,0.0,0.0,0.0,0.0,0.0,0.0,0.0,0.0,0.0,0.0,0.0,0.0,0.0,0.0,0.0,0.0,0.0,0.0,0.0,0.0,0.0,0.0,0.0,0.0,0.0,0.0,0.0,0.0,0.0,0.0,0.0,0.0
6610,40,14,1181,0.16,43.3,17.79,33.9,19.41,42.84,42.85,1.78,0.5,46.83,14.02,50.0,94.65,43.34,17.74,42.2,0.33,35.25,7.41,50.0,0.16,61.0,22.62,50.0,1.61,42.47,17.92,84.21,0.84,52.9,16.64,30.0,0.0,30.57,650.0
6611,40,16,998,0.2,43.37,19.14,49.0,21.55,43.98,50.0,0.4,0.8,54.87,18.51,75.0,96.78,43.21,19.07,43.77,0.6,30.5,15.83,66.66,0.0,0.0,0.0,0.0,0.8,42.62,25.53,37.5,0.6,59.83,13.49,0.0,0.0,25.41,574.0
6612,40,19,916,0.43,40.12,17.76,48.29,20.37,45.63,66.66,2.63,1.42,38.07,16.2,53.84,89.36,39.94,17.67,44.53,0.87,26.75,11.69,75.0,0.32,34.66,9.71,0.0,3.39,43.35,16.95,45.16,1.97,38.33,21.04,61.11,0.0,53.76,467.0
6613,40,21,1341,0.22,42.74,17.89,56.65,21.66,42.2,78.12,2.39,0.52,50.42,12.8,71.42,93.57,42.17,17.67,40.97,0.37,39.2,18.86,60.0,0.14,66.5,0.7,0.0,1.86,48.24,15.38,60.0,1.12,45.6,19.82,20.0,0.0,26.56,800.0
6614,40,28,1098,0.36,43.43,18.88,64.3,19.37,43.8,80.0,0.91,0.63,54.28,13.46,14.28,95.15,42.99,18.74,43.51,0.36,48.0,17.37,25.0,0.0,0.0,0.0,0.0,2.74,45.8,20.51,56.66,0.18,71.5,7.77,0.0,0.0,29.29,632.0
6615,40,32,723,0.0,42.4,18.06,43.23,32.86,40.8,46.15,1.79,0.55,37.0,13.88,25.0,94.74,42.5,17.66,41.16,0.55,26.0,20.0,50.0,0.13,42.0,0.0,0.0,0.82,43.83,13.06,33.33,1.38,42.4,24.21,20.0,0.0,38.62,417.0
6616,40,33,1124,0.0,41.83,18.18,45.1,22.83,42.88,55.0,1.77,0.44,45.6,14.8,40.0,95.72,41.58,18.03,42.75,0.35,34.25,11.29,50.0,0.17,41.0,2.82,50.0,0.53,58.16,21.81,66.66,0.88,54.1,22.13,20.0,0.0,41.97,565.0
6617,40,35,1144,0.26,44.58,18.72,61.0,27.09,44.14,50.0,0.35,1.05,43.75,17.35,33.33,94.47,44.58,18.7,44.06,1.31,42.2,19.18,46.66,0.08,62.0,0.0,0.0,1.84,45.85,17.37,42.85,0.87,41.5,17.86,50.0,0.0,31.57,668.0
6618,40,30,676,0.59,40.87,17.12,44.06,16.89,40.08,31.25,2.38,0.59,43.5,6.4,0.0,94.04,40.75,17.1,40.5,0.89,33.33,20.29,33.33,0.0,0.0,0.0,0.0,1.04,42.85,26.35,71.42,1.04,43.0,16.75,28.57,0.0,56.49,336.0
6619,40,39,1183,0.42,39.82,17.66,41.05,21.34,41.84,55.0,1.69,0.76,41.22,13.3,55.55,92.19,39.6,17.7,40.97,0.93,34.9,9.13,81.81,0.16,27.0,2.82,0.0,2.37,46.17,16.31,53.57,1.86,44.45,16.81,31.81,0.0,24.06,690.0
6620,40,45,1228,0.48,43.33,18.09,47.13,22.05,42.91,40.0,1.22,1.22,52.26,17.2,33.33,93.45,43.19,17.75,43.08,1.3,42.87,13.1,75.0,0.49,49.66,29.16,0.0,1.39,35.0,21.49,58.82,0.9,51.72,30.6,9.09,0.0,28.77,726.0
6621,40,48,1286,0.31,41.71,18.38,40.31,18.65,42.69,36.84,1.48,1.09,40.07,16.94,57.14,93.52,41.8,18.29,42.53,0.93,32.33,20.48,66.66,0.31,49.0,21.0,0.0,1.56,41.85,18.56,55.0,1.09,42.78,26.18,21.42,0.0,25.79,697.0
6622,40,49,971,0.1,41.91,18.33,33.22,8.56,42.94,66.66,0.92,0.41,46.0,13.14,50.0,95.46,41.77,18.4,42.98,0.41,36.0,14.85,100.0,0.0,0.0,0.0,0.0,1.44,36.5,9.71,35.71,1.34,62.46,15.39,15.38,0.0,27.37,568.0
6623,40,50,1104,0.27,43.61,18.94,49.4,15.77,42.84,50.0,0.9,0.18,39.0,15.55,50.0,94.36,43.38,18.76,42.82,0.9,36.7,23.68,80.0,0.18,50.5,19.09,0.0,1.45,52.12,17.06,37.5,1.99,46.22,25.86,27.27,0.0,31.72,656.0
6624,40,51,871,0.0,44.93,19.77,45.06,16.25,43.05,60.0,1.72,0.8,34.0,14.98,42.85,92.65,45.25,19.89,42.25,1.26,33.9,13.23,45.45,0.0,0.0,0.0,0.0,2.06,45.16,21.28,61.11,1.49,39.46,18.28,46.15,0.0,30.15,515.0
6625,40,52,769,0.26,42.82,19.29,44.77,13.62,44.47,66.66,1.17,1.04,45.62,13.98,37.5,89.83,42.17,19.47,42.81,0.26,36.0,2.82,100.0,0.0,0.0,0.0,0.0,6.38,49.42,18.99,69.38,1.3,50.3,11.37,10.0,0.0,54.38,402.0
6626,40,56,598,0.0,40.51,17.14,52.47,15.63,44.48,92.5,6.68,1.0,37.16,27.03,33.33,80.93,39.59,16.81,34.29,0.0,0.0,0.0,0.0,0.33,32.0,0.0,0.0,10.7,40.95,17.38,93.75,0.33,30.5,9.19,50.0,0.0,26.8,346.0
6627,40,unclear,1445,0.41,40.37,15.89,46.96,15.26,46.78,98.46,9.03,0.0,0.0,0.0,0.0,85.89,39.83,15.78,38.91,0.27,25.25,4.27,100.0,0.0,0.0,0.0,0.0,4.1,34.27,13.52,88.13,0.69,59.3,18.46,60.0,,,
6628,40,105,828,0.0,43.43,18.77,43.96,12.2,42.02,29.03,3.74,2.05,40.47,16.43,17.64,87.56,43.43,19.15,42.06,1.08,33.88,9.5,88.88,0.12,33.0,0.0,0.0,3.86,43.53,17.51,65.62,1.57,53.46,19.12,15.38,0.0,37.08,464.0
6629,40,157,926,2.8,43.21,18.98,54.55,17.11,41.9,45.0,2.22,3.88,48.14,21.6,48.57,84.22,42.83,18.78,41.55,1.66,37.73,15.9,80.0,1.0,44.33,16.2,44.44,4.66,40.23,19.26,28.57,2.33,49.0,23.25,42.85,0.0,41.24,560.0
6630,40,163,917,1.41,43.44,18.94,46.65,17.36,42.09,42.3,2.87,3.76,55.67,15.86,55.88,82.96,42.47,18.98,41.73,1.65,35.13,19.01,66.66,0.55,42.0,14.15,40.0,6.41,41.43,14.64,27.58,1.76,60.06,20.82,43.75,0.0,45.54,508.0
6631,40,165,600,0.83,40.65,17.93,33.0,21.14,43.5,66.66,1.0,2.01,43.91,15.57,58.33,87.39,40.01,17.9,42.3,1.17,34.85,4.48,100.0,0.0,0.0,0.0,0.0,6.55,46.66,17.26,38.46,1.84,49.09,17.97,45.45,0.0,37.56,368.0
6632,40,167,739,0.81,42.35,18.69,45.93,19.89,41.81,40.0,8.18,2.18,54.43,18.17,50.0,81.71,41.11,18.37,41.4,1.63,47.66,22.12,58.33,0.81,42.0,33.22,16.66,4.09,46.23,13.52,43.33,1.36,51.7,18.08,40.0,0.0,36.51,445.0
6633,40,169,881,0.45,43.96,18.98,38.92,15.95,43.58,53.84,1.48,0.79,41.71,22.75,42.85,93.61,44.16,18.84,42.75,1.02,46.55,19.04,88.88,0.0,0.0,0.0,0.0,2.16,42.52,22.88,47.36,0.68,32.33,29.87,66.66,0.0,41.18,544.0
6634,40,171,979,1.12,41.92,18.17,53.02,20.66,42.79,52.77,3.71,2.16,44.61,17.42,61.9,87.5,41.52,18.01,41.55,0.82,32.62,21.37,87.5,0.72,44.42,13.5,28.57,4.02,37.82,17.15,46.15,1.03,45.0,15.49,50.0,0.0,34.73,625.0
6635,40,172,830,2.16,40.13,18.06,45.66,18.53,43.73,62.5,2.95,2.58,50.57,26.35,57.14,84.85,39.17,17.65,42.81,1.23,33.29,14.28,80.0,1.23,51.4,14.39,20.0,5.29,40.34,15.78,41.86,1.72,47.07,27.85,35.71,0.0,35.15,469.0
6636,40,173,842,1.18,42.69,17.92,44.78,22.52,43.7,65.78,4.56,3.24,47.03,21.02,33.33,83.41,42.72,17.32,42.93,1.32,32.18,7.5,81.81,0.12,58.0,0.0,0.0,4.92,36.95,17.18,36.58,2.4,46.05,21.66,30.0,0.0,39.51,397.0
6637,40,175,720,0.55,40.23,19.28,47.16,19.81,41.66,77.77,2.51,1.11,41.0,15.04,50.0,88.96,39.78,19.18,39.24,0.83,40.16,29.07,83.33,0.41,54.0,17.77,33.33,4.74,39.64,20.72,58.82,1.39,51.3,13.18,30.0,0.0,32.58,413.0
6638,40,176,944,0.21,42.24,17.87,41.78,21.27,42.9,63.15,2.01,0.74,45.14,21.93,57.14,92.25,42.16,17.8,40.85,0.21,41.0,7.07,100.0,0.21,36.5,0.7,0.0,4.03,41.78,17.86,76.31,0.53,59.0,20.13,20.0,0.0,34.71,554.0
6639,40,178,883,0.22,43.88,19.06,61.44,15.96,41.67,83.13,9.42,0.34,29.66,31.65,33.33,85.92,42.06,18.45,37.12,0.56,34.4,6.87,100.0,0.0,0.0,0.0,0.0,2.83,41.12,17.42,44.0,0.9,52.37,19.55,0.0,0.0,31.44,517.0
6640,40,179,830,0.24,42.78,19.09,58.36,16.97,40.96,79.16,8.69,0.72,39.0,23.3,66.66,85.02,41.57,18.72,36.5,0.6,26.6,3.13,100.0,0.36,60.33,15.94,0.0,3.5,33.48,16.12,44.82,1.08,48.66,10.67,33.33,0.0,39.1,450.0
6641,40,180,1053,0.94,41.37,18.01,53.16,22.83,42.45,78.57,4.02,1.53,43.06,19.13,50.0,87.53,40.83,17.57,41.07,0.67,36.85,7.62,57.14,0.09,46.0,0.0,100.0,4.41,35.65,14.99,36.95,1.72,54.88,22.3,22.22,0.0,34.67,558.0
6642,40,184,928,0.43,42.92,18.22,36.21,11.87,39.76,57.14,1.51,1.73,50.81,14.14,37.5,89.5,42.68,18.31,39.17,0.75,31.71,18.94,57.14,0.86,53.0,12.02,12.5,4.65,46.09,18.39,48.83,0.97,51.77,17.04,33.33,0.0,37.16,598.0
6643,40,185,682,0.87,42.37,17.39,39.33,13.96,44.28,42.85,3.1,1.33,36.22,11.87,44.44,88.16,42.27,17.47,43.28,0.29,48.0,25.45,100.0,0.14,54.0,0.0,0.0,5.76,45.87,17.92,53.84,1.18,45.0,24.39,25.0,0.0,57.37,360.0
6644,40,189,1005,1.09,41.71,17.49,45.83,18.0,42.78,70.83,2.41,1.5,54.33,20.11,46.66,87.52,41.3,17.63,42.06,0.9,34.11,15.53,77.77,0.6,48.83,17.73,33.33,5.53,42.23,12.29,29.09,1.4,45.07,15.21,57.14,0.0,35.03,586.0
6645,40,193,671,0.44,42.68,20.74,57.5,22.15,41.57,75.0,0.59,1.34,62.44,21.41,66.66,88.47,42.69,20.44,37.9,0.14,28.0,0.0,100.0,0.14,32.0,0.0,0.0,7.93,35.73,20.15,75.47,1.34,60.22,15.55,33.33,0.0,32.76,407.0
6646,40,194,839,1.66,42.15,18.5,48.57,11.16,43.86,57.14,1.69,3.03,51.24,22.63,40.0,87.15,41.36,18.28,43.11,1.81,34.4,16.96,86.66,0.6,29.6,18.14,40.0,4.72,43.38,17.28,33.33,0.96,56.25,9.83,75.0,0.0,49.39,459.0
6647,40,196,915,1.42,43.52,18.98,39.31,20.12,43.06,47.36,2.1,2.66,50.95,24.24,37.5,87.36,43.34,18.92,42.63,1.77,41.12,19.93,81.25,0.55,41.4,15.37,40.0,4.32,41.94,15.54,38.46,1.21,58.0,18.02,27.27,0.0,39.64,523.0
6648,40,198,895,1.22,42.84,18.8,41.39,13.52,42.9,43.47,2.6,1.92,54.47,19.12,58.82,84.95,42.18,19.02,43.54,1.35,38.16,11.51,66.66,0.9,32.75,15.22,12.5,6.78,45.03,16.42,35.0,1.47,54.23,22.02,30.76,0.0,41.8,498.0
6649,40,200,798,1.25,41.31,19.08,38.0,16.99,41.72,62.5,1.01,2.03,53.75,22.2,43.75,87.18,40.53,18.68,41.92,1.01,39.75,25.61,62.5,0.0,0.0,0.0,0.0,6.09,41.47,15.83,33.33,2.66,55.09,23.17,42.85,0.0,36.36,471.0
6650,40,201,777,1.54,44.19,19.83,46.08,21.57,42.34,66.66,1.56,3.13,59.79,20.63,54.16,84.31,42.96,19.2,42.48,1.69,39.53,20.11,61.53,0.26,39.5,6.36,0.0,7.58,47.56,21.74,22.41,1.43,62.09,16.09,72.72,0.0,36.82,399.0
6651,40,202,858,1.98,41.23,17.5,46.62,16.02,40.32,55.17,3.44,3.44,53.79,18.09,51.72,79.42,39.6,16.59,39.37,1.3,32.81,9.06,72.72,0.95,40.37,13.68,25.0,7.25,44.09,18.04,24.59,4.16,50.68,21.25,51.42,0.0,37.0,508.0
6652,40,207,921,0.97,41.08,18.85,48.2,15.88,40.6,40.0,1.64,1.42,51.0,18.77,61.53,91.22,40.66,18.86,40.74,1.09,29.3,4.21,100.0,0.0,0.0,0.0,0.0,2.52,43.82,19.66,21.73,2.08,50.52,18.5,21.05,0.0,31.16,568.0
6653,40,211,962,0.62,43.12,19.59,49.47,18.47,41.47,64.7,1.77,0.83,55.0,22.0,62.5,92.05,42.91,19.35,40.0,1.56,32.06,5.76,93.33,0.2,53.0,4.24,0.0,1.04,44.4,11.12,70.0,2.4,54.52,25.52,26.08,0.0,28.74,676.0
6654,40,212,902,0.55,41.76,18.82,38.06,17.08,42.01,56.66,3.34,0.89,54.87,30.16,50.0,89.29,41.51,18.76,41.19,1.33,33.75,5.59,100.0,0.0,0.0,0.0,0.0,3.45,45.25,18.73,38.7,1.67,55.73,17.96,13.33,0.0,32.28,538.0
6655,40,213,985,0.5,40.35,19.49,33.54,21.41,41.82,27.27,1.12,1.42,45.92,22.47,21.42,94.08,40.27,19.4,42.19,0.71,28.71,13.21,85.71,0.1,37.0,0.0,0.0,1.12,35.9,24.26,36.36,1.42,53.21,16.26,21.42,0.0,30.04,626.0
6656,40,217,600,0.83,43.66,17.89,52.54,16.08,42.83,72.72,1.84,0.5,36.0,14.0,33.33,92.6,43.36,17.86,42.83,0.67,33.75,10.65,100.0,0.67,56.75,9.74,0.0,1.84,40.54,15.81,18.18,1.84,60.36,9.45,36.36,0.0,35.27,400.0
6657,40,219,897,0.33,43.89,18.38,48.21,17.82,44.59,57.14,1.56,0.89,50.0,15.8,37.5,90.04,43.56,18.23,44.09,1.9,33.41,13.01,100.0,0.0,0.0,0.0,0.0,3.91,49.68,18.57,31.42,1.67,52.13,26.1,33.33,0.0,35.32,555.0
6658,40,220,944,0.84,43.64,18.31,40.81,15.28,43.11,54.54,1.17,1.38,52.53,17.55,61.53,92.73,43.78,18.1,42.74,1.17,38.27,10.15,81.81,0.0,0.0,0.0,0.0,2.45,31.39,23.99,21.73,1.06,51.4,23.2,30.0,0.0,33.61,645.0
6659,40,221,933,0.42,44.05,18.81,32.62,17.76,43.19,50.0,0.86,1.39,45.07,27.58,61.53,90.63,44.16,18.64,42.87,1.61,36.86,14.47,93.33,0.0,0.0,0.0,0.0,3.55,41.0,18.99,30.3,1.82,54.7,17.84,23.52,0.0,32.14,621.0
6660,40,222,705,1.27,42.57,17.74,43.75,19.83,43.97,50.0,0.57,1.0,49.57,20.59,57.14,93.24,42.5,17.76,42.98,1.14,38.5,12.64,87.5,0.0,0.0,0.0,0.0,3.44,40.16,14.61,45.83,0.57,51.0,28.91,75.0,0.0,32.4,457.0
6661,40,224,938,1.38,41.47,17.29,35.45,17.51,43.17,45.28,5.72,1.72,48.43,22.31,37.5,85.62,41.35,16.87,42.17,1.29,37.25,8.97,91.66,0.1,47.0,0.0,0.0,4.1,39.15,17.28,47.36,1.4,57.76,20.86,46.15,0.0,35.75,551.0
6662,40,225,863,0.57,42.28,17.72,46.75,17.98,41.13,40.0,2.33,1.28,60.9,17.87,45.45,89.39,41.37,17.37,40.41,1.16,46.1,24.75,90.0,0.34,40.0,16.7,66.66,3.96,48.29,9.98,35.29,1.51,46.69,27.28,38.46,0.0,35.5,553.0
6663,40,228,767,0.39,41.75,17.89,37.97,15.06,38.98,42.85,5.49,1.57,43.66,18.9,50.0,88.08,41.83,18.11,38.03,0.39,27.0,3.0,100.0,0.26,54.5,12.02,50.0,2.87,43.63,13.79,50.0,1.3,54.7,14.41,30.0,0.0,53.31,438.0
6664,40,230,759,0.92,42.91,18.91,44.0,17.87,43.87,44.68,6.25,1.32,53.7,15.69,50.0,88.43,42.67,18.94,43.3,0.53,37.75,11.84,100.0,0.0,0.0,0.0,0.0,2.65,38.29,18.2,40.0,0.79,57.33,20.81,50.0,0.0,52.76,488.0
6665,40,233,845,0.47,43.17,18.61,41.45,14.63,44.02,72.72,1.3,0.47,60.0,26.03,25.0,90.6,42.91,18.69,44.09,1.07,33.33,6.42,100.0,0.11,74.0,0.0,0.0,4.28,44.47,16.97,30.55,2.14,53.16,19.73,27.77,0.0,51.6,537.0
6666,40,236,735,1.76,42.65,19.33,45.4,12.89,44.48,100.0,0.69,1.8,59.46,15.1,84.61,93.07,42.3,19.35,42.55,1.1,32.12,5.79,87.5,0.13,57.0,0.0,100.0,1.52,40.45,14.48,36.36,1.66,44.58,24.23,50.0,0.0,54.88,462.0
6667,40,237,684,1.31,42.79,18.41,46.11,17.75,44.29,77.77,1.33,0.59,50.25,25.3,50.0,90.66,43.01,18.44,43.3,1.92,37.23,12.01,69.23,0.0,0.0,0.0,0.0,4.44,38.7,19.25,50.0,1.03,52.42,17.04,14.28,0.0,35.89,396.0
6668,40,1,0,0.0,0.0,0.0,0.0,0.0,0.0,0.0,0.0,0.0,0.0,0.0,0.0,0.0,0.0,0.0,0.0,0.0,0.0,0.0,0.0,0.0,0.0,0.0,0.0,0.0,0.0,0.0,0.0,0.0,0.0,0.0,0.0,0.0,0.0,0.0
6669,40,2,1025,0.29,41.78,18.51,34.0,24.15,44.19,66.66,0.58,0.58,47.0,15.44,66.66,94.42,41.66,18.34,43.0,0.39,28.25,2.36,100.0,0.09,52.0,0.0,0.0,2.93,41.8,20.89,70.0,0.97,59.1,21.5,30.0,0.0,0.0,621.0
6670,40,3,810,0.24,39.65,17.53,48.1,16.17,44.32,75.0,2.47,0.49,33.5,15.58,25.0,90.09,39.32,17.61,41.89,0.49,54.75,23.76,50.0,0.0,0.0,0.0,0.0,5.69,38.04,13.32,76.08,0.74,59.5,22.43,0.0,0.0,0.0,433.0
6671,40,4,0,0.0,0.0,0.0,0.0,0.0,0.0,0.0,0.0,0.0,0.0,0.0,0.0,0.0,0.0,0.0,0.0,0.0,0.0,0.0,0.0,0.0,0.0,0.0,0.0,0.0,0.0,0.0,0.0,0.0,0.0,0.0,0.0,0.0,0.0,0.0
6672,40,5,0,0.0,0.0,0.0,0.0,0.0,0.0,0.0,0.0,0.0,0.0,0.0,0.0,0.0,0.0,0.0,0.0,0.0,0.0,0.0,0.0,0.0,0.0,0.0,0.0,0.0,0.0,0.0,0.0,0.0,0.0,0.0,0.0,0.0,0.0,0.0
6673,40,6,1062,0.37,40.14,16.76,44.9,17.01,44.82,77.77,8.5,0.75,42.12,18.12,12.5,85.63,39.7,16.53,41.72,0.47,43.4,30.36,40.0,0.18,23.0,0.0,50.0,3.4,36.69,17.11,58.33,1.03,50.0,14.43,9.09,0.0,0.0,501.0
6674,40,7,0,0.0,0.0,0.0,0.0,0.0,0.0,0.0,0.0,0.0,0.0,0.0,0.0,0.0,0.0,0.0,0.0,0.0,0.0,0.0,0.0,0.0,0.0,0.0,0.0,0.0,0.0,0.0,0.0,0.0,0.0,0.0,0.0,0.0,0.0,0.0
6675,40,8,944,0.63,39.73,16.49,48.77,13.83,43.64,55.55,0.95,0.63,38.83,26.3,50.0,93.28,39.26,16.19,42.97,0.95,35.11,12.49,66.66,0.42,43.75,32.89,25.0,2.34,47.54,19.66,50.0,1.38,52.23,13.97,46.15,0.0,0.0,470.0
6676,40,9,766,0.26,39.13,17.55,48.41,18.5,41.9,50.0,1.57,0.91,36.57,16.55,42.85,93.32,39.1,17.68,41.79,0.52,30.75,8.3,75.0,0.39,54.66,6.8,33.33,2.09,34.81,10.3,37.5,1.17,34.44,16.87,22.22,0.0,0.0,379.0
6677,40,11,1097,0.0,41.66,18.04,50.08,27.63,42.93,83.33,1.09,0.45,36.0,7.03,20.0,94.62,41.62,17.8,42.58,0.36,23.75,17.25,50.0,0.09,22.0,0.0,100.0,2.09,40.69,21.01,56.52,1.27,47.71,21.41,14.28,0.0,0.0,644.0
6678,40,12,0,0.0,0.0,0.0,0.0,0.0,0.0,0.0,0.0,0.0,0.0,0.0,0.0,0.0,0.0,0.0,0.0,0.0,0.0,0.0,0.0,0.0,0.0,0.0,0.0,0.0,0.0,0.0,0.0,0.0,0.0,0.0,0.0,0.0,0.0,0.0
6679,40,13,0,0.0,0.0,0.0,0.0,0.0,0.0,0.0,0.0,0.0,0.0,0.0,0.0,0.0,0.0,0.0,0.0,0.0,0.0,0.0,0.0,0.0,0.0,0.0,0.0,0.0,0.0,0.0,0.0,0.0,0.0,0.0,0.0,0.0,0.0,0.0
6680,40,15,0,0.0,0.0,0.0,0.0,0.0,0.0,0.0,0.0,0.0,0.0,0.0,0.0,0.0,0.0,0.0,0.0,0.0,0.0,0.0,0.0,0.0,0.0,0.0,0.0,0.0,0.0,0.0,0.0,0.0,0.0,0.0,0.0,0.0,0.0,0.0
6681,40,17,0,0.0,0.0,0.0,0.0,0.0,0.0,0.0,0.0,0.0,0.0,0.0,0.0,0.0,0.0,0.0,0.0,0.0,0.0,0.0,0.0,0.0,0.0,0.0,0.0,0.0,0.0,0.0,0.0,0.0,0.0,0.0,0.0,0.0,0.0,0.0
6682,40,18,1000,0.4,41.04,17.45,47.17,20.41,43.3,80.0,4.51,0.9,27.66,4.47,11.11,89.95,40.94,17.45,40.95,0.4,37.0,5.35,100.0,0.2,40.0,9.89,50.0,2.81,37.03,11.0,67.85,1.2,47.41,21.0,25.0,0.0,0.0,561.0
6683,40,20,0,0.0,0.0,0.0,0.0,0.0,0.0,0.0,0.0,0.0,0.0,0.0,0.0,0.0,0.0,0.0,0.0,0.0,0.0,0.0,0.0,0.0,0.0,0.0,0.0,0.0,0.0,0.0,0.0,0.0,0.0,0.0,0.0,0.0,0.0,0.0
6684,40,22,0,0.0,0.0,0.0,0.0,0.0,0.0,0.0,0.0,0.0,0.0,0.0,0.0,0.0,0.0,0.0,0.0,0.0,0.0,0.0,0.0,0.0,0.0,0.0,0.0,0.0,0.0,0.0,0.0,0.0,0.0,0.0,0.0,0.0,0.0,0.0
6685,40,23,0,0.0,0.0,0.0,0.0,0.0,0.0,0.0,0.0,0.0,0.0,0.0,0.0,0.0,0.0,0.0,0.0,0.0,0.0,0.0,0.0,0.0,0.0,0.0,0.0,0.0,0.0,0.0,0.0,0.0,0.0,0.0,0.0,0.0,0.0,0.0
6686,40,24,0,0.0,0.0,0.0,0.0,0.0,0.0,0.0,0.0,0.0,0.0,0.0,0.0,0.0,0.0,0.0,0.0,0.0,0.0,0.0,0.0,0.0,0.0,0.0,0.0,0.0,0.0,0.0,0.0,0.0,0.0,0.0,0.0,0.0,0.0,0.0
6687,40,25,0,0.0,0.0,0.0,0.0,0.0,0.0,0.0,0.0,0.0,0.0,0.0,0.0,0.0,0.0,0.0,0.0,0.0,0.0,0.0,0.0,0.0,0.0,0.0,0.0,0.0,0.0,0.0,0.0,0.0,0.0,0.0,0.0,0.0,0.0,0.0
6688,40,27,788,0.38,42.19,19.5,55.0,25.75,42.63,25.0,0.5,0.38,64.0,9.16,66.66,97.07,41.89,19.05,42.78,0.12,34.0,0.0,0.0,0.12,28.0,0.0,0.0,0.5,33.0,32.84,50.0,1.27,63.8,30.43,30.0,0.0,0.0,469.0
6689,40,29,817,0.0,43.88,18.46,40.83,22.28,45.41,66.66,0.73,0.36,45.66,19.13,33.33,95.59,43.88,18.42,45.07,0.73,33.5,11.27,66.66,0.24,36.0,11.31,0.0,1.71,54.28,19.72,57.14,0.61,32.79,19.22,40.0,0.0,0.0,450.0
6690,40,31,1138,0.35,41.82,18.67,38.35,20.12,41.91,71.42,1.23,0.52,44.16,10.1,83.33,93.65,41.85,18.6,40.58,0.35,33.75,24.47,50.0,0.35,54.0,15.16,25.0,3.52,41.6,18.25,65.0,0.35,54.75,27.52,0.0,0.0,0.0,649.0
6691,40,34,1327,0.07,41.71,18.35,34.85,16.48,43.33,50.0,1.5,0.45,31.5,18.8,50.0,95.09,41.6,18.3,43.37,0.67,45.44,23.06,77.77,0.0,0.0,0.0,0.0,0.75,41.3,13.18,40.0,1.5,55.9,17.46,20.0,0.0,0.0,795.0
6692,40,36,0,0.0,0.0,0.0,0.0,0.0,0.0,0.0,0.0,0.0,0.0,0.0,0.0,0.0,0.0,0.0,0.0,0.0,0.0,0.0,0.0,0.0,0.0,0.0,0.0,0.0,0.0,0.0,0.0,0.0,0.0,0.0,0.0,0.0,0.0,0.0
6693,40,38,1509,0.19,42.03,17.95,52.44,19.66,43.07,55.55,0.59,0.33,47.4,21.57,40.0,94.68,41.94,17.93,42.56,0.53,40.37,12.9,62.5,0.19,42.33,17.95,33.33,2.58,39.51,15.54,64.1,1.06,48.62,25.92,25.0,0.0,0.0,788.0
6694,40,40,0,0.0,0.0,0.0,0.0,0.0,0.0,0.0,0.0,0.0,0.0,0.0,0.0,0.0,0.0,0.0,0.0,0.0,0.0,0.0,0.0,0.0,0.0,0.0,0.0,0.0,0.0,0.0,0.0,0.0,0.0,0.0,0.0,0.0,0.0,0.0
6695,40,41,0,0.0,0.0,0.0,0.0,0.0,0.0,0.0,0.0,0.0,0.0,0.0,0.0,0.0,0.0,0.0,0.0,0.0,0.0,0.0,0.0,0.0,0.0,0.0,0.0,0.0,0.0,0.0,0.0,0.0,0.0,0.0,0.0,0.0,0.0,0.0
6696,40,42,0,0.0,0.0,0.0,0.0,0.0,0.0,0.0,0.0,0.0,0.0,0.0,0.0,0.0,0.0,0.0,0.0,0.0,0.0,0.0,0.0,0.0,0.0,0.0,0.0,0.0,0.0,0.0,0.0,0.0,0.0,0.0,0.0,0.0,0.0,0.0
6697,40,43,1151,0.17,41.7,18.09,34.5,21.97,43.61,50.0,0.52,0.26,42.0,37.72,0.0,96.69,41.67,17.97,43.83,0.34,21.75,15.56,75.0,0.08,26.0,0.0,0.0,1.13,51.15,17.95,38.46,0.95,46.45,20.02,27.27,0.0,0.0,622.0
6698,40,44,1160,0.25,41.81,18.81,42.2,23.08,43.44,50.0,0.86,0.43,51.4,29.94,20.0,96.02,41.96,18.7,43.74,0.6,23.85,11.4,28.57,0.0,0.0,0.0,0.0,1.03,33.83,14.6,50.0,1.03,41.58,24.05,25.0,0.0,0.0,623.0
6699,40,46,0,0.0,0.0,0.0,0.0,0.0,0.0,0.0,0.0,0.0,0.0,0.0,0.0,0.0,0.0,0.0,0.0,0.0,0.0,0.0,0.0,0.0,0.0,0.0,0.0,0.0,0.0,0.0,0.0,0.0,0.0,0.0,0.0,0.0,0.0,0.0
6700,40,47,0,0.0,0.0,0.0,0.0,0.0,0.0,0.0,0.0,0.0,0.0,0.0,0.0,0.0,0.0,0.0,0.0,0.0,0.0,0.0,0.0,0.0,0.0,0.0,0.0,0.0,0.0,0.0,0.0,0.0,0.0,0.0,0.0,0.0,0.0,0.0
6701,40,53,0,0.0,0.0,0.0,0.0,0.0,0.0,0.0,0.0,0.0,0.0,0.0,0.0,0.0,0.0,0.0,0.0,0.0,0.0,0.0,0.0,0.0,0.0,0.0,0.0,0.0,0.0,0.0,0.0,0.0,0.0,0.0,0.0,0.0,0.0,0.0
6702,40,54,0,0.0,0.0,0.0,0.0,0.0,0.0,0.0,0.0,0.0,0.0,0.0,0.0,0.0,0.0,0.0,0.0,0.0,0.0,0.0,0.0,0.0,0.0,0.0,0.0,0.0,0.0,0.0,0.0,0.0,0.0,0.0,0.0,0.0,0.0,0.0
6703,40,55,1236,0.08,38.58,18.09,36.33,24.23,39.64,60.0,1.21,0.32,30.75,26.36,25.0,92.63,38.55,18.0,38.37,0.56,27.14,12.37,42.85,0.16,34.5,3.53,0.0,3.8,36.78,17.38,72.34,1.29,54.81,14.33,18.75,0.0,0.0,645.0
6704,40,59,0,0.0,0.0,0.0,0.0,0.0,0.0,0.0,0.0,0.0,0.0,0.0,0.0,0.0,0.0,0.0,0.0,0.0,0.0,0.0,0.0,0.0,0.0,0.0,0.0,0.0,0.0,0.0,0.0,0.0,0.0,0.0,0.0,0.0,0.0,0.0
6705,40,61,849,0.47,41.28,18.07,49.9,24.2,41.93,50.0,1.18,0.59,43.4,19.46,60.0,89.46,41.41,18.19,39.68,0.59,34.79,7.66,100.0,0.11,56.0,0.0,0.0,6.98,36.77,15.29,64.4,1.06,53.55,16.1,11.11,0.0,0.0,507.0
6706,40,62,0,0.0,0.0,0.0,0.0,0.0,0.0,0.0,0.0,0.0,0.0,0.0,0.0,0.0,0.0,0.0,0.0,0.0,0.0,0.0,0.0,0.0,0.0,0.0,0.0,0.0,0.0,0.0,0.0,0.0,0.0,0.0,0.0,0.0,0.0,0.0
6707,40,63,932,1.28,40.4,16.86,38.33,18.19,42.27,50.0,1.3,1.08,45.4,20.74,40.0,93.26,39.99,16.67,42.3,0.86,37.37,17.25,75.0,0.21,63.5,4.94,0.0,2.28,42.09,19.17,42.85,0.86,53.75,14.59,25.0,0.0,0.0,588.0
6708,40,65,772,0.64,40.98,18.7,44.0,29.94,44.17,100.0,0.52,0.78,74.0,9.63,50.0,93.87,40.26,18.4,44.16,1.17,36.33,9.75,77.77,0.26,50.0,24.04,0.0,1.69,50.61,19.87,30.76,1.69,52.92,21.31,30.76,0.0,0.0,492.0
6709,40,66,1084,0.92,43.23,18.05,45.78,18.14,41.97,57.14,1.3,0.93,55.5,12.94,50.0,91.8,42.75,18.07,41.07,1.39,37.0,7.92,80.0,0.27,55.33,18.77,66.66,1.95,41.57,18.6,33.33,2.32,58.4,17.75,36.0,0.0,0.0,744.0
6710,40,67,0,0.0,0.0,0.0,0.0,0.0,0.0,0.0,0.0,0.0,0.0,0.0,0.0,0.0,0.0,0.0,0.0,0.0,0.0,0.0,0.0,0.0,0.0,0.0,0.0,0.0,0.0,0.0,0.0,0.0,0.0,0.0,0.0,0.0,0.0,0.0
6711,40,69,0,0.0,0.0,0.0,0.0,0.0,0.0,0.0,0.0,0.0,0.0,0.0,0.0,0.0,0.0,0.0,0.0,0.0,0.0,0.0,0.0,0.0,0.0,0.0,0.0,0.0,0.0,0.0,0.0,0.0,0.0,0.0,0.0,0.0,0.0,0.0
6712,40,70,1019,0.09,42.41,18.37,45.66,16.44,41.6,66.66,0.29,0.39,39.75,25.44,75.0,94.49,42.37,18.43,41.99,0.39,39.5,19.77,75.0,0.0,0.0,0.0,0.0,2.25,35.95,15.35,43.47,2.16,51.95,15.59,9.09,0.0,0.0,671.0
6713,40,71,0,0.0,0.0,0.0,0.0,0.0,0.0,0.0,0.0,0.0,0.0,0.0,0.0,0.0,0.0,0.0,0.0,0.0,0.0,0.0,0.0,0.0,0.0,0.0,0.0,0.0,0.0,0.0,0.0,0.0,0.0,0.0,0.0,0.0,0.0,0.0
6714,40,72,991,0.3,41.4,18.14,36.25,15.32,42.48,75.0,0.4,0.4,65.25,8.05,50.0,93.52,41.27,17.95,41.77,0.8,30.5,4.37,87.5,0.3,41.0,13.45,33.33,2.93,39.79,23.32,58.62,1.61,52.56,20.11,18.75,0.0,0.0,621.0
6715,40,73,0,0.0,0.0,0.0,0.0,0.0,0.0,0.0,0.0,0.0,0.0,0.0,0.0,0.0,0.0,0.0,0.0,0.0,0.0,0.0,0.0,0.0,0.0,0.0,0.0,0.0,0.0,0.0,0.0,0.0,0.0,0.0,0.0,0.0,0.0,0.0
6716,40,74,0,0.0,0.0,0.0,0.0,0.0,0.0,0.0,0.0,0.0,0.0,0.0,0.0,0.0,0.0,0.0,0.0,0.0,0.0,0.0,0.0,0.0,0.0,0.0,0.0,0.0,0.0,0.0,0.0,0.0,0.0,0.0,0.0,0.0,0.0,0.0
6717,40,75,0,0.0,0.0,0.0,0.0,0.0,0.0,0.0,0.0,0.0,0.0,0.0,0.0,0.0,0.0,0.0,0.0,0.0,0.0,0.0,0.0,0.0,0.0,0.0,0.0,0.0,0.0,0.0,0.0,0.0,0.0,0.0,0.0,0.0,0.0,0.0
6718,40,76,1047,0.76,41.29,19.06,50.87,7.51,41.26,75.0,0.76,0.57,35.5,31.6,33.33,93.55,40.81,18.89,40.12,1.05,39.45,14.56,100.0,0.09,37.0,0.0,0.0,1.82,42.21,15.57,52.63,2.11,53.59,21.59,36.36,0.0,0.0,653.0
6719,40,77,0,0.0,0.0,0.0,0.0,0.0,0.0,0.0,0.0,0.0,0.0,0.0,0.0,0.0,0.0,0.0,0.0,0.0,0.0,0.0,0.0,0.0,0.0,0.0,0.0,0.0,0.0,0.0,0.0,0.0,0.0,0.0,0.0,0.0,0.0,0.0
6720,40,78,0,0.0,0.0,0.0,0.0,0.0,0.0,0.0,0.0,0.0,0.0,0.0,0.0,0.0,0.0,0.0,0.0,0.0,0.0,0.0,0.0,0.0,0.0,0.0,0.0,0.0,0.0,0.0,0.0,0.0,0.0,0.0,0.0,0.0,0.0,0.0
6721,40,79,941,0.74,43.32,18.57,50.9,21.57,43.57,75.0,2.14,0.53,38.0,15.24,80.0,93.79,43.28,18.48,41.43,1.49,29.85,17.08,85.71,0.1,99.0,0.0,0.0,0.64,38.16,11.46,83.33,1.28,47.58,14.33,41.66,0.0,0.0,597.0
6722,40,80,824,0.72,41.63,18.59,57.33,12.76,41.26,55.55,1.1,0.36,49.66,21.73,66.66,94.98,41.57,18.72,40.79,0.85,32.85,6.84,85.71,0.0,0.0,0.0,0.0,1.71,32.42,6.99,35.71,0.97,50.5,21.88,12.5,0.0,0.0,492.0
6723,40,81,776,0.51,42.31,18.91,50.0,13.56,40.07,80.0,0.64,1.68,50.92,15.81,61.53,92.35,42.07,18.84,38.28,1.68,34.0,18.28,84.61,0.0,0.0,0.0,0.0,2.07,40.75,19.04,62.5,1.55,53.5,18.5,33.33,0.0,0.0,456.0
6724,40,82,794,0.62,42.15,18.64,49.4,17.22,42.82,80.0,0.63,0.25,32.0,4.24,0.0,94.67,42.18,18.5,42.43,0.5,27.5,20.59,100.0,0.12,46.0,0.0,100.0,2.66,40.09,16.55,28.57,1.14,59.0,23.86,66.66,0.0,0.0,506.0
6725,40,83,0,0.0,0.0,0.0,0.0,0.0,0.0,0.0,0.0,0.0,0.0,0.0,0.0,0.0,0.0,0.0,0.0,0.0,0.0,0.0,0.0,0.0,0.0,0.0,0.0,0.0,0.0,0.0,0.0,0.0,0.0,0.0,0.0,0.0,0.0,0.0
6726,40,84,0,0.0,0.0,0.0,0.0,0.0,0.0,0.0,0.0,0.0,0.0,0.0,0.0,0.0,0.0,0.0,0.0,0.0,0.0,0.0,0.0,0.0,0.0,0.0,0.0,0.0,0.0,0.0,0.0,0.0,0.0,0.0,0.0,0.0,0.0,0.0
6727,40,85,1171,0.59,42.33,18.09,42.3,16.82,42.86,50.0,0.85,0.51,40.16,20.93,83.33,93.98,42.35,18.2,41.68,0.68,31.62,13.96,100.0,0.0,0.0,0.0,0.0,2.83,41.84,16.04,60.6,1.11,46.61,20.08,30.76,0.0,0.0,753.0
6728,40,87,1001,0.29,43.33,18.63,49.06,21.61,40.65,70.0,3.0,0.1,50.0,0.0,100.0,87.67,43.14,18.6,37.6,0.0,0.0,0.0,0.0,0.0,0.0,0.0,0.0,7.71,41.8,17.77,67.53,1.5,50.33,12.94,13.33,0.0,0.0,614.0
6729,40,88,1037,0.77,41.5,17.75,48.81,16.77,42.71,75.0,3.1,1.16,35.75,8.48,75.0,88.53,41.32,17.8,41.27,0.77,29.87,5.43,87.5,0.19,33.5,9.19,0.0,5.44,41.37,16.17,42.85,0.77,47.37,29.19,0.0,0.0,0.0,688.0
6730,40,89,1052,0.28,42.52,18.45,47.94,14.69,41.63,88.23,1.62,1.81,46.73,26.64,47.36,89.13,42.22,18.38,40.53,1.14,31.0,13.65,75.0,0.09,40.0,0.0,100.0,4.57,45.45,18.97,41.66,1.52,50.87,11.37,12.5,0.0,0.0,600.0
6731,40,90,0,0.0,0.0,0.0,0.0,0.0,0.0,0.0,0.0,0.0,0.0,0.0,0.0,0.0,0.0,0.0,0.0,0.0,0.0,0.0,0.0,0.0,0.0,0.0,0.0,0.0,0.0,0.0,0.0,0.0,0.0,0.0,0.0,0.0,0.0,0.0
6732,40,91,0,0.0,0.0,0.0,0.0,0.0,0.0,0.0,0.0,0.0,0.0,0.0,0.0,0.0,0.0,0.0,0.0,0.0,0.0,0.0,0.0,0.0,0.0,0.0,0.0,0.0,0.0,0.0,0.0,0.0,0.0,0.0,0.0,0.0,0.0,0.0
6733,40,92,1004,0.79,42.2,19.51,42.78,19.62,42.82,57.14,1.4,1.0,50.4,17.37,20.0,90.86,42.15,19.58,43.53,0.5,33.0,4.3,80.0,0.0,0.0,0.0,0.0,5.32,39.09,18.37,33.96,0.9,59.0,13.72,11.11,0.0,0.0,644.0
6734,40,93,1017,0.98,43.55,18.71,46.42,18.16,45.23,57.89,1.88,1.19,45.5,26.85,58.33,91.16,43.13,18.33,44.44,1.39,38.78,9.57,71.42,0.0,0.0,0.0,0.0,3.37,49.2,24.29,41.17,0.99,54.0,25.81,30.0,0.0,0.0,623.0
6735,40,94,999,0.3,41.65,18.12,42.22,24.19,43.44,77.27,2.2,1.4,53.28,25.35,50.0,90.76,41.49,17.88,41.81,1.9,40.21,12.37,84.21,0.0,0.0,0.0,0.0,3.21,40.03,19.33,37.5,0.5,42.8,18.55,40.0,0.0,0.0,626.0
6736,40,95,1034,0.77,43.31,18.48,46.25,20.24,43.03,75.0,1.16,1.46,50.66,22.19,73.33,91.91,42.98,18.51,41.56,1.94,39.54,16.89,80.0,0.0,0.0,0.0,0.0,2.53,45.11,12.25,46.15,0.97,59.6,14.51,40.0,0.0,0.0,701.0
6737,40,96,869,0.11,42.79,18.07,66.91,16.7,43.49,75.0,1.38,0.46,55.75,13.37,50.0,92.39,42.42,18.0,43.14,1.15,38.79,10.62,90.0,0.0,0.0,0.0,0.0,3.11,38.29,14.54,44.44,1.49,52.15,18.95,0.0,0.0,0.0,502.0
6738,40,97,0,0.0,0.0,0.0,0.0,0.0,0.0,0.0,0.0,0.0,0.0,0.0,0.0,0.0,0.0,0.0,0.0,0.0,0.0,0.0,0.0,0.0,0.0,0.0,0.0,0.0,0.0,0.0,0.0,0.0,0.0,0.0,0.0,0.0,0.0,0.0
6739,40,98,0,0.0,0.0,0.0,0.0,0.0,0.0,0.0,0.0,0.0,0.0,0.0,0.0,0.0,0.0,0.0,0.0,0.0,0.0,0.0,0.0,0.0,0.0,0.0,0.0,0.0,0.0,0.0,0.0,0.0,0.0,0.0,0.0,0.0,0.0,0.0
6740,40,99,830,0.0,42.3,18.08,35.79,23.55,41.44,80.0,1.2,0.48,50.75,12.28,50.0,94.33,42.21,17.98,41.12,0.6,34.4,10.69,60.0,0.0,0.0,0.0,0.0,1.8,41.6,16.43,40.0,1.56,53.84,22.32,23.07,0.0,0.0,464.0
6741,40,100,737,0.54,42.05,19.69,46.72,17.3,44.09,72.72,1.5,0.54,67.25,10.62,0.0,93.86,41.71,19.56,43.16,1.77,36.61,19.73,84.61,0.4,69.66,9.71,33.33,1.5,44.54,19.59,45.45,0.4,56.33,28.53,33.33,0.0,0.0,449.0
6742,40,101,766,0.26,42.63,19.01,37.2,30.76,40.86,80.0,0.65,0.65,56.2,21.06,60.0,93.06,42.26,18.9,40.22,1.04,38.12,7.03,62.5,0.0,0.0,0.0,0.0,3.01,42.78,17.69,43.47,1.57,63.58,16.25,25.0,0.0,0.0,474.0
6743,40,102,647,0.3,43.06,18.61,46.0,24.45,43.27,50.0,0.93,1.24,60.37,15.78,62.5,93.17,42.59,18.47,42.76,0.77,25.2,15.05,80.0,0.0,0.0,0.0,0.0,2.32,42.8,14.26,33.33,1.55,62.3,16.31,60.0,0.0,0.0,374.0
6744,40,103,0,0.0,0.0,0.0,0.0,0.0,0.0,0.0,0.0,0.0,0.0,0.0,0.0,0.0,0.0,0.0,0.0,0.0,0.0,0.0,0.0,0.0,0.0,0.0,0.0,0.0,0.0,0.0,0.0,0.0,0.0,0.0,0.0,0.0,0.0,0.0
6745,40,104,1044,0.86,42.33,19.67,38.69,20.66,41.76,69.23,1.25,0.48,61.2,9.41,80.0,92.46,42.19,19.61,41.17,1.25,31.38,15.1,84.61,0.0,0.0,0.0,0.0,2.41,39.24,23.39,32.0,2.12,51.54,16.39,18.18,0.0,0.0,609.0
6746,40,106,0,0.0,0.0,0.0,0.0,0.0,0.0,0.0,0.0,0.0,0.0,0.0,0.0,0.0,0.0,0.0,0.0,0.0,0.0,0.0,0.0,0.0,0.0,0.0,0.0,0.0,0.0,0.0,0.0,0.0,0.0,0.0,0.0,0.0,0.0,0.0
6747,40,107,866,1.03,43.01,18.88,60.44,16.8,42.37,55.55,1.05,1.51,60.3,20.95,53.84,89.49,42.37,18.58,41.19,1.63,40.5,18.95,78.57,0.23,52.0,21.21,0.0,4.31,46.56,16.45,45.94,1.63,39.85,28.8,42.85,0.0,0.0,548.0
6748,40,108,884,1.47,44.44,18.95,55.66,17.96,41.06,83.33,0.68,1.37,51.66,18.1,50.0,91.96,43.73,19.05,39.82,1.03,51.33,18.95,77.77,0.0,0.0,0.0,0.0,3.55,47.67,14.96,41.93,1.37,56.16,17.33,41.66,0.0,0.0,598.0
6749,40,109,0,0.0,0.0,0.0,0.0,0.0,0.0,0.0,0.0,0.0,0.0,0.0,0.0,0.0,0.0,0.0,0.0,0.0,0.0,0.0,0.0,0.0,0.0,0.0,0.0,0.0,0.0,0.0,0.0,0.0,0.0,0.0,0.0,0.0,0.0,0.0
6750,40,110,0,0.0,0.0,0.0,0.0,0.0,0.0,0.0,0.0,0.0,0.0,0.0,0.0,0.0,0.0,0.0,0.0,0.0,0.0,0.0,0.0,0.0,0.0,0.0,0.0,0.0,0.0,0.0,0.0,0.0,0.0,0.0,0.0,0.0,0.0,0.0
6751,40,111,0,0.0,0.0,0.0,0.0,0.0,0.0,0.0,0.0,0.0,0.0,0.0,0.0,0.0,0.0,0.0,0.0,0.0,0.0,0.0,0.0,0.0,0.0,0.0,0.0,0.0,0.0,0.0,0.0,0.0,0.0,0.0,0.0,0.0,0.0,0.0
6752,40,112,743,0.4,44.17,18.69,44.1,16.4,41.85,50.0,1.35,0.81,57.66,21.86,50.0,92.7,44.11,18.5,40.67,2.02,34.6,13.2,86.66,0.0,0.0,0.0,0.0,1.48,44.27,23.79,36.36,1.62,52.25,27.68,33.33,0.0,0.0,520.0
6753,40,113,750,0.53,43.07,18.16,51.16,9.32,40.53,66.66,0.8,1.87,52.57,22.91,50.0,93.02,42.73,18.25,40.05,1.34,34.2,6.42,80.0,0.0,0.0,0.0,0.0,2.01,42.46,13.98,33.33,0.93,63.28,6.44,14.28,0.0,0.0,494.0
6754,40,114,686,0.0,43.02,19.67,48.37,14.22,45.91,12.5,1.16,1.31,51.44,33.02,88.88,91.83,42.94,19.5,44.6,2.18,34.6,11.83,86.66,0.0,0.0,0.0,0.0,2.76,39.42,17.98,47.36,0.72,67.59,27.2,60.0,0.0,0.0,422.0
6755,40,115,912,0.98,43.55,18.89,38.56,18.21,42.98,62.16,4.09,1.88,54.64,18.36,58.82,88.59,43.2,18.82,41.75,0.66,37.83,26.23,66.66,0.0,0.0,0.0,0.0,3.43,45.41,15.22,45.16,1.32,56.83,12.38,33.33,0.0,0.0,544.0
6756,40,116,0,0.0,0.0,0.0,0.0,0.0,0.0,0.0,0.0,0.0,0.0,0.0,0.0,0.0,0.0,0.0,0.0,0.0,0.0,0.0,0.0,0.0,0.0,0.0,0.0,0.0,0.0,0.0,0.0,0.0,0.0,0.0,0.0,0.0,0.0,0.0
6757,40,117,0,0.0,0.0,0.0,0.0,0.0,0.0,0.0,0.0,0.0,0.0,0.0,0.0,0.0,0.0,0.0,0.0,0.0,0.0,0.0,0.0,0.0,0.0,0.0,0.0,0.0,0.0,0.0,0.0,0.0,0.0,0.0,0.0,0.0,0.0,0.0
6758,40,118,0,0.0,0.0,0.0,0.0,0.0,0.0,0.0,0.0,0.0,0.0,0.0,0.0,0.0,0.0,0.0,0.0,0.0,0.0,0.0,0.0,0.0,0.0,0.0,0.0,0.0,0.0,0.0,0.0,0.0,0.0,0.0,0.0,0.0,0.0,0.0
6759,40,119,0,0.0,0.0,0.0,0.0,0.0,0.0,0.0,0.0,0.0,0.0,0.0,0.0,0.0,0.0,0.0,0.0,0.0,0.0,0.0,0.0,0.0,0.0,0.0,0.0,0.0,0.0,0.0,0.0,0.0,0.0,0.0,0.0,0.0,0.0,0.0
6760,40,120,0,0.0,0.0,0.0,0.0,0.0,0.0,0.0,0.0,0.0,0.0,0.0,0.0,0.0,0.0,0.0,0.0,0.0,0.0,0.0,0.0,0.0,0.0,0.0,0.0,0.0,0.0,0.0,0.0,0.0,0.0,0.0,0.0,0.0,0.0,0.0
6761,40,121,0,0.0,0.0,0.0,0.0,0.0,0.0,0.0,0.0,0.0,0.0,0.0,0.0,0.0,0.0,0.0,0.0,0.0,0.0,0.0,0.0,0.0,0.0,0.0,0.0,0.0,0.0,0.0,0.0,0.0,0.0,0.0,0.0,0.0,0.0,0.0
6762,40,122,975,0.2,39.49,18.47,34.59,16.29,43.07,27.27,2.26,1.13,45.81,22.97,36.36,92.49,39.61,18.53,44.0,0.92,29.44,15.81,55.55,0.2,52.0,9.89,0.0,1.95,41.52,14.44,26.31,1.02,38.29,18.51,30.0,0.0,0.0,514.0
6763,40,123,957,0.31,41.08,17.72,45.14,16.22,40.96,57.14,0.73,0.73,43.42,25.34,57.14,95.17,40.8,17.74,40.19,1.04,48.4,12.35,80.0,0.1,33.0,0.0,100.0,1.25,39.0,13.54,41.66,0.94,52.77,17.33,22.22,0.0,0.0,524.0
6764,40,124,0,0.0,0.0,0.0,0.0,0.0,0.0,0.0,0.0,0.0,0.0,0.0,0.0,0.0,0.0,0.0,0.0,0.0,0.0,0.0,0.0,0.0,0.0,0.0,0.0,0.0,0.0,0.0,0.0,0.0,0.0,0.0,0.0,0.0,0.0,0.0
6765,40,125,0,0.0,0.0,0.0,0.0,0.0,0.0,0.0,0.0,0.0,0.0,0.0,0.0,0.0,0.0,0.0,0.0,0.0,0.0,0.0,0.0,0.0,0.0,0.0,0.0,0.0,0.0,0.0,0.0,0.0,0.0,0.0,0.0,0.0,0.0,0.0
6766,40,126,867,0.46,42.42,17.28,40.07,11.91,44.75,76.92,1.5,1.39,50.33,16.38,58.33,91.3,41.92,17.31,43.4,1.15,37.4,14.47,90.0,0.0,0.0,0.0,0.0,3.01,44.69,13.93,42.3,1.62,61.85,14.96,42.85,0.0,0.0,521.0
6767,40,127,0,0.0,0.0,0.0,0.0,0.0,0.0,0.0,0.0,0.0,0.0,0.0,0.0,0.0,0.0,0.0,0.0,0.0,0.0,0.0,0.0,0.0,0.0,0.0,0.0,0.0,0.0,0.0,0.0,0.0,0.0,0.0,0.0,0.0,0.0,0.0
6768,40,128,913,0.76,42.61,18.02,40.0,19.33,44.24,87.5,0.88,1.21,57.54,18.95,18.18,91.28,42.32,17.95,44.37,0.77,38.28,6.23,85.71,0.33,49.0,4.35,33.33,3.97,42.13,17.31,38.88,1.54,50.57,15.04,21.42,0.0,0.0,549.0
6769,40,129,741,0.94,41.96,18.17,44.2,14.65,42.64,30.0,1.36,1.22,52.44,22.8,66.66,90.87,41.5,17.88,42.12,1.49,28.54,23.33,72.72,0.27,59.0,19.79,50.0,3.26,43.25,14.71,33.33,1.49,62.0,17.28,36.36,0.0,0.0,427.0
6770,40,130,0,0.0,0.0,0.0,0.0,0.0,0.0,0.0,0.0,0.0,0.0,0.0,0.0,0.0,0.0,0.0,0.0,0.0,0.0,0.0,0.0,0.0,0.0,0.0,0.0,0.0,0.0,0.0,0.0,0.0,0.0,0.0,0.0,0.0,0.0,0.0
6771,40,131,744,1.61,40.36,17.48,41.28,20.61,44.62,57.14,1.91,1.36,43.7,12.71,70.0,91.12,40.11,17.35,44.22,1.5,37.45,18.42,63.63,0.13,32.0,0.0,0.0,2.32,40.11,21.13,41.17,1.63,52.66,15.17,33.33,0.0,0.0,486.0
6772,40,132,0,0.0,0.0,0.0,0.0,0.0,0.0,0.0,0.0,0.0,0.0,0.0,0.0,0.0,0.0,0.0,0.0,0.0,0.0,0.0,0.0,0.0,0.0,0.0,0.0,0.0,0.0,0.0,0.0,0.0,0.0,0.0,0.0,0.0,0.0,0.0
6773,40,133,0,0.0,0.0,0.0,0.0,0.0,0.0,0.0,0.0,0.0,0.0,0.0,0.0,0.0,0.0,0.0,0.0,0.0,0.0,0.0,0.0,0.0,0.0,0.0,0.0,0.0,0.0,0.0,0.0,0.0,0.0,0.0,0.0,0.0,0.0,0.0
6774,40,134,1016,0.39,43.3,18.18,40.53,24.59,41.04,53.33,1.48,0.59,51.83,27.22,16.66,93.18,43.17,18.15,41.03,0.79,41.37,10.55,100.0,0.29,45.0,13.22,0.0,1.67,43.64,15.84,47.05,1.97,48.5,18.09,15.0,0.0,0.0,609.0
6775,40,135,0,0.0,0.0,0.0,0.0,0.0,0.0,0.0,0.0,0.0,0.0,0.0,0.0,0.0,0.0,0.0,0.0,0.0,0.0,0.0,0.0,0.0,0.0,0.0,0.0,0.0,0.0,0.0,0.0,0.0,0.0,0.0,0.0,0.0,0.0,0.0
6776,40,136,745,1.61,42.11,18.02,51.3,16.85,40.93,46.15,1.77,1.63,46.83,20.77,50.0,91.13,41.13,18.04,40.56,0.81,34.33,12.84,83.33,0.4,61.0,13.07,0.0,2.18,45.56,12.69,37.5,2.04,57.06,10.46,26.66,0.0,0.0,488.0
6777,40,137,0,0.0,0.0,0.0,0.0,0.0,0.0,0.0,0.0,0.0,0.0,0.0,0.0,0.0,0.0,0.0,0.0,0.0,0.0,0.0,0.0,0.0,0.0,0.0,0.0,0.0,0.0,0.0,0.0,0.0,0.0,0.0,0.0,0.0,0.0,0.0
6778,40,138,591,1.69,42.46,18.4,38.16,41.17,40.43,33.33,1.03,2.06,49.25,18.47,50.0,92.08,42.34,18.03,40.0,0.51,22.66,19.62,66.66,0.17,46.0,0.0,0.0,2.06,34.41,17.85,50.0,2.06,53.33,14.18,25.0,0.0,0.0,389.0
6779,40,139,767,2.21,42.69,18.27,57.85,15.42,43.93,71.42,0.93,1.46,59.81,15.74,45.45,92.4,41.65,18.09,43.14,1.46,41.0,14.69,100.0,0.0,0.0,0.0,0.0,2.4,52.11,13.39,33.33,1.33,46.5,24.64,40.0,0.0,0.0,440.0
6780,40,140,0,0.0,0.0,0.0,0.0,0.0,0.0,0.0,0.0,0.0,0.0,0.0,0.0,0.0,0.0,0.0,0.0,0.0,0.0,0.0,0.0,0.0,0.0,0.0,0.0,0.0,0.0,0.0,0.0,0.0,0.0,0.0,0.0,0.0,0.0,0.0
6781,40,141,0,0.0,0.0,0.0,0.0,0.0,0.0,0.0,0.0,0.0,0.0,0.0,0.0,0.0,0.0,0.0,0.0,0.0,0.0,0.0,0.0,0.0,0.0,0.0,0.0,0.0,0.0,0.0,0.0,0.0,0.0,0.0,0.0,0.0,0.0,0.0
6782,40,142,746,2.01,41.35,17.79,37.0,21.05,42.49,22.22,1.23,0.95,34.42,19.64,57.14,90.83,40.27,17.33,42.46,0.82,45.0,18.18,83.33,0.54,65.0,18.23,25.0,3.41,51.36,14.08,40.0,2.18,58.25,19.11,18.75,0.0,0.0,510.0
6783,40,143,692,1.01,41.94,18.81,52.8,24.95,41.47,40.0,0.72,1.75,58.33,14.68,66.66,92.99,41.19,18.76,40.5,0.72,35.79,11.38,100.0,0.0,0.0,0.0,0.0,3.06,45.95,16.59,33.33,0.72,49.4,19.42,20.0,0.0,0.0,426.0
6784,40,144,736,1.08,41.81,19.01,43.16,12.65,41.98,66.66,0.82,0.82,53.16,25.08,66.66,93.13,41.38,19.05,41.44,0.82,35.0,7.18,100.0,0.0,0.0,0.0,0.0,2.6,40.26,9.55,36.84,1.78,55.3,25.17,15.38,0.0,0.0,441.0
6785,40,145,0,0.0,0.0,0.0,0.0,0.0,0.0,0.0,0.0,0.0,0.0,0.0,0.0,0.0,0.0,0.0,0.0,0.0,0.0,0.0,0.0,0.0,0.0,0.0,0.0,0.0,0.0,0.0,0.0,0.0,0.0,0.0,0.0,0.0,0.0,0.0
6786,40,146,0,0.0,0.0,0.0,0.0,0.0,0.0,0.0,0.0,0.0,0.0,0.0,0.0,0.0,0.0,0.0,0.0,0.0,0.0,0.0,0.0,0.0,0.0,0.0,0.0,0.0,0.0,0.0,0.0,0.0,0.0,0.0,0.0,0.0,0.0,0.0
6787,40,147,903,1.21,43.14,18.14,41.45,22.95,41.86,54.54,1.23,1.9,55.94,15.61,70.58,92.93,42.67,18.0,39.92,1.0,37.66,7.28,88.88,0.22,85.0,0.0,50.0,1.79,43.25,14.2,37.5,0.89,41.62,25.67,62.5,0.0,0.0,545.0
6788,40,148,871,0.68,40.48,17.81,46.66,15.62,41.56,66.66,1.04,1.15,43.5,19.35,50.0,93.17,40.06,17.73,40.07,1.04,35.77,23.23,100.0,0.11,22.0,0.0,0.0,2.19,45.89,15.09,52.63,1.27,57.54,20.41,45.45,0.0,0.0,500.0
6789,40,149,0,0.0,0.0,0.0,0.0,0.0,0.0,0.0,0.0,0.0,0.0,0.0,0.0,0.0,0.0,0.0,0.0,0.0,0.0,0.0,0.0,0.0,0.0,0.0,0.0,0.0,0.0,0.0,0.0,0.0,0.0,0.0,0.0,0.0,0.0,0.0
6790,40,150,973,1.23,42.38,19.11,52.66,15.83,43.47,77.77,0.93,0.72,57.0,19.68,71.42,93.65,42.03,18.99,42.55,0.72,42.14,10.46,85.71,0.0,0.0,0.0,0.0,2.18,39.19,19.09,47.61,1.76,52.05,25.22,29.41,0.0,0.0,612.0
6791,40,151,902,1.1,42.07,18.77,56.15,15.92,42.01,76.92,1.45,1.34,52.58,14.0,58.33,92.15,41.4,18.65,40.26,1.9,34.94,11.54,64.7,0.0,0.0,0.0,0.0,1.56,40.5,23.82,50.0,1.56,63.64,15.79,57.14,0.0,0.0,580.0
6792,40,152,753,0.79,43.42,17.92,46.62,13.43,43.16,62.5,2.14,1.2,39.0,20.14,77.77,91.03,42.93,17.95,42.5,0.93,33.28,8.19,71.42,0.13,77.0,0.0,100.0,1.47,41.72,15.42,45.45,3.07,57.26,16.33,21.73,0.0,0.0,475.0
6793,40,153,0,0.0,0.0,0.0,0.0,0.0,0.0,0.0,0.0,0.0,0.0,0.0,0.0,0.0,0.0,0.0,0.0,0.0,0.0,0.0,0.0,0.0,0.0,0.0,0.0,0.0,0.0,0.0,0.0,0.0,0.0,0.0,0.0,0.0,0.0,0.0
6794,40,154,764,1.17,41.36,20.05,46.76,21.92,44.1,53.84,1.72,0.79,54.66,19.33,50.0,92.98,41.13,19.74,43.73,1.05,25.75,13.26,87.5,0.0,0.0,0.0,0.0,1.98,38.66,25.7,40.0,1.32,53.0,26.36,10.0,0.0,0.0,454.0
6795,40,155,916,1.09,42.54,18.46,38.09,29.05,43.66,27.27,1.21,2.98,45.7,19.37,44.44,85.76,42.32,18.33,44.4,0.99,32.77,7.41,66.66,0.44,50.75,13.25,50.0,7.06,40.45,17.55,31.25,1.54,59.85,17.54,35.71,0.0,0.0,537.0
6796,40,156,312,1.92,41.68,19.77,49.83,29.85,40.7,83.33,1.96,1.3,52.5,15.26,25.0,84.31,41.52,19.28,40.69,1.96,32.0,16.76,66.66,1.3,28.5,3.1,25.0,5.55,38.64,25.97,23.52,2.94,48.33,18.74,33.33,0.0,0.0,208.0
6797,40,158,928,2.47,44.27,19.46,51.0,18.8,43.42,53.33,1.65,2.54,50.08,22.01,47.82,86.18,43.63,19.56,43.84,1.76,34.93,12.27,81.25,0.11,78.0,0.0,100.0,5.74,43.5,14.21,34.61,1.87,59.64,21.27,11.76,0.0,0.0,521.0
6798,40,160,0,0.0,0.0,0.0,0.0,0.0,0.0,0.0,0.0,0.0,0.0,0.0,0.0,0.0,0.0,0.0,0.0,0.0,0.0,0.0,0.0,0.0,0.0,0.0,0.0,0.0,0.0,0.0,0.0,0.0,0.0,0.0,0.0,0.0,0.0,0.0
6799,40,161,0,0.0,0.0,0.0,0.0,0.0,0.0,0.0,0.0,0.0,0.0,0.0,0.0,0.0,0.0,0.0,0.0,0.0,0.0,0.0,0.0,0.0,0.0,0.0,0.0,0.0,0.0,0.0,0.0,0.0,0.0,0.0,0.0,0.0,0.0,0.0
6800,40,162,936,2.67,42.3,17.53,46.63,15.45,43.37,63.63,1.2,3.07,50.67,19.11,50.0,82.98,41.03,17.29,42.46,2.08,39.94,15.59,84.21,1.42,45.23,11.73,46.15,7.35,43.28,14.09,34.32,1.86,59.7,21.33,58.82,0.0,0.0,510.0
6801,40,164,822,1.94,41.6,17.97,39.02,16.74,43.18,43.9,5.08,2.23,53.61,17.23,50.0,83.37,40.65,18.12,42.11,2.23,45.33,17.27,72.22,0.24,25.0,7.07,100.0,5.08,44.51,10.81,31.7,1.73,54.71,23.28,57.14,0.0,0.0,513.0
6802,40,166,0,0.0,0.0,0.0,0.0,0.0,0.0,0.0,0.0,0.0,0.0,0.0,0.0,0.0,0.0,0.0,0.0,0.0,0.0,0.0,0.0,0.0,0.0,0.0,0.0,0.0,0.0,0.0,0.0,0.0,0.0,0.0,0.0,0.0,0.0,0.0
6803,40,168,695,1.0,41.54,18.92,40.5,14.3,44.17,58.33,1.74,1.3,51.33,21.0,88.88,91.13,41.23,19.06,42.9,1.01,34.71,13.11,85.71,0.29,22.5,31.81,50.0,2.9,37.79,7.53,40.0,1.59,63.36,18.64,36.36,0.0,0.0,420.0
6804,40,170,0,0.0,0.0,0.0,0.0,0.0,0.0,0.0,0.0,0.0,0.0,0.0,0.0,0.0,0.0,0.0,0.0,0.0,0.0,0.0,0.0,0.0,0.0,0.0,0.0,0.0,0.0,0.0,0.0,0.0,0.0,0.0,0.0,0.0,0.0,0.0
6805,40,177,0,0.0,0.0,0.0,0.0,0.0,0.0,0.0,0.0,0.0,0.0,0.0,0.0,0.0,0.0,0.0,0.0,0.0,0.0,0.0,0.0,0.0,0.0,0.0,0.0,0.0,0.0,0.0,0.0,0.0,0.0,0.0,0.0,0.0,0.0,0.0
6806,40,181,0,0.0,0.0,0.0,0.0,0.0,0.0,0.0,0.0,0.0,0.0,0.0,0.0,0.0,0.0,0.0,0.0,0.0,0.0,0.0,0.0,0.0,0.0,0.0,0.0,0.0,0.0,0.0,0.0,0.0,0.0,0.0,0.0,0.0,0.0,0.0
6807,40,182,0,0.0,0.0,0.0,0.0,0.0,0.0,0.0,0.0,0.0,0.0,0.0,0.0,0.0,0.0,0.0,0.0,0.0,0.0,0.0,0.0,0.0,0.0,0.0,0.0,0.0,0.0,0.0,0.0,0.0,0.0,0.0,0.0,0.0,0.0,0.0
6808,40,183,0,0.0,0.0,0.0,0.0,0.0,0.0,0.0,0.0,0.0,0.0,0.0,0.0,0.0,0.0,0.0,0.0,0.0,0.0,0.0,0.0,0.0,0.0,0.0,0.0,0.0,0.0,0.0,0.0,0.0,0.0,0.0,0.0,0.0,0.0,0.0
6809,40,186,0,0.0,0.0,0.0,0.0,0.0,0.0,0.0,0.0,0.0,0.0,0.0,0.0,0.0,0.0,0.0,0.0,0.0,0.0,0.0,0.0,0.0,0.0,0.0,0.0,0.0,0.0,0.0,0.0,0.0,0.0,0.0,0.0,0.0,0.0,0.0
6810,40,187,0,0.0,0.0,0.0,0.0,0.0,0.0,0.0,0.0,0.0,0.0,0.0,0.0,0.0,0.0,0.0,0.0,0.0,0.0,0.0,0.0,0.0,0.0,0.0,0.0,0.0,0.0,0.0,0.0,0.0,0.0,0.0,0.0,0.0,0.0,0.0
6811,40,188,0,0.0,0.0,0.0,0.0,0.0,0.0,0.0,0.0,0.0,0.0,0.0,0.0,0.0,0.0,0.0,0.0,0.0,0.0,0.0,0.0,0.0,0.0,0.0,0.0,0.0,0.0,0.0,0.0,0.0,0.0,0.0,0.0,0.0,0.0,0.0
6812,40,190,796,1.88,41.38,18.26,42.42,12.58,42.21,85.71,0.89,1.4,50.63,23.38,54.54,91.03,41.09,18.59,40.92,2.17,34.0,11.58,94.11,0.0,0.0,0.0,0.0,3.45,40.88,12.3,22.22,1.02,50.87,11.33,62.5,0.0,0.0,518.0
6813,40,191,0,0.0,0.0,0.0,0.0,0.0,0.0,0.0,0.0,0.0,0.0,0.0,0.0,0.0,0.0,0.0,0.0,0.0,0.0,0.0,0.0,0.0,0.0,0.0,0.0,0.0,0.0,0.0,0.0,0.0,0.0,0.0,0.0,0.0,0.0,0.0
6814,40,195,0,0.0,0.0,0.0,0.0,0.0,0.0,0.0,0.0,0.0,0.0,0.0,0.0,0.0,0.0,0.0,0.0,0.0,0.0,0.0,0.0,0.0,0.0,0.0,0.0,0.0,0.0,0.0,0.0,0.0,0.0,0.0,0.0,0.0,0.0,0.0
6815,40,197,0,0.0,0.0,0.0,0.0,0.0,0.0,0.0,0.0,0.0,0.0,0.0,0.0,0.0,0.0,0.0,0.0,0.0,0.0,0.0,0.0,0.0,0.0,0.0,0.0,0.0,0.0,0.0,0.0,0.0,0.0,0.0,0.0,0.0,0.0,0.0
6816,40,199,952,0.63,42.64,17.63,45.88,17.51,42.64,33.33,0.95,1.69,40.81,17.95,62.5,86.25,41.95,17.51,42.64,0.95,40.66,23.89,88.88,0.63,39.5,10.01,16.66,7.61,46.68,17.82,36.11,1.9,54.83,13.51,38.88,0.0,0.0,553.0
6817,40,203,0,0.0,0.0,0.0,0.0,0.0,0.0,0.0,0.0,0.0,0.0,0.0,0.0,0.0,0.0,0.0,0.0,0.0,0.0,0.0,0.0,0.0,0.0,0.0,0.0,0.0,0.0,0.0,0.0,0.0,0.0,0.0,0.0,0.0,0.0,0.0
6818,40,204,0,0.0,0.0,0.0,0.0,0.0,0.0,0.0,0.0,0.0,0.0,0.0,0.0,0.0,0.0,0.0,0.0,0.0,0.0,0.0,0.0,0.0,0.0,0.0,0.0,0.0,0.0,0.0,0.0,0.0,0.0,0.0,0.0,0.0,0.0,0.0
6819,40,205,0,0.0,0.0,0.0,0.0,0.0,0.0,0.0,0.0,0.0,0.0,0.0,0.0,0.0,0.0,0.0,0.0,0.0,0.0,0.0,0.0,0.0,0.0,0.0,0.0,0.0,0.0,0.0,0.0,0.0,0.0,0.0,0.0,0.0,0.0,0.0
6820,40,206,0,0.0,0.0,0.0,0.0,0.0,0.0,0.0,0.0,0.0,0.0,0.0,0.0,0.0,0.0,0.0,0.0,0.0,0.0,0.0,0.0,0.0,0.0,0.0,0.0,0.0,0.0,0.0,0.0,0.0,0.0,0.0,0.0,0.0,0.0,0.0
6821,40,208,0,0.0,0.0,0.0,0.0,0.0,0.0,0.0,0.0,0.0,0.0,0.0,0.0,0.0,0.0,0.0,0.0,0.0,0.0,0.0,0.0,0.0,0.0,0.0,0.0,0.0,0.0,0.0,0.0,0.0,0.0,0.0,0.0,0.0,0.0,0.0
6822,40,209,0,0.0,0.0,0.0,0.0,0.0,0.0,0.0,0.0,0.0,0.0,0.0,0.0,0.0,0.0,0.0,0.0,0.0,0.0,0.0,0.0,0.0,0.0,0.0,0.0,0.0,0.0,0.0,0.0,0.0,0.0,0.0,0.0,0.0,0.0,0.0
6823,40,210,0,0.0,0.0,0.0,0.0,0.0,0.0,0.0,0.0,0.0,0.0,0.0,0.0,0.0,0.0,0.0,0.0,0.0,0.0,0.0,0.0,0.0,0.0,0.0,0.0,0.0,0.0,0.0,0.0,0.0,0.0,0.0,0.0,0.0,0.0,0.0
6824,40,214,0,0.0,0.0,0.0,0.0,0.0,0.0,0.0,0.0,0.0,0.0,0.0,0.0,0.0,0.0,0.0,0.0,0.0,0.0,0.0,0.0,0.0,0.0,0.0,0.0,0.0,0.0,0.0,0.0,0.0,0.0,0.0,0.0,0.0,0.0,0.0
6825,40,215,0,0.0,0.0,0.0,0.0,0.0,0.0,0.0,0.0,0.0,0.0,0.0,0.0,0.0,0.0,0.0,0.0,0.0,0.0,0.0,0.0,0.0,0.0,0.0,0.0,0.0,0.0,0.0,0.0,0.0,0.0,0.0,0.0,0.0,0.0,0.0
6826,40,216,0,0.0,0.0,0.0,0.0,0.0,0.0,0.0,0.0,0.0,0.0,0.0,0.0,0.0,0.0,0.0,0.0,0.0,0.0,0.0,0.0,0.0,0.0,0.0,0.0,0.0,0.0,0.0,0.0,0.0,0.0,0.0,0.0,0.0,0.0,0.0
6827,40,218,0,0.0,0.0,0.0,0.0,0.0,0.0,0.0,0.0,0.0,0.0,0.0,0.0,0.0,0.0,0.0,0.0,0.0,0.0,0.0,0.0,0.0,0.0,0.0,0.0,0.0,0.0,0.0,0.0,0.0,0.0,0.0,0.0,0.0,0.0,0.0
6828,40,223,0,0.0,0.0,0.0,0.0,0.0,0.0,0.0,0.0,0.0,0.0,0.0,0.0,0.0,0.0,0.0,0.0,0.0,0.0,0.0,0.0,0.0,0.0,0.0,0.0,0.0,0.0,0.0,0.0,0.0,0.0,0.0,0.0,0.0,0.0,0.0
6829,40,226,0,0.0,0.0,0.0,0.0,0.0,0.0,0.0,0.0,0.0,0.0,0.0,0.0,0.0,0.0,0.0,0.0,0.0,0.0,0.0,0.0,0.0,0.0,0.0,0.0,0.0,0.0,0.0,0.0,0.0,0.0,0.0,0.0,0.0,0.0,0.0
6830,40,227,0,0.0,0.0,0.0,0.0,0.0,0.0,0.0,0.0,0.0,0.0,0.0,0.0,0.0,0.0,0.0,0.0,0.0,0.0,0.0,0.0,0.0,0.0,0.0,0.0,0.0,0.0,0.0,0.0,0.0,0.0,0.0,0.0,0.0,0.0,0.0
6831,40,229,0,0.0,0.0,0.0,0.0,0.0,0.0,0.0,0.0,0.0,0.0,0.0,0.0,0.0,0.0,0.0,0.0,0.0,0.0,0.0,0.0,0.0,0.0,0.0,0.0,0.0,0.0,0.0,0.0,0.0,0.0,0.0,0.0,0.0,0.0,0.0
6832,40,231,0,0.0,0.0,0.0,0.0,0.0,0.0,0.0,0.0,0.0,0.0,0.0,0.0,0.0,0.0,0.0,0.0,0.0,0.0,0.0,0.0,0.0,0.0,0.0,0.0,0.0,0.0,0.0,0.0,0.0,0.0,0.0,0.0,0.0,0.0,0.0
6833,40,232,780,1.15,43.37,19.55,42.5,14.96,42.05,66.66,0.77,1.42,57.45,25.59,54.54,91.69,43.02,19.43,41.3,0.77,51.33,20.03,83.33,0.0,0.0,0.0,0.0,4.4,42.17,22.09,41.17,0.9,53.28,14.55,42.85,0.0,0.0,497.0
6834,40,234,0,0.0,0.0,0.0,0.0,0.0,0.0,0.0,0.0,0.0,0.0,0.0,0.0,0.0,0.0,0.0,0.0,0.0,0.0,0.0,0.0,0.0,0.0,0.0,0.0,0.0,0.0,0.0,0.0,0.0,0.0,0.0,0.0,0.0,0.0,0.0
6835,40,235,0,0.0,0.0,0.0,0.0,0.0,0.0,0.0,0.0,0.0,0.0,0.0,0.0,0.0,0.0,0.0,0.0,0.0,0.0,0.0,0.0,0.0,0.0,0.0,0.0,0.0,0.0,0.0,0.0,0.0,0.0,0.0,0.0,0.0,0.0,0.0
6836,41,10,778,0.0,42.72,19.12,53.04,15.65,40.87,88.29,12.08,0.89,43.71,23.45,57.14,77.76,40.63,19.12,30.41,0.25,72.5,28.99,50.0,0.12,54.0,0.0,0.0,7.32,44.73,18.17,75.43,1.54,51.41,13.66,25.0,0.0,55.92,393.0
6837,41,16,908,0.22,42.32,19.41,45.33,1.52,43.39,33.33,0.33,0.22,56.0,11.31,100.0,79.35,42.51,19.53,31.71,0.11,60.0,0.0,100.0,0.0,0.0,0.0,0.0,19.75,40.97,19.07,89.94,0.22,40.0,18.38,0.0,0.0,41.03,544.0
6838,41,20,300,0.0,43.22,19.74,61.0,18.38,44.0,50.0,0.66,0.0,0.0,0.0,0.0,76.66,43.98,19.47,29.56,0.0,0.0,0.0,0.0,0.0,0.0,0.0,0.0,22.66,40.13,20.45,92.64,0.0,0.0,0.0,0.0,0.0,35.48,187.0
6839,41,24,587,0.17,42.6,19.5,35.0,0.0,44.8,0.0,0.17,1.02,51.33,10.26,83.33,86.34,42.64,19.73,38.53,0.0,0.0,0.0,0.0,0.17,93.0,0.0,100.0,11.43,39.02,16.34,88.05,0.85,68.8,13.77,60.0,0.0,57.73,354.0
6840,41,28,702,0.28,43.98,18.48,50.1,16.83,42.3,92.85,10.0,1.14,44.12,20.64,25.0,72.57,42.91,18.74,26.77,0.42,28.66,9.6,100.0,0.14,52.0,0.0,0.0,15.0,44.62,17.57,84.76,0.71,49.2,12.79,40.0,0.0,37.98,430.0
6841,41,29,409,0.73,40.23,18.43,58.71,19.81,47.18,71.42,1.72,1.47,39.33,19.62,16.66,78.57,39.69,17.95,36.36,0.24,69.0,0.0,0.0,0.24,33.0,0.0,0.0,16.99,38.4,18.72,95.65,0.73,59.0,10.58,66.66,0.0,34.24,242.0
6842,41,30,659,1.66,42.96,19.41,54.25,22.07,44.0,68.62,7.87,1.69,57.81,13.6,72.72,82.87,41.39,18.64,37.8,0.3,27.0,1.41,100.0,0.15,25.0,0.0,100.0,6.32,41.58,21.55,80.48,0.77,59.2,17.73,60.0,0.0,37.71,405.0
6843,41,31,674,1.03,44.13,19.25,50.26,21.06,42.58,76.66,4.49,0.74,49.8,22.01,60.0,80.35,43.29,19.08,33.02,0.14,28.0,0.0,0.0,0.0,0.0,0.0,0.0,14.09,46.38,18.9,84.04,0.14,57.0,0.0,100.0,0.0,36.11,426.0
6844,41,33,753,0.26,41.1,20.17,50.66,26.7,42.23,59.25,3.59,0.79,54.83,13.92,66.66,77.49,40.76,20.26,31.44,0.26,35.0,16.97,0.0,0.0,0.0,0.0,0.0,17.44,40.09,17.63,85.49,0.39,50.66,24.0,33.33,0.0,47.41,471.0
6845,41,35,729,0.27,44.22,20.0,46.71,21.25,43.89,35.59,8.11,0.27,41.0,26.87,50.0,72.35,44.4,20.41,33.26,0.13,67.0,0.0,0.0,0.0,0.0,0.0,0.0,18.43,42.03,17.5,89.55,0.68,40.0,14.83,40.0,0.0,36.1,438.0
6846,41,45,733,0.13,43.52,19.09,56.93,17.92,44.61,88.88,11.06,0.68,36.0,10.07,20.0,80.05,41.98,18.71,36.51,0.13,27.0,0.0,0.0,0.13,30.0,0.0,100.0,6.96,40.88,16.61,72.54,0.95,40.85,24.38,28.57,0.0,36.75,402.0
6847,41,46,831,0.12,41.61,19.12,56.98,19.82,44.4,88.23,10.24,0.36,29.33,29.0,0.0,83.49,40.16,18.53,37.51,0.12,26.0,0.0,100.0,0.12,47.0,0.0,100.0,5.06,35.0,11.91,71.42,0.6,43.2,13.97,20.0,0.0,37.61,483.0
6848,41,unclear,1052,0.38,41.43,15.46,47.87,15.71,45.53,96.93,15.55,0.0,0.0,0.0,0.0,80.15,40.45,15.3,33.8,0.09,24.0,0.0,100.0,0.0,0.0,0.0,0.0,3.53,36.29,10.9,86.48,0.66,38.0,14.35,14.28,,,
6849,41,54,871,1.03,44.33,20.35,54.6,23.08,44.43,82.35,5.91,2.55,59.18,20.07,50.0,80.74,43.08,19.76,37.78,0.23,35.0,49.49,100.0,0.46,50.5,24.93,50.0,8.93,42.64,20.25,80.51,1.16,51.5,21.21,30.0,0.0,42.39,539.0
6850,41,unclear,1331,0.97,44.06,17.32,52.0,17.86,46.95,94.2,5.23,0.0,0.0,0.0,0.0,87.55,43.77,17.26,40.9,0.0,0.0,0.0,0.0,0.07,34.0,0.0,0.0,6.37,40.5,16.16,89.28,0.75,51.0,17.61,50.0,,,
6851,41,57,932,0.75,43.07,17.66,58.6,18.19,47.42,40.0,1.08,2.7,50.2,12.42,56.0,77.83,42.91,17.91,38.33,0.1,65.0,0.0,100.0,0.0,0.0,0.0,0.0,16.97,40.41,14.81,87.89,1.29,61.16,20.65,33.33,0.0,35.27,585.0
6852,41,59,954,0.31,41.79,18.4,48.72,24.97,40.88,66.66,1.89,0.63,55.66,17.3,33.33,92.42,41.78,18.15,39.7,0.63,38.0,27.2,100.0,0.0,0.0,0.0,0.0,2.73,32.38,12.79,65.38,1.68,41.68,22.68,18.75,0.0,47.29,573.0
6853,41,64,609,0.16,41.52,19.35,43.1,15.12,44.17,40.0,1.64,0.32,53.5,9.19,50.0,78.45,41.22,19.48,34.59,0.0,0.0,0.0,0.0,0.0,0.0,0.0,0.0,18.75,41.6,18.94,85.08,0.82,60.6,22.9,20.0,0.0,61.11,375.0
6854,41,66,643,0.31,40.54,18.02,50.69,20.31,44.94,87.27,8.58,0.0,0.0,0.0,0.0,85.17,39.53,17.47,39.01,0.46,31.33,5.03,100.0,0.46,48.0,8.54,33.33,4.52,40.72,17.44,68.96,0.78,48.4,24.89,60.0,0.0,36.01,352.0
6855,41,67,914,0.0,43.44,19.51,51.33,19.75,43.1,84.9,11.59,0.76,45.0,27.17,71.42,80.19,42.27,18.96,35.74,0.54,42.4,28.61,80.0,0.21,58.5,20.5,50.0,6.01,42.21,21.27,54.54,0.65,51.66,20.59,33.33,0.0,32.44,561.0
6856,41,68,914,0.1,41.02,18.39,51.7,20.82,43.76,89.65,9.52,1.09,48.0,18.48,60.0,85.98,39.91,17.61,38.47,0.0,0.0,0.0,0.0,0.21,79.0,22.62,0.0,2.19,31.45,17.36,50.0,0.98,40.22,18.72,33.33,0.0,50.88,512.0
6857,41,70,861,0.0,41.27,17.84,52.26,19.38,44.71,84.9,6.15,0.46,53.75,6.23,75.0,85.83,40.7,17.46,39.78,0.34,38.33,7.57,66.66,0.0,0.0,0.0,0.0,6.15,37.54,18.16,75.47,1.04,41.0,21.94,11.11,0.0,54.12,483.0
6858,41,unclear,1492,1.0,42.58,16.76,48.44,18.45,47.98,88.05,10.76,0.0,0.0,0.0,0.0,84.02,41.62,16.38,40.85,0.06,28.0,0.0,100.0,0.2,58.33,10.01,0.0,3.65,41.68,15.95,85.18,1.28,53.31,14.85,68.42,,,
6859,41,78,1085,0.09,41.82,17.82,44.09,20.64,42.85,41.93,2.85,0.36,53.5,24.5,25.0,85.51,41.7,17.46,37.86,0.27,32.33,5.85,100.0,0.18,50.0,5.65,100.0,9.68,42.13,20.72,85.71,1.1,40.41,10.62,41.66,0.0,35.91,672.0
6860,41,80,1066,0.37,43.19,17.29,37.12,13.94,43.8,62.5,0.75,0.75,46.5,22.78,25.0,90.2,43.32,17.33,40.18,0.56,37.66,13.51,50.0,0.0,0.0,0.0,0.0,7.43,40.68,16.38,87.34,0.28,60.33,7.5,33.33,0.0,36.92,624.0
6861,41,82,1111,1.08,42.25,18.16,47.6,22.73,42.66,80.0,0.45,1.81,48.45,15.84,25.0,81.25,41.88,18.3,35.72,0.27,42.66,17.61,33.33,0.09,32.0,0.0,100.0,15.28,41.51,16.36,81.54,0.81,65.55,20.54,11.11,0.0,40.04,668.0
6862,41,85,1014,0.0,43.82,17.86,54.9,19.1,43.88,45.45,1.08,0.39,52.5,11.38,25.0,93.49,43.74,17.95,43.24,0.59,36.16,14.66,16.66,0.09,57.0,0.0,0.0,3.55,42.55,16.11,69.44,0.78,43.5,15.85,37.5,0.0,44.31,588.0
6863,41,86,993,0.0,42.93,18.19,41.86,21.4,40.08,60.0,1.51,0.4,53.5,16.11,25.0,92.64,42.98,18.12,38.91,0.1,68.0,0.0,100.0,0.1,0.0,0.0,0.0,4.12,41.58,15.16,65.85,1.1,43.0,26.88,18.18,0.0,45.76,561.0
6864,41,89,1017,0.0,40.06,18.43,50.77,20.2,43.46,81.81,2.16,0.88,35.33,21.15,33.33,90.75,39.74,18.32,41.06,0.49,40.4,15.32,40.0,0.19,18.0,25.45,50.0,4.52,42.58,18.23,78.26,0.98,42.5,17.65,30.0,0.0,52.82,509.0
6865,41,91,981,0.1,41.87,17.97,44.21,17.85,41.79,57.14,1.42,0.61,48.5,18.22,66.66,92.34,42.08,18.15,41.76,2.24,33.22,8.93,45.45,0.1,33.0,0.0,100.0,2.14,41.47,18.04,38.09,1.12,37.36,15.15,9.09,0.0,41.32,470.0
6866,41,97,810,0.12,41.84,19.32,33.5,9.19,45.8,50.0,0.24,0.24,53.0,5.65,100.0,79.85,42.77,19.04,34.52,0.0,0.0,0.0,0.0,0.24,69.5,0.7,100.0,19.4,37.43,19.78,91.08,0.0,0.0,0.0,0.0,0.0,35.3,498.0
6867,41,unclear,1233,1.78,42.36,17.52,51.18,17.62,47.93,93.04,9.49,0.0,0.0,0.0,0.0,79.02,41.75,17.5,37.19,0.24,28.0,5.19,33.33,0.49,55.66,21.96,33.33,9.82,36.69,15.06,90.75,0.9,48.63,13.37,36.36,,,
6868,41,102,528,0.0,44.24,19.36,53.07,17.5,42.42,89.74,7.38,7.38,45.71,16.12,38.46,75.0,42.54,19.08,31.81,0.0,0.0,0.0,0.0,0.0,0.0,0.0,0.0,10.22,49.31,22.44,88.88,0.0,0.0,0.0,0.0,0.0,66.53,286.0
6869,41,106,325,0.0,44.03,17.92,51.77,19.71,45.53,100.0,2.76,0.0,0.0,0.0,0.0,84.92,43.87,17.75,39.49,0.3,40.0,0.0,100.0,0.3,20.0,0.0,0.0,11.69,44.1,18.83,76.31,0.0,0.0,0.0,0.0,0.0,39.59,188.0
6870,41,107,850,0.11,42.12,17.97,46.32,21.94,45.41,80.64,3.65,1.88,48.93,23.32,50.0,84.21,42.19,17.63,41.95,0.47,33.25,2.5,100.0,0.58,56.4,17.28,40.0,7.65,36.35,17.45,64.61,1.53,47.23,16.88,30.76,0.0,34.51,476.0
6871,41,unclear,1309,2.29,44.36,16.57,45.42,15.84,47.44,90.07,11.02,0.0,0.0,0.0,0.0,80.76,44.33,16.76,38.14,0.23,44.33,14.5,66.66,0.15,29.0,1.41,0.0,6.09,41.96,15.7,93.58,1.72,54.54,19.29,50.0,,,
6872,41,unclear,1108,2.16,41.6,17.16,43.33,17.35,45.48,56.06,6.08,0.0,0.0,0.0,0.0,89.02,40.87,16.91,43.31,0.55,33.0,8.31,66.66,0.18,44.0,28.28,100.0,3.13,43.32,17.26,50.0,1.01,57.0,18.23,90.9,,,
6873,41,113,838,0.11,41.55,18.42,55.73,18.8,42.95,84.21,4.54,0.59,52.8,24.52,40.0,89.0,40.84,18.03,38.79,0.35,55.33,28.18,66.66,0.0,0.0,0.0,0.0,5.13,38.86,18.8,76.74,0.35,42.66,18.03,33.33,0.0,38.29,481.0
6874,41,117,789,0.12,41.54,18.75,52.5,17.02,45.75,66.66,2.28,2.53,50.75,19.68,65.0,92.13,41.1,18.71,44.07,0.63,31.0,2.34,100.0,0.12,37.0,0.0,0.0,1.77,35.21,16.53,57.14,0.5,60.5,13.69,50.0,0.0,44.31,466.0
6875,41,118,767,0.91,42.96,19.79,39.54,17.16,41.98,27.27,1.44,2.23,45.94,14.74,52.94,86.44,42.25,19.85,38.81,0.92,41.0,13.41,85.71,0.26,55.5,31.81,0.0,7.23,45.61,19.81,69.09,1.44,62.27,20.09,63.63,0.0,35.97,472.0
6876,41,120,970,0.61,40.67,18.41,46.52,23.73,42.68,63.15,1.97,3.52,51.2,12.5,47.05,87.34,39.89,18.12,42.04,1.14,36.72,15.72,72.72,0.1,97.0,0.0,0.0,4.97,41.25,20.53,35.41,0.93,52.33,19.67,55.55,0.0,40.7,543.0
6877,41,122,864,1.04,41.58,17.34,47.13,16.89,42.01,52.17,2.69,2.8,50.7,10.07,45.83,80.81,41.26,17.8,35.74,0.58,44.4,32.87,60.0,0.23,62.0,4.24,0.0,12.39,38.21,13.03,81.13,0.46,49.75,19.5,0.0,0.0,34.98,495.0
6878,41,124,669,0.59,41.35,18.88,43.1,14.28,40.95,80.0,1.5,2.85,59.0,21.74,52.63,83.6,40.84,18.7,35.79,0.15,39.0,0.0,100.0,0.45,61.0,6.08,0.0,11.12,38.7,16.63,71.62,0.3,83.0,0.0,100.0,0.0,45.38,418.0
6879,41,127,404,0.0,42.8,18.17,58.13,25.19,43.06,83.33,7.42,0.74,39.0,17.08,33.33,86.88,41.43,16.54,40.17,0.49,48.5,14.84,100.0,0.74,31.0,32.04,0.0,2.72,39.81,22.51,45.45,0.99,65.25,14.15,0.0,0.0,31.87,266.0
6880,41,128,556,0.0,43.76,18.67,50.61,25.51,46.04,87.09,5.57,0.71,41.0,15.29,0.0,76.07,43.37,18.52,33.33,0.0,0.0,0.0,0.0,0.0,0.0,0.0,0.0,17.44,43.32,16.74,89.69,0.17,50.0,0.0,100.0,0.0,36.52,349.0
6881,41,130,596,0.0,41.98,18.53,55.54,21.29,42.28,45.45,1.84,0.33,69.0,22.62,0.0,83.55,41.92,18.51,35.94,0.16,26.0,0.0,100.0,0.16,24.0,0.0,0.0,13.75,40.06,17.34,80.48,0.16,56.0,0.0,100.0,0.0,61.14,355.0
6882,41,132,645,0.0,42.2,19.37,43.0,18.09,44.96,100.0,0.93,0.15,22.0,0.0,0.0,81.55,42.37,19.51,34.6,0.0,0.0,0.0,0.0,0.0,0.0,0.0,0.0,17.36,41.52,18.89,91.07,0.0,0.0,0.0,0.0,0.0,35.24,414.0
6883,41,134,638,0.0,43.89,20.55,49.87,25.95,42.47,75.0,1.25,0.31,39.0,26.87,0.0,82.44,43.87,20.53,34.22,0.0,0.0,0.0,0.0,0.0,0.0,0.0,0.0,15.67,43.72,20.5,84.0,0.31,38.0,14.14,50.0,0.0,36.95,406.0
6884,41,135,581,0.34,41.53,17.67,41.0,1.82,45.26,75.0,0.69,1.89,43.09,15.85,36.36,89.81,41.45,17.96,44.61,0.86,31.0,4.24,80.0,0.17,68.0,0.0,100.0,5.52,43.84,15.22,53.12,1.03,34.83,19.71,33.33,0.0,61.67,330.0
6885,41,137,933,0.1,42.52,17.81,48.07,17.23,43.4,89.39,7.08,0.53,32.6,20.41,60.0,77.89,41.68,17.42,33.19,0.32,32.33,5.5,66.66,0.32,51.0,18.08,0.0,13.19,44.99,19.39,81.3,0.64,48.33,18.33,0.0,0.0,41.5,533.0
6886,41,138,887,0.0,42.81,19.7,71.33,20.2,43.74,100.0,0.33,0.56,49.4,15.86,0.0,87.71,42.59,19.62,39.71,0.22,36.5,0.7,100.0,0.22,74.5,0.7,0.0,10.25,42.73,19.6,81.31,0.67,44.5,27.15,0.0,0.0,34.0,553.0
6887,41,139,518,0.0,42.23,19.14,0.0,0.0,42.08,0.0,0.0,1.54,54.5,21.48,0.0,95.17,41.92,19.18,42.39,0.38,29.5,3.53,100.0,0.0,0.0,0.0,0.0,1.93,43.8,16.37,70.0,0.96,54.6,8.01,0.0,0.0,62.21,300.0
6888,41,141,781,0.0,44.11,19.14,62.37,19.43,42.38,79.62,6.91,0.51,38.25,26.05,0.0,85.65,42.6,18.43,38.41,0.0,0.0,0.0,0.0,0.25,41.5,6.36,0.0,6.01,43.61,17.7,63.82,0.64,59.2,19.25,20.0,0.0,40.33,486.0
6889,41,142,727,0.0,44.05,19.1,52.11,23.27,41.81,81.48,7.42,0.55,45.0,21.69,50.0,84.73,43.49,18.63,36.03,0.13,24.0,0.0,100.0,0.27,55.0,25.45,0.0,6.46,41.19,17.31,70.21,0.41,57.66,27.93,66.66,0.0,38.64,450.0
6890,41,143,733,0.0,42.98,19.23,58.07,20.5,42.97,89.47,7.77,0.0,0.0,0.0,0.0,85.94,41.93,18.44,37.93,0.13,22.0,0.0,100.0,0.13,55.0,0.0,0.0,5.59,40.36,19.36,58.53,0.4,15.33,26.55,0.0,0.0,42.64,402.0
6891,41,147,723,0.0,43.17,19.54,62.27,21.95,43.43,77.77,2.48,0.55,55.75,14.36,25.0,90.73,42.52,19.17,42.68,0.13,65.0,0.0,0.0,0.0,0.0,0.0,0.0,4.7,42.76,21.46,55.88,1.38,45.6,17.97,0.0,0.0,37.56,406.0
6892,41,148,512,0.0,40.72,21.12,51.35,16.64,44.33,64.28,2.73,0.39,49.5,19.09,50.0,78.12,40.86,21.2,33.5,0.0,0.0,0.0,0.0,0.0,0.0,0.0,0.0,18.35,38.68,21.27,88.29,0.39,25.0,7.07,0.0,0.0,35.27,298.0
6893,41,149,318,0.0,44.22,19.14,54.0,0.0,45.59,100.0,0.31,0.31,34.0,0.0,100.0,79.55,44.54,19.81,34.38,0.0,0.0,0.0,0.0,0.0,0.0,0.0,0.0,19.81,42.95,16.55,88.88,0.0,0.0,0.0,0.0,0.0,35.23,214.0
6894,41,150,577,0.0,41.11,18.67,50.44,20.07,42.28,75.86,5.02,0.51,40.33,9.07,100.0,80.93,41.07,18.8,32.97,0.17,22.0,0.0,100.0,0.17,0.0,0.0,0.0,12.82,38.41,15.93,86.48,0.34,45.5,28.99,0.0,0.0,38.68,340.0
6895,41,151,935,0.0,40.05,17.02,47.07,16.03,43.74,88.73,15.18,1.17,44.36,13.07,54.54,77.54,39.19,16.81,33.37,0.0,0.0,0.0,0.0,0.0,0.0,0.0,0.0,5.13,33.47,15.5,64.58,0.96,27.88,26.45,44.44,0.0,37.41,437.0
6896,41,152,740,0.13,41.07,18.76,46.83,20.96,41.48,77.41,4.19,1.62,49.25,22.07,33.33,80.37,40.78,18.84,33.16,0.27,53.5,4.94,50.0,0.0,0.0,0.0,0.0,12.85,39.12,16.56,84.21,0.67,54.6,20.87,20.0,0.0,37.07,436.0
6897,41,153,820,0.0,43.29,18.56,56.37,19.55,45.97,90.62,3.9,1.09,48.44,17.24,44.44,84.75,42.69,18.53,39.56,0.36,32.33,9.71,66.66,0.12,46.0,0.0,0.0,9.39,42.76,17.18,85.71,0.36,52.66,13.65,33.33,0.0,36.87,492.0
6898,41,154,898,0.0,42.67,18.4,55.31,20.07,45.1,92.59,6.01,2.56,47.34,16.3,34.78,80.95,41.53,17.87,39.33,0.11,27.0,0.0,100.0,0.44,56.0,8.04,0.0,9.13,41.98,19.06,73.17,0.77,51.57,24.14,0.0,0.0,39.15,549.0
6899,41,155,553,0.0,42.14,19.18,53.74,20.26,43.76,83.87,5.6,0.18,0.0,0.0,100.0,81.01,42.02,18.91,34.37,0.0,0.0,0.0,0.0,0.36,57.0,43.84,50.0,12.29,37.07,17.06,85.29,0.54,60.66,12.7,66.66,0.0,38.82,330.0
6900,41,156,871,0.0,41.27,18.27,54.0,18.08,42.47,91.66,1.37,2.98,48.61,23.41,50.0,91.61,40.64,17.87,41.6,0.34,43.0,20.66,66.66,0.22,77.0,1.41,50.0,2.18,38.0,18.7,47.36,1.26,55.0,16.98,18.18,0.0,34.41,503.0
6901,41,158,889,0.11,41.21,19.38,50.34,23.14,42.74,77.14,3.94,2.13,37.84,17.58,42.1,85.47,40.98,19.24,39.39,1.12,28.2,13.43,80.0,0.11,73.0,0.0,100.0,6.3,40.48,17.96,64.28,0.9,47.0,23.32,0.0,0.0,33.4,481.0
6902,41,162,900,0.22,41.69,19.08,49.77,19.82,43.88,88.88,1.0,1.33,53.5,18.58,66.66,90.75,41.24,19.21,43.31,1.33,36.91,10.16,75.0,0.66,55.66,13.42,33.33,3.34,43.63,15.09,23.33,1.55,44.0,23.0,42.85,0.0,35.25,510.0
6903,41,163,485,0.0,40.53,16.61,56.8,15.64,44.53,60.0,1.03,0.82,60.25,3.86,100.0,92.16,40.08,16.48,43.4,1.23,27.0,15.56,100.0,0.0,0.0,0.0,0.0,3.71,43.0,13.65,38.88,1.03,56.6,20.36,40.0,0.0,32.91,295.0
6904,41,164,868,0.0,41.55,19.19,52.09,31.22,42.97,90.9,1.26,2.76,42.7,17.42,66.66,89.63,41.08,18.94,41.51,0.69,38.33,14.38,100.0,0.0,0.0,0.0,0.0,4.26,44.97,20.01,40.54,1.38,50.91,22.54,25.0,0.0,36.73,532.0
6905,41,165,877,0.22,42.9,18.35,44.71,21.8,42.64,71.42,0.8,0.91,37.87,29.64,37.5,91.42,42.97,18.33,40.37,0.68,35.66,12.84,100.0,0.0,0.0,0.0,0.0,4.91,39.44,14.71,72.09,1.25,57.45,18.86,36.36,0.0,35.27,501.0
6906,41,169,743,0.4,42.24,17.58,55.0,18.72,41.85,80.0,4.72,0.94,52.71,17.47,71.42,87.02,41.44,17.32,37.73,0.67,44.8,11.32,100.0,0.27,39.5,6.36,50.0,5.54,40.75,18.41,56.09,0.81,45.16,11.44,66.66,0.0,38.49,422.0
6907,41,174,650,0.0,43.91,18.52,43.25,17.61,40.92,50.0,0.61,1.84,39.41,18.61,33.33,78.3,43.98,18.33,30.05,0.15,33.0,0.0,100.0,0.0,0.0,0.0,0.0,18.76,44.18,19.64,86.88,0.3,46.0,8.48,0.0,0.0,61.96,333.0
6908,41,unclear,1220,1.72,43.27,16.61,52.63,15.82,47.21,84.84,5.5,0.0,0.0,0.0,0.0,83.56,42.55,16.57,40.01,0.33,44.0,8.28,75.0,0.0,0.0,0.0,0.0,9.09,42.44,14.93,91.74,1.5,43.33,19.35,33.33,,,
6909,41,178,505,0.0,42.89,18.44,53.15,22.56,41.58,69.23,2.57,3.16,47.37,12.64,50.0,88.51,42.34,18.39,40.26,0.19,32.0,0.0,100.0,0.59,52.66,21.12,66.66,3.16,35.37,14.95,56.25,1.78,58.88,17.41,11.11,0.0,63.19,291.0
6910,41,183,695,0.43,41.58,19.44,45.66,17.8,43.3,58.33,3.46,2.31,52.62,24.91,75.0,85.26,41.05,19.24,39.83,1.3,32.55,14.3,88.88,0.0,0.0,0.0,0.0,6.79,45.29,20.53,65.95,0.72,29.6,17.72,0.0,0.0,54.15,407.0
6911,41,185,598,0.16,45.0,19.96,49.15,18.75,42.14,82.22,7.53,2.01,35.5,21.29,16.66,76.71,44.52,19.7,32.31,0.16,35.0,0.0,100.0,0.0,0.0,0.0,0.0,13.23,46.08,21.18,79.74,0.33,77.5,26.16,50.0,0.0,37.31,344.0
6912,41,186,609,0.0,40.94,17.83,54.54,22.98,43.02,83.33,3.94,0.98,39.0,22.99,66.66,83.74,40.32,17.3,34.9,0.65,47.0,22.4,75.0,0.0,0.0,0.0,0.0,10.34,40.39,17.82,90.47,0.32,45.0,11.31,0.0,0.0,36.29,349.0
6913,41,191,925,0.1,42.64,19.13,53.5,21.62,44.1,83.01,5.73,0.86,49.0,20.36,37.5,88.96,41.97,18.53,41.72,0.32,55.66,24.0,100.0,0.64,37.83,15.06,33.33,2.92,38.11,23.37,40.74,0.54,46.0,31.45,40.0,0.0,36.55,487.0
6914,41,192,941,0.1,42.07,17.63,52.37,24.74,44.31,76.74,4.57,1.27,49.16,21.6,16.66,88.93,41.28,16.9,43.06,0.31,33.0,8.88,66.66,0.0,0.0,0.0,0.0,4.25,43.62,18.18,45.0,0.63,51.83,21.39,16.66,0.0,42.19,550.0
6915,41,194,559,0.0,44.69,19.78,60.66,17.9,42.21,66.66,1.61,1.43,52.12,17.11,75.0,86.4,44.04,19.76,38.71,0.53,42.0,28.68,66.66,0.17,82.0,0.0,0.0,8.05,44.08,17.64,75.55,1.78,55.7,23.02,10.0,0.0,34.38,352.0
6916,41,198,637,1.09,42.56,19.16,51.43,18.34,41.91,56.25,2.53,3.01,57.94,21.97,63.15,87.46,41.32,18.46,40.29,1.11,36.0,11.93,85.71,0.0,0.0,0.0,0.0,4.76,42.7,20.83,43.33,1.11,60.71,19.98,14.28,0.0,62.15,345.0
6917,41,199,555,0.18,42.76,20.82,60.12,22.8,44.5,78.78,5.95,0.9,48.4,30.96,20.0,86.46,41.8,19.74,41.96,0.36,25.5,0.7,50.0,0.54,57.33,26.27,33.33,5.41,36.29,25.05,50.0,0.36,62.0,9.89,50.0,0.0,38.47,292.0
6918,41,200,320,0.0,43.54,18.15,66.8,11.52,43.75,96.0,7.81,2.18,48.71,8.55,0.0,85.93,41.53,17.44,40.0,0.31,42.0,0.0,100.0,0.0,0.0,0.0,0.0,3.12,35.2,12.33,40.0,0.62,54.5,31.81,50.0,0.0,37.98,182.0
6919,41,202,737,0.27,43.28,19.54,49.15,19.96,43.14,23.07,1.76,1.9,58.64,18.98,78.57,91.56,42.75,19.48,43.38,0.68,28.8,22.06,80.0,0.0,0.0,0.0,0.0,2.72,43.5,14.68,25.0,1.36,53.0,19.8,20.0,0.0,36.07,449.0
6920,41,205,672,0.44,43.21,19.12,51.66,22.12,40.92,16.66,0.89,2.54,59.29,15.94,47.05,91.62,42.64,19.07,40.29,1.34,31.66,5.93,100.0,0.29,48.5,26.16,0.0,2.39,38.81,15.19,43.75,0.89,63.16,9.55,16.66,0.0,50.36,393.0
6921,41,206,730,0.54,42.06,17.99,39.79,16.91,44.1,40.29,9.22,2.75,41.6,21.34,75.0,83.19,42.18,18.12,42.71,0.96,43.0,9.41,100.0,0.13,37.0,0.0,0.0,2.47,44.33,14.23,50.0,1.23,43.11,24.34,33.33,0.0,51.39,429.0
6922,41,208,735,0.0,42.17,17.69,48.2,27.07,41.76,93.33,2.04,1.49,40.36,8.77,72.72,92.38,41.92,17.49,40.35,0.54,31.75,10.34,75.0,0.27,56.5,2.12,0.0,0.95,29.71,21.32,42.85,2.31,54.05,14.31,29.41,0.0,53.94,425.0
6923,41,211,761,0.26,42.67,18.09,41.2,14.94,43.23,65.0,2.63,2.37,42.5,10.2,61.11,88.01,42.48,18.07,41.76,0.79,41.83,11.17,83.33,0.79,51.83,32.47,66.66,3.82,38.34,19.29,41.37,1.58,60.58,17.1,33.33,0.0,57.55,398.0
6924,41,213,779,0.64,42.73,17.96,38.0,19.36,43.9,70.0,1.29,2.06,52.43,13.09,56.25,92.89,42.32,17.98,43.39,0.51,34.75,3.94,75.0,0.12,62.0,0.0,100.0,1.67,40.3,12.98,46.15,1.42,51.0,17.05,9.09,0.0,39.04,472.0
6925,41,215,817,0.12,43.41,19.33,43.44,19.04,42.71,55.55,1.1,1.59,45.07,21.78,61.53,93.99,43.52,19.47,42.37,0.36,28.0,3.46,100.0,0.0,0.0,0.0,0.0,1.59,32.76,9.2,46.15,1.34,51.63,13.93,18.18,0.0,43.02,481.0
6926,41,217,906,0.0,43.83,19.02,53.32,18.51,43.92,89.2,15.34,0.22,44.5,6.36,0.0,78.91,42.35,18.79,33.0,0.11,66.0,0.0,0.0,0.22,40.0,7.07,0.0,4.85,37.06,15.19,86.36,0.33,51.0,26.51,0.0,0.0,42.73,507.0
6927,41,218,792,0.12,44.14,19.87,51.31,20.62,43.93,83.69,11.63,0.75,30.0,16.41,50.0,81.41,43.9,19.58,35.55,0.63,36.0,9.05,60.0,0.0,0.0,0.0,0.0,4.67,34.0,18.27,83.78,0.88,45.71,22.23,71.42,0.0,32.59,462.0
6928,41,220,717,0.13,42.56,19.07,51.29,20.46,45.6,93.18,6.14,0.83,35.83,14.95,33.33,85.89,42.79,18.86,39.18,0.13,30.0,0.0,100.0,0.0,0.0,0.0,0.0,6.56,34.02,16.88,87.23,0.41,34.0,15.87,0.0,0.0,36.09,428.0
6929,41,unclear,1226,0.4,41.48,15.31,46.69,16.64,45.67,80.76,2.12,0.0,0.0,0.0,0.0,94.59,41.43,15.2,44.24,0.08,30.0,0.0,100.0,0.08,31.0,0.0,0.0,2.29,41.14,17.55,57.14,0.81,42.5,20.44,80.0,,,
6930,41,224,960,1.04,40.91,18.27,45.44,11.24,41.04,66.66,0.94,4.73,51.75,17.83,51.11,89.26,40.06,18.18,39.85,1.15,38.81,10.27,90.9,0.1,52.0,0.0,0.0,2.73,41.3,14.49,46.15,1.05,42.5,22.68,10.0,0.0,48.9,579.0
6931,41,227,948,0.31,42.89,18.21,42.0,14.85,41.77,66.66,0.95,2.01,48.78,23.23,57.89,90.79,42.44,18.03,41.49,0.84,39.25,16.6,75.0,0.42,52.0,7.87,0.0,2.85,40.48,19.57,40.74,2.11,56.15,16.47,25.0,0.0,46.1,566.0
6932,41,229,753,0.13,42.12,18.74,46.18,20.19,46.08,93.75,4.25,1.32,40.79,15.78,20.0,85.9,42.1,18.8,41.95,0.53,29.75,5.12,100.0,0.0,0.0,0.0,0.0,6.78,39.98,18.03,78.43,1.19,52.66,9.6,0.0,0.0,35.58,411.0
6933,41,1,648,0.0,42.25,18.7,56.0,0.0,43.2,100.0,0.15,0.15,0.0,0.0,0.0,80.7,42.81,18.65,33.26,0.15,46.0,0.0,0.0,0.0,0.0,0.0,0.0,18.82,40.03,18.62,86.06,0.0,0.0,0.0,0.0,0.0,0.0,434.0
6934,41,2,669,0.0,44.14,19.21,43.75,17.34,44.09,25.0,0.59,0.0,0.0,0.0,0.0,78.92,44.91,19.27,31.62,0.0,0.0,0.0,0.0,0.0,0.0,0.0,0.0,20.47,41.18,18.88,92.7,0.0,0.0,0.0,0.0,0.0,0.0,461.0
6935,41,3,778,0.77,41.49,19.08,42.31,20.24,43.18,54.54,2.84,0.51,41.75,15.71,0.0,77.97,41.49,19.08,30.89,0.0,0.0,0.0,0.0,0.0,0.0,0.0,0.0,18.52,40.93,18.89,95.1,0.12,0.0,0.0,0.0,0.0,0.0,507.0
6936,41,4,0,0.0,0.0,0.0,0.0,0.0,0.0,0.0,0.0,0.0,0.0,0.0,0.0,0.0,0.0,0.0,0.0,0.0,0.0,0.0,0.0,0.0,0.0,0.0,0.0,0.0,0.0,0.0,0.0,0.0,0.0,0.0,0.0,0.0,0.0,0.0
6937,41,5,620,0.0,45.2,19.69,40.06,19.14,43.7,73.33,2.41,0.48,49.33,6.65,33.33,74.67,46.04,19.31,29.58,0.16,43.0,0.0,0.0,0.0,0.0,0.0,0.0,21.61,42.52,21.19,89.55,0.64,54.5,14.64,50.0,0.0,0.0,388.0
6938,41,6,779,0.38,43.2,19.73,46.79,20.52,43.64,88.88,6.95,0.77,60.16,18.1,100.0,80.02,42.75,19.61,33.33,0.12,39.0,0.0,100.0,0.0,0.0,0.0,0.0,10.82,42.22,20.87,83.33,1.28,50.0,11.26,50.0,0.0,0.0,464.0
6939,41,7,804,0.49,43.75,19.56,52.62,20.12,44.65,86.48,4.62,0.87,47.0,14.02,14.28,80.12,43.51,19.44,34.32,0.37,38.66,15.14,66.66,0.0,0.0,0.0,0.0,13.37,41.03,18.98,93.45,0.62,49.2,35.26,40.0,0.0,0.0,488.0
6940,41,8,0,0.0,0.0,0.0,0.0,0.0,0.0,0.0,0.0,0.0,0.0,0.0,0.0,0.0,0.0,0.0,0.0,0.0,0.0,0.0,0.0,0.0,0.0,0.0,0.0,0.0,0.0,0.0,0.0,0.0,0.0,0.0,0.0,0.0,0.0,0.0
6941,41,9,819,0.36,40.15,18.57,48.15,21.99,45.17,76.92,9.55,0.49,36.25,16.19,0.0,81.37,39.37,18.17,38.4,0.24,34.5,3.53,100.0,0.36,63.33,11.84,0.0,7.23,37.01,16.65,81.35,0.73,41.16,12.76,50.0,0.0,0.0,385.0
6942,41,11,0,0.0,0.0,0.0,0.0,0.0,0.0,0.0,0.0,0.0,0.0,0.0,0.0,0.0,0.0,0.0,0.0,0.0,0.0,0.0,0.0,0.0,0.0,0.0,0.0,0.0,0.0,0.0,0.0,0.0,0.0,0.0,0.0,0.0,0.0,0.0
6943,41,12,0,0.0,0.0,0.0,0.0,0.0,0.0,0.0,0.0,0.0,0.0,0.0,0.0,0.0,0.0,0.0,0.0,0.0,0.0,0.0,0.0,0.0,0.0,0.0,0.0,0.0,0.0,0.0,0.0,0.0,0.0,0.0,0.0,0.0,0.0,0.0
6944,41,13,862,0.0,43.07,20.44,60.5,12.02,41.53,100.0,0.23,0.11,52.0,0.0,100.0,80.39,43.28,20.55,29.58,0.0,0.0,0.0,0.0,0.0,0.0,0.0,0.0,19.25,41.95,20.06,90.36,0.0,0.0,0.0,0.0,0.0,0.0,508.0
6945,41,14,489,0.0,42.87,19.4,0.0,0.0,40.08,0.0,0.0,0.0,0.0,0.0,0.0,80.57,43.42,19.56,28.68,0.0,0.0,0.0,0.0,0.0,0.0,0.0,0.0,19.22,40.07,18.09,87.23,0.2,87.0,0.0,100.0,0.0,0.0,308.0
6946,41,15,870,0.0,42.82,18.9,39.15,21.29,43.56,15.38,1.49,0.45,45.5,35.22,25.0,76.09,43.28,19.06,31.41,0.11,29.0,0.0,100.0,0.0,0.0,0.0,0.0,21.26,41.24,18.0,90.27,0.57,49.8,8.19,0.0,0.0,0.0,558.0
6947,41,18,830,0.0,42.29,19.44,52.81,18.13,42.65,88.52,7.34,1.08,33.55,23.31,33.33,79.63,41.59,19.41,32.37,0.0,0.0,0.0,0.0,0.36,37.0,26.88,0.0,11.56,41.42,18.15,86.45,0.0,0.0,0.0,0.0,0.0,0.0,491.0
6948,41,19,873,0.0,43.28,18.78,53.47,19.2,44.1,90.24,9.39,0.11,65.0,0.0,100.0,80.18,42.61,18.51,33.42,0.0,0.0,0.0,0.0,0.34,73.0,23.38,33.33,9.73,37.85,16.36,88.23,0.22,36.0,8.48,0.0,0.0,0.0,535.0
6949,41,21,0,0.0,0.0,0.0,0.0,0.0,0.0,0.0,0.0,0.0,0.0,0.0,0.0,0.0,0.0,0.0,0.0,0.0,0.0,0.0,0.0,0.0,0.0,0.0,0.0,0.0,0.0,0.0,0.0,0.0,0.0,0.0,0.0,0.0,0.0,0.0
6950,41,22,755,0.0,43.27,20.15,51.16,21.47,45.56,85.71,14.83,0.52,34.0,11.22,100.0,73.37,42.07,19.83,32.12,0.26,31.5,10.6,50.0,0.52,58.0,27.14,25.0,9.53,40.31,17.53,86.11,0.92,42.14,22.27,28.57,0.0,0.0,379.0
6951,41,23,635,0.0,41.82,19.65,49.15,19.66,43.62,84.37,5.03,0.31,33.5,16.26,0.0,81.41,42.3,19.8,35.78,0.15,23.0,0.0,100.0,0.15,33.0,0.0,0.0,11.49,35.35,15.11,84.93,1.41,45.55,32.27,22.22,0.0,0.0,352.0
6952,41,25,0,0.0,0.0,0.0,0.0,0.0,0.0,0.0,0.0,0.0,0.0,0.0,0.0,0.0,0.0,0.0,0.0,0.0,0.0,0.0,0.0,0.0,0.0,0.0,0.0,0.0,0.0,0.0,0.0,0.0,0.0,0.0,0.0,0.0,0.0,0.0
6953,41,26,0,0.0,0.0,0.0,0.0,0.0,0.0,0.0,0.0,0.0,0.0,0.0,0.0,0.0,0.0,0.0,0.0,0.0,0.0,0.0,0.0,0.0,0.0,0.0,0.0,0.0,0.0,0.0,0.0,0.0,0.0,0.0,0.0,0.0,0.0,0.0
6954,41,27,0,0.0,0.0,0.0,0.0,0.0,0.0,0.0,0.0,0.0,0.0,0.0,0.0,0.0,0.0,0.0,0.0,0.0,0.0,0.0,0.0,0.0,0.0,0.0,0.0,0.0,0.0,0.0,0.0,0.0,0.0,0.0,0.0,0.0,0.0,0.0
6955,41,32,0,0.0,0.0,0.0,0.0,0.0,0.0,0.0,0.0,0.0,0.0,0.0,0.0,0.0,0.0,0.0,0.0,0.0,0.0,0.0,0.0,0.0,0.0,0.0,0.0,0.0,0.0,0.0,0.0,0.0,0.0,0.0,0.0,0.0,0.0,0.0
6956,41,34,677,0.0,44.04,19.07,33.33,14.05,44.9,33.33,0.88,0.29,67.5,27.57,50.0,73.7,44.56,19.05,31.86,0.14,35.0,0.0,100.0,0.0,0.0,0.0,0.0,24.81,42.73,19.09,83.33,0.14,27.0,0.0,100.0,0.0,0.0,426.0
6957,41,36,0,0.0,0.0,0.0,0.0,0.0,0.0,0.0,0.0,0.0,0.0,0.0,0.0,0.0,0.0,0.0,0.0,0.0,0.0,0.0,0.0,0.0,0.0,0.0,0.0,0.0,0.0,0.0,0.0,0.0,0.0,0.0,0.0,0.0,0.0,0.0
6958,41,37,0,0.0,0.0,0.0,0.0,0.0,0.0,0.0,0.0,0.0,0.0,0.0,0.0,0.0,0.0,0.0,0.0,0.0,0.0,0.0,0.0,0.0,0.0,0.0,0.0,0.0,0.0,0.0,0.0,0.0,0.0,0.0,0.0,0.0,0.0,0.0
6959,41,38,481,0.0,42.12,20.85,47.45,20.21,44.69,88.09,8.73,0.41,41.5,20.5,50.0,78.17,41.85,21.3,33.77,0.0,0.0,0.0,0.0,0.62,32.66,34.07,66.66,11.22,39.98,16.6,85.18,0.83,48.5,29.14,50.0,0.0,0.0,282.0
6960,41,39,929,0.0,42.45,19.1,47.25,11.17,41.76,25.0,0.43,0.64,55.5,21.66,33.33,82.99,42.38,19.17,32.81,0.1,52.0,0.0,100.0,0.0,0.0,0.0,0.0,15.39,41.7,18.77,90.9,0.43,55.75,16.13,25.0,0.0,0.0,562.0
6961,41,40,0,0.0,0.0,0.0,0.0,0.0,0.0,0.0,0.0,0.0,0.0,0.0,0.0,0.0,0.0,0.0,0.0,0.0,0.0,0.0,0.0,0.0,0.0,0.0,0.0,0.0,0.0,0.0,0.0,0.0,0.0,0.0,0.0,0.0,0.0,0.0
6962,41,41,808,0.12,43.07,19.38,48.93,20.03,43.31,84.48,7.18,0.99,43.87,24.77,37.5,79.3,42.96,19.15,34.84,0.24,60.5,33.23,100.0,0.0,0.0,0.0,0.0,11.4,38.0,18.24,78.26,0.86,66.42,16.01,0.0,0.0,0.0,521.0
6963,41,42,0,0.0,0.0,0.0,0.0,0.0,0.0,0.0,0.0,0.0,0.0,0.0,0.0,0.0,0.0,0.0,0.0,0.0,0.0,0.0,0.0,0.0,0.0,0.0,0.0,0.0,0.0,0.0,0.0,0.0,0.0,0.0,0.0,0.0,0.0,0.0
6964,41,43,841,0.59,42.78,18.88,50.53,19.63,42.56,73.33,1.79,2.15,56.27,22.15,72.22,92.1,42.16,18.77,40.12,1.31,40.36,16.37,63.63,0.0,0.0,0.0,0.0,1.91,40.12,12.6,81.25,0.71,56.83,16.7,16.66,0.0,0.0,511.0
6965,41,44,0,0.0,0.0,0.0,0.0,0.0,0.0,0.0,0.0,0.0,0.0,0.0,0.0,0.0,0.0,0.0,0.0,0.0,0.0,0.0,0.0,0.0,0.0,0.0,0.0,0.0,0.0,0.0,0.0,0.0,0.0,0.0,0.0,0.0,0.0,0.0
6966,41,49,0,0.0,0.0,0.0,0.0,0.0,0.0,0.0,0.0,0.0,0.0,0.0,0.0,0.0,0.0,0.0,0.0,0.0,0.0,0.0,0.0,0.0,0.0,0.0,0.0,0.0,0.0,0.0,0.0,0.0,0.0,0.0,0.0,0.0,0.0,0.0
6967,41,50,894,0.0,41.27,18.36,51.73,20.56,43.95,85.52,8.5,0.89,58.37,17.83,12.5,83.89,40.35,17.89,38.13,0.22,37.0,14.14,50.0,0.22,44.0,25.45,50.0,5.36,37.43,15.89,79.16,0.89,34.0,17.51,12.5,0.0,0.0,505.0
6968,41,52,0,0.0,0.0,0.0,0.0,0.0,0.0,0.0,0.0,0.0,0.0,0.0,0.0,0.0,0.0,0.0,0.0,0.0,0.0,0.0,0.0,0.0,0.0,0.0,0.0,0.0,0.0,0.0,0.0,0.0,0.0,0.0,0.0,0.0,0.0,0.0
6969,41,53,837,0.59,42.25,18.26,49.26,25.06,44.56,85.71,5.04,1.08,43.77,20.48,55.55,85.69,41.84,17.86,39.55,0.6,40.6,18.11,60.0,0.24,45.5,14.84,50.0,6.37,41.64,16.62,73.58,0.96,43.62,22.67,25.0,0.0,0.0,509.0
6970,41,58,0,0.0,0.0,0.0,0.0,0.0,0.0,0.0,0.0,0.0,0.0,0.0,0.0,0.0,0.0,0.0,0.0,0.0,0.0,0.0,0.0,0.0,0.0,0.0,0.0,0.0,0.0,0.0,0.0,0.0,0.0,0.0,0.0,0.0,0.0,0.0
6971,41,60,0,0.0,0.0,0.0,0.0,0.0,0.0,0.0,0.0,0.0,0.0,0.0,0.0,0.0,0.0,0.0,0.0,0.0,0.0,0.0,0.0,0.0,0.0,0.0,0.0,0.0,0.0,0.0,0.0,0.0,0.0,0.0,0.0,0.0,0.0,0.0
6972,41,61,966,0.1,42.11,19.73,27.42,37.15,43.68,42.85,0.72,0.31,38.66,12.58,0.0,86.11,42.47,19.44,38.5,0.0,0.0,0.0,0.0,0.1,36.0,0.0,100.0,11.5,39.56,20.32,84.68,1.24,52.33,19.31,25.0,0.0,0.0,552.0
6973,41,62,0,0.0,0.0,0.0,0.0,0.0,0.0,0.0,0.0,0.0,0.0,0.0,0.0,0.0,0.0,0.0,0.0,0.0,0.0,0.0,0.0,0.0,0.0,0.0,0.0,0.0,0.0,0.0,0.0,0.0,0.0,0.0,0.0,0.0,0.0,0.0
6974,41,63,0,0.0,0.0,0.0,0.0,0.0,0.0,0.0,0.0,0.0,0.0,0.0,0.0,0.0,0.0,0.0,0.0,0.0,0.0,0.0,0.0,0.0,0.0,0.0,0.0,0.0,0.0,0.0,0.0,0.0,0.0,0.0,0.0,0.0,0.0,0.0
6975,41,65,0,0.0,0.0,0.0,0.0,0.0,0.0,0.0,0.0,0.0,0.0,0.0,0.0,0.0,0.0,0.0,0.0,0.0,0.0,0.0,0.0,0.0,0.0,0.0,0.0,0.0,0.0,0.0,0.0,0.0,0.0,0.0,0.0,0.0,0.0,0.0
6976,41,69,836,0.0,40.04,17.68,49.38,19.24,43.89,85.71,5.02,0.71,57.66,19.29,33.33,87.2,39.4,17.36,41.15,0.95,36.25,18.05,37.5,0.0,0.0,0.0,0.0,4.66,37.28,14.57,61.53,1.43,48.58,25.09,16.66,0.0,0.0,466.0
6977,41,71,949,0.63,43.11,19.49,51.03,21.25,43.51,82.45,6.04,1.27,50.33,13.77,41.66,82.18,42.62,19.23,37.03,0.63,35.0,14.4,83.33,0.0,0.0,0.0,0.0,8.9,39.39,18.42,72.61,0.95,57.55,31.5,44.44,0.0,0.0,497.0
6978,41,72,0,0.0,0.0,0.0,0.0,0.0,0.0,0.0,0.0,0.0,0.0,0.0,0.0,0.0,0.0,0.0,0.0,0.0,0.0,0.0,0.0,0.0,0.0,0.0,0.0,0.0,0.0,0.0,0.0,0.0,0.0,0.0,0.0,0.0,0.0,0.0
6979,41,73,904,0.0,42.1,17.86,51.21,19.65,42.92,67.85,3.09,0.99,37.0,15.96,66.66,84.73,42.2,17.61,37.33,0.33,39.33,10.06,100.0,0.0,0.0,0.0,0.0,10.5,38.94,19.03,76.84,0.33,49.66,16.86,33.33,0.0,0.0,483.0
6980,41,76,1197,0.58,41.18,18.86,42.74,21.53,41.18,77.41,2.6,0.5,46.0,24.82,83.33,83.52,41.5,18.88,33.19,0.16,33.5,0.7,100.0,0.0,0.0,0.0,0.0,12.68,37.68,17.78,85.43,0.5,55.5,21.69,16.66,0.0,0.0,660.0
6981,41,77,867,0.23,41.95,18.9,49.37,17.27,42.09,72.41,3.35,1.61,51.14,21.35,50.0,80.69,41.59,18.83,33.81,0.46,29.5,7.14,25.0,0.0,0.0,0.0,0.0,13.17,41.83,19.24,84.21,0.69,34.5,17.96,33.33,0.0,0.0,481.0
6982,41,79,0,0.0,0.0,0.0,0.0,0.0,0.0,0.0,0.0,0.0,0.0,0.0,0.0,0.0,0.0,0.0,0.0,0.0,0.0,0.0,0.0,0.0,0.0,0.0,0.0,0.0,0.0,0.0,0.0,0.0,0.0,0.0,0.0,0.0,0.0,0.0
6983,41,81,0,0.0,0.0,0.0,0.0,0.0,0.0,0.0,0.0,0.0,0.0,0.0,0.0,0.0,0.0,0.0,0.0,0.0,0.0,0.0,0.0,0.0,0.0,0.0,0.0,0.0,0.0,0.0,0.0,0.0,0.0,0.0,0.0,0.0,0.0,0.0
6984,41,83,471,0.0,43.07,18.66,45.0,2.82,44.16,50.0,0.42,0.63,48.0,18.52,66.66,90.23,42.73,18.51,40.7,0.0,0.0,0.0,0.0,0.0,0.0,0.0,0.0,8.28,46.74,20.94,82.05,0.42,35.0,12.72,0.0,0.0,0.0,292.0
6985,41,84,0,0.0,0.0,0.0,0.0,0.0,0.0,0.0,0.0,0.0,0.0,0.0,0.0,0.0,0.0,0.0,0.0,0.0,0.0,0.0,0.0,0.0,0.0,0.0,0.0,0.0,0.0,0.0,0.0,0.0,0.0,0.0,0.0,0.0,0.0,0.0
6986,41,87,0,0.0,0.0,0.0,0.0,0.0,0.0,0.0,0.0,0.0,0.0,0.0,0.0,0.0,0.0,0.0,0.0,0.0,0.0,0.0,0.0,0.0,0.0,0.0,0.0,0.0,0.0,0.0,0.0,0.0,0.0,0.0,0.0,0.0,0.0,0.0
6987,41,88,0,0.0,0.0,0.0,0.0,0.0,0.0,0.0,0.0,0.0,0.0,0.0,0.0,0.0,0.0,0.0,0.0,0.0,0.0,0.0,0.0,0.0,0.0,0.0,0.0,0.0,0.0,0.0,0.0,0.0,0.0,0.0,0.0,0.0,0.0,0.0
6988,41,90,0,0.0,0.0,0.0,0.0,0.0,0.0,0.0,0.0,0.0,0.0,0.0,0.0,0.0,0.0,0.0,0.0,0.0,0.0,0.0,0.0,0.0,0.0,0.0,0.0,0.0,0.0,0.0,0.0,0.0,0.0,0.0,0.0,0.0,0.0,0.0
6989,41,92,0,0.0,0.0,0.0,0.0,0.0,0.0,0.0,0.0,0.0,0.0,0.0,0.0,0.0,0.0,0.0,0.0,0.0,0.0,0.0,0.0,0.0,0.0,0.0,0.0,0.0,0.0,0.0,0.0,0.0,0.0,0.0,0.0,0.0,0.0,0.0
6990,41,93,0,0.0,0.0,0.0,0.0,0.0,0.0,0.0,0.0,0.0,0.0,0.0,0.0,0.0,0.0,0.0,0.0,0.0,0.0,0.0,0.0,0.0,0.0,0.0,0.0,0.0,0.0,0.0,0.0,0.0,0.0,0.0,0.0,0.0,0.0,0.0
6991,41,94,0,0.0,0.0,0.0,0.0,0.0,0.0,0.0,0.0,0.0,0.0,0.0,0.0,0.0,0.0,0.0,0.0,0.0,0.0,0.0,0.0,0.0,0.0,0.0,0.0,0.0,0.0,0.0,0.0,0.0,0.0,0.0,0.0,0.0,0.0,0.0
6992,41,95,0,0.0,0.0,0.0,0.0,0.0,0.0,0.0,0.0,0.0,0.0,0.0,0.0,0.0,0.0,0.0,0.0,0.0,0.0,0.0,0.0,0.0,0.0,0.0,0.0,0.0,0.0,0.0,0.0,0.0,0.0,0.0,0.0,0.0,0.0,0.0
6993,41,96,0,0.0,0.0,0.0,0.0,0.0,0.0,0.0,0.0,0.0,0.0,0.0,0.0,0.0,0.0,0.0,0.0,0.0,0.0,0.0,0.0,0.0,0.0,0.0,0.0,0.0,0.0,0.0,0.0,0.0,0.0,0.0,0.0,0.0,0.0,0.0
6994,41,98,0,0.0,0.0,0.0,0.0,0.0,0.0,0.0,0.0,0.0,0.0,0.0,0.0,0.0,0.0,0.0,0.0,0.0,0.0,0.0,0.0,0.0,0.0,0.0,0.0,0.0,0.0,0.0,0.0,0.0,0.0,0.0,0.0,0.0,0.0,0.0
6995,41,101,0,0.0,0.0,0.0,0.0,0.0,0.0,0.0,0.0,0.0,0.0,0.0,0.0,0.0,0.0,0.0,0.0,0.0,0.0,0.0,0.0,0.0,0.0,0.0,0.0,0.0,0.0,0.0,0.0,0.0,0.0,0.0,0.0,0.0,0.0,0.0
6996,41,103,0,0.0,0.0,0.0,0.0,0.0,0.0,0.0,0.0,0.0,0.0,0.0,0.0,0.0,0.0,0.0,0.0,0.0,0.0,0.0,0.0,0.0,0.0,0.0,0.0,0.0,0.0,0.0,0.0,0.0,0.0,0.0,0.0,0.0,0.0,0.0
6997,41,104,928,0.0,42.45,18.98,49.48,20.66,42.99,82.0,5.38,0.64,43.83,20.22,16.66,82.32,42.15,18.87,35.2,0.1,34.0,0.0,100.0,0.32,51.0,15.71,33.33,10.88,39.86,17.48,83.16,0.32,82.0,7.93,66.66,0.0,0.0,565.0
6998,41,105,0,0.0,0.0,0.0,0.0,0.0,0.0,0.0,0.0,0.0,0.0,0.0,0.0,0.0,0.0,0.0,0.0,0.0,0.0,0.0,0.0,0.0,0.0,0.0,0.0,0.0,0.0,0.0,0.0,0.0,0.0,0.0,0.0,0.0,0.0,0.0
6999,41,112,0,0.0,0.0,0.0,0.0,0.0,0.0,0.0,0.0,0.0,0.0,0.0,0.0,0.0,0.0,0.0,0.0,0.0,0.0,0.0,0.0,0.0,0.0,0.0,0.0,0.0,0.0,0.0,0.0,0.0,0.0,0.0,0.0,0.0,0.0,0.0
7000,41,114,0,0.0,0.0,0.0,0.0,0.0,0.0,0.0,0.0,0.0,0.0,0.0,0.0,0.0,0.0,0.0,0.0,0.0,0.0,0.0,0.0,0.0,0.0,0.0,0.0,0.0,0.0,0.0,0.0,0.0,0.0,0.0,0.0,0.0,0.0,0.0
7001,41,115,699,0.42,40.59,18.59,50.58,17.74,42.34,83.33,1.72,2.01,48.21,12.97,71.42,90.51,40.24,18.82,40.95,1.14,32.62,2.97,100.0,0.28,37.0,9.89,0.0,2.58,35.33,6.51,38.88,1.72,50.66,22.56,16.66,0.0,0.0,445.0
7002,41,116,0,0.0,0.0,0.0,0.0,0.0,0.0,0.0,0.0,0.0,0.0,0.0,0.0,0.0,0.0,0.0,0.0,0.0,0.0,0.0,0.0,0.0,0.0,0.0,0.0,0.0,0.0,0.0,0.0,0.0,0.0,0.0,0.0,0.0,0.0,0.0
7003,41,119,0,0.0,0.0,0.0,0.0,0.0,0.0,0.0,0.0,0.0,0.0,0.0,0.0,0.0,0.0,0.0,0.0,0.0,0.0,0.0,0.0,0.0,0.0,0.0,0.0,0.0,0.0,0.0,0.0,0.0,0.0,0.0,0.0,0.0,0.0,0.0
7004,41,121,967,0.93,42.53,19.27,52.65,17.8,43.84,53.84,2.71,5.74,56.56,17.69,43.63,86.53,40.51,18.71,43.3,0.62,59.66,26.76,100.0,0.0,0.0,0.0,0.0,3.44,48.54,16.77,36.36,0.93,60.11,21.87,33.33,0.0,0.0,583.0
7005,41,123,0,0.0,0.0,0.0,0.0,0.0,0.0,0.0,0.0,0.0,0.0,0.0,0.0,0.0,0.0,0.0,0.0,0.0,0.0,0.0,0.0,0.0,0.0,0.0,0.0,0.0,0.0,0.0,0.0,0.0,0.0,0.0,0.0,0.0,0.0,0.0
7006,41,125,694,1.15,43.1,19.34,50.66,12.85,41.49,100.0,0.43,1.16,38.75,19.15,62.5,78.13,42.95,19.11,29.66,0.29,50.0,16.97,50.0,0.0,0.0,0.0,0.0,19.67,42.96,19.85,85.18,0.29,44.5,24.74,50.0,0.0,0.0,398.0
7007,41,129,0,0.0,0.0,0.0,0.0,0.0,0.0,0.0,0.0,0.0,0.0,0.0,0.0,0.0,0.0,0.0,0.0,0.0,0.0,0.0,0.0,0.0,0.0,0.0,0.0,0.0,0.0,0.0,0.0,0.0,0.0,0.0,0.0,0.0,0.0,0.0
7008,41,131,0,0.0,0.0,0.0,0.0,0.0,0.0,0.0,0.0,0.0,0.0,0.0,0.0,0.0,0.0,0.0,0.0,0.0,0.0,0.0,0.0,0.0,0.0,0.0,0.0,0.0,0.0,0.0,0.0,0.0,0.0,0.0,0.0,0.0,0.0,0.0
7009,41,133,0,0.0,0.0,0.0,0.0,0.0,0.0,0.0,0.0,0.0,0.0,0.0,0.0,0.0,0.0,0.0,0.0,0.0,0.0,0.0,0.0,0.0,0.0,0.0,0.0,0.0,0.0,0.0,0.0,0.0,0.0,0.0,0.0,0.0,0.0,0.0
7010,41,136,0,0.0,0.0,0.0,0.0,0.0,0.0,0.0,0.0,0.0,0.0,0.0,0.0,0.0,0.0,0.0,0.0,0.0,0.0,0.0,0.0,0.0,0.0,0.0,0.0,0.0,0.0,0.0,0.0,0.0,0.0,0.0,0.0,0.0,0.0,0.0
7011,41,140,0,0.0,0.0,0.0,0.0,0.0,0.0,0.0,0.0,0.0,0.0,0.0,0.0,0.0,0.0,0.0,0.0,0.0,0.0,0.0,0.0,0.0,0.0,0.0,0.0,0.0,0.0,0.0,0.0,0.0,0.0,0.0,0.0,0.0,0.0,0.0
7012,41,144,0,0.0,0.0,0.0,0.0,0.0,0.0,0.0,0.0,0.0,0.0,0.0,0.0,0.0,0.0,0.0,0.0,0.0,0.0,0.0,0.0,0.0,0.0,0.0,0.0,0.0,0.0,0.0,0.0,0.0,0.0,0.0,0.0,0.0,0.0,0.0
7013,41,145,0,0.0,0.0,0.0,0.0,0.0,0.0,0.0,0.0,0.0,0.0,0.0,0.0,0.0,0.0,0.0,0.0,0.0,0.0,0.0,0.0,0.0,0.0,0.0,0.0,0.0,0.0,0.0,0.0,0.0,0.0,0.0,0.0,0.0,0.0,0.0
7014,41,157,0,0.0,0.0,0.0,0.0,0.0,0.0,0.0,0.0,0.0,0.0,0.0,0.0,0.0,0.0,0.0,0.0,0.0,0.0,0.0,0.0,0.0,0.0,0.0,0.0,0.0,0.0,0.0,0.0,0.0,0.0,0.0,0.0,0.0,0.0,0.0
7015,41,159,0,0.0,0.0,0.0,0.0,0.0,0.0,0.0,0.0,0.0,0.0,0.0,0.0,0.0,0.0,0.0,0.0,0.0,0.0,0.0,0.0,0.0,0.0,0.0,0.0,0.0,0.0,0.0,0.0,0.0,0.0,0.0,0.0,0.0,0.0,0.0
7016,41,160,0,0.0,0.0,0.0,0.0,0.0,0.0,0.0,0.0,0.0,0.0,0.0,0.0,0.0,0.0,0.0,0.0,0.0,0.0,0.0,0.0,0.0,0.0,0.0,0.0,0.0,0.0,0.0,0.0,0.0,0.0,0.0,0.0,0.0,0.0,0.0
7017,41,161,0,0.0,0.0,0.0,0.0,0.0,0.0,0.0,0.0,0.0,0.0,0.0,0.0,0.0,0.0,0.0,0.0,0.0,0.0,0.0,0.0,0.0,0.0,0.0,0.0,0.0,0.0,0.0,0.0,0.0,0.0,0.0,0.0,0.0,0.0,0.0
7018,41,166,0,0.0,0.0,0.0,0.0,0.0,0.0,0.0,0.0,0.0,0.0,0.0,0.0,0.0,0.0,0.0,0.0,0.0,0.0,0.0,0.0,0.0,0.0,0.0,0.0,0.0,0.0,0.0,0.0,0.0,0.0,0.0,0.0,0.0,0.0,0.0
7019,41,167,0,0.0,0.0,0.0,0.0,0.0,0.0,0.0,0.0,0.0,0.0,0.0,0.0,0.0,0.0,0.0,0.0,0.0,0.0,0.0,0.0,0.0,0.0,0.0,0.0,0.0,0.0,0.0,0.0,0.0,0.0,0.0,0.0,0.0,0.0,0.0
7020,41,168,0,0.0,0.0,0.0,0.0,0.0,0.0,0.0,0.0,0.0,0.0,0.0,0.0,0.0,0.0,0.0,0.0,0.0,0.0,0.0,0.0,0.0,0.0,0.0,0.0,0.0,0.0,0.0,0.0,0.0,0.0,0.0,0.0,0.0,0.0,0.0
7021,41,170,0,0.0,0.0,0.0,0.0,0.0,0.0,0.0,0.0,0.0,0.0,0.0,0.0,0.0,0.0,0.0,0.0,0.0,0.0,0.0,0.0,0.0,0.0,0.0,0.0,0.0,0.0,0.0,0.0,0.0,0.0,0.0,0.0,0.0,0.0,0.0
7022,41,171,820,0.97,42.67,19.4,41.75,24.17,42.31,53.12,3.94,1.47,33.33,18.27,41.66,77.33,43.12,19.46,33.59,0.98,27.37,14.28,50.0,0.36,32.0,14.42,33.33,15.02,43.29,17.67,83.6,0.86,37.28,18.32,42.85,0.0,0.0,478.0
7023,41,172,0,0.0,0.0,0.0,0.0,0.0,0.0,0.0,0.0,0.0,0.0,0.0,0.0,0.0,0.0,0.0,0.0,0.0,0.0,0.0,0.0,0.0,0.0,0.0,0.0,0.0,0.0,0.0,0.0,0.0,0.0,0.0,0.0,0.0,0.0,0.0
7024,41,173,0,0.0,0.0,0.0,0.0,0.0,0.0,0.0,0.0,0.0,0.0,0.0,0.0,0.0,0.0,0.0,0.0,0.0,0.0,0.0,0.0,0.0,0.0,0.0,0.0,0.0,0.0,0.0,0.0,0.0,0.0,0.0,0.0,0.0,0.0,0.0
7025,41,175,0,0.0,0.0,0.0,0.0,0.0,0.0,0.0,0.0,0.0,0.0,0.0,0.0,0.0,0.0,0.0,0.0,0.0,0.0,0.0,0.0,0.0,0.0,0.0,0.0,0.0,0.0,0.0,0.0,0.0,0.0,0.0,0.0,0.0,0.0,0.0
7026,41,179,0,0.0,0.0,0.0,0.0,0.0,0.0,0.0,0.0,0.0,0.0,0.0,0.0,0.0,0.0,0.0,0.0,0.0,0.0,0.0,0.0,0.0,0.0,0.0,0.0,0.0,0.0,0.0,0.0,0.0,0.0,0.0,0.0,0.0,0.0,0.0
7027,41,180,0,0.0,0.0,0.0,0.0,0.0,0.0,0.0,0.0,0.0,0.0,0.0,0.0,0.0,0.0,0.0,0.0,0.0,0.0,0.0,0.0,0.0,0.0,0.0,0.0,0.0,0.0,0.0,0.0,0.0,0.0,0.0,0.0,0.0,0.0,0.0
7028,41,181,0,0.0,0.0,0.0,0.0,0.0,0.0,0.0,0.0,0.0,0.0,0.0,0.0,0.0,0.0,0.0,0.0,0.0,0.0,0.0,0.0,0.0,0.0,0.0,0.0,0.0,0.0,0.0,0.0,0.0,0.0,0.0,0.0,0.0,0.0,0.0
7029,41,182,700,0.28,42.15,18.37,54.77,20.65,44.0,77.27,3.15,4.15,52.31,15.52,41.37,85.67,41.29,18.26,41.8,0.42,40.66,5.68,100.0,0.14,60.0,0.0,100.0,5.73,40.02,16.39,57.5,0.71,53.2,14.61,0.0,0.0,0.0,377.0
7030,41,184,0,0.0,0.0,0.0,0.0,0.0,0.0,0.0,0.0,0.0,0.0,0.0,0.0,0.0,0.0,0.0,0.0,0.0,0.0,0.0,0.0,0.0,0.0,0.0,0.0,0.0,0.0,0.0,0.0,0.0,0.0,0.0,0.0,0.0,0.0,0.0
7031,41,187,0,0.0,0.0,0.0,0.0,0.0,0.0,0.0,0.0,0.0,0.0,0.0,0.0,0.0,0.0,0.0,0.0,0.0,0.0,0.0,0.0,0.0,0.0,0.0,0.0,0.0,0.0,0.0,0.0,0.0,0.0,0.0,0.0,0.0,0.0,0.0
7032,41,188,0,0.0,0.0,0.0,0.0,0.0,0.0,0.0,0.0,0.0,0.0,0.0,0.0,0.0,0.0,0.0,0.0,0.0,0.0,0.0,0.0,0.0,0.0,0.0,0.0,0.0,0.0,0.0,0.0,0.0,0.0,0.0,0.0,0.0,0.0,0.0
7033,41,189,0,0.0,0.0,0.0,0.0,0.0,0.0,0.0,0.0,0.0,0.0,0.0,0.0,0.0,0.0,0.0,0.0,0.0,0.0,0.0,0.0,0.0,0.0,0.0,0.0,0.0,0.0,0.0,0.0,0.0,0.0,0.0,0.0,0.0,0.0,0.0
7034,41,190,0,0.0,0.0,0.0,0.0,0.0,0.0,0.0,0.0,0.0,0.0,0.0,0.0,0.0,0.0,0.0,0.0,0.0,0.0,0.0,0.0,0.0,0.0,0.0,0.0,0.0,0.0,0.0,0.0,0.0,0.0,0.0,0.0,0.0,0.0,0.0
7035,41,193,0,0.0,0.0,0.0,0.0,0.0,0.0,0.0,0.0,0.0,0.0,0.0,0.0,0.0,0.0,0.0,0.0,0.0,0.0,0.0,0.0,0.0,0.0,0.0,0.0,0.0,0.0,0.0,0.0,0.0,0.0,0.0,0.0,0.0,0.0,0.0
7036,41,195,0,0.0,0.0,0.0,0.0,0.0,0.0,0.0,0.0,0.0,0.0,0.0,0.0,0.0,0.0,0.0,0.0,0.0,0.0,0.0,0.0,0.0,0.0,0.0,0.0,0.0,0.0,0.0,0.0,0.0,0.0,0.0,0.0,0.0,0.0,0.0
7037,41,196,0,0.0,0.0,0.0,0.0,0.0,0.0,0.0,0.0,0.0,0.0,0.0,0.0,0.0,0.0,0.0,0.0,0.0,0.0,0.0,0.0,0.0,0.0,0.0,0.0,0.0,0.0,0.0,0.0,0.0,0.0,0.0,0.0,0.0,0.0,0.0
7038,41,197,0,0.0,0.0,0.0,0.0,0.0,0.0,0.0,0.0,0.0,0.0,0.0,0.0,0.0,0.0,0.0,0.0,0.0,0.0,0.0,0.0,0.0,0.0,0.0,0.0,0.0,0.0,0.0,0.0,0.0,0.0,0.0,0.0,0.0,0.0,0.0
7039,41,201,0,0.0,0.0,0.0,0.0,0.0,0.0,0.0,0.0,0.0,0.0,0.0,0.0,0.0,0.0,0.0,0.0,0.0,0.0,0.0,0.0,0.0,0.0,0.0,0.0,0.0,0.0,0.0,0.0,0.0,0.0,0.0,0.0,0.0,0.0,0.0
7040,41,203,0,0.0,0.0,0.0,0.0,0.0,0.0,0.0,0.0,0.0,0.0,0.0,0.0,0.0,0.0,0.0,0.0,0.0,0.0,0.0,0.0,0.0,0.0,0.0,0.0,0.0,0.0,0.0,0.0,0.0,0.0,0.0,0.0,0.0,0.0,0.0
7041,41,204,660,0.45,43.52,19.7,54.52,19.47,41.81,29.41,2.58,2.89,54.84,15.28,57.89,88.43,43.08,19.71,41.13,0.91,26.5,13.79,100.0,0.6,48.0,11.31,25.0,3.04,38.75,17.91,40.0,1.52,46.1,14.93,40.0,0.0,0.0,374.0
7042,41,207,0,0.0,0.0,0.0,0.0,0.0,0.0,0.0,0.0,0.0,0.0,0.0,0.0,0.0,0.0,0.0,0.0,0.0,0.0,0.0,0.0,0.0,0.0,0.0,0.0,0.0,0.0,0.0,0.0,0.0,0.0,0.0,0.0,0.0,0.0,0.0
7043,41,209,0,0.0,0.0,0.0,0.0,0.0,0.0,0.0,0.0,0.0,0.0,0.0,0.0,0.0,0.0,0.0,0.0,0.0,0.0,0.0,0.0,0.0,0.0,0.0,0.0,0.0,0.0,0.0,0.0,0.0,0.0,0.0,0.0,0.0,0.0,0.0
7044,41,210,649,0.3,41.78,17.67,39.5,15.66,45.45,50.0,2.47,2.0,42.07,17.26,61.53,88.87,41.94,17.79,44.0,1.23,32.0,6.36,100.0,0.15,25.0,0.0,100.0,3.4,38.27,14.1,45.45,1.85,50.91,24.39,41.66,0.0,0.0,445.0
7045,41,212,0,0.0,0.0,0.0,0.0,0.0,0.0,0.0,0.0,0.0,0.0,0.0,0.0,0.0,0.0,0.0,0.0,0.0,0.0,0.0,0.0,0.0,0.0,0.0,0.0,0.0,0.0,0.0,0.0,0.0,0.0,0.0,0.0,0.0,0.0,0.0
7046,41,214,0,0.0,0.0,0.0,0.0,0.0,0.0,0.0,0.0,0.0,0.0,0.0,0.0,0.0,0.0,0.0,0.0,0.0,0.0,0.0,0.0,0.0,0.0,0.0,0.0,0.0,0.0,0.0,0.0,0.0,0.0,0.0,0.0,0.0,0.0,0.0
7047,41,216,794,0.37,42.79,17.84,48.48,21.64,41.81,80.35,7.07,0.88,52.85,12.1,71.42,86.97,42.36,17.42,37.2,0.63,44.6,14.84,80.0,0.25,63.5,23.33,50.0,3.53,36.75,16.6,67.85,0.63,56.2,16.06,20.0,0.0,0.0,477.0
7048,41,219,0,0.0,0.0,0.0,0.0,0.0,0.0,0.0,0.0,0.0,0.0,0.0,0.0,0.0,0.0,0.0,0.0,0.0,0.0,0.0,0.0,0.0,0.0,0.0,0.0,0.0,0.0,0.0,0.0,0.0,0.0,0.0,0.0,0.0,0.0,0.0
7049,41,223,0,0.0,0.0,0.0,0.0,0.0,0.0,0.0,0.0,0.0,0.0,0.0,0.0,0.0,0.0,0.0,0.0,0.0,0.0,0.0,0.0,0.0,0.0,0.0,0.0,0.0,0.0,0.0,0.0,0.0,0.0,0.0,0.0,0.0,0.0,0.0
7050,41,225,900,0.22,42.87,18.14,46.45,19.69,41.77,81.81,1.22,2.56,56.43,13.86,52.17,89.3,42.26,18.29,41.64,1.0,41.44,18.02,66.66,0.22,42.5,19.09,0.0,4.0,43.05,14.67,25.0,1.67,49.93,14.33,33.33,0.0,0.0,530.0
7051,41,226,0,0.0,0.0,0.0,0.0,0.0,0.0,0.0,0.0,0.0,0.0,0.0,0.0,0.0,0.0,0.0,0.0,0.0,0.0,0.0,0.0,0.0,0.0,0.0,0.0,0.0,0.0,0.0,0.0,0.0,0.0,0.0,0.0,0.0,0.0,0.0
7052,41,228,0,0.0,0.0,0.0,0.0,0.0,0.0,0.0,0.0,0.0,0.0,0.0,0.0,0.0,0.0,0.0,0.0,0.0,0.0,0.0,0.0,0.0,0.0,0.0,0.0,0.0,0.0,0.0,0.0,0.0,0.0,0.0,0.0,0.0,0.0,0.0
7053,42,23,944,0.42,42.05,17.28,38.0,12.62,43.64,70.0,1.06,1.59,49.4,23.58,46.66,90.63,41.57,17.19,42.13,0.31,44.0,6.0,66.66,0.21,64.0,2.82,50.0,4.78,45.91,15.49,77.77,1.38,50.23,22.7,0.0,0.0,43.77,533.0
7054,42,25,926,0.21,44.17,18.74,37.14,20.86,44.7,71.42,0.75,0.86,49.25,17.98,12.5,93.83,44.54,18.64,45.21,2.16,25.9,15.97,45.0,0.0,0.0,0.0,0.0,1.83,48.88,13.4,41.17,0.54,43.6,29.74,0.0,0.0,39.47,520.0
7055,42,26,745,0.0,42.84,17.13,38.42,15.42,42.68,42.85,0.93,1.2,40.33,18.78,44.44,93.28,42.78,17.18,41.87,0.26,39.0,4.24,50.0,0.4,39.33,6.42,33.33,2.68,47.5,17.89,75.0,1.2,45.44,16.84,33.33,0.0,37.86,434.0
7056,42,27,572,0.0,41.93,17.05,43.33,24.52,40.73,33.33,2.09,0.52,47.0,18.68,33.33,91.6,41.86,16.91,39.5,0.0,0.0,0.0,0.0,0.0,0.0,0.0,0.0,4.72,40.96,17.06,70.37,1.04,46.5,15.88,33.33,0.0,38.56,342.0
7057,42,28,623,0.16,42.87,19.38,40.83,23.43,46.38,83.33,0.96,1.28,49.75,17.3,50.0,90.83,42.57,19.36,44.24,0.16,36.0,0.0,100.0,0.0,0.0,0.0,0.0,5.78,45.11,20.52,77.77,0.96,52.33,15.56,0.0,0.0,39.8,345.0
7058,42,29,705,0.0,39.18,16.74,36.58,21.24,43.54,76.47,2.41,0.99,44.0,17.69,28.57,88.51,39.2,16.49,42.46,0.99,28.0,24.44,71.42,0.0,0.0,0.0,0.0,4.96,41.68,16.16,57.14,2.12,38.33,18.63,13.33,0.0,35.14,340.0
7059,42,unclear,1490,0.13,40.23,15.87,41.46,15.69,47.58,39.28,1.88,0.0,0.0,0.0,0.0,91.8,40.18,15.87,45.24,0.4,32.16,16.44,66.66,0.06,64.0,0.0,0.0,4.77,40.26,16.52,95.77,1.07,44.37,13.57,43.75,,,
7060,42,32,984,0.0,43.82,18.29,44.91,20.52,40.85,16.66,1.21,1.21,54.91,14.72,25.0,89.83,43.64,18.46,38.57,0.1,68.0,0.0,100.0,0.0,0.0,0.0,0.0,6.91,42.98,16.0,79.41,0.71,50.71,14.92,14.28,0.0,41.6,581.0
7061,42,33,641,0.0,44.63,18.75,24.0,0.0,43.21,0.0,0.15,0.31,53.5,6.36,50.0,93.29,44.52,18.37,42.3,0.93,40.33,28.28,50.0,0.0,0.0,0.0,0.0,4.21,41.48,22.45,70.37,1.09,70.57,10.03,14.28,0.0,43.37,382.0
7062,42,35,780,0.0,43.37,19.13,0.0,0.0,40.38,0.0,0.0,0.51,57.25,19.73,0.0,92.82,43.29,19.19,38.53,0.89,31.57,11.92,28.57,0.0,0.0,0.0,0.0,5.38,43.88,18.26,78.57,0.38,62.66,11.01,33.33,0.0,37.79,494.0
7063,42,36,747,0.13,44.2,18.69,56.2,20.31,43.5,40.0,0.67,0.8,46.5,23.64,50.0,93.16,44.14,18.39,43.16,2.14,38.37,21.47,62.5,0.0,0.0,0.0,0.0,1.74,46.23,16.25,46.15,1.47,47.27,31.4,36.36,0.0,37.9,412.0
7064,42,63,728,0.0,44.46,19.55,29.4,18.05,41.34,20.0,2.06,0.27,46.0,2.82,50.0,88.04,44.77,19.26,37.75,1.92,36.64,24.73,57.14,0.0,0.0,0.0,0.0,7.28,45.3,19.76,88.67,0.41,75.0,12.52,0.0,0.0,39.53,428.0
7065,42,68,827,0.0,44.44,19.9,72.75,9.91,41.35,75.0,0.48,0.48,40.75,9.91,50.0,84.15,44.73,19.79,34.62,0.36,32.66,5.13,100.0,0.0,0.0,0.0,0.0,13.78,41.67,20.81,80.7,0.72,52.83,7.08,16.66,0.0,33.41,544.0
7066,42,74,581,0.17,44.71,18.85,42.08,12.84,45.09,43.47,3.96,1.2,52.57,24.01,14.28,70.0,44.64,18.99,30.54,0.34,21.5,30.4,50.0,0.0,0.0,0.0,0.0,24.13,45.17,18.99,90.0,0.34,52.0,4.24,0.0,0.0,34.86,386.0
7067,42,75,697,0.0,38.73,19.73,32.1,16.48,42.18,42.1,2.72,0.0,0.0,0.0,0.0,76.9,39.31,20.22,31.71,0.14,38.0,0.0,0.0,0.14,60.0,0.0,100.0,19.36,36.78,17.84,83.7,0.71,50.4,23.26,40.0,0.0,33.1,400.0
7068,42,82,840,0.11,42.99,19.75,44.63,26.52,43.92,63.63,1.31,1.43,56.25,15.85,58.33,92.37,42.88,19.66,43.74,1.31,37.81,16.89,63.63,0.23,48.0,14.14,0.0,2.14,35.88,17.81,33.33,1.19,53.9,23.09,30.0,0.0,35.03,524.0
7069,42,83,774,0.0,42.68,19.07,37.0,24.04,42.5,100.0,0.25,1.67,44.07,25.37,76.92,93.66,42.71,18.92,41.24,1.03,26.0,11.53,100.0,0.0,0.0,0.0,0.0,2.32,39.5,17.62,33.33,1.03,62.75,15.48,50.0,0.0,36.81,425.0
7070,42,84,920,0.21,42.81,19.04,62.75,10.14,41.19,50.0,0.43,1.52,46.35,23.1,78.57,88.56,42.12,18.76,37.26,0.54,31.6,10.26,100.0,0.0,0.0,0.0,0.0,7.4,46.3,20.77,77.94,1.52,60.07,13.21,28.57,0.0,35.66,515.0
7071,42,86,493,0.0,43.38,18.12,47.75,11.44,42.79,50.0,0.81,2.23,45.81,25.19,54.54,90.66,43.3,17.99,42.5,0.6,51.0,45.39,66.66,0.0,0.0,0.0,0.0,4.66,42.17,14.69,43.47,1.01,42.4,17.84,20.0,0.0,62.56,291.0
7072,42,87,650,0.0,41.55,18.06,41.38,18.97,43.84,83.33,8.3,4.15,44.96,18.94,18.51,74.46,40.82,17.83,37.39,0.92,50.66,19.84,50.0,0.15,63.0,0.0,0.0,10.3,44.2,17.94,71.64,1.69,43.09,20.89,27.27,0.0,31.57,385.0
7073,42,88,753,0.26,41.57,18.67,48.0,11.93,40.23,60.0,0.66,0.93,54.0,14.32,42.85,82.68,41.79,18.75,32.85,0.39,47.0,17.34,100.0,0.0,0.0,0.0,0.0,15.04,39.29,18.71,79.64,0.26,41.5,12.02,0.0,0.0,36.07,498.0
7074,42,89,632,0.15,40.93,19.78,42.0,10.27,43.19,40.0,0.79,1.42,55.66,10.94,66.66,88.11,40.4,19.92,40.82,0.79,36.6,26.12,60.0,0.0,0.0,0.0,0.0,7.44,43.57,18.44,68.08,1.42,51.88,14.53,22.22,0.0,32.4,363.0
7075,42,90,540,0.18,43.41,18.58,45.25,8.8,42.03,75.0,0.74,2.04,41.9,9.63,54.54,89.42,43.52,19.12,38.38,0.55,30.66,6.35,100.0,0.0,0.0,0.0,0.0,6.67,41.63,13.65,80.55,0.55,59.33,20.4,0.0,0.0,38.49,338.0
7076,42,93,535,0.0,42.87,19.85,39.75,5.79,42.8,37.5,2.99,0.18,0.0,0.0,100.0,80.0,42.27,20.02,33.17,0.18,0.0,0.0,100.0,0.0,0.0,0.0,0.0,16.44,47.29,19.51,89.77,0.18,44.0,0.0,0.0,0.0,34.19,323.0
7077,42,101,402,0.0,41.51,17.5,43.25,12.73,43.78,75.0,1.99,0.0,0.0,0.0,0.0,80.84,41.75,17.6,32.92,0.0,0.0,0.0,0.0,0.0,0.0,0.0,0.0,16.91,40.16,17.78,92.64,0.24,42.0,0.0,0.0,0.0,32.55,261.0
7078,42,103,547,0.0,43.76,19.4,38.5,17.99,41.68,50.0,0.73,0.0,0.0,0.0,0.0,78.42,43.68,19.72,28.2,0.0,0.0,0.0,0.0,0.0,0.0,0.0,0.0,20.84,44.25,18.35,92.1,0.0,0.0,0.0,0.0,0.0,37.27,317.0
7079,42,104,768,0.26,41.67,17.43,45.07,14.57,42.31,71.42,1.82,1.04,45.12,15.25,62.5,87.07,41.78,17.64,37.33,0.52,39.25,9.21,75.0,0.0,0.0,0.0,0.0,8.87,39.05,17.09,77.94,0.65,43.4,9.42,60.0,0.0,51.87,467.0
7080,42,106,756,0.0,44.55,20.38,47.85,39.47,40.34,71.42,0.92,0.13,58.0,0.0,0.0,86.64,44.33,20.15,34.04,0.13,32.0,0.0,100.0,0.0,0.0,0.0,0.0,11.37,45.36,20.42,87.2,0.79,53.5,21.55,16.66,0.0,52.75,473.0
7081,42,107,530,0.75,44.58,18.51,62.0,14.7,40.56,38.09,3.99,1.14,48.33,8.68,50.0,75.47,43.9,18.5,28.96,0.19,32.0,0.0,0.0,0.38,68.0,2.82,50.0,17.68,43.52,17.6,89.24,1.14,30.0,24.81,83.33,0.0,60.85,373.0
7082,42,111,699,0.0,42.37,20.12,39.5,13.31,41.63,37.5,3.43,0.28,48.0,2.82,50.0,79.68,42.42,20.65,32.67,0.57,38.75,7.71,75.0,0.0,0.0,0.0,0.0,15.73,42.48,18.88,86.36,0.28,57.0,41.01,50.0,0.0,47.75,373.0
7083,42,112,865,0.0,42.79,18.11,29.97,15.43,45.54,37.77,5.2,3.12,44.33,11.85,40.74,70.52,43.98,18.16,32.78,0.23,37.0,0.0,50.0,0.0,0.0,0.0,0.0,20.69,41.76,18.32,92.17,0.23,46.0,4.24,0.0,0.0,39.59,509.0
7084,42,113,936,0.1,41.28,19.42,16.5,12.92,42.94,66.66,0.64,0.21,29.5,3.53,50.0,80.21,40.95,18.74,32.13,0.0,0.0,0.0,0.0,0.0,0.0,0.0,0.0,18.5,43.57,21.62,89.59,0.42,37.5,25.63,25.0,0.0,38.9,560.0
7085,42,114,692,0.0,42.05,19.48,34.0,14.98,43.35,25.0,0.57,0.28,48.0,19.79,50.0,77.16,42.52,19.44,31.64,0.14,70.0,0.0,100.0,0.0,0.0,0.0,0.0,21.67,40.28,19.72,84.66,0.14,48.0,0.0,100.0,0.0,38.37,433.0
7086,42,115,919,0.0,42.53,19.21,55.2,15.73,41.67,80.0,0.54,0.43,42.5,5.91,25.0,79.43,42.11,19.58,31.36,0.54,41.8,13.79,100.0,0.1,67.0,0.0,100.0,18.6,43.58,17.91,83.04,0.32,58.0,13.74,33.33,0.0,36.4,552.0
7087,42,116,780,0.0,41.59,19.24,47.56,19.62,44.23,87.5,2.05,0.12,25.0,0.0,0.0,76.53,41.2,19.14,31.99,0.12,33.0,0.0,100.0,0.0,0.0,0.0,0.0,20.76,42.59,19.64,85.18,0.38,41.66,21.22,33.33,0.0,36.43,477.0
7088,42,unclear,1283,1.24,41.93,15.47,47.36,15.18,44.03,63.63,0.86,0.0,0.0,0.0,0.0,95.81,41.87,15.46,43.49,0.63,28.0,4.89,87.5,0.0,0.0,0.0,0.0,1.18,38.06,9.89,33.33,1.49,49.1,17.67,52.63,,,
7089,42,119,674,1.63,41.98,18.65,47.39,19.7,44.21,81.39,6.48,1.8,44.0,16.18,66.66,78.43,41.34,18.65,34.42,0.15,39.0,0.0,100.0,0.45,52.33,14.01,33.33,12.51,41.44,18.41,83.13,0.15,30.0,0.0,0.0,0.0,53.83,388.0
7090,42,121,629,0.0,41.93,20.1,38.75,6.62,40.54,50.0,1.27,0.63,39.25,35.6,50.0,84.89,42.08,20.1,33.7,0.47,36.66,6.35,100.0,0.0,0.0,0.0,0.0,12.08,41.09,20.61,85.52,0.63,51.25,23.02,25.0,0.0,49.96,417.0
7091,42,122,644,0.0,43.12,18.42,37.66,27.1,41.61,75.0,1.86,1.08,54.14,15.83,42.85,90.06,43.46,18.15,38.1,0.93,30.33,16.46,100.0,0.15,38.0,0.0,0.0,5.27,38.94,20.03,79.41,0.62,46.75,10.56,50.0,0.0,36.48,385.0
7092,42,123,759,0.13,42.5,18.45,56.4,26.87,43.61,90.0,2.63,0.52,44.0,13.95,0.0,89.44,42.02,18.21,40.41,0.26,23.0,4.24,0.0,0.26,34.5,17.67,0.0,6.2,43.55,15.87,74.46,0.65,54.6,19.32,60.0,0.0,47.18,427.0
7093,42,126,733,0.0,42.93,19.95,54.52,17.36,40.92,78.26,3.13,1.36,48.4,19.06,10.0,87.03,42.43,19.86,38.08,0.27,42.0,22.62,50.0,0.13,76.0,0.0,0.0,7.36,41.88,19.95,66.66,0.68,48.2,30.77,20.0,0.0,49.69,432.0
7094,42,127,913,0.0,41.47,18.0,50.8,16.37,40.96,40.0,0.54,0.98,55.11,11.9,66.66,87.4,40.93,18.06,35.21,0.43,37.0,5.59,100.0,0.1,92.0,0.0,100.0,9.96,43.5,17.3,85.71,0.54,49.8,12.79,40.0,0.0,37.12,538.0
7095,42,128,666,0.0,43.68,19.82,54.06,17.69,42.19,62.5,2.4,0.3,50.0,2.82,50.0,84.08,43.68,19.7,35.71,0.6,33.0,12.46,75.0,0.0,0.0,0.0,0.0,11.86,42.07,19.89,83.54,0.75,41.6,37.82,20.0,0.0,38.27,404.0
7096,42,129,724,0.13,42.59,19.08,54.81,15.84,43.23,88.88,7.46,0.96,50.71,14.34,14.28,84.5,41.83,19.0,37.97,0.41,50.0,23.0,33.33,0.0,0.0,0.0,0.0,6.08,34.88,17.26,68.18,0.55,62.5,19.26,0.0,0.0,49.08,420.0
7097,42,132,721,0.0,41.41,19.47,48.33,21.31,43.27,88.88,4.99,1.38,47.0,21.43,60.0,84.74,40.38,19.14,36.66,0.0,0.0,0.0,0.0,0.27,49.0,7.07,0.0,8.04,45.74,20.57,82.75,0.55,56.0,13.95,50.0,0.0,45.91,423.0
7098,42,134,692,0.14,43.32,19.83,33.0,8.48,42.05,100.0,0.28,1.3,49.22,21.24,55.55,93.77,43.31,19.63,42.28,0.28,31.0,4.24,50.0,0.14,37.0,0.0,0.0,2.17,36.0,19.1,20.0,2.02,51.28,29.1,35.71,0.0,52.47,411.0
7099,42,136,680,0.0,42.34,19.67,54.96,20.47,43.82,80.0,3.67,1.61,43.27,15.58,27.27,88.08,41.61,19.6,43.73,0.44,27.66,2.51,66.66,0.14,64.0,0.0,100.0,4.7,42.62,16.49,31.25,1.32,56.55,24.14,0.0,0.0,52.9,416.0
7100,42,137,760,0.0,42.43,17.68,55.57,18.5,42.89,80.95,2.76,0.78,35.5,30.38,16.66,88.42,41.99,17.17,39.13,0.52,33.5,12.47,50.0,0.0,0.0,0.0,0.0,6.05,43.47,20.87,89.13,1.44,47.45,17.95,18.18,0.0,35.04,465.0
7101,42,139,1017,0.0,42.13,19.68,51.52,18.14,41.59,84.21,1.86,0.88,42.66,21.81,55.55,87.61,41.74,19.52,39.5,1.17,33.83,14.21,91.66,0.09,44.0,0.0,0.0,5.99,39.62,19.24,52.45,2.35,59.58,20.68,29.16,0.0,32.33,644.0
7102,42,140,580,0.0,42.71,17.87,54.05,20.1,45.0,83.33,3.1,1.2,39.85,14.74,14.28,90.86,42.2,17.68,43.83,0.68,29.0,7.52,100.0,0.0,0.0,0.0,0.0,3.1,46.94,18.74,50.0,1.03,53.5,19.31,16.66,0.0,37.02,333.0
7103,42,141,888,0.0,42.95,18.77,49.41,22.45,40.54,88.23,5.74,1.23,43.45,24.13,27.27,85.24,42.53,18.43,35.66,0.67,43.66,21.45,100.0,0.0,0.0,0.0,0.0,5.85,39.8,16.38,65.38,1.23,55.72,20.7,18.18,0.0,35.41,471.0
7104,42,142,800,0.0,42.51,19.92,63.4,25.7,41.75,70.0,1.25,0.75,42.0,22.66,33.33,90.75,42.18,19.74,38.42,0.25,39.0,4.24,100.0,0.0,0.0,0.0,0.0,6.5,40.84,18.04,84.61,0.5,75.5,11.35,0.0,0.0,37.0,490.0
7105,42,143,790,0.0,41.93,19.14,47.82,24.43,42.15,85.71,3.54,0.25,35.5,3.53,0.0,85.44,41.34,18.62,36.14,0.12,28.0,0.0,100.0,0.12,0.0,0.0,100.0,9.62,43.8,19.61,81.57,0.88,65.14,22.93,14.28,0.0,37.3,464.0
7106,42,144,977,0.1,42.45,19.54,54.74,21.31,42.16,77.77,5.53,0.2,50.0,7.07,50.0,83.5,41.81,19.09,35.58,0.51,34.6,8.56,80.0,0.4,51.5,24.29,25.0,9.01,40.76,19.13,79.54,0.81,47.0,29.91,50.0,0.0,34.16,547.0
7107,42,145,421,0.0,41.64,18.74,61.34,15.86,46.08,96.15,6.17,0.23,32.0,0.0,0.0,88.36,39.8,17.99,41.39,0.0,0.0,0.0,0.0,0.23,82.0,0.0,0.0,4.51,46.36,18.08,78.94,0.47,67.5,21.92,0.0,0.0,36.3,230.0
7108,42,146,896,0.0,42.76,18.84,54.58,17.46,43.86,84.21,10.6,0.66,45.66,17.11,33.33,84.04,41.64,18.6,37.98,0.33,31.0,29.2,33.33,0.22,34.5,20.5,0.0,3.34,30.4,10.0,66.66,0.78,60.85,11.24,57.14,0.0,34.88,519.0
7109,42,147,928,0.0,42.68,17.84,53.16,13.53,42.67,75.0,2.58,2.69,53.84,17.2,64.0,88.68,41.97,17.6,40.58,0.86,40.37,23.37,75.0,0.21,47.5,3.53,100.0,3.12,41.1,17.26,44.82,1.83,48.82,24.89,41.17,0.0,42.1,533.0
7110,42,148,944,0.1,41.01,17.62,48.37,20.93,43.0,75.92,5.72,3.07,43.51,25.49,41.37,85.04,40.29,16.97,40.39,1.16,34.54,10.07,81.81,0.0,0.0,0.0,0.0,2.96,40.89,16.34,46.42,2.01,49.42,19.28,31.57,0.0,34.58,524.0
7111,42,unclear,1257,0.31,42.88,16.38,55.46,16.4,46.3,86.04,10.29,0.0,0.0,0.0,0.0,85.15,41.5,15.91,40.95,0.31,25.75,4.5,50.0,0.0,0.0,0.0,0.0,3.43,39.6,12.28,65.11,0.79,48.6,13.83,40.0,,,
7112,42,153,1105,0.36,40.98,16.99,36.16,17.35,40.99,66.66,1.63,0.63,47.85,27.14,42.85,92.55,40.91,17.03,38.76,0.18,43.5,4.94,50.0,0.27,42.66,6.02,33.33,4.35,41.95,14.33,75.0,0.36,56.0,21.46,50.0,0.0,28.38,584.0
7113,42,154,829,0.12,40.37,18.17,53.2,24.86,44.27,70.0,1.2,0.84,59.57,19.69,85.71,92.63,40.18,17.9,42.5,1.08,32.66,15.4,100.0,0.12,0.0,0.0,0.0,3.01,38.08,18.36,64.0,1.08,50.22,12.12,22.22,0.0,31.71,479.0
7114,42,155,881,0.11,43.1,19.13,54.82,22.32,41.2,80.82,8.29,0.9,42.87,21.66,37.5,84.77,42.44,18.49,36.72,0.11,20.0,0.0,0.0,0.34,68.0,17.43,0.0,5.11,34.55,15.16,57.77,0.45,40.5,19.33,25.0,0.0,36.7,470.0
7115,42,156,481,0.0,42.74,17.61,67.5,21.89,41.37,90.0,2.07,1.03,47.6,20.26,20.0,81.49,42.98,17.44,32.9,0.62,26.33,6.5,66.66,0.0,0.0,0.0,0.0,14.13,38.83,14.25,82.35,0.62,25.0,24.06,66.66,0.0,39.03,251.0
7116,42,158,896,0.0,42.58,19.31,60.81,15.87,41.85,84.84,3.68,2.0,48.33,17.02,33.33,89.5,41.73,19.11,40.89,0.22,26.0,2.82,50.0,0.11,32.0,0.0,100.0,3.01,37.55,18.94,37.03,1.45,54.61,17.53,7.69,0.0,33.28,527.0
7117,42,159,907,0.0,41.85,19.61,57.93,21.41,43.1,84.78,5.07,0.77,58.28,20.57,57.14,89.41,40.83,18.94,40.07,0.11,40.0,0.0,100.0,0.0,0.0,0.0,0.0,3.96,41.13,22.06,58.33,0.66,41.66,24.5,16.66,0.0,37.62,504.0
7118,42,160,624,0.0,42.86,19.04,54.36,24.24,42.14,86.66,4.8,1.76,56.54,19.69,36.36,85.73,42.53,18.62,38.5,0.16,24.0,0.0,100.0,0.16,20.0,0.0,0.0,7.21,35.95,14.62,57.77,0.16,76.0,0.0,0.0,0.0,55.1,377.0
7119,42,162,659,0.0,42.32,19.1,54.14,24.72,41.88,85.41,7.28,0.6,41.5,9.57,75.0,85.88,41.68,18.28,37.45,0.45,36.0,19.15,66.66,0.0,0.0,0.0,0.0,5.46,36.27,18.78,50.0,0.3,57.5,20.5,0.0,0.0,50.03,379.0
7120,42,163,786,0.0,42.73,19.06,57.07,25.68,39.56,76.92,4.96,1.39,50.36,15.67,9.09,88.93,41.75,18.34,37.19,0.5,31.5,7.14,100.0,0.12,53.0,0.0,0.0,3.05,39.58,17.93,54.16,1.01,61.75,17.73,37.5,0.0,35.09,433.0
7121,42,164,498,0.2,41.43,18.11,59.93,18.24,44.77,86.2,5.83,0.6,47.0,17.32,66.66,81.28,39.96,16.88,39.35,0.4,36.0,22.62,50.0,0.6,42.66,19.13,0.0,10.26,41.82,20.58,64.7,1.0,46.8,34.07,40.0,0.0,37.35,284.0
7122,42,168,801,0.0,40.77,20.46,50.47,23.17,42.19,84.78,5.74,0.87,29.42,6.82,42.85,82.52,39.87,20.27,34.79,0.12,28.0,0.0,100.0,0.0,0.0,0.0,0.0,10.11,42.79,19.54,79.01,0.62,56.4,18.4,20.0,0.0,45.62,434.0
7123,42,169,729,0.0,43.0,20.31,63.44,20.97,44.71,77.77,1.23,0.27,34.5,14.84,0.0,82.57,43.16,20.51,36.87,0.27,46.5,2.12,50.0,0.13,66.0,0.0,0.0,15.22,40.37,18.5,86.48,0.27,44.5,27.57,0.0,0.0,29.97,445.0
7124,42,171,716,0.0,42.69,18.47,48.5,22.27,41.62,72.22,2.51,0.13,66.0,0.0,0.0,84.63,42.84,18.21,35.47,0.55,33.25,7.88,50.0,0.0,0.0,0.0,0.0,11.45,40.07,19.74,80.48,0.69,49.6,15.75,40.0,0.0,46.52,409.0
7125,42,176,896,0.0,43.26,20.04,56.32,26.12,44.64,80.0,5.58,0.44,30.25,21.48,50.0,82.36,42.96,19.61,37.8,0.22,34.5,6.36,100.0,0.22,30.5,4.94,50.0,10.71,39.13,17.28,78.12,0.33,61.0,16.52,33.33,0.0,34.26,486.0
7126,42,179,943,0.21,41.03,19.44,42.6,12.8,44.11,60.0,2.12,1.38,43.15,14.67,23.07,90.32,40.82,19.39,44.23,0.95,23.88,9.82,88.88,0.1,37.0,0.0,0.0,3.08,43.89,24.81,51.72,2.01,52.31,20.25,10.52,0.0,36.83,455.0
7127,42,180,945,0.1,40.89,18.38,43.18,19.07,41.69,62.5,1.69,1.16,42.63,22.84,54.54,90.14,40.79,18.18,41.59,0.52,40.79,21.55,100.0,0.1,23.0,0.0,0.0,4.55,37.79,19.52,32.55,1.8,52.58,19.04,23.52,0.0,28.19,535.0
7128,42,181,816,0.0,39.08,18.59,32.88,18.75,44.6,77.77,1.1,0.73,40.5,25.24,33.33,90.56,39.17,18.48,43.3,1.22,38.29,9.38,80.0,0.0,0.0,0.0,0.0,4.65,35.81,16.7,60.52,1.71,47.0,28.97,28.57,0.0,35.23,415.0
7129,42,182,825,0.24,40.9,17.6,40.2,16.19,42.42,75.0,2.43,1.57,39.61,18.96,38.46,90.27,40.78,17.68,41.04,0.6,29.4,6.61,100.0,0.0,0.0,0.0,0.0,3.4,42.07,16.68,60.71,1.7,51.42,17.31,21.42,0.0,30.02,450.0
7130,42,183,952,0.0,40.01,18.89,35.5,15.03,41.7,64.28,1.47,1.57,43.06,21.93,46.66,86.86,40.03,18.89,37.72,0.94,29.55,12.3,77.77,0.21,28.5,40.3,0.0,7.77,39.93,18.55,82.43,1.15,51.45,20.41,9.09,0.0,33.98,502.0
7131,42,184,934,0.0,39.87,18.18,44.29,21.24,41.97,52.94,1.82,1.92,59.16,17.71,33.33,89.82,39.12,17.71,40.52,0.21,29.5,13.43,100.0,0.0,0.0,0.0,0.0,4.28,38.22,19.63,62.5,1.92,56.27,17.19,55.55,0.0,34.5,467.0
7132,42,185,804,0.12,40.81,18.75,49.45,25.19,44.27,63.63,2.73,1.61,50.69,14.31,23.07,88.04,40.36,18.51,42.99,0.62,30.2,7.66,0.0,0.12,54.0,0.0,0.0,5.35,41.39,20.47,76.74,1.49,41.66,16.52,8.33,0.0,35.05,440.0
7133,42,186,827,0.0,42.12,19.15,49.35,24.06,45.1,78.57,1.69,0.36,51.66,23.18,66.66,83.55,42.09,18.87,36.9,0.24,27.0,1.41,100.0,0.0,0.0,0.0,0.0,13.54,41.51,20.46,91.96,0.6,40.4,10.11,0.0,0.0,36.62,408.0
7134,42,188,614,0.16,42.86,19.41,52.45,21.56,43.81,70.0,3.26,1.3,46.5,16.37,75.0,77.16,42.48,19.44,33.19,0.16,32.0,0.0,0.0,0.0,0.0,0.0,0.0,17.78,42.33,18.65,84.4,0.32,67.5,21.92,0.0,0.0,42.18,298.0
7135,42,unclear,1259,0.39,43.56,15.75,56.15,16.83,45.83,92.1,3.03,0.0,0.0,0.0,0.0,92.1,43.37,15.5,42.33,0.31,31.5,5.0,75.0,0.15,37.0,9.89,100.0,3.98,39.86,17.0,84.0,0.39,49.6,20.79,60.0,,,
7136,42,192,918,0.0,43.27,18.73,43.25,26.0,43.13,68.75,1.74,0.32,40.66,17.78,33.33,86.27,43.28,18.72,37.75,0.65,36.16,6.73,83.33,0.0,0.0,0.0,0.0,10.56,43.61,17.8,82.47,0.43,45.0,30.29,0.0,0.0,34.14,445.0
7137,42,193,647,0.0,41.55,19.88,45.1,20.17,41.73,50.0,1.54,0.61,52.0,17.83,25.0,86.08,40.63,20.02,36.44,0.15,32.0,0.0,100.0,0.0,0.0,0.0,0.0,10.97,46.77,17.55,81.69,0.61,59.75,25.31,50.0,0.0,36.93,361.0
7138,42,1,701,0.14,43.43,19.44,28.5,7.93,42.36,50.0,0.57,0.42,55.33,7.63,66.66,78.71,43.12,20.08,29.76,0.14,49.0,0.0,100.0,0.0,0.0,0.0,0.0,20.14,44.7,17.03,90.07,0.0,0.0,0.0,0.0,0.0,0.0,482.0
7139,42,2,743,0.0,42.85,18.72,25.0,1.41,41.99,50.0,0.26,0.26,40.0,14.14,0.0,77.38,42.81,19.12,29.04,0.0,0.0,0.0,0.0,0.0,0.0,0.0,0.0,22.07,43.22,17.36,87.8,0.0,0.0,0.0,0.0,0.0,0.0,490.0
7140,42,3,0,0.0,0.0,0.0,0.0,0.0,0.0,0.0,0.0,0.0,0.0,0.0,0.0,0.0,0.0,0.0,0.0,0.0,0.0,0.0,0.0,0.0,0.0,0.0,0.0,0.0,0.0,0.0,0.0,0.0,0.0,0.0,0.0,0.0,0.0,0.0
7141,42,4,0,0.0,0.0,0.0,0.0,0.0,0.0,0.0,0.0,0.0,0.0,0.0,0.0,0.0,0.0,0.0,0.0,0.0,0.0,0.0,0.0,0.0,0.0,0.0,0.0,0.0,0.0,0.0,0.0,0.0,0.0,0.0,0.0,0.0,0.0,0.0
7142,42,5,0,0.0,0.0,0.0,0.0,0.0,0.0,0.0,0.0,0.0,0.0,0.0,0.0,0.0,0.0,0.0,0.0,0.0,0.0,0.0,0.0,0.0,0.0,0.0,0.0,0.0,0.0,0.0,0.0,0.0,0.0,0.0,0.0,0.0,0.0,0.0
7143,42,6,649,0.0,44.69,20.99,29.75,12.17,43.45,25.0,0.61,1.07,46.0,23.48,14.28,78.27,45.12,21.24,31.88,0.0,0.0,0.0,0.0,0.0,0.0,0.0,0.0,19.87,43.11,19.81,90.69,0.15,80.0,0.0,100.0,0.0,0.0,418.0
7144,42,7,640,0.0,43.04,19.91,45.0,0.0,41.87,100.0,0.15,0.0,0.0,0.0,0.0,80.46,43.5,19.95,31.06,0.0,0.0,0.0,0.0,0.0,0.0,0.0,0.0,19.06,40.57,19.34,86.88,0.31,73.5,27.57,50.0,0.0,0.0,441.0
7145,42,8,0,0.0,0.0,0.0,0.0,0.0,0.0,0.0,0.0,0.0,0.0,0.0,0.0,0.0,0.0,0.0,0.0,0.0,0.0,0.0,0.0,0.0,0.0,0.0,0.0,0.0,0.0,0.0,0.0,0.0,0.0,0.0,0.0,0.0,0.0,0.0
7146,42,9,0,0.0,0.0,0.0,0.0,0.0,0.0,0.0,0.0,0.0,0.0,0.0,0.0,0.0,0.0,0.0,0.0,0.0,0.0,0.0,0.0,0.0,0.0,0.0,0.0,0.0,0.0,0.0,0.0,0.0,0.0,0.0,0.0,0.0,0.0,0.0
7147,42,10,915,0.0,43.52,19.94,43.4,17.92,43.06,30.0,1.09,0.0,0.0,0.0,0.0,74.97,44.46,19.99,27.69,0.0,0.0,0.0,0.0,0.0,0.0,0.0,0.0,23.93,40.57,19.66,91.78,0.0,0.0,0.0,0.0,0.0,0.0,554.0
7148,42,11,609,0.0,43.54,19.98,83.0,0.0,43.67,0.0,0.16,0.0,0.0,0.0,0.0,79.63,43.35,20.15,32.37,0.0,0.0,0.0,0.0,0.0,0.0,0.0,0.0,20.19,44.0,19.1,88.61,0.0,0.0,0.0,0.0,0.0,0.0,408.0
7149,42,12,318,0.0,43.9,18.64,0.0,0.0,39.62,0.0,0.0,0.0,0.0,0.0,0.0,77.98,43.81,18.91,25.4,0.0,0.0,0.0,0.0,0.0,0.0,0.0,0.0,21.69,44.37,17.85,89.85,0.31,34.0,0.0,100.0,0.0,0.0,203.0
7150,42,13,0,0.0,0.0,0.0,0.0,0.0,0.0,0.0,0.0,0.0,0.0,0.0,0.0,0.0,0.0,0.0,0.0,0.0,0.0,0.0,0.0,0.0,0.0,0.0,0.0,0.0,0.0,0.0,0.0,0.0,0.0,0.0,0.0,0.0,0.0,0.0
7151,42,14,568,0.0,43.37,20.31,48.14,24.49,44.36,85.71,1.23,0.0,0.0,0.0,0.0,78.87,43.71,20.14,32.14,0.17,45.0,0.0,100.0,0.0,0.0,0.0,0.0,19.36,41.36,20.9,91.81,0.35,60.5,10.6,0.0,0.0,0.0,330.0
7152,42,15,472,0.0,39.94,19.63,45.0,15.62,39.61,33.33,0.63,0.0,0.0,0.0,0.0,79.23,39.97,20.05,27.27,0.0,0.0,0.0,0.0,0.0,0.0,0.0,0.0,20.12,39.65,18.16,88.42,0.0,0.0,0.0,0.0,0.0,0.0,295.0
7153,42,16,0,0.0,0.0,0.0,0.0,0.0,0.0,0.0,0.0,0.0,0.0,0.0,0.0,0.0,0.0,0.0,0.0,0.0,0.0,0.0,0.0,0.0,0.0,0.0,0.0,0.0,0.0,0.0,0.0,0.0,0.0,0.0,0.0,0.0,0.0,0.0
7154,42,17,643,0.0,42.94,18.62,27.5,6.36,44.47,50.0,0.31,0.0,0.0,0.0,0.0,77.91,43.78,19.08,31.53,0.0,0.0,0.0,0.0,0.0,0.0,0.0,0.0,21.77,40.16,16.68,90.71,0.0,0.0,0.0,0.0,0.0,0.0,445.0
7155,42,18,683,0.29,39.79,19.08,42.7,21.91,41.87,70.0,1.46,0.29,60.0,8.48,100.0,80.91,39.54,19.48,30.3,0.0,0.0,0.0,0.0,0.0,0.0,0.0,0.0,17.03,40.34,17.08,93.1,0.29,38.5,16.26,0.0,0.0,0.0,393.0
7156,42,19,389,0.0,44.1,19.13,70.66,5.03,40.61,0.0,0.77,0.0,0.0,0.0,0.0,74.03,44.0,19.15,24.3,0.0,0.0,0.0,0.0,0.0,0.0,0.0,0.0,25.19,43.58,18.86,89.79,0.0,0.0,0.0,0.0,0.0,0.0,261.0
7157,42,20,0,0.0,0.0,0.0,0.0,0.0,0.0,0.0,0.0,0.0,0.0,0.0,0.0,0.0,0.0,0.0,0.0,0.0,0.0,0.0,0.0,0.0,0.0,0.0,0.0,0.0,0.0,0.0,0.0,0.0,0.0,0.0,0.0,0.0,0.0,0.0
7158,42,21,644,0.0,44.16,19.76,43.0,8.28,42.85,0.0,0.62,0.31,51.5,23.33,50.0,75.93,44.93,20.24,28.83,0.0,0.0,0.0,0.0,0.15,27.0,0.0,0.0,22.98,41.66,18.23,90.54,0.0,0.0,0.0,0.0,0.0,0.0,425.0
7159,42,22,645,0.0,42.07,19.56,45.66,10.01,43.87,100.0,0.46,0.0,0.0,0.0,0.0,75.03,42.45,19.49,28.51,0.0,0.0,0.0,0.0,0.15,32.0,0.0,0.0,24.03,41.29,19.78,91.61,0.31,11.0,15.55,0.0,0.0,0.0,364.0
7160,42,24,0,0.0,0.0,0.0,0.0,0.0,0.0,0.0,0.0,0.0,0.0,0.0,0.0,0.0,0.0,0.0,0.0,0.0,0.0,0.0,0.0,0.0,0.0,0.0,0.0,0.0,0.0,0.0,0.0,0.0,0.0,0.0,0.0,0.0,0.0,0.0
7161,42,34,0,0.0,0.0,0.0,0.0,0.0,0.0,0.0,0.0,0.0,0.0,0.0,0.0,0.0,0.0,0.0,0.0,0.0,0.0,0.0,0.0,0.0,0.0,0.0,0.0,0.0,0.0,0.0,0.0,0.0,0.0,0.0,0.0,0.0,0.0,0.0
7162,42,37,0,0.0,0.0,0.0,0.0,0.0,0.0,0.0,0.0,0.0,0.0,0.0,0.0,0.0,0.0,0.0,0.0,0.0,0.0,0.0,0.0,0.0,0.0,0.0,0.0,0.0,0.0,0.0,0.0,0.0,0.0,0.0,0.0,0.0,0.0,0.0
7163,42,38,621,0.0,39.35,18.03,48.28,9.99,41.06,57.14,1.12,0.48,46.66,12.74,0.0,84.54,38.89,17.9,34.85,0.16,20.0,0.0,100.0,0.0,0.0,0.0,0.0,12.88,40.35,18.84,82.5,0.8,58.4,20.91,20.0,0.0,0.0,365.0
7164,42,39,660,0.0,43.35,19.36,51.33,21.3,40.45,0.0,0.9,0.15,24.0,0.0,0.0,74.69,42.89,19.64,26.57,0.0,0.0,0.0,0.0,0.0,0.0,0.0,0.0,24.09,44.63,18.49,85.53,0.15,43.0,0.0,0.0,0.0,0.0,449.0
7165,42,40,640,0.0,42.53,19.57,40.0,0.0,42.96,0.0,0.15,0.78,56.0,22.58,40.0,77.5,41.94,19.9,31.25,0.15,39.0,0.0,100.0,0.15,39.0,0.0,100.0,20.78,43.9,18.19,86.46,0.46,59.66,21.22,33.33,0.0,0.0,394.0
7166,42,41,679,0.14,41.9,19.57,40.07,19.09,46.09,61.53,1.91,0.29,44.5,12.02,50.0,76.1,42.19,20.35,34.3,0.0,0.0,0.0,0.0,0.14,22.0,0.0,100.0,20.94,41.08,16.9,88.02,0.58,44.75,18.89,0.0,0.0,0.0,429.0
7167,42,42,0,0.0,0.0,0.0,0.0,0.0,0.0,0.0,0.0,0.0,0.0,0.0,0.0,0.0,0.0,0.0,0.0,0.0,0.0,0.0,0.0,0.0,0.0,0.0,0.0,0.0,0.0,0.0,0.0,0.0,0.0,0.0,0.0,0.0,0.0,0.0
7168,42,43,954,0.0,41.37,19.42,43.34,25.63,41.61,43.47,2.41,0.41,50.75,20.45,50.0,81.44,41.36,19.32,33.2,0.1,80.0,0.0,0.0,0.0,0.0,0.0,0.0,15.3,40.29,18.67,85.61,0.31,54.33,24.0,66.66,0.0,0.0,575.0
7169,42,44,695,0.0,41.82,18.56,72.0,0.0,43.16,100.0,0.14,0.14,29.0,0.0,0.0,77.69,42.33,18.57,29.44,0.28,35.0,11.31,50.0,0.0,0.0,0.0,0.0,21.43,39.84,18.51,93.28,0.28,48.0,21.21,0.0,0.0,0.0,433.0
7170,42,45,0,0.0,0.0,0.0,0.0,0.0,0.0,0.0,0.0,0.0,0.0,0.0,0.0,0.0,0.0,0.0,0.0,0.0,0.0,0.0,0.0,0.0,0.0,0.0,0.0,0.0,0.0,0.0,0.0,0.0,0.0,0.0,0.0,0.0,0.0,0.0
7171,42,46,719,0.0,40.63,19.2,64.5,36.06,41.44,0.0,0.27,0.55,38.75,27.29,25.0,79.97,40.58,18.88,30.26,0.0,0.0,0.0,0.0,0.0,0.0,0.0,0.0,19.19,40.57,20.08,89.13,0.0,0.0,0.0,0.0,0.0,0.0,441.0
7172,42,47,0,0.0,0.0,0.0,0.0,0.0,0.0,0.0,0.0,0.0,0.0,0.0,0.0,0.0,0.0,0.0,0.0,0.0,0.0,0.0,0.0,0.0,0.0,0.0,0.0,0.0,0.0,0.0,0.0,0.0,0.0,0.0,0.0,0.0,0.0,0.0
7173,42,48,523,0.0,41.4,17.97,37.5,29.86,44.93,75.0,0.76,0.0,0.0,0.0,0.0,77.24,42.37,18.06,32.17,0.19,44.0,0.0,0.0,0.0,0.0,0.0,0.0,21.6,38.23,16.99,90.26,0.19,20.0,0.0,0.0,0.0,0.0,329.0
7174,42,49,835,0.0,44.15,19.55,65.59,23.03,41.43,40.0,0.59,0.11,66.0,0.0,100.0,78.8,44.0,19.65,29.17,0.0,0.0,0.0,0.0,0.0,0.0,0.0,0.0,20.47,44.01,18.81,88.3,0.0,0.0,0.0,0.0,0.0,0.0,579.0
7175,42,50,831,0.0,44.91,20.1,0.0,0.0,40.55,0.0,0.0,0.0,0.0,0.0,0.0,77.01,44.48,20.3,25.93,0.0,0.0,0.0,0.0,0.0,0.0,0.0,0.0,22.86,46.32,19.46,90.0,0.12,54.0,0.0,0.0,0.0,0.0,584.0
7176,42,51,513,0.0,40.53,18.67,47.6,21.52,41.32,60.0,0.97,0.0,0.0,0.0,0.0,78.94,40.6,18.67,28.88,0.19,39.0,0.0,100.0,0.0,0.0,0.0,0.0,19.68,39.94,18.81,90.09,0.19,37.0,0.0,0.0,0.0,0.0,311.0
7177,42,52,906,0.0,43.42,19.05,69.5,9.19,43.7,0.0,0.22,0.11,0.0,0.0,100.0,79.02,42.96,18.81,30.3,0.0,0.0,0.0,0.0,0.0,0.0,0.0,0.0,20.64,45.16,19.59,95.18,0.0,0.0,0.0,0.0,0.0,0.0,593.0
7178,42,53,462,0.0,45.93,19.7,63.0,0.0,43.5,0.0,0.21,0.0,0.0,0.0,0.0,77.48,46.58,19.81,31.28,0.0,0.0,0.0,0.0,0.0,0.0,0.0,0.0,22.29,43.5,19.22,86.4,0.0,0.0,0.0,0.0,0.0,0.0,339.0
7179,42,54,0,0.0,0.0,0.0,0.0,0.0,0.0,0.0,0.0,0.0,0.0,0.0,0.0,0.0,0.0,0.0,0.0,0.0,0.0,0.0,0.0,0.0,0.0,0.0,0.0,0.0,0.0,0.0,0.0,0.0,0.0,0.0,0.0,0.0,0.0,0.0
7180,42,55,0,0.0,0.0,0.0,0.0,0.0,0.0,0.0,0.0,0.0,0.0,0.0,0.0,0.0,0.0,0.0,0.0,0.0,0.0,0.0,0.0,0.0,0.0,0.0,0.0,0.0,0.0,0.0,0.0,0.0,0.0,0.0,0.0,0.0,0.0,0.0
7181,42,56,556,0.35,43.32,17.96,47.23,13.14,41.18,61.76,6.13,0.0,0.0,0.0,0.0,77.25,43.06,18.31,30.37,0.18,39.0,0.0,0.0,0.0,0.0,0.0,0.0,15.52,42.87,18.51,88.37,0.9,46.8,10.23,20.0,0.0,0.0,278.0
7182,42,57,508,0.0,42.32,20.46,48.65,19.38,43.89,60.0,3.93,0.0,0.0,0.0,0.0,76.37,43.08,20.95,31.18,0.0,0.0,0.0,0.0,0.0,0.0,0.0,0.0,19.48,38.13,18.17,90.9,0.19,37.0,0.0,0.0,0.0,0.0,283.0
7183,42,58,780,0.38,45.62,19.56,62.0,0.0,42.56,100.0,0.12,0.0,0.0,0.0,0.0,76.83,45.62,19.73,28.14,0.0,0.0,0.0,0.0,0.0,0.0,0.0,0.0,23.03,45.25,19.06,90.5,0.0,0.0,0.0,0.0,0.0,0.0,516.0
7184,42,59,950,0.0,45.3,19.47,70.57,15.15,42.94,28.57,0.73,0.0,0.0,0.0,0.0,78.21,45.55,19.37,29.87,0.0,0.0,0.0,0.0,0.0,0.0,0.0,0.0,21.05,43.5,19.4,92.0,0.0,0.0,0.0,0.0,0.0,0.0,622.0
7185,42,60,825,0.48,41.9,19.48,42.0,36.49,42.06,40.0,0.6,0.0,0.0,0.0,0.0,80.14,42.11,19.66,30.24,0.0,0.0,0.0,0.0,0.0,0.0,0.0,0.0,18.87,40.62,17.83,92.25,0.36,33.0,28.68,33.33,0.0,0.0,540.0
7186,42,61,786,0.38,44.9,19.71,56.83,13.68,43.12,33.33,0.76,0.25,51.0,8.48,100.0,80.33,45.07,19.87,32.75,0.0,0.0,0.0,0.0,0.0,0.0,0.0,0.0,17.11,43.55,19.68,89.55,1.53,44.08,16.99,58.33,0.0,0.0,543.0
7187,42,62,801,0.0,43.64,19.57,43.66,1.52,43.19,33.33,0.37,0.0,0.0,0.0,0.0,79.27,44.5,19.72,31.33,0.12,38.0,0.0,100.0,0.0,0.0,0.0,0.0,20.22,40.29,18.9,89.5,0.0,0.0,0.0,0.0,0.0,0.0,602.0
7188,42,64,693,0.0,42.92,18.42,48.25,7.32,41.84,0.0,0.57,0.14,66.0,0.0,0.0,82.97,43.37,19.0,33.04,0.0,0.0,0.0,0.0,0.0,0.0,0.0,0.0,16.16,40.16,15.18,89.28,0.14,50.0,0.0,0.0,0.0,0.0,463.0
7189,42,65,688,0.43,41.62,17.88,53.85,15.82,41.56,28.57,1.02,1.02,55.57,9.19,42.85,80.0,41.32,17.46,31.2,0.14,0.0,0.0,0.0,0.0,0.0,0.0,0.0,17.81,41.24,19.23,90.16,0.0,0.0,0.0,0.0,0.0,0.0,432.0
7190,42,66,773,0.25,43.82,20.35,33.47,21.52,43.59,47.05,2.2,0.51,48.25,13.57,50.0,76.13,43.99,20.47,30.66,0.0,0.0,0.0,0.0,0.0,0.0,0.0,0.0,20.88,43.99,19.79,90.68,0.25,60.5,10.6,50.0,0.0,0.0,538.0
7191,42,67,0,0.0,0.0,0.0,0.0,0.0,0.0,0.0,0.0,0.0,0.0,0.0,0.0,0.0,0.0,0.0,0.0,0.0,0.0,0.0,0.0,0.0,0.0,0.0,0.0,0.0,0.0,0.0,0.0,0.0,0.0,0.0,0.0,0.0,0.0,0.0
7192,42,69,835,0.0,40.74,17.32,44.25,17.44,42.03,37.5,0.95,0.47,55.25,10.93,50.0,82.15,40.32,17.5,32.79,0.11,34.0,0.0,100.0,0.0,0.0,0.0,0.0,15.92,42.41,16.59,89.47,0.35,36.66,8.5,33.33,0.0,0.0,511.0
7193,42,70,537,0.0,45.36,19.84,0.0,0.0,42.64,0.0,0.0,0.0,0.0,0.0,0.0,80.81,45.76,20.14,30.64,0.0,0.0,0.0,0.0,0.0,0.0,0.0,0.0,18.99,43.64,18.61,94.11,0.18,46.0,0.0,0.0,0.0,0.0,364.0
7194,42,71,516,0.0,41.85,18.54,65.66,3.21,40.5,100.0,0.58,0.38,42.0,0.0,0.0,81.58,41.88,18.86,30.16,0.0,0.0,0.0,0.0,0.0,0.0,0.0,0.0,17.24,40.93,17.16,88.76,0.19,37.0,0.0,0.0,0.0,0.0,334.0
7195,42,72,424,0.0,41.27,20.01,0.0,0.0,41.27,0.0,0.0,0.0,0.0,0.0,0.0,80.18,41.77,20.1,29.41,0.0,0.0,0.0,0.0,0.0,0.0,0.0,0.0,19.33,38.7,19.56,91.46,0.47,61.5,6.36,0.0,0.0,0.0,303.0
7196,42,73,598,0.0,45.47,18.8,58.66,7.02,43.31,33.33,0.5,1.67,48.9,23.81,10.0,78.59,46.05,18.63,32.12,0.0,0.0,0.0,0.0,0.0,0.0,0.0,0.0,19.23,42.48,19.01,92.17,0.0,0.0,0.0,0.0,0.0,0.0,384.0
7197,42,76,0,0.0,0.0,0.0,0.0,0.0,0.0,0.0,0.0,0.0,0.0,0.0,0.0,0.0,0.0,0.0,0.0,0.0,0.0,0.0,0.0,0.0,0.0,0.0,0.0,0.0,0.0,0.0,0.0,0.0,0.0,0.0,0.0,0.0,0.0,0.0
7198,42,77,602,0.33,40.35,18.74,51.66,5.5,41.36,33.33,0.5,0.33,33.0,0.0,0.0,81.16,40.26,18.8,30.8,0.0,0.0,0.0,0.0,0.0,0.0,0.0,0.0,18.0,39.99,18.41,89.81,0.0,0.0,0.0,0.0,0.0,0.0,402.0
7199,42,78,965,0.0,45.91,21.28,49.66,18.23,43.62,0.0,0.31,0.1,57.0,0.0,0.0,76.06,46.18,21.55,30.24,0.0,0.0,0.0,0.0,0.0,0.0,0.0,0.0,23.0,44.59,20.37,89.63,0.51,59.2,23.16,0.0,0.0,0.0,654.0
7200,42,79,0,0.0,0.0,0.0,0.0,0.0,0.0,0.0,0.0,0.0,0.0,0.0,0.0,0.0,0.0,0.0,0.0,0.0,0.0,0.0,0.0,0.0,0.0,0.0,0.0,0.0,0.0,0.0,0.0,0.0,0.0,0.0,0.0,0.0,0.0,0.0
7201,42,80,934,0.0,45.5,21.07,78.0,0.0,42.29,0.0,0.1,0.1,66.0,0.0,100.0,76.01,45.55,21.31,28.59,0.21,32.0,7.07,100.0,0.0,0.0,0.0,0.0,22.26,45.1,20.25,87.98,1.28,47.5,22.05,50.0,0.0,0.0,610.0
7202,42,81,415,0.0,40.67,18.92,40.6,18.47,38.55,0.0,1.2,0.0,0.0,0.0,0.0,77.59,40.46,19.6,25.15,0.0,0.0,0.0,0.0,0.0,0.0,0.0,0.0,21.2,41.45,16.39,89.77,0.0,0.0,0.0,0.0,0.0,0.0,281.0
7203,42,85,0,0.0,0.0,0.0,0.0,0.0,0.0,0.0,0.0,0.0,0.0,0.0,0.0,0.0,0.0,0.0,0.0,0.0,0.0,0.0,0.0,0.0,0.0,0.0,0.0,0.0,0.0,0.0,0.0,0.0,0.0,0.0,0.0,0.0,0.0,0.0
7204,42,91,621,0.0,46.13,19.89,39.22,14.57,39.45,22.22,4.34,0.16,73.0,0.0,0.0,75.52,47.11,20.11,27.07,0.16,37.0,0.0,0.0,0.0,0.0,0.0,0.0,19.64,43.81,19.75,91.8,0.16,40.0,0.0,0.0,0.0,0.0,399.0
7205,42,92,0,0.0,0.0,0.0,0.0,0.0,0.0,0.0,0.0,0.0,0.0,0.0,0.0,0.0,0.0,0.0,0.0,0.0,0.0,0.0,0.0,0.0,0.0,0.0,0.0,0.0,0.0,0.0,0.0,0.0,0.0,0.0,0.0,0.0,0.0,0.0
7206,42,94,0,0.0,0.0,0.0,0.0,0.0,0.0,0.0,0.0,0.0,0.0,0.0,0.0,0.0,0.0,0.0,0.0,0.0,0.0,0.0,0.0,0.0,0.0,0.0,0.0,0.0,0.0,0.0,0.0,0.0,0.0,0.0,0.0,0.0,0.0,0.0
7207,42,95,626,0.0,43.86,20.18,50.66,17.03,40.57,33.33,0.47,0.31,52.0,18.38,100.0,82.74,43.42,19.94,30.88,0.15,36.0,0.0,100.0,0.31,45.5,3.53,0.0,15.81,45.47,21.66,89.89,0.15,83.0,0.0,100.0,0.0,0.0,424.0
7208,42,96,703,0.0,43.81,19.78,26.33,27.02,41.67,66.66,0.42,0.0,0.0,0.0,0.0,77.38,43.87,20.09,27.57,0.0,0.0,0.0,0.0,0.0,0.0,0.0,0.0,22.04,44.1,18.49,90.96,0.14,22.0,0.0,0.0,0.0,0.0,470.0
7209,42,97,626,0.0,43.46,19.09,39.5,3.53,44.88,100.0,0.31,0.15,76.0,0.0,100.0,76.99,43.56,19.2,31.12,0.15,25.0,0.0,100.0,0.0,0.0,0.0,0.0,22.36,43.05,18.77,90.71,0.0,0.0,0.0,0.0,0.0,0.0,413.0
7210,42,98,0,0.0,0.0,0.0,0.0,0.0,0.0,0.0,0.0,0.0,0.0,0.0,0.0,0.0,0.0,0.0,0.0,0.0,0.0,0.0,0.0,0.0,0.0,0.0,0.0,0.0,0.0,0.0,0.0,0.0,0.0,0.0,0.0,0.0,0.0,0.0
7211,42,99,972,0.0,42.55,18.91,34.0,48.08,43.72,0.0,0.2,0.51,48.2,23.98,20.0,78.7,42.95,19.0,31.76,0.0,0.0,0.0,0.0,0.0,0.0,0.0,0.0,20.47,40.82,18.17,90.95,0.1,62.0,0.0,0.0,0.0,0.0,623.0
7212,42,100,728,0.0,42.76,19.27,49.0,0.0,42.99,0.0,0.13,0.13,86.0,0.0,100.0,78.84,42.49,19.38,30.66,0.0,0.0,0.0,0.0,0.13,58.0,0.0,0.0,20.6,43.3,18.78,90.66,0.13,52.0,0.0,0.0,0.0,0.0,466.0
7213,42,105,0,0.0,0.0,0.0,0.0,0.0,0.0,0.0,0.0,0.0,0.0,0.0,0.0,0.0,0.0,0.0,0.0,0.0,0.0,0.0,0.0,0.0,0.0,0.0,0.0,0.0,0.0,0.0,0.0,0.0,0.0,0.0,0.0,0.0,0.0,0.0
7214,42,108,0,0.0,0.0,0.0,0.0,0.0,0.0,0.0,0.0,0.0,0.0,0.0,0.0,0.0,0.0,0.0,0.0,0.0,0.0,0.0,0.0,0.0,0.0,0.0,0.0,0.0,0.0,0.0,0.0,0.0,0.0,0.0,0.0,0.0,0.0,0.0
7215,42,109,0,0.0,0.0,0.0,0.0,0.0,0.0,0.0,0.0,0.0,0.0,0.0,0.0,0.0,0.0,0.0,0.0,0.0,0.0,0.0,0.0,0.0,0.0,0.0,0.0,0.0,0.0,0.0,0.0,0.0,0.0,0.0,0.0,0.0,0.0,0.0
7216,42,110,716,0.0,42.6,19.78,36.95,14.19,44.55,5.0,2.79,0.0,0.0,0.0,0.0,75.83,42.86,20.26,32.04,0.0,0.0,0.0,0.0,0.0,0.0,0.0,0.0,20.94,42.51,18.81,95.33,0.41,36.66,0.57,33.33,0.0,0.0,450.0
7217,42,120,672,0.0,43.83,19.69,39.77,6.66,42.41,33.33,1.33,0.29,40.0,11.31,50.0,77.82,43.68,20.07,30.78,0.44,40.0,6.08,66.66,0.0,0.0,0.0,0.0,19.79,44.71,19.18,88.72,0.29,53.0,14.14,0.0,0.0,0.0,407.0
7218,42,124,0,0.0,0.0,0.0,0.0,0.0,0.0,0.0,0.0,0.0,0.0,0.0,0.0,0.0,0.0,0.0,0.0,0.0,0.0,0.0,0.0,0.0,0.0,0.0,0.0,0.0,0.0,0.0,0.0,0.0,0.0,0.0,0.0,0.0,0.0,0.0
7219,42,125,771,0.12,40.91,19.08,48.88,19.66,41.76,70.37,3.5,0.77,37.66,8.31,16.66,85.97,40.81,19.22,39.72,0.9,34.28,11.05,57.14,0.51,44.0,30.71,25.0,7.01,36.48,15.0,59.25,1.16,60.44,19.71,22.22,0.0,0.0,426.0
7220,42,130,729,0.0,41.53,18.77,43.45,21.63,44.44,75.75,4.52,0.96,46.14,22.61,57.14,82.16,41.46,18.87,37.22,0.41,10.66,18.47,66.66,0.13,0.0,0.0,0.0,11.38,42.03,14.97,81.92,0.41,53.33,25.89,66.66,0.0,0.0,418.0
7221,42,131,711,0.28,41.14,18.71,54.14,20.65,42.89,78.72,6.62,1.12,29.0,26.27,75.0,87.02,40.07,17.94,38.08,0.56,44.5,16.05,100.0,0.14,54.0,0.0,0.0,3.24,36.78,17.8,78.26,1.26,62.44,19.85,33.33,0.0,0.0,388.0
7222,42,133,0,0.0,0.0,0.0,0.0,0.0,0.0,0.0,0.0,0.0,0.0,0.0,0.0,0.0,0.0,0.0,0.0,0.0,0.0,0.0,0.0,0.0,0.0,0.0,0.0,0.0,0.0,0.0,0.0,0.0,0.0,0.0,0.0,0.0,0.0,0.0
7223,42,135,662,0.0,42.11,18.97,55.88,29.49,41.23,66.66,1.35,0.45,39.33,9.01,33.33,92.29,42.04,18.81,40.58,0.75,35.2,5.93,80.0,0.0,0.0,0.0,0.0,3.32,37.31,17.06,54.54,1.81,47.83,22.86,16.66,0.0,0.0,383.0
7224,42,138,0,0.0,0.0,0.0,0.0,0.0,0.0,0.0,0.0,0.0,0.0,0.0,0.0,0.0,0.0,0.0,0.0,0.0,0.0,0.0,0.0,0.0,0.0,0.0,0.0,0.0,0.0,0.0,0.0,0.0,0.0,0.0,0.0,0.0,0.0,0.0
7225,42,151,0,0.0,0.0,0.0,0.0,0.0,0.0,0.0,0.0,0.0,0.0,0.0,0.0,0.0,0.0,0.0,0.0,0.0,0.0,0.0,0.0,0.0,0.0,0.0,0.0,0.0,0.0,0.0,0.0,0.0,0.0,0.0,0.0,0.0,0.0,0.0
7226,42,152,0,0.0,0.0,0.0,0.0,0.0,0.0,0.0,0.0,0.0,0.0,0.0,0.0,0.0,0.0,0.0,0.0,0.0,0.0,0.0,0.0,0.0,0.0,0.0,0.0,0.0,0.0,0.0,0.0,0.0,0.0,0.0,0.0,0.0,0.0,0.0
7227,42,157,0,0.0,0.0,0.0,0.0,0.0,0.0,0.0,0.0,0.0,0.0,0.0,0.0,0.0,0.0,0.0,0.0,0.0,0.0,0.0,0.0,0.0,0.0,0.0,0.0,0.0,0.0,0.0,0.0,0.0,0.0,0.0,0.0,0.0,0.0,0.0
7228,42,161,641,0.0,43.57,18.28,64.26,19.7,42.27,89.47,2.96,1.09,45.71,20.84,42.85,89.39,42.94,18.02,38.91,0.0,0.0,0.0,0.0,0.0,0.0,0.0,0.0,5.77,42.05,15.73,72.97,0.78,45.8,18.17,20.0,0.0,0.0,394.0
7229,42,165,0,0.0,0.0,0.0,0.0,0.0,0.0,0.0,0.0,0.0,0.0,0.0,0.0,0.0,0.0,0.0,0.0,0.0,0.0,0.0,0.0,0.0,0.0,0.0,0.0,0.0,0.0,0.0,0.0,0.0,0.0,0.0,0.0,0.0,0.0,0.0
7230,42,166,781,0.25,42.58,18.43,59.66,13.29,41.99,88.88,2.31,0.77,51.5,22.99,33.33,84.72,41.87,18.45,34.69,0.12,45.0,0.0,0.0,0.12,52.0,0.0,100.0,11.29,42.89,17.5,88.63,0.64,48.2,17.0,0.0,0.0,0.0,473.0
7231,42,167,0,0.0,0.0,0.0,0.0,0.0,0.0,0.0,0.0,0.0,0.0,0.0,0.0,0.0,0.0,0.0,0.0,0.0,0.0,0.0,0.0,0.0,0.0,0.0,0.0,0.0,0.0,0.0,0.0,0.0,0.0,0.0,0.0,0.0,0.0,0.0
7232,42,170,0,0.0,0.0,0.0,0.0,0.0,0.0,0.0,0.0,0.0,0.0,0.0,0.0,0.0,0.0,0.0,0.0,0.0,0.0,0.0,0.0,0.0,0.0,0.0,0.0,0.0,0.0,0.0,0.0,0.0,0.0,0.0,0.0,0.0,0.0,0.0
7233,42,172,0,0.0,0.0,0.0,0.0,0.0,0.0,0.0,0.0,0.0,0.0,0.0,0.0,0.0,0.0,0.0,0.0,0.0,0.0,0.0,0.0,0.0,0.0,0.0,0.0,0.0,0.0,0.0,0.0,0.0,0.0,0.0,0.0,0.0,0.0,0.0
7234,42,173,708,0.0,42.1,18.43,47.09,20.76,42.51,80.85,13.27,0.56,37.75,14.24,50.0,76.97,41.36,18.1,32.84,0.28,19.5,27.57,100.0,0.0,0.0,0.0,0.0,7.76,41.5,16.87,69.09,1.12,45.5,13.13,50.0,0.0,0.0,391.0
7235,42,174,0,0.0,0.0,0.0,0.0,0.0,0.0,0.0,0.0,0.0,0.0,0.0,0.0,0.0,0.0,0.0,0.0,0.0,0.0,0.0,0.0,0.0,0.0,0.0,0.0,0.0,0.0,0.0,0.0,0.0,0.0,0.0,0.0,0.0,0.0,0.0
7236,42,175,0,0.0,0.0,0.0,0.0,0.0,0.0,0.0,0.0,0.0,0.0,0.0,0.0,0.0,0.0,0.0,0.0,0.0,0.0,0.0,0.0,0.0,0.0,0.0,0.0,0.0,0.0,0.0,0.0,0.0,0.0,0.0,0.0,0.0,0.0,0.0
7237,42,177,0,0.0,0.0,0.0,0.0,0.0,0.0,0.0,0.0,0.0,0.0,0.0,0.0,0.0,0.0,0.0,0.0,0.0,0.0,0.0,0.0,0.0,0.0,0.0,0.0,0.0,0.0,0.0,0.0,0.0,0.0,0.0,0.0,0.0,0.0,0.0
7238,42,178,0,0.0,0.0,0.0,0.0,0.0,0.0,0.0,0.0,0.0,0.0,0.0,0.0,0.0,0.0,0.0,0.0,0.0,0.0,0.0,0.0,0.0,0.0,0.0,0.0,0.0,0.0,0.0,0.0,0.0,0.0,0.0,0.0,0.0,0.0,0.0
7239,42,187,0,0.0,0.0,0.0,0.0,0.0,0.0,0.0,0.0,0.0,0.0,0.0,0.0,0.0,0.0,0.0,0.0,0.0,0.0,0.0,0.0,0.0,0.0,0.0,0.0,0.0,0.0,0.0,0.0,0.0,0.0,0.0,0.0,0.0,0.0,0.0
7240,42,189,0,0.0,0.0,0.0,0.0,0.0,0.0,0.0,0.0,0.0,0.0,0.0,0.0,0.0,0.0,0.0,0.0,0.0,0.0,0.0,0.0,0.0,0.0,0.0,0.0,0.0,0.0,0.0,0.0,0.0,0.0,0.0,0.0,0.0,0.0,0.0
7241,43,1,853,0.0,44.69,19.05,43.33,10.28,42.55,33.33,0.7,0.35,38.66,8.5,66.66,94.13,44.51,19.14,41.59,0.11,37.0,0.0,100.0,0.11,32.0,0.0,0.0,3.63,47.77,18.09,67.74,0.93,57.12,20.96,37.5,0.0,37.64,482.0
7242,43,3,961,0.0,45.45,19.28,41.37,17.62,45.26,41.66,2.49,0.52,53.8,21.4,60.0,91.77,45.86,19.27,44.55,1.45,32.71,18.9,50.0,0.0,0.0,0.0,0.0,3.12,43.96,17.37,70.0,0.62,32.83,24.89,16.66,0.0,40.89,591.0
7243,43,4,891,0.0,44.12,19.37,29.25,7.16,41.18,37.5,0.89,0.89,54.12,15.22,50.0,94.72,43.98,19.19,41.23,0.89,37.12,14.22,62.5,0.0,0.0,0.0,0.0,1.12,45.4,23.31,30.0,1.45,59.3,27.88,30.76,0.0,45.0,501.0
7244,43,6,708,0.0,42.28,20.35,41.22,23.88,40.39,55.55,1.27,1.41,48.8,17.94,40.0,93.92,42.3,20.28,40.0,0.28,12.5,17.67,50.0,0.14,55.0,0.0,0.0,2.25,37.93,17.08,56.25,0.7,52.0,32.77,20.0,0.0,36.5,389.0
7245,43,8,935,0.21,44.42,19.33,55.75,29.91,43.1,75.0,0.42,0.42,36.0,17.33,75.0,93.56,44.06,19.2,42.15,0.42,58.25,22.7,75.0,0.21,73.0,4.24,50.0,3.32,43.25,19.07,67.74,1.6,57.86,19.2,13.33,0.0,31.95,548.0
7246,43,13,629,0.0,43.33,19.09,58.33,22.85,42.28,33.33,0.47,0.31,44.5,12.02,50.0,94.11,43.3,19.13,42.06,0.79,24.6,17.91,40.0,0.0,0.0,0.0,0.0,2.38,44.73,15.87,60.0,1.9,46.75,18.88,33.33,0.0,39.75,347.0
7247,43,18,955,0.0,45.38,19.65,47.14,29.37,43.03,71.42,0.73,1.36,53.53,30.28,38.46,92.87,45.07,19.29,41.6,0.2,40.5,6.36,100.0,0.0,0.0,0.0,0.0,4.6,48.9,21.82,68.18,0.2,50.5,9.19,0.0,0.0,36.16,572.0
7248,43,19,1044,0.0,44.13,18.42,54.33,20.65,42.81,66.66,0.86,0.86,48.77,20.77,44.44,93.29,44.05,18.24,42.29,0.57,33.33,9.15,100.0,0.09,58.0,0.0,0.0,3.35,48.51,19.29,48.57,0.95,28.3,23.0,20.0,0.0,35.99,641.0
7249,43,22,663,0.15,41.72,17.62,49.5,13.4,46.3,50.0,0.6,0.45,39.66,5.85,66.66,90.78,41.65,17.76,44.25,0.6,29.0,5.35,50.0,0.0,0.0,0.0,0.0,6.94,42.73,17.34,71.73,0.6,46.5,19.13,25.0,0.0,57.14,370.0
7250,43,23,668,0.0,42.25,18.63,50.66,26.57,41.76,55.55,1.34,0.89,43.33,14.17,50.0,92.66,42.06,18.7,41.03,0.44,42.0,18.24,66.66,0.14,37.0,0.0,0.0,3.59,40.41,15.52,58.33,0.89,56.5,9.09,16.66,0.0,55.49,338.0
7251,43,25,721,1.1,39.55,18.74,33.0,17.29,43.27,66.66,2.52,1.54,44.63,16.72,72.72,89.62,39.61,18.81,41.0,0.7,27.4,25.65,20.0,0.0,0.0,0.0,0.0,4.34,40.77,17.53,70.96,1.26,43.11,21.49,33.33,0.0,31.33,419.0
7252,43,28,652,0.0,43.84,18.99,50.36,27.9,44.01,63.63,1.68,0.3,63.5,16.26,50.0,93.4,43.63,18.84,42.85,1.22,39.37,8.55,62.5,0.3,39.5,24.74,0.0,2.14,45.0,17.84,64.28,0.92,51.66,27.27,66.66,0.0,38.37,387.0
7253,43,29,938,0.0,42.27,19.47,41.22,20.14,44.45,22.22,0.95,0.53,35.4,21.06,20.0,87.52,42.55,19.51,41.16,0.53,20.8,19.04,80.0,0.0,0.0,0.0,0.0,9.48,40.69,18.06,78.65,0.95,48.77,24.84,22.22,0.0,32.22,568.0
7254,43,30,1007,0.09,43.91,19.3,52.16,24.01,42.5,16.66,0.59,0.49,51.6,15.46,60.0,95.32,43.49,19.19,42.12,0.19,43.0,18.38,100.0,0.09,87.0,0.0,0.0,2.28,48.04,16.8,65.21,0.99,63.2,21.91,20.0,0.0,37.14,615.0
7255,43,31,685,0.0,45.07,18.2,30.4,23.77,43.35,100.0,0.72,0.29,30.0,5.65,50.0,92.99,45.45,17.92,41.44,1.02,38.71,19.65,71.42,0.0,0.0,0.0,0.0,4.08,41.75,21.82,75.0,0.87,45.16,22.84,16.66,0.0,40.38,407.0
7256,43,32,860,0.0,44.34,19.35,47.83,32.96,42.32,33.33,0.69,1.27,46.45,15.73,9.09,91.27,44.24,19.11,41.01,0.81,35.28,22.13,85.71,0.11,22.0,0.0,100.0,3.83,48.66,24.07,72.72,1.97,43.17,15.56,47.05,0.0,36.1,477.0
7257,43,33,827,0.0,40.48,18.32,40.33,12.97,43.65,50.0,0.72,1.2,45.6,13.04,50.0,93.71,39.9,18.22,43.61,0.6,44.2,22.93,60.0,0.36,41.33,4.93,33.33,1.93,45.25,17.83,62.5,1.45,65.75,14.0,8.33,0.0,37.49,490.0
7258,43,34,632,0.0,42.59,18.23,50.0,0.0,42.87,50.0,0.31,0.47,59.0,14.79,33.33,94.93,42.44,18.1,42.33,0.31,33.5,4.94,100.0,0.0,0.0,0.0,0.0,2.53,38.81,20.52,68.75,1.42,54.66,22.91,22.22,0.0,35.96,368.0
7259,43,35,1063,0.0,43.06,18.73,44.78,15.48,43.65,50.0,1.31,0.28,52.66,14.01,33.33,87.48,42.61,18.73,40.43,0.47,35.4,14.95,60.0,0.18,60.5,40.3,0.0,9.31,47.06,17.47,76.76,0.94,40.9,28.99,10.0,0.0,35.45,639.0
7260,43,36,867,0.0,42.32,18.28,38.0,11.16,43.48,25.0,0.46,0.92,38.87,19.51,37.5,86.04,42.26,18.49,38.2,0.23,29.0,41.01,0.0,0.11,38.0,0.0,0.0,11.88,43.21,16.7,85.43,0.34,50.66,17.03,0.0,0.0,37.49,482.0
7261,43,37,660,0.0,42.6,19.03,16.0,22.62,44.09,100.0,0.3,0.15,52.0,0.0,0.0,81.81,42.27,19.17,35.37,0.9,25.16,2.85,66.66,0.0,0.0,0.0,0.0,16.06,45.3,18.34,86.79,0.75,50.2,10.28,40.0,0.0,38.37,384.0
7262,43,38,764,0.13,39.64,18.71,33.7,15.34,43.97,60.0,1.31,1.83,43.71,16.26,50.0,84.01,39.68,18.59,38.37,0.13,26.0,0.0,0.0,0.39,48.33,13.65,33.33,11.92,38.84,20.43,82.41,0.39,48.0,20.95,0.0,0.0,32.98,401.0
7263,43,62,487,0.0,42.62,18.5,51.0,25.05,41.27,33.33,0.61,0.82,55.25,13.45,50.0,84.18,42.07,18.45,34.87,0.0,0.0,0.0,0.0,0.0,0.0,0.0,0.0,13.96,44.27,18.53,80.88,0.41,60.5,23.33,0.0,0.0,62.48,300.0
7264,43,63,622,0.0,42.91,19.64,0.0,0.0,43.89,0.0,0.0,0.0,0.0,0.0,0.0,78.77,42.44,19.87,31.22,0.16,36.0,0.0,100.0,0.0,0.0,0.0,0.0,21.06,44.74,18.76,90.83,0.0,0.0,0.0,0.0,0.0,37.92,387.0
7265,43,67,586,0.0,45.6,20.78,36.83,18.4,42.49,33.33,1.02,0.34,36.0,5.65,0.0,77.64,46.05,20.89,30.76,0.17,44.0,0.0,100.0,0.34,41.0,11.31,50.0,20.47,44.57,20.82,87.5,0.0,0.0,0.0,0.0,0.0,33.56,393.0
7266,43,68,586,0.17,42.27,18.9,31.14,17.03,41.63,42.85,1.19,0.51,43.33,9.07,33.33,80.85,42.49,18.9,32.55,0.17,39.0,0.0,100.0,0.17,48.0,0.0,100.0,16.58,42.63,18.63,84.53,0.51,22.33,38.68,33.33,0.0,58.11,365.0
7267,43,74,825,0.0,44.31,20.24,53.25,23.42,43.87,75.0,0.48,0.48,34.25,7.63,25.0,84.12,44.31,20.21,38.61,0.36,26.66,6.11,66.66,0.12,37.0,0.0,0.0,12.6,44.8,21.04,80.76,1.81,45.26,19.15,26.66,0.0,34.98,473.0
7268,43,75,898,0.22,44.12,18.63,43.0,23.63,42.76,100.0,0.78,0.89,45.25,10.93,62.5,87.61,43.76,18.32,37.7,0.55,42.0,15.73,80.0,0.11,32.0,0.0,100.0,9.37,46.15,21.61,80.95,0.66,66.5,6.53,16.66,0.0,34.45,571.0
7269,43,79,745,0.0,44.82,20.34,39.11,24.18,41.61,100.0,1.2,0.4,46.33,19.34,0.0,80.0,45.38,20.53,31.2,0.67,38.0,12.14,60.0,0.13,48.0,0.0,0.0,17.44,43.16,19.3,86.15,0.13,0.0,0.0,0.0,0.0,34.93,481.0
7270,43,80,698,0.42,43.84,20.19,44.41,14.72,41.4,66.66,1.72,1.87,42.84,16.74,23.07,86.18,43.68,20.43,37.56,0.43,37.66,7.23,66.66,0.0,0.0,0.0,0.0,8.92,45.66,20.28,79.03,0.86,37.83,20.82,16.66,0.0,35.66,411.0
7271,43,81,604,0.33,42.89,19.12,51.62,19.07,40.89,62.5,1.32,1.49,51.88,19.45,44.44,84.71,42.68,19.22,37.45,0.99,30.5,15.78,100.0,0.16,34.0,0.0,100.0,8.8,39.01,17.93,69.81,2.49,56.26,12.31,13.33,0.0,34.7,380.0
7272,43,82,849,0.0,42.53,17.81,46.5,16.75,43.1,71.42,1.64,0.47,48.0,17.33,0.0,90.1,42.59,17.89,41.3,0.23,52.0,11.31,100.0,0.11,50.0,0.0,0.0,6.24,40.24,18.34,67.92,1.17,39.7,12.66,20.0,0.0,35.33,546.0
7273,43,83,784,0.25,43.58,19.18,48.0,17.93,39.79,60.0,0.63,1.53,48.0,17.5,33.33,89.38,43.31,19.04,37.91,0.51,47.25,10.43,100.0,0.0,0.0,0.0,0.0,6.77,42.13,20.07,62.26,1.15,64.33,24.34,22.22,0.0,35.63,461.0
7274,43,86,911,0.0,43.39,19.92,51.42,19.95,43.35,85.71,0.76,1.2,39.54,25.11,45.45,89.68,43.12,19.58,40.88,0.54,34.4,4.56,80.0,0.0,0.0,0.0,0.0,6.47,44.35,21.65,69.49,1.31,59.5,26.73,41.66,0.0,34.46,542.0
7275,43,87,777,0.25,41.8,19.65,59.87,10.96,44.01,50.0,1.03,1.03,38.62,20.12,37.5,88.77,41.39,19.36,41.56,0.38,53.66,17.21,33.33,0.12,68.0,0.0,0.0,7.61,41.83,21.58,76.27,1.03,60.0,18.67,25.0,0.0,31.78,471.0
7276,43,91,659,0.15,44.21,19.4,49.66,12.22,43.09,66.66,1.36,1.67,57.18,25.91,63.63,91.03,43.83,19.12,40.9,0.91,52.16,29.16,83.33,0.0,0.0,0.0,0.0,4.55,42.26,20.3,63.33,0.45,53.33,27.15,33.33,0.0,32.41,411.0
7277,43,92,193,0.0,43.59,20.62,53.25,7.84,40.41,25.0,2.07,0.51,56.0,0.0,100.0,93.26,43.39,20.91,40.0,0.0,0.0,0.0,0.0,0.0,0.0,0.0,0.0,3.1,36.83,20.17,66.66,1.03,56.0,1.41,0.0,0.0,36.3,98.0
7278,43,93,863,0.23,43.19,19.9,57.0,19.51,42.64,100.0,0.34,0.92,44.5,17.62,25.0,78.28,43.08,20.22,31.0,0.0,0.0,0.0,0.0,0.34,43.33,4.04,33.33,19.51,43.26,19.03,88.69,0.58,35.4,13.4,60.0,0.0,32.31,522.0
7279,43,95,894,0.0,43.71,19.71,46.0,24.11,41.83,40.0,1.67,0.55,68.2,13.23,60.0,81.2,43.43,19.21,33.05,0.0,0.0,0.0,0.0,0.0,0.0,0.0,0.0,16.21,43.55,20.96,85.51,0.33,65.33,37.64,33.33,0.0,31.17,541.0
7280,43,97,665,0.0,43.51,19.4,44.5,24.55,46.01,75.0,0.6,0.3,66.0,2.82,100.0,85.71,43.56,19.36,38.24,0.0,0.0,0.0,0.0,0.0,0.0,0.0,0.0,13.38,42.61,19.62,93.25,0.0,0.0,0.0,0.0,0.0,34.41,423.0
7281,43,99,450,0.0,42.27,18.06,83.0,0.0,42.66,0.0,0.22,0.0,0.0,0.0,0.0,75.55,41.87,17.87,28.52,0.0,0.0,0.0,0.0,0.0,0.0,0.0,0.0,23.77,43.22,18.54,88.78,0.44,38.5,2.12,0.0,0.0,30.44,287.0
7282,43,100,841,0.0,46.08,20.16,56.0,12.17,43.87,48.38,3.68,0.0,0.0,0.0,0.0,73.0,46.02,20.39,28.82,0.11,50.0,0.0,100.0,0.0,0.0,0.0,0.0,23.18,44.69,20.14,90.25,0.0,0.0,0.0,0.0,0.0,38.56,434.0
7283,43,101,877,0.0,41.98,19.44,62.81,15.72,43.1,50.0,1.82,0.11,0.0,0.0,100.0,74.11,41.87,19.49,27.84,0.22,49.0,41.01,50.0,0.0,0.0,0.0,0.0,23.71,40.86,18.38,89.9,0.0,0.0,0.0,0.0,0.0,34.15,463.0
7284,43,102,519,0.0,43.69,18.9,42.0,10.39,44.31,0.0,0.57,0.19,30.0,0.0,0.0,75.72,44.43,18.91,30.02,0.0,0.0,0.0,0.0,0.0,0.0,0.0,0.0,23.5,41.49,19.01,91.8,0.0,0.0,0.0,0.0,0.0,31.53,335.0
7285,43,103,299,0.0,39.81,19.82,77.25,17.83,45.48,25.0,1.33,0.0,0.0,0.0,0.0,80.26,38.81,19.82,35.0,1.0,41.0,14.52,66.66,0.0,0.0,0.0,0.0,17.39,41.48,17.64,94.23,0.0,0.0,0.0,0.0,0.0,34.57,168.0
7286,43,109,746,0.0,44.55,20.05,43.25,19.85,42.89,37.5,1.07,0.8,76.66,17.64,33.33,78.01,44.28,19.9,31.09,0.13,27.0,0.0,100.0,0.13,59.0,0.0,100.0,19.7,44.71,19.65,89.79,0.13,0.0,0.0,0.0,0.0,47.31,481.0
7287,43,111,662,0.45,43.82,20.74,37.25,20.97,41.38,41.66,1.82,1.82,49.41,13.25,58.33,74.35,43.29,20.61,27.34,0.0,0.0,0.0,0.0,0.0,0.0,0.0,0.0,21.85,45.52,21.8,86.8,0.15,37.0,0.0,0.0,0.0,52.54,442.0
7288,43,112,704,0.0,46.14,21.68,43.5,0.7,41.05,50.0,0.28,0.56,72.75,14.22,25.0,78.12,46.6,21.97,29.09,0.14,28.0,0.0,0.0,0.56,38.25,20.1,0.0,20.17,43.77,20.32,88.73,0.14,79.0,0.0,100.0,0.0,33.58,474.0
7289,43,114,848,0.11,41.68,19.76,37.0,0.0,41.03,0.0,0.11,0.82,55.57,12.98,85.71,80.87,42.12,19.99,31.67,0.11,63.0,0.0,0.0,0.11,34.0,0.0,100.0,16.88,38.88,18.48,85.31,1.06,38.55,22.39,22.22,0.0,34.46,527.0
7290,43,115,676,0.14,44.1,19.67,50.0,12.43,45.85,50.0,0.59,2.07,52.07,16.14,42.85,83.7,43.83,19.67,40.88,0.14,66.0,0.0,0.0,0.0,0.0,0.0,0.0,12.59,42.82,18.69,80.0,0.88,56.33,35.55,50.0,0.0,36.4,350.0
7291,43,117,672,0.0,44.17,19.18,53.27,12.82,43.0,63.63,1.63,0.0,0.0,0.0,0.0,74.1,43.33,19.84,27.1,0.0,0.0,0.0,0.0,0.0,0.0,0.0,0.0,24.1,46.08,17.22,90.74,0.14,52.0,0.0,0.0,0.0,37.89,412.0
7292,43,118,968,0.0,42.76,18.54,33.5,12.11,41.73,33.33,0.61,1.03,33.1,25.55,40.0,86.05,43.57,18.55,36.49,0.92,35.33,11.85,22.22,0.1,33.0,0.0,100.0,10.64,38.66,17.9,86.4,0.61,39.33,14.98,33.33,0.0,36.69,599.0
7293,43,119,938,0.0,42.46,18.4,50.0,21.64,41.57,42.85,0.74,0.95,44.11,15.26,22.22,89.55,42.82,18.27,38.69,0.42,39.5,15.28,50.0,0.1,28.0,0.0,0.0,7.88,37.13,19.41,75.67,0.31,60.66,11.01,66.66,0.0,36.23,578.0
7294,43,120,830,0.12,40.58,19.32,46.5,65.76,39.27,50.0,0.24,0.72,43.66,14.15,50.0,81.54,40.7,19.33,29.73,0.36,27.0,3.6,100.0,0.0,0.0,0.0,0.0,16.4,40.47,19.02,83.82,0.72,29.16,18.37,66.66,0.0,36.39,519.0
7295,43,121,731,0.13,41.12,18.46,24.4,15.53,41.99,40.0,0.68,0.95,40.57,13.38,14.28,85.89,41.02,18.68,36.68,0.27,30.5,10.6,50.0,0.13,32.0,0.0,100.0,11.36,42.92,17.52,85.54,0.68,44.4,13.5,0.0,0.0,49.27,421.0
7296,43,123,733,0.0,41.86,19.1,50.37,19.13,43.65,75.0,1.09,0.27,45.5,2.12,50.0,84.85,41.19,19.18,36.97,0.27,56.0,42.42,100.0,0.0,0.0,0.0,0.0,13.23,44.51,17.91,82.47,0.27,68.0,11.31,50.0,0.0,54.13,424.0
7297,43,125,990,0.1,41.72,18.08,51.28,10.07,42.32,57.14,0.7,0.6,44.33,11.27,33.33,82.0,41.69,18.17,32.67,0.3,29.66,6.65,66.66,0.4,58.25,19.56,50.0,15.57,40.65,17.94,92.2,0.4,52.25,10.75,25.0,0.0,33.95,517.0
7298,43,126,852,0.23,41.73,18.31,49.13,24.33,42.01,60.86,2.7,1.41,38.66,10.48,41.66,87.76,41.72,17.97,40.21,0.23,25.5,4.94,50.0,0.11,0.0,0.0,0.0,7.05,39.35,18.22,60.0,0.7,45.33,27.68,0.0,0.0,36.27,525.0
7299,43,127,888,0.11,42.12,19.77,46.43,17.86,40.76,75.0,1.8,2.02,55.55,18.01,50.0,88.83,41.84,19.75,39.84,1.24,32.09,4.41,81.81,0.0,0.0,0.0,0.0,4.28,40.78,19.42,42.1,1.8,46.5,25.88,12.5,0.0,34.31,569.0
7300,43,130,680,0.0,42.56,17.22,53.33,22.11,41.17,66.66,1.32,1.61,35.09,14.15,36.36,93.08,42.56,17.18,40.6,0.73,37.4,16.14,80.0,0.14,63.0,0.0,0.0,2.35,37.43,15.28,43.75,0.73,57.0,14.19,40.0,0.0,36.56,428.0
7301,43,132,872,0.22,42.32,18.67,50.72,15.58,42.2,72.72,1.26,2.52,48.4,19.01,54.54,88.62,41.86,18.43,40.46,1.6,26.71,12.51,85.71,0.22,76.5,10.6,50.0,4.02,44.8,22.29,51.42,1.72,55.0,13.66,20.0,0.0,34.73,540.0
7302,43,133,787,0.12,43.61,19.35,50.0,18.93,44.09,75.0,0.5,2.29,45.33,16.33,55.55,92.36,43.52,19.44,43.52,1.01,31.25,7.99,87.5,0.25,56.0,22.62,0.0,1.78,42.07,19.18,42.85,1.78,48.85,21.17,28.57,0.0,36.58,500.0
7303,43,134,881,0.34,42.62,19.34,39.14,19.5,43.7,71.42,1.59,1.48,44.0,24.92,53.84,93.05,42.76,19.1,41.98,0.91,35.37,3.46,100.0,0.0,0.0,0.0,0.0,1.59,45.35,22.79,64.28,1.36,32.33,25.79,41.66,0.0,37.42,569.0
7304,43,unclear,1213,1.64,43.49,15.91,53.17,19.51,44.6,64.1,3.26,0.0,0.0,0.0,0.0,90.52,43.1,15.7,41.94,0.92,31.09,6.1,90.9,0.58,52.0,15.01,14.28,2.68,40.53,11.92,71.87,2.01,52.12,17.44,75.0,,,
7305,43,138,627,0.47,43.02,19.07,52.75,16.97,40.51,37.5,1.28,3.04,48.36,14.87,68.42,88.94,43.15,19.32,38.55,0.48,36.33,8.62,33.33,0.0,0.0,0.0,0.0,4.96,34.16,15.72,61.29,1.28,50.25,10.44,25.0,0.0,61.12,358.0
7306,43,140,805,0.0,44.64,20.39,51.75,23.08,43.1,100.0,0.49,1.86,43.53,9.34,60.0,92.54,44.69,20.57,42.14,1.49,33.0,14.2,58.33,0.0,0.0,0.0,0.0,2.36,46.05,17.27,57.89,1.24,50.8,27.74,20.0,0.0,39.01,481.0
7307,43,141,656,0.0,43.61,19.48,57.33,20.42,43.29,100.0,0.45,1.67,45.9,20.62,54.54,91.92,43.73,19.48,41.79,1.21,26.37,13.82,75.0,0.0,0.0,0.0,0.0,3.2,46.09,18.63,71.42,1.52,38.29,18.6,20.0,0.0,35.62,432.0
7308,43,142,703,0.42,43.36,19.72,38.9,12.39,42.95,54.54,1.57,1.85,45.84,20.91,38.46,89.71,43.48,19.57,41.08,0.42,37.66,7.5,100.0,0.14,49.0,0.0,100.0,5.0,36.68,16.63,68.57,1.28,52.55,34.49,33.33,0.0,36.09,434.0
7309,43,143,757,0.26,45.24,19.85,45.3,24.74,41.74,60.0,1.32,2.51,54.89,16.28,68.42,92.05,44.72,19.6,40.57,0.66,17.6,16.21,60.0,0.13,58.0,0.0,100.0,1.72,54.3,17.37,30.76,1.58,63.66,16.7,41.66,0.0,33.94,512.0
7310,43,149,560,0.53,40.66,18.1,43.37,7.7,40.35,62.5,1.43,1.79,52.5,23.87,60.0,92.28,40.09,17.94,40.46,0.0,0.0,0.0,0.0,0.0,0.0,0.0,0.0,3.05,44.82,21.39,35.29,1.43,49.75,16.26,0.0,0.0,34.04,358.0
7311,43,150,607,0.0,44.29,19.58,42.0,18.74,43.49,41.93,5.1,0.32,62.0,49.49,100.0,77.75,44.41,20.02,35.16,0.0,0.0,0.0,0.0,0.16,26.0,0.0,100.0,16.14,44.32,16.89,82.65,0.49,42.66,29.77,33.33,0.0,35.08,345.0
7312,43,151,618,0.0,42.41,19.02,43.33,14.01,40.61,33.33,1.45,1.13,46.0,18.35,57.14,89.8,42.67,19.27,38.19,0.97,38.0,10.67,83.33,0.32,16.5,23.33,50.0,5.66,38.74,17.1,71.42,0.64,49.25,14.17,25.0,0.0,34.11,379.0
7313,43,152,958,0.0,40.62,18.76,50.44,11.86,42.06,66.66,0.93,1.35,39.07,14.98,38.46,88.83,40.35,18.94,39.13,0.62,26.66,13.41,66.66,0.0,0.0,0.0,0.0,7.51,43.09,16.24,76.38,0.73,50.71,29.53,0.0,0.0,36.04,560.0
7314,43,153,776,0.38,43.23,19.24,27.8,19.13,39.94,20.0,0.64,0.64,59.4,27.21,40.0,82.01,42.56,18.92,32.01,0.12,39.0,0.0,100.0,0.0,0.0,0.0,0.0,16.17,45.47,19.58,80.8,0.38,71.33,21.5,33.33,0.0,35.44,466.0
7315,43,154,974,0.51,40.37,19.7,47.45,23.45,41.58,54.54,1.13,0.82,38.25,17.75,37.5,83.38,40.15,19.36,35.64,0.72,38.71,17.49,71.42,0.1,34.0,0.0,0.0,13.31,41.18,21.94,76.74,0.51,46.8,12.75,20.0,0.0,34.41,564.0
7316,43,155,559,0.0,40.6,20.14,55.0,9.09,39.53,66.66,1.07,0.71,53.75,21.34,100.0,93.38,40.09,20.31,39.65,0.71,38.75,6.5,75.0,0.17,36.0,0.0,0.0,2.32,46.53,13.67,15.38,1.61,47.55,22.9,11.11,0.0,58.95,354.0
7317,43,157,682,1.02,41.16,19.52,42.65,25.07,42.37,41.37,4.29,1.18,27.0,17.67,25.0,76.44,41.57,19.7,35.27,1.03,34.28,12.43,71.42,0.0,0.0,0.0,0.0,16.14,38.85,16.85,77.98,0.88,49.66,16.57,33.33,0.0,33.91,392.0
7318,43,158,712,0.0,41.5,19.43,53.0,8.48,41.71,100.0,0.28,0.56,57.75,20.79,25.0,85.25,41.33,19.48,35.42,0.14,20.0,0.0,100.0,0.0,0.0,0.0,0.0,12.92,40.78,18.85,82.6,0.84,59.33,15.25,33.33,0.0,32.76,432.0
7319,43,159,732,0.0,42.12,18.53,32.5,9.64,41.53,83.33,0.81,1.63,47.25,18.69,33.33,92.21,42.12,18.4,39.85,0.4,59.66,35.13,100.0,0.13,36.0,0.0,0.0,4.37,38.71,19.13,68.75,0.4,61.66,27.3,33.33,0.0,51.52,456.0
7320,43,162,311,0.0,41.86,20.04,31.0,2.82,43.08,50.0,0.64,1.28,35.25,4.34,50.0,92.6,42.3,20.12,41.66,0.96,22.66,21.59,100.0,0.32,37.0,0.0,0.0,2.57,36.25,11.71,50.0,1.6,47.8,32.94,80.0,0.0,33.82,183.0
7321,43,163,698,0.28,42.2,19.47,38.0,0.0,43.4,100.0,0.14,1.43,54.8,16.5,70.0,94.1,41.75,19.42,42.59,0.43,16.66,14.57,66.66,0.28,69.5,21.92,0.0,2.15,49.86,12.71,73.33,1.43,44.6,21.08,20.0,0.0,32.62,436.0
7322,43,169,804,0.0,45.16,19.61,62.5,4.94,42.03,50.0,0.24,0.0,0.0,0.0,0.0,77.73,45.31,19.93,27.84,0.0,0.0,0.0,0.0,0.0,0.0,0.0,0.0,21.89,44.47,18.54,92.04,0.12,35.0,0.0,100.0,0.0,33.82,555.0
7323,43,171,938,0.0,44.44,20.01,44.94,19.55,41.79,41.17,1.81,0.53,39.0,5.87,60.0,76.33,44.65,20.02,30.16,0.1,49.0,0.0,100.0,0.1,66.0,0.0,100.0,20.14,43.87,20.0,84.12,0.95,39.11,27.77,55.55,0.0,31.83,607.0
7324,43,173,588,0.0,42.75,19.21,0.0,0.0,42.17,0.0,0.0,0.0,0.0,0.0,0.0,79.76,42.48,19.27,30.49,0.34,31.5,6.36,100.0,0.0,0.0,0.0,0.0,19.89,44.0,19.08,88.03,0.0,0.0,0.0,0.0,0.0,61.44,320.0
7325,43,176,474,0.0,42.71,18.96,22.5,31.81,39.45,50.0,0.42,0.84,49.5,20.28,50.0,95.99,42.59,18.93,39.34,0.42,37.5,13.43,50.0,0.0,0.0,0.0,0.0,1.26,43.16,20.85,66.66,1.05,58.0,9.77,0.0,0.0,32.57,313.0
7326,43,178,562,0.17,40.61,18.0,48.62,20.36,44.3,50.0,1.42,1.96,48.27,15.31,54.54,91.62,40.43,17.77,43.96,0.89,37.4,14.87,100.0,0.0,0.0,0.0,0.0,2.49,39.64,18.82,28.57,1.6,42.33,27.3,33.33,0.0,61.13,318.0
7327,43,182,699,0.42,44.38,18.79,48.4,10.26,43.2,80.0,0.71,2.58,40.16,23.77,72.22,90.8,44.73,18.7,41.61,1.58,35.9,9.07,90.9,0.0,0.0,0.0,0.0,2.44,36.88,19.06,41.17,1.86,46.38,21.7,30.76,0.0,35.03,429.0
7328,43,184,777,0.0,44.14,18.53,47.42,23.34,40.79,42.85,0.9,2.44,50.31,22.29,57.89,89.06,43.86,18.42,40.46,1.41,32.9,9.74,63.63,0.51,52.75,15.79,0.0,4.24,43.93,19.07,39.39,1.41,58.18,13.7,27.27,0.0,36.93,454.0
7329,43,186,698,0.0,44.06,18.67,57.77,14.19,41.69,66.66,1.28,0.42,68.66,13.42,100.0,92.4,43.42,18.78,39.37,0.57,35.75,5.31,100.0,0.0,0.0,0.0,0.0,4.01,48.0,13.5,78.57,1.28,59.44,17.13,22.22,0.0,36.31,397.0
7330,43,187,766,0.0,41.68,19.54,37.37,12.39,41.51,75.0,1.04,0.91,33.0,15.8,57.14,86.81,42.21,19.61,36.69,0.13,44.0,0.0,100.0,0.0,0.0,0.0,0.0,10.05,37.4,19.94,80.51,1.04,50.75,11.74,12.5,0.0,29.66,463.0
7331,43,188,606,0.0,42.55,18.04,44.25,11.72,38.94,25.0,0.66,1.81,58.0,16.16,63.63,92.9,42.33,18.06,37.83,0.33,53.0,15.55,50.0,0.16,30.0,0.0,0.0,2.8,34.47,13.22,70.58,1.32,52.12,19.57,25.0,0.0,33.91,372.0
7332,43,189,808,0.12,41.69,18.7,63.88,24.25,41.08,100.0,1.11,0.74,50.66,10.94,33.33,92.93,41.02,18.35,41.33,0.49,35.75,14.84,50.0,0.12,58.0,0.0,0.0,2.23,44.0,20.56,38.88,2.35,53.42,21.85,10.52,0.0,34.73,467.0
7333,43,190,723,0.0,42.51,18.39,47.8,21.81,42.32,50.0,1.38,1.24,44.11,16.84,44.44,88.93,42.41,18.36,39.96,0.69,32.79,2.77,100.0,0.27,61.0,8.48,0.0,6.63,43.14,18.83,72.91,0.82,38.5,24.2,0.0,0.0,34.92,389.0
7334,43,191,533,0.37,42.01,18.18,58.15,22.34,39.58,46.15,2.44,1.88,59.5,10.09,60.0,88.51,41.62,17.57,37.65,0.94,35.6,11.05,100.0,0.0,0.0,0.0,0.0,5.08,37.81,20.89,55.55,1.12,30.0,25.51,16.66,0.0,60.6,301.0
7335,43,193,805,0.0,42.38,18.52,44.16,13.89,41.36,66.66,0.74,2.23,50.33,13.05,38.88,93.41,42.14,18.55,40.82,0.99,35.25,7.32,87.5,0.12,0.0,0.0,100.0,1.73,41.92,21.58,42.85,0.74,64.0,12.66,16.66,0.0,33.63,529.0
7336,43,196,720,0.13,41.41,18.73,53.0,21.49,41.8,25.0,1.11,1.94,49.42,21.09,50.0,93.88,40.88,18.44,41.92,0.41,31.33,3.05,66.66,0.0,0.0,0.0,0.0,1.39,46.8,26.2,50.0,1.25,55.33,20.32,11.11,0.0,34.0,436.0
7337,43,197,510,0.0,41.52,18.49,54.66,15.94,41.17,66.66,0.58,0.58,33.0,9.53,66.66,94.5,41.72,18.33,40.24,0.78,22.25,15.73,75.0,0.0,0.0,0.0,0.0,2.15,33.36,22.97,54.54,1.37,50.14,19.03,42.85,0.0,35.6,301.0
7338,43,198,644,0.0,41.18,18.43,44.5,28.99,44.87,50.0,0.31,1.7,44.81,18.53,54.54,93.94,40.98,18.31,45.12,0.46,43.66,15.04,66.66,0.0,0.0,0.0,0.0,1.55,36.0,22.43,30.0,2.01,50.38,20.44,30.76,0.0,60.17,387.0
7339,43,200,732,0.0,44.01,18.39,48.2,24.61,43.98,50.0,1.36,1.36,44.7,24.11,80.0,87.29,43.71,18.02,39.9,0.81,30.66,6.47,100.0,0.0,0.0,0.0,0.0,7.92,45.17,19.98,77.58,1.22,61.11,17.68,33.33,0.0,33.69,446.0
7340,43,201,818,0.12,42.89,18.26,36.7,18.79,39.73,70.0,1.22,1.95,43.81,12.83,50.0,91.79,42.62,18.32,39.2,0.73,31.83,19.43,100.0,0.0,0.0,0.0,0.0,2.69,48.81,14.61,36.36,1.59,57.69,18.38,15.38,0.0,36.39,528.0
7341,43,202,906,0.44,43.91,20.28,38.55,12.98,42.82,66.66,0.99,2.1,48.36,24.84,68.42,92.79,43.92,20.32,41.93,0.55,34.6,6.84,100.0,0.11,48.0,0.0,0.0,1.88,37.52,22.31,29.41,1.55,48.64,15.1,42.85,0.0,34.2,538.0
7342,43,203,871,0.22,42.29,19.93,44.69,16.12,42.93,69.23,1.49,2.76,50.12,25.59,50.0,89.98,41.85,19.71,42.32,1.26,36.09,13.68,81.81,0.23,52.0,21.21,50.0,3.1,45.85,21.57,37.03,1.15,44.7,23.56,0.0,0.0,36.37,514.0
7343,43,204,948,0.0,42.33,18.0,57.0,14.31,41.87,83.33,0.63,0.1,69.0,0.0,100.0,80.48,42.0,18.18,31.19,0.21,48.0,22.62,100.0,0.0,0.0,0.0,0.0,18.03,42.32,16.65,88.3,0.52,67.8,15.72,0.0,0.0,34.57,584.0
7344,43,unclear,1227,0.4,42.39,15.5,36.6,9.36,46.53,80.0,1.22,0.0,0.0,0.0,0.0,92.14,42.52,15.49,43.25,0.32,34.25,13.91,100.0,0.08,67.0,0.0,0.0,5.07,40.11,16.57,90.32,1.14,47.21,14.45,71.42,,,
7345,43,211,689,0.0,42.04,19.66,48.4,16.79,41.94,75.0,2.9,1.01,43.28,21.55,28.57,82.0,41.35,19.59,34.86,0.43,32.0,4.35,100.0,0.0,0.0,0.0,0.0,12.91,44.75,19.66,80.89,0.72,51.2,34.67,0.0,0.0,34.62,409.0
7346,43,212,832,0.0,44.31,19.19,39.11,18.88,42.9,60.0,3.0,0.24,70.0,8.48,100.0,79.8,44.36,19.4,32.07,0.12,33.0,0.0,100.0,0.0,0.0,0.0,0.0,16.46,44.57,18.19,91.24,0.36,51.33,19.42,33.33,0.0,47.1,501.0
7347,43,214,778,0.0,42.17,20.01,48.11,22.87,42.8,61.53,3.34,0.77,36.0,20.02,33.33,80.71,42.03,19.94,34.87,0.12,37.0,0.0,100.0,0.0,0.0,0.0,0.0,13.75,39.97,18.88,87.85,1.28,63.7,16.72,10.0,0.0,53.01,471.0
7348,43,215,925,0.1,42.41,18.4,44.62,9.7,44.54,62.5,0.86,2.81,42.65,22.73,42.3,90.47,42.46,18.52,43.54,1.73,30.56,9.4,100.0,0.0,0.0,0.0,0.0,2.05,39.15,11.0,36.84,2.05,51.57,17.09,47.36,0.0,33.92,536.0
7349,43,216,852,0.0,43.21,19.73,40.75,12.84,41.78,50.0,0.46,1.64,43.57,14.45,42.85,93.07,43.19,19.88,41.99,0.82,37.28,2.42,100.0,0.0,0.0,0.0,0.0,2.11,36.38,16.64,38.88,1.87,54.56,21.64,6.25,0.0,36.74,528.0
7350,43,217,797,0.37,44.12,19.29,41.14,15.71,41.9,28.57,0.88,1.76,52.21,14.52,42.85,92.44,43.78,19.2,41.96,0.88,42.0,15.38,100.0,0.0,0.0,0.0,0.0,1.76,32.0,13.0,50.0,2.26,60.72,23.12,16.66,0.0,34.99,497.0
7351,43,2,512,0.0,42.78,18.43,58.0,35.35,45.5,0.0,0.39,0.58,34.66,3.05,0.0,94.92,42.78,18.24,45.26,0.19,0.0,0.0,0.0,0.0,0.0,0.0,0.0,3.12,45.43,22.17,75.0,0.78,40.75,17.96,25.0,0.0,0.0,306.0
7352,43,5,0,0.0,0.0,0.0,0.0,0.0,0.0,0.0,0.0,0.0,0.0,0.0,0.0,0.0,0.0,0.0,0.0,0.0,0.0,0.0,0.0,0.0,0.0,0.0,0.0,0.0,0.0,0.0,0.0,0.0,0.0,0.0,0.0,0.0,0.0,0.0
7353,43,7,0,0.0,0.0,0.0,0.0,0.0,0.0,0.0,0.0,0.0,0.0,0.0,0.0,0.0,0.0,0.0,0.0,0.0,0.0,0.0,0.0,0.0,0.0,0.0,0.0,0.0,0.0,0.0,0.0,0.0,0.0,0.0,0.0,0.0,0.0,0.0
7354,43,9,0,0.0,0.0,0.0,0.0,0.0,0.0,0.0,0.0,0.0,0.0,0.0,0.0,0.0,0.0,0.0,0.0,0.0,0.0,0.0,0.0,0.0,0.0,0.0,0.0,0.0,0.0,0.0,0.0,0.0,0.0,0.0,0.0,0.0,0.0,0.0
7355,43,10,0,0.0,0.0,0.0,0.0,0.0,0.0,0.0,0.0,0.0,0.0,0.0,0.0,0.0,0.0,0.0,0.0,0.0,0.0,0.0,0.0,0.0,0.0,0.0,0.0,0.0,0.0,0.0,0.0,0.0,0.0,0.0,0.0,0.0,0.0,0.0
7356,43,11,0,0.0,0.0,0.0,0.0,0.0,0.0,0.0,0.0,0.0,0.0,0.0,0.0,0.0,0.0,0.0,0.0,0.0,0.0,0.0,0.0,0.0,0.0,0.0,0.0,0.0,0.0,0.0,0.0,0.0,0.0,0.0,0.0,0.0,0.0,0.0
7357,43,12,0,0.0,0.0,0.0,0.0,0.0,0.0,0.0,0.0,0.0,0.0,0.0,0.0,0.0,0.0,0.0,0.0,0.0,0.0,0.0,0.0,0.0,0.0,0.0,0.0,0.0,0.0,0.0,0.0,0.0,0.0,0.0,0.0,0.0,0.0,0.0
7358,43,14,0,0.0,0.0,0.0,0.0,0.0,0.0,0.0,0.0,0.0,0.0,0.0,0.0,0.0,0.0,0.0,0.0,0.0,0.0,0.0,0.0,0.0,0.0,0.0,0.0,0.0,0.0,0.0,0.0,0.0,0.0,0.0,0.0,0.0,0.0,0.0
7359,43,15,0,0.0,0.0,0.0,0.0,0.0,0.0,0.0,0.0,0.0,0.0,0.0,0.0,0.0,0.0,0.0,0.0,0.0,0.0,0.0,0.0,0.0,0.0,0.0,0.0,0.0,0.0,0.0,0.0,0.0,0.0,0.0,0.0,0.0,0.0,0.0
7360,43,16,677,0.14,40.47,18.94,38.25,12.97,41.35,75.0,0.59,0.59,26.0,18.92,50.0,87.13,40.5,18.86,37.18,0.29,20.0,28.28,50.0,0.29,36.5,17.67,0.0,9.76,40.07,19.41,80.3,1.33,53.33,18.45,22.22,0.0,0.0,365.0
7361,43,17,629,0.0,40.94,18.7,48.8,18.75,43.08,40.0,0.79,0.95,50.66,15.25,33.33,89.5,40.84,18.83,39.96,0.31,37.0,11.31,100.0,0.15,47.0,0.0,100.0,7.79,40.2,18.34,77.55,0.47,39.66,15.17,33.33,0.0,0.0,361.0
7362,43,20,0,0.0,0.0,0.0,0.0,0.0,0.0,0.0,0.0,0.0,0.0,0.0,0.0,0.0,0.0,0.0,0.0,0.0,0.0,0.0,0.0,0.0,0.0,0.0,0.0,0.0,0.0,0.0,0.0,0.0,0.0,0.0,0.0,0.0,0.0,0.0
7363,43,21,694,0.0,40.32,18.17,38.73,16.82,42.07,40.0,2.16,0.57,50.75,4.78,75.0,88.9,40.32,18.42,39.38,0.57,28.0,4.08,75.0,0.0,0.0,0.0,0.0,7.06,39.69,16.63,73.46,0.72,53.0,12.22,20.0,0.0,0.0,366.0
7364,43,24,652,0.15,39.98,17.27,30.8,15.4,44.78,60.0,0.76,1.07,50.71,12.18,71.42,93.39,39.9,17.36,43.91,0.15,34.0,0.0,100.0,0.0,0.0,0.0,0.0,3.53,40.17,17.21,60.86,1.07,43.57,15.34,14.28,0.0,0.0,308.0
7365,43,26,0,0.0,0.0,0.0,0.0,0.0,0.0,0.0,0.0,0.0,0.0,0.0,0.0,0.0,0.0,0.0,0.0,0.0,0.0,0.0,0.0,0.0,0.0,0.0,0.0,0.0,0.0,0.0,0.0,0.0,0.0,0.0,0.0,0.0,0.0,0.0
7366,43,27,1103,0.0,41.92,18.46,41.25,15.32,42.52,0.0,0.36,0.9,59.5,15.67,30.0,85.85,41.66,18.54,37.27,0.45,36.0,11.64,60.0,0.0,0.0,0.0,0.0,11.87,41.94,17.81,83.2,0.54,58.5,12.83,16.66,0.0,0.0,597.0
7367,43,39,856,0.0,45.84,19.54,52.0,0.0,42.05,0.0,0.11,0.23,72.5,10.6,50.0,76.16,45.29,19.77,28.68,0.0,0.0,0.0,0.0,0.11,80.0,0.0,0.0,23.36,47.16,18.6,86.0,0.0,0.0,0.0,0.0,0.0,0.0,523.0
7368,43,40,0,0.0,0.0,0.0,0.0,0.0,0.0,0.0,0.0,0.0,0.0,0.0,0.0,0.0,0.0,0.0,0.0,0.0,0.0,0.0,0.0,0.0,0.0,0.0,0.0,0.0,0.0,0.0,0.0,0.0,0.0,0.0,0.0,0.0,0.0,0.0
7369,43,41,934,0.0,44.4,20.56,47.68,16.64,43.79,40.9,2.35,0.64,37.66,26.59,16.66,72.8,43.7,20.6,29.85,0.0,0.0,0.0,0.0,0.1,0.0,0.0,0.0,24.08,46.55,20.38,87.11,0.0,0.0,0.0,0.0,0.0,0.0,556.0
7370,43,42,493,0.0,41.7,18.52,45.0,4.24,41.58,0.0,0.4,0.0,0.0,0.0,0.0,80.12,41.47,18.02,29.36,0.0,0.0,0.0,0.0,0.0,0.0,0.0,0.0,19.06,41.6,19.79,92.55,0.4,88.5,6.36,100.0,0.0,0.0,309.0
7371,43,43,957,0.0,43.96,20.4,0.0,0.0,43.26,0.0,0.0,0.0,0.0,0.0,0.0,78.89,43.42,20.91,30.86,0.41,30.75,10.3,75.0,0.0,0.0,0.0,0.0,20.58,46.35,18.35,89.84,0.1,36.0,0.0,100.0,0.0,0.0,586.0
7372,43,44,981,0.0,46.38,22.01,55.0,27.87,42.09,0.0,0.3,0.0,0.0,0.0,0.0,77.87,46.42,22.64,29.31,0.0,0.0,0.0,0.0,0.0,0.0,0.0,0.0,21.71,46.0,19.52,88.26,0.1,76.0,0.0,100.0,0.0,0.0,644.0
7373,43,45,0,0.0,0.0,0.0,0.0,0.0,0.0,0.0,0.0,0.0,0.0,0.0,0.0,0.0,0.0,0.0,0.0,0.0,0.0,0.0,0.0,0.0,0.0,0.0,0.0,0.0,0.0,0.0,0.0,0.0,0.0,0.0,0.0,0.0,0.0,0.0
7374,43,46,548,0.0,43.37,18.51,44.66,34.07,41.78,66.66,0.54,0.0,0.0,0.0,0.0,79.74,43.75,18.57,30.2,0.0,0.0,0.0,0.0,0.0,0.0,0.0,0.0,19.34,42.0,18.03,88.67,0.36,30.5,3.53,50.0,0.0,0.0,353.0
7375,43,47,536,0.0,41.63,19.65,47.0,26.05,39.92,33.33,0.55,0.55,38.0,14.73,66.66,83.02,41.24,19.24,31.46,0.0,0.0,0.0,0.0,0.0,0.0,0.0,0.0,15.29,43.85,21.97,86.58,0.55,38.33,19.03,0.0,0.0,0.0,328.0
7376,43,48,771,0.0,44.16,19.42,50.5,19.09,40.07,50.0,0.25,0.12,50.0,0.0,0.0,73.54,43.36,19.34,22.22,0.0,0.0,0.0,0.0,0.0,0.0,0.0,0.0,25.68,46.12,19.71,90.9,0.38,59.66,5.5,66.66,0.0,0.0,508.0
7377,43,49,0,0.0,0.0,0.0,0.0,0.0,0.0,0.0,0.0,0.0,0.0,0.0,0.0,0.0,0.0,0.0,0.0,0.0,0.0,0.0,0.0,0.0,0.0,0.0,0.0,0.0,0.0,0.0,0.0,0.0,0.0,0.0,0.0,0.0,0.0,0.0
7378,43,50,0,0.0,0.0,0.0,0.0,0.0,0.0,0.0,0.0,0.0,0.0,0.0,0.0,0.0,0.0,0.0,0.0,0.0,0.0,0.0,0.0,0.0,0.0,0.0,0.0,0.0,0.0,0.0,0.0,0.0,0.0,0.0,0.0,0.0,0.0,0.0
7379,43,51,713,0.0,44.96,19.93,60.0,8.71,45.16,0.0,0.42,0.0,0.0,0.0,0.0,75.73,45.34,20.41,31.85,0.0,0.0,0.0,0.0,0.0,0.0,0.0,0.0,23.84,43.48,18.37,88.23,0.0,0.0,0.0,0.0,0.0,0.0,456.0
7380,43,52,890,0.22,44.4,20.89,34.7,16.76,44.04,32.3,7.31,1.23,56.81,13.59,45.45,66.55,45.21,21.35,29.78,0.0,0.0,0.0,0.0,0.0,0.0,0.0,0.0,24.09,44.3,20.41,86.91,0.78,44.0,14.13,57.14,0.0,0.0,511.0
7381,43,53,483,0.0,41.67,17.86,74.0,0.0,41.61,100.0,0.2,0.0,0.0,0.0,0.0,78.67,41.89,17.89,28.94,0.2,55.0,0.0,0.0,0.0,0.0,0.0,0.0,20.49,40.31,17.7,89.89,0.41,45.5,16.26,50.0,0.0,0.0,314.0
7382,43,54,581,0.0,45.76,21.3,0.0,0.0,42.68,0.0,0.0,0.34,69.0,33.94,50.0,79.0,45.71,21.48,30.06,0.0,0.0,0.0,0.0,0.0,0.0,0.0,0.0,20.65,45.55,20.4,90.83,0.0,0.0,0.0,0.0,0.0,0.0,362.0
7383,43,55,0,0.0,0.0,0.0,0.0,0.0,0.0,0.0,0.0,0.0,0.0,0.0,0.0,0.0,0.0,0.0,0.0,0.0,0.0,0.0,0.0,0.0,0.0,0.0,0.0,0.0,0.0,0.0,0.0,0.0,0.0,0.0,0.0,0.0,0.0,0.0
7384,43,56,878,0.0,45.28,18.91,50.55,13.65,41.11,40.74,3.07,0.22,52.0,22.62,100.0,74.37,45.09,19.27,26.03,0.11,50.0,0.0,100.0,0.0,0.0,0.0,0.0,22.2,45.07,18.36,90.76,0.0,0.0,0.0,0.0,0.0,0.0,563.0
7385,43,57,319,0.0,42.04,17.88,48.4,22.07,43.26,40.0,1.56,0.62,22.0,0.0,0.0,77.11,43.19,18.04,33.73,0.0,0.0,0.0,0.0,0.0,0.0,0.0,0.0,19.74,37.85,16.8,82.53,0.94,38.33,3.51,33.33,0.0,0.0,187.0
7386,43,58,647,0.0,45.04,19.04,48.5,36.06,42.19,0.0,0.3,0.46,49.33,23.02,33.33,75.42,45.29,19.29,27.66,0.0,0.0,0.0,0.0,0.0,0.0,0.0,0.0,23.64,44.14,18.19,88.88,0.15,44.0,0.0,100.0,0.0,0.0,450.0
7387,43,59,0,0.0,0.0,0.0,0.0,0.0,0.0,0.0,0.0,0.0,0.0,0.0,0.0,0.0,0.0,0.0,0.0,0.0,0.0,0.0,0.0,0.0,0.0,0.0,0.0,0.0,0.0,0.0,0.0,0.0,0.0,0.0,0.0,0.0,0.0,0.0
7388,43,60,0,0.0,0.0,0.0,0.0,0.0,0.0,0.0,0.0,0.0,0.0,0.0,0.0,0.0,0.0,0.0,0.0,0.0,0.0,0.0,0.0,0.0,0.0,0.0,0.0,0.0,0.0,0.0,0.0,0.0,0.0,0.0,0.0,0.0,0.0,0.0
7389,43,61,0,0.0,0.0,0.0,0.0,0.0,0.0,0.0,0.0,0.0,0.0,0.0,0.0,0.0,0.0,0.0,0.0,0.0,0.0,0.0,0.0,0.0,0.0,0.0,0.0,0.0,0.0,0.0,0.0,0.0,0.0,0.0,0.0,0.0,0.0,0.0
7390,43,64,578,0.0,45.26,20.41,34.0,0.0,41.52,100.0,0.17,0.0,0.0,0.0,0.0,74.39,45.74,20.16,27.44,0.0,0.0,0.0,0.0,0.0,0.0,0.0,0.0,25.25,44.23,20.93,82.87,0.17,0.0,0.0,0.0,0.0,0.0,352.0
7391,43,65,545,0.18,43.0,18.19,60.0,5.65,40.36,100.0,0.36,0.18,60.0,0.0,100.0,81.25,42.97,18.33,30.09,0.0,0.0,0.0,0.0,0.0,0.0,0.0,0.0,17.64,43.18,17.37,84.37,0.55,22.0,21.51,66.66,0.0,0.0,348.0
7392,43,66,550,0.18,42.31,20.46,47.5,17.52,42.54,50.0,1.82,0.18,46.0,0.0,0.0,81.42,41.88,20.3,33.33,0.18,35.0,0.0,0.0,0.18,86.0,0.0,100.0,15.84,42.66,21.3,89.65,0.36,72.5,10.6,0.0,0.0,0.0,317.0
7393,43,69,0,0.0,0.0,0.0,0.0,0.0,0.0,0.0,0.0,0.0,0.0,0.0,0.0,0.0,0.0,0.0,0.0,0.0,0.0,0.0,0.0,0.0,0.0,0.0,0.0,0.0,0.0,0.0,0.0,0.0,0.0,0.0,0.0,0.0,0.0,0.0
7394,43,70,0,0.0,0.0,0.0,0.0,0.0,0.0,0.0,0.0,0.0,0.0,0.0,0.0,0.0,0.0,0.0,0.0,0.0,0.0,0.0,0.0,0.0,0.0,0.0,0.0,0.0,0.0,0.0,0.0,0.0,0.0,0.0,0.0,0.0,0.0,0.0
7395,43,71,0,0.0,0.0,0.0,0.0,0.0,0.0,0.0,0.0,0.0,0.0,0.0,0.0,0.0,0.0,0.0,0.0,0.0,0.0,0.0,0.0,0.0,0.0,0.0,0.0,0.0,0.0,0.0,0.0,0.0,0.0,0.0,0.0,0.0,0.0,0.0
7396,43,72,0,0.0,0.0,0.0,0.0,0.0,0.0,0.0,0.0,0.0,0.0,0.0,0.0,0.0,0.0,0.0,0.0,0.0,0.0,0.0,0.0,0.0,0.0,0.0,0.0,0.0,0.0,0.0,0.0,0.0,0.0,0.0,0.0,0.0,0.0,0.0
7397,43,73,886,0.11,41.87,18.53,40.66,8.08,42.66,100.0,0.33,1.69,42.2,19.79,46.66,81.69,42.28,18.88,35.4,0.45,33.0,2.94,100.0,0.11,23.0,0.0,100.0,14.8,39.74,16.44,80.15,0.9,46.0,23.8,12.5,0.0,0.0,550.0
7398,43,76,882,0.11,43.84,19.77,54.0,0.0,40.92,100.0,0.11,0.0,0.0,0.0,0.0,80.24,44.13,19.76,29.42,0.0,0.0,0.0,0.0,0.0,0.0,0.0,0.0,19.52,42.16,19.59,87.79,0.11,76.0,0.0,0.0,0.0,0.0,541.0
7399,43,77,683,0.0,42.03,19.69,49.5,28.99,43.48,50.0,0.29,0.43,63.33,22.12,33.33,76.13,42.09,19.91,29.23,0.14,39.0,0.0,100.0,0.0,0.0,0.0,0.0,22.84,41.23,18.79,91.02,0.14,63.0,0.0,0.0,0.0,0.0,429.0
7400,43,78,790,0.0,44.43,19.79,54.33,25.34,43.03,66.66,0.75,0.63,49.6,19.75,20.0,78.48,44.7,19.36,32.41,0.0,0.0,0.0,0.0,0.12,77.0,0.0,0.0,19.49,42.07,20.8,87.01,0.5,63.25,24.78,0.0,0.0,0.0,492.0
7401,43,84,828,0.0,42.72,19.65,44.85,24.29,42.63,57.14,0.84,0.84,49.42,10.09,57.14,91.9,42.65,19.95,40.6,0.36,36.33,6.02,66.66,0.12,27.0,0.0,0.0,4.95,40.97,14.54,80.48,0.96,54.62,17.38,12.5,0.0,0.0,482.0
7402,43,85,783,0.38,43.67,18.37,50.0,19.38,42.91,50.0,1.02,1.02,55.75,17.73,50.0,91.28,43.17,17.87,41.15,0.38,23.66,20.55,100.0,0.12,64.0,0.0,0.0,5.12,44.67,23.42,72.5,1.02,64.37,17.41,12.5,0.0,0.0,490.0
7403,43,88,0,0.0,0.0,0.0,0.0,0.0,0.0,0.0,0.0,0.0,0.0,0.0,0.0,0.0,0.0,0.0,0.0,0.0,0.0,0.0,0.0,0.0,0.0,0.0,0.0,0.0,0.0,0.0,0.0,0.0,0.0,0.0,0.0,0.0,0.0,0.0
7404,43,89,0,0.0,0.0,0.0,0.0,0.0,0.0,0.0,0.0,0.0,0.0,0.0,0.0,0.0,0.0,0.0,0.0,0.0,0.0,0.0,0.0,0.0,0.0,0.0,0.0,0.0,0.0,0.0,0.0,0.0,0.0,0.0,0.0,0.0,0.0,0.0
7405,43,90,792,0.0,42.42,18.05,58.0,18.52,41.66,73.68,2.39,1.38,36.18,27.38,45.45,88.76,42.15,17.75,38.26,0.25,23.0,1.41,100.0,0.0,0.0,0.0,0.0,6.43,42.41,16.86,74.5,0.75,42.5,23.37,33.33,0.0,0.0,456.0
7406,43,94,712,0.0,41.85,19.03,47.0,4.24,42.41,50.0,0.28,0.28,33.0,12.72,100.0,78.79,41.68,19.43,29.59,0.14,39.0,0.0,100.0,0.0,0.0,0.0,0.0,20.36,42.55,17.8,90.34,0.14,44.0,0.0,100.0,0.0,0.0,452.0
7407,43,96,731,0.0,42.93,19.98,57.0,1.41,44.18,50.0,0.27,0.41,53.0,21.65,66.66,75.23,43.42,20.31,30.0,0.13,67.0,0.0,100.0,0.0,0.0,0.0,0.0,23.8,40.81,18.88,88.5,0.13,60.0,0.0,0.0,0.0,0.0,454.0
7408,43,98,0,0.0,0.0,0.0,0.0,0.0,0.0,0.0,0.0,0.0,0.0,0.0,0.0,0.0,0.0,0.0,0.0,0.0,0.0,0.0,0.0,0.0,0.0,0.0,0.0,0.0,0.0,0.0,0.0,0.0,0.0,0.0,0.0,0.0,0.0,0.0
7409,43,104,614,0.0,43.73,19.19,48.0,39.59,43.81,50.0,0.32,0.0,0.0,0.0,0.0,76.38,43.72,19.79,28.78,0.0,0.0,0.0,0.0,0.0,0.0,0.0,0.0,23.28,43.72,16.96,93.0,0.0,0.0,0.0,0.0,0.0,0.0,383.0
7410,43,105,314,0.0,42.25,18.16,39.0,0.0,45.22,100.0,0.31,0.0,0.0,0.0,0.0,73.24,42.9,18.06,28.26,0.0,0.0,0.0,0.0,0.0,0.0,0.0,0.0,26.43,40.49,18.51,91.56,0.0,0.0,0.0,0.0,0.0,0.0,210.0
7411,43,106,0,0.0,0.0,0.0,0.0,0.0,0.0,0.0,0.0,0.0,0.0,0.0,0.0,0.0,0.0,0.0,0.0,0.0,0.0,0.0,0.0,0.0,0.0,0.0,0.0,0.0,0.0,0.0,0.0,0.0,0.0,0.0,0.0,0.0,0.0,0.0
7412,43,107,0,0.0,0.0,0.0,0.0,0.0,0.0,0.0,0.0,0.0,0.0,0.0,0.0,0.0,0.0,0.0,0.0,0.0,0.0,0.0,0.0,0.0,0.0,0.0,0.0,0.0,0.0,0.0,0.0,0.0,0.0,0.0,0.0,0.0,0.0,0.0
7413,43,108,600,0.0,43.07,19.17,39.0,14.43,41.66,20.0,0.83,0.33,59.5,27.57,50.0,80.66,43.74,19.4,30.16,0.0,0.0,0.0,0.0,0.0,0.0,0.0,0.0,18.16,39.94,17.95,93.57,0.0,0.0,0.0,0.0,0.0,0.0,346.0
7414,43,110,687,0.43,44.11,19.28,53.0,17.78,39.73,42.85,1.02,2.19,54.33,15.95,53.33,78.65,44.03,19.71,28.62,0.0,0.0,0.0,0.0,0.14,33.0,0.0,0.0,17.1,41.46,16.94,88.03,0.87,65.0,17.38,33.33,0.0,0.0,442.0
7415,43,113,0,0.0,0.0,0.0,0.0,0.0,0.0,0.0,0.0,0.0,0.0,0.0,0.0,0.0,0.0,0.0,0.0,0.0,0.0,0.0,0.0,0.0,0.0,0.0,0.0,0.0,0.0,0.0,0.0,0.0,0.0,0.0,0.0,0.0,0.0,0.0
7416,43,116,0,0.0,0.0,0.0,0.0,0.0,0.0,0.0,0.0,0.0,0.0,0.0,0.0,0.0,0.0,0.0,0.0,0.0,0.0,0.0,0.0,0.0,0.0,0.0,0.0,0.0,0.0,0.0,0.0,0.0,0.0,0.0,0.0,0.0,0.0,0.0
7417,43,122,0,0.0,0.0,0.0,0.0,0.0,0.0,0.0,0.0,0.0,0.0,0.0,0.0,0.0,0.0,0.0,0.0,0.0,0.0,0.0,0.0,0.0,0.0,0.0,0.0,0.0,0.0,0.0,0.0,0.0,0.0,0.0,0.0,0.0,0.0,0.0
7418,43,124,0,0.0,0.0,0.0,0.0,0.0,0.0,0.0,0.0,0.0,0.0,0.0,0.0,0.0,0.0,0.0,0.0,0.0,0.0,0.0,0.0,0.0,0.0,0.0,0.0,0.0,0.0,0.0,0.0,0.0,0.0,0.0,0.0,0.0,0.0,0.0
7419,43,128,0,0.0,0.0,0.0,0.0,0.0,0.0,0.0,0.0,0.0,0.0,0.0,0.0,0.0,0.0,0.0,0.0,0.0,0.0,0.0,0.0,0.0,0.0,0.0,0.0,0.0,0.0,0.0,0.0,0.0,0.0,0.0,0.0,0.0,0.0,0.0
7420,43,129,0,0.0,0.0,0.0,0.0,0.0,0.0,0.0,0.0,0.0,0.0,0.0,0.0,0.0,0.0,0.0,0.0,0.0,0.0,0.0,0.0,0.0,0.0,0.0,0.0,0.0,0.0,0.0,0.0,0.0,0.0,0.0,0.0,0.0,0.0,0.0
7421,43,131,630,0.0,45.06,18.86,46.0,7.07,42.38,25.0,0.63,2.85,48.0,18.4,44.44,89.84,45.16,18.87,40.98,0.79,30.8,4.2,80.0,0.47,50.0,15.62,33.33,4.6,41.17,17.92,65.51,0.79,55.2,35.37,40.0,0.0,0.0,366.0
7422,43,135,702,0.14,43.35,20.2,42.77,11.22,42.02,44.44,1.28,0.99,44.14,27.77,42.85,91.72,43.5,20.23,40.27,1.14,35.87,15.18,62.5,0.28,51.5,2.12,50.0,3.7,44.46,18.84,76.92,0.85,36.5,28.74,33.33,0.0,0.0,432.0
7423,43,139,600,0.0,43.4,21.15,64.59,22.9,40.16,60.0,0.83,2.5,51.13,21.13,66.66,93.5,43.0,21.03,39.21,0.5,35.33,3.51,66.66,0.16,28.0,0.0,0.0,1.33,34.37,28.47,50.0,1.16,59.42,3.59,28.57,0.0,0.0,370.0
7424,43,144,0,0.0,0.0,0.0,0.0,0.0,0.0,0.0,0.0,0.0,0.0,0.0,0.0,0.0,0.0,0.0,0.0,0.0,0.0,0.0,0.0,0.0,0.0,0.0,0.0,0.0,0.0,0.0,0.0,0.0,0.0,0.0,0.0,0.0,0.0,0.0
7425,43,145,732,0.81,40.75,18.84,43.25,21.07,42.34,25.0,1.1,1.65,47.58,22.48,91.66,93.38,40.37,18.6,41.88,0.55,36.75,4.71,75.0,0.27,52.0,11.31,0.0,1.65,47.58,19.8,41.66,1.37,43.8,26.78,10.0,0.0,0.0,416.0
7426,43,146,568,0.17,44.51,19.79,59.66,17.62,41.02,66.66,1.05,1.58,59.11,13.95,55.55,92.94,43.89,19.67,40.03,0.0,0.0,0.0,0.0,0.7,65.25,28.81,0.0,2.64,46.06,17.46,60.0,1.05,42.66,25.9,50.0,0.0,0.0,338.0
7427,43,147,0,0.0,0.0,0.0,0.0,0.0,0.0,0.0,0.0,0.0,0.0,0.0,0.0,0.0,0.0,0.0,0.0,0.0,0.0,0.0,0.0,0.0,0.0,0.0,0.0,0.0,0.0,0.0,0.0,0.0,0.0,0.0,0.0,0.0,0.0,0.0
7428,43,148,681,0.14,42.47,18.88,40.0,14.84,41.7,37.5,1.17,1.47,49.9,13.61,40.0,94.11,42.3,18.81,41.87,0.88,30.33,15.95,83.33,0.0,0.0,0.0,0.0,1.17,38.0,13.72,12.5,1.17,62.37,28.58,25.0,0.0,0.0,391.0
7429,43,156,0,0.0,0.0,0.0,0.0,0.0,0.0,0.0,0.0,0.0,0.0,0.0,0.0,0.0,0.0,0.0,0.0,0.0,0.0,0.0,0.0,0.0,0.0,0.0,0.0,0.0,0.0,0.0,0.0,0.0,0.0,0.0,0.0,0.0,0.0,0.0
7430,43,160,0,0.0,0.0,0.0,0.0,0.0,0.0,0.0,0.0,0.0,0.0,0.0,0.0,0.0,0.0,0.0,0.0,0.0,0.0,0.0,0.0,0.0,0.0,0.0,0.0,0.0,0.0,0.0,0.0,0.0,0.0,0.0,0.0,0.0,0.0,0.0
7431,43,161,0,0.0,0.0,0.0,0.0,0.0,0.0,0.0,0.0,0.0,0.0,0.0,0.0,0.0,0.0,0.0,0.0,0.0,0.0,0.0,0.0,0.0,0.0,0.0,0.0,0.0,0.0,0.0,0.0,0.0,0.0,0.0,0.0,0.0,0.0,0.0
7432,43,164,0,0.0,0.0,0.0,0.0,0.0,0.0,0.0,0.0,0.0,0.0,0.0,0.0,0.0,0.0,0.0,0.0,0.0,0.0,0.0,0.0,0.0,0.0,0.0,0.0,0.0,0.0,0.0,0.0,0.0,0.0,0.0,0.0,0.0,0.0,0.0
7433,43,165,681,0.0,44.03,18.03,45.25,25.51,43.02,75.0,0.58,0.29,37.0,21.21,50.0,77.97,44.03,18.22,30.32,0.0,0.0,0.0,0.0,0.14,77.0,0.0,0.0,20.99,43.88,17.07,89.51,0.0,0.0,0.0,0.0,0.0,0.0,408.0
7434,43,167,0,0.0,0.0,0.0,0.0,0.0,0.0,0.0,0.0,0.0,0.0,0.0,0.0,0.0,0.0,0.0,0.0,0.0,0.0,0.0,0.0,0.0,0.0,0.0,0.0,0.0,0.0,0.0,0.0,0.0,0.0,0.0,0.0,0.0,0.0,0.0
7435,43,170,0,0.0,0.0,0.0,0.0,0.0,0.0,0.0,0.0,0.0,0.0,0.0,0.0,0.0,0.0,0.0,0.0,0.0,0.0,0.0,0.0,0.0,0.0,0.0,0.0,0.0,0.0,0.0,0.0,0.0,0.0,0.0,0.0,0.0,0.0,0.0
7436,43,172,0,0.0,0.0,0.0,0.0,0.0,0.0,0.0,0.0,0.0,0.0,0.0,0.0,0.0,0.0,0.0,0.0,0.0,0.0,0.0,0.0,0.0,0.0,0.0,0.0,0.0,0.0,0.0,0.0,0.0,0.0,0.0,0.0,0.0,0.0,0.0
7437,43,174,0,0.0,0.0,0.0,0.0,0.0,0.0,0.0,0.0,0.0,0.0,0.0,0.0,0.0,0.0,0.0,0.0,0.0,0.0,0.0,0.0,0.0,0.0,0.0,0.0,0.0,0.0,0.0,0.0,0.0,0.0,0.0,0.0,0.0,0.0,0.0
7438,43,175,0,0.0,0.0,0.0,0.0,0.0,0.0,0.0,0.0,0.0,0.0,0.0,0.0,0.0,0.0,0.0,0.0,0.0,0.0,0.0,0.0,0.0,0.0,0.0,0.0,0.0,0.0,0.0,0.0,0.0,0.0,0.0,0.0,0.0,0.0,0.0
7439,43,177,0,0.0,0.0,0.0,0.0,0.0,0.0,0.0,0.0,0.0,0.0,0.0,0.0,0.0,0.0,0.0,0.0,0.0,0.0,0.0,0.0,0.0,0.0,0.0,0.0,0.0,0.0,0.0,0.0,0.0,0.0,0.0,0.0,0.0,0.0,0.0
7440,43,179,0,0.0,0.0,0.0,0.0,0.0,0.0,0.0,0.0,0.0,0.0,0.0,0.0,0.0,0.0,0.0,0.0,0.0,0.0,0.0,0.0,0.0,0.0,0.0,0.0,0.0,0.0,0.0,0.0,0.0,0.0,0.0,0.0,0.0,0.0,0.0
7441,43,180,0,0.0,0.0,0.0,0.0,0.0,0.0,0.0,0.0,0.0,0.0,0.0,0.0,0.0,0.0,0.0,0.0,0.0,0.0,0.0,0.0,0.0,0.0,0.0,0.0,0.0,0.0,0.0,0.0,0.0,0.0,0.0,0.0,0.0,0.0,0.0
7442,43,181,0,0.0,0.0,0.0,0.0,0.0,0.0,0.0,0.0,0.0,0.0,0.0,0.0,0.0,0.0,0.0,0.0,0.0,0.0,0.0,0.0,0.0,0.0,0.0,0.0,0.0,0.0,0.0,0.0,0.0,0.0,0.0,0.0,0.0,0.0,0.0
7443,43,183,134,0.74,42.54,20.37,25.0,1.41,49.25,50.0,1.5,3.0,55.5,17.31,50.0,89.47,43.05,20.28,48.73,2.25,28.0,8.66,66.66,0.0,0.0,0.0,0.0,3.0,24.5,0.57,50.0,0.75,33.0,0.0,0.0,0.0,0.0,49.0
7444,43,185,0,0.0,0.0,0.0,0.0,0.0,0.0,0.0,0.0,0.0,0.0,0.0,0.0,0.0,0.0,0.0,0.0,0.0,0.0,0.0,0.0,0.0,0.0,0.0,0.0,0.0,0.0,0.0,0.0,0.0,0.0,0.0,0.0,0.0,0.0,0.0
7445,43,192,0,0.0,0.0,0.0,0.0,0.0,0.0,0.0,0.0,0.0,0.0,0.0,0.0,0.0,0.0,0.0,0.0,0.0,0.0,0.0,0.0,0.0,0.0,0.0,0.0,0.0,0.0,0.0,0.0,0.0,0.0,0.0,0.0,0.0,0.0,0.0
7446,43,194,0,0.0,0.0,0.0,0.0,0.0,0.0,0.0,0.0,0.0,0.0,0.0,0.0,0.0,0.0,0.0,0.0,0.0,0.0,0.0,0.0,0.0,0.0,0.0,0.0,0.0,0.0,0.0,0.0,0.0,0.0,0.0,0.0,0.0,0.0,0.0
7447,43,195,0,0.0,0.0,0.0,0.0,0.0,0.0,0.0,0.0,0.0,0.0,0.0,0.0,0.0,0.0,0.0,0.0,0.0,0.0,0.0,0.0,0.0,0.0,0.0,0.0,0.0,0.0,0.0,0.0,0.0,0.0,0.0,0.0,0.0,0.0,0.0
7448,43,199,0,0.0,0.0,0.0,0.0,0.0,0.0,0.0,0.0,0.0,0.0,0.0,0.0,0.0,0.0,0.0,0.0,0.0,0.0,0.0,0.0,0.0,0.0,0.0,0.0,0.0,0.0,0.0,0.0,0.0,0.0,0.0,0.0,0.0,0.0,0.0
7449,43,205,0,0.0,0.0,0.0,0.0,0.0,0.0,0.0,0.0,0.0,0.0,0.0,0.0,0.0,0.0,0.0,0.0,0.0,0.0,0.0,0.0,0.0,0.0,0.0,0.0,0.0,0.0,0.0,0.0,0.0,0.0,0.0,0.0,0.0,0.0,0.0
7450,43,206,0,0.0,0.0,0.0,0.0,0.0,0.0,0.0,0.0,0.0,0.0,0.0,0.0,0.0,0.0,0.0,0.0,0.0,0.0,0.0,0.0,0.0,0.0,0.0,0.0,0.0,0.0,0.0,0.0,0.0,0.0,0.0,0.0,0.0,0.0,0.0
7451,43,207,0,0.0,0.0,0.0,0.0,0.0,0.0,0.0,0.0,0.0,0.0,0.0,0.0,0.0,0.0,0.0,0.0,0.0,0.0,0.0,0.0,0.0,0.0,0.0,0.0,0.0,0.0,0.0,0.0,0.0,0.0,0.0,0.0,0.0,0.0,0.0
7452,43,210,0,0.0,0.0,0.0,0.0,0.0,0.0,0.0,0.0,0.0,0.0,0.0,0.0,0.0,0.0,0.0,0.0,0.0,0.0,0.0,0.0,0.0,0.0,0.0,0.0,0.0,0.0,0.0,0.0,0.0,0.0,0.0,0.0,0.0,0.0,0.0
7453,43,213,698,0.0,43.61,19.31,46.52,20.76,43.4,42.85,3.0,0.71,22.6,21.81,60.0,83.09,43.68,19.21,37.41,0.14,47.0,0.0,100.0,0.0,0.0,0.0,0.0,12.46,43.22,19.32,82.75,0.57,51.5,17.82,25.0,0.0,0.0,414.0
7454,44,16,420,0.0,40.78,17.56,40.66,17.16,44.52,85.71,5.0,0.71,70.0,15.71,100.0,82.85,40.57,17.24,36.2,0.0,0.0,0.0,0.0,0.0,0.0,0.0,0.0,11.19,40.17,19.18,85.1,0.23,55.0,0.0,0.0,0.0,37.03,257.0
7455,44,22,294,0.34,46.18,19.8,0.0,0.0,41.49,100.0,0.34,0.34,93.0,0.0,100.0,89.41,46.61,19.43,37.02,0.34,28.0,0.0,100.0,0.0,0.0,0.0,0.0,9.55,44.46,18.63,78.57,0.0,0.0,0.0,0.0,0.0,38.1,196.0
7456,44,24,776,2.06,44.11,19.21,54.25,11.52,42.91,75.0,0.52,1.71,42.61,15.83,38.46,79.21,43.26,19.26,33.88,0.26,23.5,0.7,0.0,0.13,37.0,0.0,0.0,17.23,47.1,19.24,88.54,0.92,53.85,22.37,14.28,0.0,33.27,489.0
7457,44,unclear,1218,0.16,42.89,15.94,51.7,22.94,46.22,70.58,1.39,0.0,0.0,0.0,0.0,94.81,42.73,15.67,45.62,0.65,31.25,8.01,75.0,0.08,47.0,0.0,0.0,1.72,38.14,15.26,66.66,1.31,54.0,21.45,25.0,,,
7458,44,29,732,0.27,41.83,18.65,41.83,17.93,42.07,75.0,1.64,1.91,43.92,10.7,50.0,92.19,42.09,18.82,40.86,0.95,32.42,9.82,100.0,0.27,55.5,0.7,0.0,2.32,32.17,16.48,58.82,0.68,46.4,27.54,0.0,0.0,54.04,415.0
7459,44,31,690,0.0,41.33,19.12,52.5,18.89,42.31,70.0,1.44,1.15,42.87,25.32,62.5,92.31,41.4,19.03,39.87,0.57,38.75,13.4,100.0,0.0,0.0,0.0,0.0,3.91,35.0,15.39,70.37,0.57,44.5,39.71,75.0,0.0,50.88,394.0
7460,44,32,621,0.0,44.25,17.98,54.6,19.28,43.63,40.0,0.8,1.93,51.25,15.13,66.66,92.1,43.87,18.06,43.88,0.64,33.75,9.94,75.0,0.16,72.0,0.0,0.0,2.25,49.78,13.47,21.42,2.09,45.53,19.66,30.76,0.0,33.86,382.0
7461,44,33,625,0.16,42.76,19.01,39.1,15.34,41.92,40.0,1.6,1.44,51.88,11.36,33.33,91.18,42.36,18.87,40.77,0.32,35.0,7.07,100.0,0.16,68.0,0.0,100.0,3.68,44.04,23.07,82.6,1.6,56.7,23.0,0.0,0.0,35.89,370.0
7462,44,34,595,0.0,42.72,18.16,50.84,23.07,41.51,56.0,4.2,0.84,46.0,17.49,40.0,83.69,42.18,17.64,38.35,1.0,33.16,9.9,33.33,0.16,65.0,0.0,0.0,8.9,41.62,18.26,69.81,1.17,63.42,24.09,14.28,0.0,36.9,366.0
7463,44,36,666,0.0,42.98,18.45,43.5,11.47,42.19,100.0,0.6,1.5,55.2,16.49,40.0,83.63,43.05,18.57,35.36,1.05,41.0,16.83,71.42,0.45,75.33,8.32,33.33,12.46,39.28,16.36,84.33,0.3,72.5,21.92,0.0,0.0,35.83,386.0
7464,44,37,598,0.0,43.84,19.94,41.81,27.3,43.81,90.9,1.83,0.66,26.5,21.82,25.0,90.13,44.36,19.9,41.0,1.33,38.5,19.61,100.0,0.5,39.33,9.01,33.33,5.18,39.61,18.51,64.51,0.33,42.5,3.53,50.0,0.0,36.78,363.0
7465,44,38,641,0.0,41.86,19.03,58.6,21.1,41.65,88.0,3.9,0.78,63.6,23.75,60.0,86.42,41.0,18.61,35.37,0.15,20.0,0.0,0.0,0.15,88.0,0.0,0.0,8.11,39.57,15.53,86.53,0.46,56.0,31.04,33.33,0.0,36.53,382.0
7466,44,unclear,1168,0.59,42.4,16.38,57.75,17.52,47.77,87.2,7.4,0.0,0.0,0.0,0.0,89.83,41.28,15.73,45.15,0.17,23.5,0.7,0.0,0.34,55.5,4.2,0.0,1.55,36.05,13.59,44.44,0.68,45.37,11.78,25.0,,,
7467,44,42,732,0.13,41.8,18.29,58.75,7.53,41.25,87.5,1.09,1.23,55.88,31.02,66.66,92.61,41.54,18.27,39.58,1.36,38.1,9.57,100.0,0.0,0.0,0.0,0.0,2.87,37.95,12.63,47.61,0.82,45.0,21.18,16.66,0.0,33.57,436.0
7468,44,43,735,0.0,41.06,18.12,51.47,19.68,44.35,86.66,12.24,0.4,37.33,15.37,0.0,79.86,39.66,17.45,34.58,0.27,37.5,2.12,50.0,0.0,0.0,0.0,0.0,6.8,39.14,18.14,86.0,0.4,40.66,10.01,33.33,0.0,38.13,424.0
7469,44,45,701,0.0,40.55,18.61,53.31,20.93,42.36,79.72,10.55,1.28,44.11,16.84,44.44,82.45,39.5,17.76,35.29,0.14,62.0,0.0,100.0,0.0,0.0,0.0,0.0,4.85,29.47,15.85,79.41,0.71,37.79,11.51,40.0,0.0,35.56,399.0
7470,44,46,230,0.0,39.13,19.34,59.71,21.77,43.91,100.0,3.04,1.73,38.25,26.68,50.0,90.0,38.45,19.24,40.57,0.0,0.0,0.0,0.0,0.0,0.0,0.0,0.0,3.47,41.0,13.45,87.5,1.73,35.5,1.73,25.0,0.0,35.75,146.0
7471,44,47,591,0.16,41.53,18.46,45.33,17.35,41.62,66.66,1.01,0.67,45.75,33.08,50.0,90.0,41.26,18.8,41.24,2.2,38.53,10.94,92.3,0.16,68.0,0.0,0.0,3.55,41.23,11.84,33.33,2.37,49.92,14.69,14.28,0.0,62.75,384.0
7472,44,49,739,0.27,42.78,19.32,31.55,22.55,41.94,44.44,1.22,1.76,45.46,18.29,46.15,93.08,42.93,19.4,40.96,1.49,35.0,7.65,90.9,0.13,42.0,0.0,0.0,1.35,38.7,23.14,60.0,0.94,48.57,7.18,28.57,0.0,34.31,456.0
7473,44,50,842,0.35,39.45,19.14,39.09,22.49,44.89,57.14,2.5,1.19,48.3,7.57,70.0,92.96,39.25,19.16,43.84,1.31,32.36,8.54,81.81,0.11,73.0,0.0,100.0,1.19,39.9,20.8,50.0,0.71,45.33,17.52,33.33,0.0,32.74,474.0
7474,44,52,497,0.0,41.22,18.64,49.5,20.5,44.66,100.0,0.4,2.01,42.9,13.77,80.0,91.75,41.56,18.5,43.42,1.0,24.6,14.17,80.0,0.0,0.0,0.0,0.0,3.42,27.11,15.16,52.94,1.4,60.28,20.64,14.28,0.0,64.19,319.0
7475,44,55,502,0.0,39.53,19.39,44.71,23.3,43.42,64.28,2.78,1.79,44.88,23.57,33.33,86.05,39.46,18.81,39.81,0.79,30.5,2.64,100.0,0.0,0.0,0.0,0.0,6.77,35.5,22.25,79.41,1.79,48.55,26.83,33.33,0.0,34.46,290.0
7476,44,57,846,0.82,40.8,17.64,40.26,12.09,43.97,42.3,3.09,3.21,49.55,14.31,44.44,89.27,40.19,17.81,43.52,1.19,39.29,12.34,90.0,0.0,0.0,0.0,0.0,2.74,43.95,18.37,34.78,0.47,51.75,17.17,25.0,0.0,36.81,480.0
7477,44,59,940,0.1,43.21,20.36,44.61,22.31,41.06,30.76,1.38,1.91,46.88,19.76,61.11,90.73,42.79,20.49,40.84,0.74,41.14,13.2,100.0,0.0,0.0,0.0,0.0,3.94,45.83,15.36,29.72,1.27,62.83,15.79,33.33,0.0,33.28,612.0
7478,44,60,964,0.1,42.74,19.34,31.04,12.6,41.18,52.17,2.38,3.53,51.82,21.15,41.17,89.61,42.62,19.24,40.09,0.72,32.42,6.47,100.0,0.0,0.0,0.0,0.0,3.42,48.18,19.43,48.48,0.31,44.66,21.07,33.33,0.0,34.33,611.0
7479,44,62,953,0.0,42.07,18.56,49.0,21.99,41.23,82.35,1.78,1.04,45.9,12.99,40.0,87.72,42.03,18.57,38.51,0.83,31.37,6.98,87.5,0.41,45.25,7.41,0.0,7.45,41.54,19.06,61.97,0.73,40.85,21.69,28.57,0.0,36.5,531.0
7480,44,63,686,0.29,42.45,19.23,66.2,17.58,42.12,60.0,0.73,1.46,41.4,16.26,50.0,92.83,41.81,18.94,41.57,1.02,42.14,22.94,100.0,0.0,0.0,0.0,0.0,2.04,41.14,19.85,42.85,1.9,61.61,17.74,15.38,0.0,34.03,401.0
7481,44,64,691,0.0,40.26,18.71,43.25,25.96,45.44,50.0,0.57,0.72,59.2,26.22,80.0,95.22,40.25,18.73,44.98,1.3,30.77,7.44,88.88,0.0,0.0,0.0,0.0,0.72,27.4,2.88,40.0,1.44,45.3,15.7,20.0,0.0,33.42,419.0
7482,44,65,871,0.11,42.26,19.23,61.5,20.5,41.67,100.0,0.22,2.98,41.76,21.79,46.15,90.45,41.95,19.07,41.29,1.14,33.79,8.21,80.0,0.11,26.0,0.0,0.0,3.1,42.22,19.08,29.62,1.95,60.0,19.38,41.17,0.0,37.29,480.0
7483,44,66,830,0.72,41.58,17.82,39.0,10.22,41.32,80.0,0.6,2.42,45.65,21.01,70.0,92.35,41.69,17.63,39.55,0.72,31.33,4.22,100.0,0.0,0.0,0.0,0.0,2.54,30.95,16.28,52.38,1.33,46.45,25.84,18.18,0.0,36.97,485.0
7484,44,67,719,0.13,40.52,18.83,42.2,15.49,44.08,20.0,0.69,1.94,38.92,17.25,35.71,90.25,40.44,18.38,42.9,1.11,23.62,9.99,87.5,0.0,0.0,0.0,0.0,4.17,39.23,23.22,76.66,1.81,55.84,25.37,15.38,0.0,33.36,466.0
7485,44,unclear,1102,0.81,41.23,15.49,48.94,17.54,46.27,84.21,1.73,0.0,0.0,0.0,0.0,94.96,40.9,15.31,44.89,0.64,33.14,11.9,71.42,0.0,0.0,0.0,0.0,1.18,36.38,9.68,46.15,1.46,56.18,15.96,62.5,,,
7486,44,75,715,0.0,42.39,19.46,52.0,16.97,42.93,0.0,0.27,1.81,56.92,17.88,38.46,92.58,42.18,19.58,42.9,0.41,40.0,10.0,100.0,0.0,0.0,0.0,0.0,3.91,40.42,14.88,50.0,0.97,41.0,24.1,14.28,0.0,51.26,461.0
7487,44,77,870,0.0,41.99,18.22,45.0,18.19,42.29,16.66,0.68,2.18,42.05,16.27,52.63,90.8,42.22,18.26,41.26,0.8,31.42,3.95,85.71,0.22,52.0,16.97,50.0,3.79,35.96,15.67,60.6,1.49,45.69,26.25,30.76,0.0,34.58,555.0
7488,44,78,867,0.0,40.88,19.07,48.0,21.21,43.25,62.5,0.92,1.15,42.4,22.66,50.0,91.81,40.72,19.21,42.08,1.38,34.75,7.87,58.33,0.11,26.0,0.0,100.0,3.8,43.33,16.75,63.63,0.8,48.85,19.97,14.28,0.0,36.34,517.0
7489,44,79,903,0.33,42.25,19.29,38.79,29.94,42.52,80.0,0.55,1.88,42.17,11.71,41.17,88.77,41.82,19.24,40.8,0.88,45.75,17.31,62.5,0.0,0.0,0.0,0.0,6.55,46.16,19.55,62.71,1.33,43.58,21.03,25.0,0.0,34.32,567.0
7490,44,80,605,0.49,42.9,19.87,52.91,25.5,41.65,33.33,1.99,2.99,50.05,25.41,61.11,87.04,42.72,19.39,40.45,1.32,44.37,14.87,62.5,0.0,0.0,0.0,0.0,5.48,35.03,20.36,51.51,1.16,49.71,13.88,14.28,0.0,36.44,397.0
7491,44,81,750,2.53,38.66,18.21,51.28,18.2,41.73,46.42,3.83,3.28,39.16,19.28,33.33,79.61,37.56,17.44,39.34,2.87,31.8,19.71,71.42,0.13,96.0,0.0,0.0,7.79,38.33,15.36,59.64,2.46,41.83,23.16,33.33,0.0,34.89,436.0
7492,44,82,965,0.0,40.21,18.06,44.76,18.57,43.62,76.0,2.59,1.34,38.84,19.08,46.15,85.69,40.5,18.05,39.66,0.51,27.8,4.71,80.0,0.31,33.0,30.44,33.33,8.29,35.75,17.02,75.0,1.24,48.83,19.02,25.0,0.0,35.14,568.0
7493,44,83,876,0.0,41.62,18.26,43.41,15.64,42.35,26.08,5.25,0.34,52.0,1.73,66.66,76.14,41.75,18.49,31.78,0.22,32.0,7.07,100.0,0.22,15.0,21.21,50.0,17.23,40.86,18.12,92.71,0.57,39.6,16.11,40.0,0.0,35.25,525.0
7494,44,84,867,0.11,40.95,19.38,49.72,27.96,41.4,81.81,1.27,0.69,44.0,12.06,33.33,81.87,40.79,19.13,31.87,0.11,45.0,0.0,0.0,0.11,44.0,0.0,100.0,15.93,41.03,20.33,86.95,0.0,0.0,0.0,0.0,0.0,34.9,540.0
7495,44,85,843,0.11,42.6,20.59,12.0,20.78,41.75,33.33,0.35,0.23,48.0,2.82,0.0,80.64,42.85,20.53,31.36,0.0,0.0,0.0,0.0,0.0,0.0,0.0,0.0,18.52,41.85,20.73,87.82,0.23,45.5,13.43,0.0,0.0,33.88,550.0
7496,44,87,195,0.0,42.41,18.63,0.0,0.0,45.12,0.0,0.0,0.0,0.0,0.0,0.0,73.33,42.63,19.03,32.16,0.0,0.0,0.0,0.0,0.51,97.0,0.0,0.0,25.64,41.02,15.98,84.0,0.51,25.0,0.0,0.0,0.0,36.27,117.0
7497,44,88,905,0.33,40.49,18.88,42.66,21.95,42.98,76.19,2.32,1.55,48.21,15.97,57.14,90.79,40.07,18.9,40.41,0.66,32.0,6.19,100.0,0.22,39.5,3.53,0.0,3.88,44.05,18.48,74.28,0.55,58.6,14.32,0.0,0.0,34.89,566.0
7498,44,89,819,0.24,42.35,20.36,50.19,23.39,41.02,71.42,2.57,2.2,45.72,22.67,55.55,90.2,41.81,20.15,38.67,0.97,34.12,9.15,75.0,0.0,0.0,0.0,0.0,2.81,43.3,18.01,65.21,1.22,60.2,26.43,40.0,0.0,37.76,480.0
7499,44,90,945,0.21,39.05,19.4,39.39,21.69,42.64,75.47,5.62,3.18,43.4,21.82,46.66,80.8,38.69,19.14,38.84,1.16,28.81,12.18,45.45,0.1,36.0,0.0,0.0,7.52,42.61,19.11,61.97,1.59,35.86,23.0,26.66,0.0,32.3,555.0
7500,44,91,986,0.0,43.47,19.25,31.64,19.66,41.17,14.28,1.41,0.81,61.75,20.33,50.0,90.16,43.51,19.09,38.47,0.3,47.66,20.25,66.66,0.0,0.0,0.0,0.0,6.18,42.59,19.14,88.52,1.11,45.81,24.6,18.18,0.0,36.22,593.0
7501,44,unclear,1332,0.45,41.66,15.46,45.3,13.12,47.59,82.6,1.73,0.0,0.0,0.0,0.0,93.89,41.61,15.36,45.7,0.45,27.0,3.46,100.0,0.0,0.0,0.0,0.0,2.56,34.91,11.25,88.23,1.35,58.72,20.96,50.0,,,
7502,44,94,883,0.0,41.22,18.2,47.89,19.76,41.1,94.73,2.15,1.35,34.41,16.52,58.33,92.52,41.18,18.02,39.04,0.67,25.5,3.67,66.66,0.22,50.5,20.5,50.0,2.15,41.15,22.96,63.15,0.9,49.5,22.72,25.0,0.0,36.15,487.0
7503,44,95,896,0.11,41.52,18.88,45.28,9.92,42.52,57.14,0.78,1.67,62.73,17.8,60.0,88.37,40.98,18.55,37.8,0.89,35.0,9.84,100.0,0.11,86.0,0.0,100.0,7.59,42.47,20.09,86.76,0.55,40.6,31.22,0.0,0.0,42.3,563.0
7504,44,96,930,1.5,41.7,18.33,43.2,21.91,43.87,87.75,5.34,2.4,43.81,19.36,31.81,82.64,41.17,18.12,39.49,0.43,36.5,5.44,100.0,0.1,66.0,0.0,0.0,7.09,42.3,18.27,63.07,1.96,49.44,17.13,38.88,0.0,33.85,543.0
7505,44,97,1005,0.29,41.64,18.0,45.75,13.3,43.68,25.0,0.39,2.49,53.12,19.75,48.0,93.21,41.1,17.66,43.36,1.09,35.9,11.81,81.81,0.09,78.0,0.0,100.0,1.19,41.58,14.99,33.33,1.49,54.86,23.84,33.33,0.0,33.44,633.0
7506,44,98,905,0.11,41.28,18.13,38.28,20.47,41.65,85.71,0.77,1.65,39.6,24.23,66.66,90.7,41.62,17.88,41.09,0.99,25.77,10.15,88.88,0.0,0.0,0.0,0.0,3.53,38.46,16.69,46.87,2.32,41.0,24.92,4.76,0.0,35.4,534.0
7507,44,99,834,0.35,41.35,18.26,40.29,16.47,43.64,80.0,1.2,3.12,40.11,21.88,50.0,90.61,41.23,18.28,42.36,1.08,43.88,15.97,77.77,0.24,48.0,0.0,50.0,2.28,42.0,14.95,52.63,1.44,44.75,19.87,33.33,0.0,35.24,521.0
7508,44,100,802,0.62,41.31,18.11,44.16,14.0,41.77,83.33,1.5,2.88,48.3,23.06,47.82,87.2,40.75,17.88,40.86,1.5,32.08,12.3,83.33,0.5,50.0,14.8,25.0,4.26,44.14,18.56,35.29,2.13,47.29,21.2,23.52,0.0,34.58,529.0
7509,44,101,897,0.11,39.63,17.88,51.33,18.83,43.47,83.33,4.01,2.0,51.44,16.87,55.55,89.5,38.65,17.53,41.02,0.66,30.16,18.08,100.0,0.22,51.0,1.41,0.0,2.23,36.7,9.03,55.0,1.33,58.16,23.8,25.0,0.0,33.3,560.0
7510,44,102,514,0.19,44.47,19.38,57.33,18.25,40.66,86.44,11.5,0.97,42.2,12.25,20.0,79.72,43.05,18.52,33.98,0.58,26.66,24.44,33.33,0.19,38.0,0.0,0.0,6.43,38.69,21.69,48.48,0.58,77.0,17.34,0.0,0.0,62.99,298.0
7511,44,104,842,0.47,41.56,19.24,63.85,17.31,44.77,87.8,4.89,1.9,56.87,15.52,56.25,84.24,39.75,18.53,41.21,0.95,39.62,13.13,75.0,0.47,51.0,18.22,0.0,5.72,38.04,16.24,54.16,1.78,53.66,21.79,46.66,0.0,35.47,463.0
7512,44,105,869,0.23,41.4,18.11,46.6,23.66,42.23,78.26,2.65,1.38,42.58,24.25,58.33,87.77,41.03,17.95,38.5,0.69,36.0,10.21,83.33,0.11,55.0,0.0,100.0,6.92,43.96,16.71,68.33,0.46,31.5,8.38,0.0,0.0,33.51,490.0
7513,44,106,870,0.0,40.16,18.79,42.71,22.5,42.87,71.66,6.89,3.21,43.32,16.62,25.0,82.41,39.61,18.64,41.28,0.34,33.33,4.72,100.0,0.11,39.0,0.0,100.0,5.17,41.86,18.94,48.88,1.83,46.37,14.52,6.25,0.0,34.92,494.0
7514,44,107,661,0.0,42.29,17.56,63.76,20.86,44.02,76.92,1.96,0.6,30.75,21.5,100.0,89.4,42.3,17.28,39.93,0.6,31.25,3.59,100.0,0.15,27.0,0.0,100.0,6.95,37.84,16.21,78.26,0.3,53.0,18.38,0.0,0.0,52.03,400.0
7515,44,110,795,0.37,40.82,17.63,51.42,20.3,42.26,80.76,6.56,0.75,35.0,6.98,33.33,86.36,40.07,17.29,38.3,0.5,35.0,15.25,50.0,0.0,0.0,0.0,0.0,4.67,37.54,16.14,62.16,1.13,55.44,15.93,33.33,0.0,36.65,448.0
7516,44,111,810,0.12,39.4,20.1,48.17,27.9,44.32,76.47,4.2,0.49,45.0,15.38,25.0,87.26,38.82,19.8,41.78,0.0,0.0,0.0,0.0,0.12,49.0,0.0,100.0,6.79,38.36,18.55,63.63,1.11,54.88,7.49,0.0,0.0,34.78,496.0
7517,44,113,848,0.0,40.95,18.88,72.0,14.14,43.75,100.0,0.23,0.35,40.33,18.77,66.66,93.51,40.81,18.79,43.37,1.17,32.5,7.21,90.0,0.0,0.0,0.0,0.0,2.35,35.6,22.62,60.0,2.35,52.95,16.39,10.0,0.0,35.21,513.0
7518,44,116,763,0.0,40.55,18.6,44.08,14.6,44.03,91.3,3.01,1.57,47.91,20.07,50.0,82.43,40.17,18.48,36.56,1.04,26.62,11.57,100.0,0.0,0.0,0.0,0.0,11.0,43.33,19.44,83.33,0.91,33.57,25.96,14.28,0.0,34.61,447.0
7519,44,118,712,0.14,41.0,18.32,45.7,24.93,42.83,80.0,1.4,2.25,45.12,20.4,75.0,88.04,40.39,18.06,39.45,1.12,38.0,14.48,100.0,0.14,63.0,0.0,0.0,5.2,41.94,19.73,64.86,1.82,58.46,13.11,38.46,0.0,35.85,435.0
7520,44,119,1013,0.09,39.06,18.44,39.75,23.53,43.53,58.33,1.18,2.27,43.47,22.9,65.21,91.1,38.97,18.22,43.05,0.59,31.16,5.87,83.33,0.0,0.0,0.0,0.0,3.65,37.83,17.99,35.13,1.18,41.75,25.28,33.33,0.0,34.13,591.0
7521,44,120,951,0.31,39.64,18.82,37.23,23.49,41.85,71.42,2.21,2.42,47.52,23.95,56.52,85.86,39.24,18.33,38.57,1.16,31.72,5.36,100.0,0.63,56.0,31.86,33.33,6.54,40.14,20.26,61.29,1.16,49.36,17.24,36.36,0.0,37.47,523.0
7522,44,122,503,0.0,39.95,17.81,33.66,12.89,42.74,66.66,0.59,0.99,43.0,28.35,40.0,89.46,39.88,17.27,42.22,0.59,30.33,9.07,100.0,0.0,0.0,0.0,0.0,6.16,37.74,21.77,54.83,2.18,52.0,22.77,9.09,0.0,61.12,298.0
7523,44,124,616,0.16,43.11,19.55,24.4,2.36,43.18,30.0,1.62,0.0,0.0,0.0,0.0,81.46,44.05,19.23,33.53,0.0,0.0,0.0,0.0,0.0,0.0,0.0,0.0,16.58,40.42,20.65,92.15,0.32,26.5,37.47,50.0,0.0,32.3,444.0
7524,44,125,596,0.0,44.98,19.3,42.0,7.07,43.45,0.0,0.33,0.0,0.0,0.0,0.0,77.85,45.14,19.34,30.38,0.0,0.0,0.0,0.0,0.0,0.0,0.0,0.0,21.14,44.59,19.62,92.06,0.67,40.5,7.59,50.0,0.0,35.7,396.0
7525,44,127,642,0.0,39.95,19.58,34.62,21.09,40.96,62.5,1.24,0.31,0.0,0.0,0.0,78.97,39.92,19.71,29.38,0.0,0.0,0.0,0.0,0.0,0.0,0.0,0.0,19.31,41.21,18.5,87.09,0.15,25.0,0.0,100.0,0.0,33.95,404.0
7526,44,128,910,0.21,41.6,18.45,34.0,12.06,44.17,27.27,1.21,0.55,45.2,18.7,60.0,81.71,41.9,18.24,36.52,0.22,32.0,7.07,100.0,0.55,33.4,35.78,20.0,15.3,40.81,19.6,86.33,0.44,42.25,10.53,25.0,0.0,35.04,585.0
7527,44,134,835,0.11,41.19,20.49,23.5,16.03,40.71,75.0,0.47,0.59,40.6,12.81,40.0,82.49,41.14,20.65,31.68,0.23,12.5,17.67,50.0,0.35,60.66,16.01,0.0,15.58,41.46,19.5,89.23,0.23,67.0,14.14,0.0,0.0,40.98,559.0
7528,44,135,355,0.0,41.3,19.62,45.0,0.0,41.69,100.0,0.28,0.0,0.0,0.0,0.0,81.12,40.55,19.59,29.86,0.0,0.0,0.0,0.0,0.0,0.0,0.0,0.0,18.3,44.89,19.67,92.3,0.28,22.0,0.0,100.0,0.0,35.68,220.0
7529,44,136,727,0.0,45.56,19.57,44.0,20.75,44.56,50.0,0.55,7.42,55.85,20.71,61.11,76.89,45.2,19.25,33.45,0.0,0.0,0.0,0.0,0.0,0.0,0.0,0.0,15.13,42.42,19.28,92.72,0.0,0.0,0.0,0.0,0.0,38.18,359.0
7530,44,137,666,0.0,42.4,19.5,24.0,1.41,37.68,100.0,0.3,0.9,46.16,12.87,16.66,80.48,42.23,19.77,26.49,0.15,33.0,0.0,100.0,0.0,0.0,0.0,0.0,18.16,43.32,18.73,86.77,0.0,0.0,0.0,0.0,0.0,38.04,406.0
7531,44,138,811,0.12,43.7,19.67,52.0,27.71,41.55,0.0,0.37,5.06,58.29,21.15,51.21,75.8,43.13,19.54,30.61,0.37,27.33,2.88,66.66,0.0,0.0,0.0,0.0,18.02,42.56,18.08,86.3,0.37,26.66,26.5,0.0,0.0,37.32,456.0
7532,44,140,765,0.0,41.39,18.82,37.81,13.62,41.83,81.48,3.52,1.43,38.9,15.41,27.27,77.25,41.72,19.32,29.94,0.13,44.0,0.0,0.0,0.0,0.0,0.0,0.0,17.25,40.71,17.86,89.39,0.39,46.66,16.74,0.0,0.0,52.89,485.0
7533,44,142,774,0.38,39.17,19.93,45.0,21.99,44.83,80.0,1.29,0.25,50.0,4.24,0.0,81.19,38.73,19.77,35.3,0.0,0.0,0.0,0.0,0.12,0.0,0.0,0.0,16.73,40.41,19.93,89.92,0.38,68.0,22.0,33.33,0.0,48.77,528.0
7534,44,143,433,0.46,42.23,18.03,48.33,14.9,43.18,77.77,4.17,1.16,50.8,13.88,40.0,78.88,40.95,18.2,33.82,0.0,0.0,0.0,0.0,0.92,57.0,13.9,25.0,14.61,45.04,17.33,84.12,0.23,70.0,0.0,100.0,0.0,42.72,226.0
7535,44,145,1125,0.26,39.2,19.15,42.32,21.13,43.55,81.2,22.28,6.06,37.72,20.62,14.7,61.49,38.27,17.95,32.46,0.44,39.79,15.75,20.0,0.08,27.0,0.0,0.0,8.19,38.1,19.46,53.26,1.42,45.37,22.49,12.5,0.0,37.46,606.0
7536,44,146,765,0.0,40.15,18.21,46.08,19.02,43.66,83.92,7.32,0.39,39.66,12.7,66.66,83.26,39.32,18.14,37.51,0.26,34.0,5.65,50.0,0.0,0.0,0.0,0.0,7.05,41.0,16.82,77.77,1.69,52.53,18.6,23.07,0.0,40.09,413.0
7537,44,147,689,0.14,40.48,18.09,46.03,22.74,42.67,86.07,11.48,0.87,46.83,10.3,16.66,78.63,39.48,17.46,33.45,0.0,0.0,0.0,0.0,0.43,47.66,26.27,33.33,7.7,39.47,15.86,75.47,0.87,54.66,10.65,33.33,0.0,38.37,399.0
7538,44,148,699,0.0,41.66,19.11,51.86,21.54,42.06,97.22,5.15,0.71,32.79,10.54,60.0,88.69,41.16,18.92,37.09,0.28,46.0,24.04,100.0,0.14,0.0,0.0,0.0,4.14,43.13,16.98,75.86,0.85,38.0,18.55,33.33,0.0,39.05,413.0
7539,44,150,1108,0.09,40.9,19.69,49.68,21.95,42.32,82.45,5.14,0.63,35.28,17.99,57.14,82.56,40.47,19.51,34.79,0.18,28.0,8.48,100.0,0.27,38.66,19.55,0.0,10.65,40.42,19.07,82.2,0.54,46.83,28.57,16.66,0.0,38.75,599.0
7540,44,151,802,0.12,40.44,19.26,47.08,21.03,39.4,83.33,2.99,0.99,50.87,6.59,75.0,86.89,40.19,19.45,33.76,0.87,23.28,10.84,57.14,0.0,0.0,0.0,0.0,7.74,41.03,17.19,80.64,0.49,43.5,16.76,25.0,0.0,33.99,439.0
7541,44,152,644,0.0,43.36,19.2,30.25,24.3,41.61,75.0,0.62,0.31,25.0,7.07,50.0,93.01,43.99,18.83,41.73,2.95,29.57,18.73,36.84,0.15,88.0,0.0,0.0,0.93,39.66,18.28,50.0,2.01,39.76,25.38,30.76,0.0,39.35,385.0
7542,44,153,792,0.0,41.41,19.52,47.52,20.48,44.82,76.19,2.65,0.75,43.33,30.66,50.0,93.05,41.29,19.23,43.69,0.12,22.0,0.0,0.0,0.0,0.0,0.0,0.0,2.02,37.06,22.43,68.75,1.38,45.18,26.17,27.27,0.0,36.07,463.0
7543,44,154,920,0.1,43.91,18.99,58.09,28.2,42.93,72.72,2.39,0.87,32.0,21.36,12.5,90.64,43.71,18.65,41.41,1.74,37.06,17.93,50.0,0.0,0.0,0.0,0.0,3.8,45.08,13.82,65.71,0.54,56.2,21.28,40.0,0.0,31.49,576.0
7544,44,155,753,0.0,40.56,19.34,48.11,26.4,43.55,77.77,1.19,0.53,43.75,4.71,50.0,88.57,40.45,19.55,38.83,0.26,32.0,7.07,50.0,0.0,0.0,0.0,0.0,8.63,40.58,16.7,87.69,0.79,42.16,22.93,33.33,0.0,35.53,479.0
7545,44,156,686,0.0,40.78,18.5,59.8,20.06,41.69,96.15,3.79,0.58,61.75,8.65,50.0,89.35,39.71,17.98,36.7,0.14,35.0,0.0,100.0,0.0,0.0,0.0,0.0,5.97,41.73,17.95,80.48,0.14,80.0,0.0,0.0,0.0,34.72,438.0
7546,44,159,748,0.0,41.55,18.93,43.34,25.99,43.18,93.1,3.87,9.89,55.86,17.59,39.18,74.19,39.47,18.11,34.23,0.0,0.0,0.0,0.0,0.0,0.0,0.0,0.0,12.03,41.97,17.34,85.55,0.0,0.0,0.0,0.0,0.0,58.11,386.0
7547,44,161,853,0.0,40.52,18.83,42.38,20.14,43.96,65.38,3.04,0.35,49.66,9.5,33.33,82.76,39.85,18.79,36.11,0.7,23.0,19.55,66.66,0.0,0.0,0.0,0.0,12.66,45.51,17.74,89.81,0.46,31.5,23.69,25.0,0.0,32.19,481.0
7548,44,162,748,0.26,40.54,19.65,55.77,32.33,41.31,77.77,1.2,1.34,38.5,16.64,30.0,85.79,39.87,19.31,35.93,0.93,39.57,4.79,85.71,0.13,38.0,0.0,0.0,9.78,44.09,21.28,82.19,0.8,47.16,18.62,16.66,0.0,35.57,456.0
7549,44,164,406,0.0,42.68,19.46,51.14,17.07,43.34,71.42,1.72,0.24,40.0,0.0,0.0,81.03,43.01,19.56,33.73,0.0,0.0,0.0,0.0,0.0,0.0,0.0,0.0,16.74,39.73,18.79,88.23,0.24,79.0,0.0,0.0,0.0,36.56,265.0
7550,44,165,645,0.0,41.47,20.67,47.58,28.19,45.58,92.68,6.35,0.15,46.0,0.0,0.0,83.1,40.91,19.99,36.38,0.0,0.0,0.0,0.0,0.15,57.0,0.0,100.0,10.23,41.9,20.67,90.9,0.0,0.0,0.0,0.0,0.0,35.24,398.0
7551,44,unclear,1205,0.58,41.86,16.2,51.09,18.13,47.05,94.87,16.27,0.0,0.0,0.0,0.0,77.62,40.46,15.44,34.08,0.16,29.0,2.82,0.0,0.33,35.0,5.35,50.0,5.25,35.79,11.13,90.47,0.33,36.0,13.97,25.0,,,
7552,44,170,922,0.0,43.23,18.45,53.11,19.15,43.16,92.63,10.3,0.43,36.5,14.17,25.0,82.86,42.39,18.04,35.2,0.1,28.0,0.0,100.0,0.1,68.0,0.0,0.0,5.53,35.0,15.61,76.47,0.65,66.33,9.95,0.0,0.0,41.86,544.0
7553,44,173,918,0.21,41.33,18.75,52.91,17.98,43.79,83.49,11.24,0.76,59.57,25.48,85.71,78.93,40.17,18.06,34.43,0.32,35.0,16.46,33.33,0.21,61.0,26.87,50.0,8.18,34.33,18.71,76.0,0.32,48.33,14.5,33.33,0.0,49.5,484.0
7554,44,175,705,0.0,42.92,19.26,58.5,22.04,44.11,88.46,3.68,0.28,56.5,14.84,50.0,89.21,42.09,19.0,39.74,0.0,0.0,0.0,0.0,0.0,0.0,0.0,0.0,6.24,44.36,18.18,84.09,0.56,49.75,11.44,0.0,0.0,36.54,406.0
7555,44,176,679,0.0,41.78,19.88,58.22,18.92,44.91,81.48,3.97,0.73,36.79,11.09,20.0,84.38,41.46,19.6,39.44,0.29,28.0,8.48,50.0,0.14,0.0,0.0,0.0,9.72,39.01,19.17,81.81,0.73,44.6,33.04,20.0,0.0,38.04,377.0
7556,44,177,763,0.0,41.47,20.24,61.19,18.75,42.98,80.55,4.71,0.26,46.5,65.76,0.0,84.4,41.09,19.96,36.8,0.39,33.0,6.92,66.66,0.13,33.0,0.0,0.0,9.43,35.09,16.51,83.33,0.65,44.4,25.02,0.0,0.0,38.11,433.0
7557,44,178,888,0.0,38.41,19.21,42.37,22.28,43.35,87.09,6.98,0.56,44.6,7.26,60.0,83.67,37.87,19.21,35.26,0.11,36.0,0.0,100.0,0.0,0.0,0.0,0.0,8.22,40.06,16.98,86.3,0.45,40.5,15.69,50.0,0.0,34.84,495.0
7558,44,179,900,0.11,40.09,18.48,49.12,24.66,42.33,75.0,0.88,1.22,50.0,17.97,54.54,92.32,39.64,18.37,41.2,0.66,35.0,16.85,83.33,0.11,26.0,0.0,0.0,3.55,40.9,15.48,68.75,1.22,59.18,21.7,0.0,0.0,36.26,477.0
7559,44,181,809,0.24,38.77,19.87,28.0,25.32,40.42,100.0,0.74,0.12,29.0,0.0,0.0,87.85,38.56,19.87,35.4,0.37,27.33,5.03,66.66,0.12,43.0,0.0,100.0,9.78,41.29,19.62,79.74,0.99,46.37,23.8,25.0,0.0,39.53,463.0
7560,44,unclear,1188,0.67,42.09,16.45,54.22,18.85,48.31,81.35,5.0,0.0,0.0,0.0,0.0,89.49,41.52,16.08,44.22,0.16,23.0,2.82,100.0,0.0,0.0,0.0,0.0,4.83,38.98,15.27,92.98,0.5,60.16,15.86,16.66,,,
7561,44,185,391,0.0,40.65,20.3,47.6,24.82,44.75,90.9,8.43,1.27,51.4,18.36,40.0,81.58,39.93,19.73,36.99,0.51,17.5,24.74,100.0,0.0,0.0,0.0,0.0,8.18,40.4,19.58,71.87,0.0,0.0,0.0,0.0,0.0,34.94,252.0
7562,44,187,580,0.0,39.35,19.4,61.35,19.36,43.44,80.64,5.34,0.0,0.0,0.0,0.0,83.62,38.51,18.86,35.67,0.17,29.0,0.0,100.0,0.0,0.0,0.0,0.0,10.51,34.73,16.89,85.24,0.34,49.0,22.62,50.0,0.0,47.65,343.0
7563,44,unclear,1296,0.0,42.41,17.48,51.18,18.37,46.6,100.0,9.41,0.0,0.0,0.0,0.0,84.87,41.66,17.16,37.54,0.07,31.0,0.0,0.0,0.0,0.0,0.0,0.0,5.47,38.87,16.72,97.18,0.15,52.5,16.26,0.0,,,
7564,44,190,889,0.0,42.87,19.17,46.68,24.18,44.2,86.36,2.47,0.0,0.0,0.0,0.0,79.97,42.36,18.45,33.05,0.0,0.0,0.0,0.0,0.0,0.0,0.0,0.0,17.43,44.96,21.23,89.03,0.11,0.0,0.0,100.0,0.0,36.59,527.0
7565,44,191,594,0.0,42.14,19.49,52.25,16.93,41.58,100.0,0.67,0.0,0.0,0.0,0.0,78.95,42.36,19.14,29.63,0.0,0.0,0.0,0.0,0.0,0.0,0.0,0.0,20.37,40.95,20.88,85.95,0.0,0.0,0.0,0.0,0.0,35.22,394.0
7566,44,192,757,0.0,41.84,19.56,24.75,12.63,43.06,75.0,1.05,0.0,0.0,0.0,0.0,78.73,41.62,19.8,30.7,0.0,0.0,0.0,0.0,0.0,0.0,0.0,0.0,19.55,43.35,18.35,91.89,0.66,51.2,23.7,20.0,0.0,35.4,462.0
7567,44,193,605,0.16,41.86,19.2,36.83,18.82,42.64,8.33,1.98,0.16,52.0,0.0,0.0,79.63,42.04,19.13,34.09,0.33,41.0,8.48,100.0,0.0,0.0,0.0,0.0,17.05,41.66,20.29,88.34,0.82,39.4,12.7,0.0,0.0,35.77,376.0
7568,44,1,612,0.16,43.16,18.91,38.75,20.09,42.15,62.5,1.3,1.47,46.11,22.27,44.44,92.63,43.03,18.92,41.34,0.49,28.66,2.88,100.0,0.0,0.0,0.0,0.0,2.61,41.37,17.88,56.25,1.47,57.22,13.2,33.33,0.0,0.0,366.0
7569,44,2,674,0.0,41.69,17.7,33.4,17.03,44.21,40.0,1.48,2.07,44.21,11.46,64.28,91.39,41.94,17.76,43.01,1.33,33.77,7.98,77.77,0.44,56.0,4.0,0.0,2.52,34.76,19.57,70.58,0.74,49.6,26.66,20.0,0.0,0.0,388.0
7570,44,3,0,0.0,0.0,0.0,0.0,0.0,0.0,0.0,0.0,0.0,0.0,0.0,0.0,0.0,0.0,0.0,0.0,0.0,0.0,0.0,0.0,0.0,0.0,0.0,0.0,0.0,0.0,0.0,0.0,0.0,0.0,0.0,0.0,0.0,0.0,0.0
7571,44,4,802,0.0,42.2,19.38,20.0,28.28,44.38,0.0,0.24,0.24,25.0,2.82,100.0,95.01,42.62,19.24,43.96,1.37,23.54,16.71,81.81,0.12,28.0,0.0,0.0,2.11,31.94,15.3,52.94,0.87,64.0,12.93,14.28,0.0,0.0,488.0
7572,44,5,792,0.5,41.14,18.01,30.5,3.53,42.42,100.0,0.25,0.88,48.85,23.11,57.14,94.92,41.05,18.06,41.71,0.5,36.75,3.4,100.0,0.38,54.66,26.72,0.0,2.28,36.0,12.99,55.55,0.76,50.5,18.61,16.66,0.0,0.0,489.0
7573,44,6,788,0.0,42.56,18.28,37.0,7.83,42.13,50.0,0.5,0.5,37.25,10.07,75.0,94.79,42.33,18.32,42.57,0.5,27.25,3.09,75.0,0.12,47.0,0.0,0.0,1.52,45.91,18.91,16.66,2.03,57.31,14.88,25.0,0.0,0.0,503.0
7574,44,7,0,0.0,0.0,0.0,0.0,0.0,0.0,0.0,0.0,0.0,0.0,0.0,0.0,0.0,0.0,0.0,0.0,0.0,0.0,0.0,0.0,0.0,0.0,0.0,0.0,0.0,0.0,0.0,0.0,0.0,0.0,0.0,0.0,0.0,0.0,0.0
7575,44,8,728,0.0,41.96,17.99,57.0,24.26,42.71,33.33,0.41,1.09,41.62,9.62,50.0,94.23,41.96,18.04,43.14,0.54,25.25,18.92,100.0,0.0,0.0,0.0,0.0,2.47,38.22,13.23,27.77,1.23,52.44,20.25,11.11,0.0,0.0,476.0
7576,44,9,773,0.12,42.5,19.21,0.0,0.0,41.65,0.0,0.0,0.64,49.4,15.37,80.0,95.72,42.23,19.22,41.81,0.64,32.79,4.6,100.0,0.12,93.0,0.0,0.0,1.16,35.44,9.81,33.33,1.68,60.46,14.74,7.69,0.0,0.0,469.0
7577,44,10,0,0.0,0.0,0.0,0.0,0.0,0.0,0.0,0.0,0.0,0.0,0.0,0.0,0.0,0.0,0.0,0.0,0.0,0.0,0.0,0.0,0.0,0.0,0.0,0.0,0.0,0.0,0.0,0.0,0.0,0.0,0.0,0.0,0.0,0.0,0.0
7578,44,11,772,0.0,41.79,19.22,48.75,18.46,41.45,50.0,0.51,1.29,40.6,20.15,50.0,93.26,41.85,19.28,41.94,0.77,34.33,9.09,100.0,0.0,0.0,0.0,0.0,2.46,34.89,17.11,21.05,1.68,51.15,19.87,7.69,0.0,0.0,454.0
7579,44,12,0,0.0,0.0,0.0,0.0,0.0,0.0,0.0,0.0,0.0,0.0,0.0,0.0,0.0,0.0,0.0,0.0,0.0,0.0,0.0,0.0,0.0,0.0,0.0,0.0,0.0,0.0,0.0,0.0,0.0,0.0,0.0,0.0,0.0,0.0,0.0
7580,44,13,538,0.0,42.89,20.24,47.2,21.25,44.05,60.0,0.92,2.41,51.0,25.38,46.15,91.82,42.23,19.88,44.33,0.55,16.33,14.36,100.0,0.0,0.0,0.0,0.0,1.3,49.14,17.01,71.42,2.97,57.5,21.03,6.25,0.0,0.0,315.0
7581,44,14,0,0.0,0.0,0.0,0.0,0.0,0.0,0.0,0.0,0.0,0.0,0.0,0.0,0.0,0.0,0.0,0.0,0.0,0.0,0.0,0.0,0.0,0.0,0.0,0.0,0.0,0.0,0.0,0.0,0.0,0.0,0.0,0.0,0.0,0.0,0.0
7582,44,15,810,0.12,40.3,17.67,40.36,22.36,42.71,57.89,2.34,3.83,45.8,17.86,54.83,89.36,40.02,17.28,41.21,0.24,31.5,7.77,100.0,0.0,0.0,0.0,0.0,3.7,39.0,21.92,56.66,0.49,63.0,20.01,25.0,0.0,0.0,468.0
7583,44,17,890,0.22,44.59,18.53,61.62,18.08,42.13,50.0,0.9,2.47,52.63,22.32,45.45,90.99,44.16,18.41,42.07,0.45,32.5,16.19,50.0,0.0,0.0,0.0,0.0,3.71,41.42,14.86,42.42,1.46,57.38,15.41,30.76,0.0,0.0,538.0
7584,44,18,904,0.55,40.68,19.31,43.3,20.49,43.91,50.0,1.11,4.33,40.2,19.22,43.58,87.87,40.82,19.3,43.92,1.22,31.18,17.56,81.81,0.22,56.5,37.47,50.0,3.33,33.13,15.5,46.66,1.89,46.94,22.82,17.64,0.0,0.0,528.0
7585,44,19,0,0.0,0.0,0.0,0.0,0.0,0.0,0.0,0.0,0.0,0.0,0.0,0.0,0.0,0.0,0.0,0.0,0.0,0.0,0.0,0.0,0.0,0.0,0.0,0.0,0.0,0.0,0.0,0.0,0.0,0.0,0.0,0.0,0.0,0.0,0.0
7586,44,20,930,0.1,41.4,20.24,39.43,16.63,40.32,52.17,2.47,1.93,50.77,21.44,44.44,89.98,41.25,20.34,39.23,0.53,33.79,2.77,100.0,0.1,20.0,0.0,0.0,3.76,36.82,18.15,51.42,1.18,60.54,15.76,27.27,0.0,0.0,543.0
7587,44,21,0,0.0,0.0,0.0,0.0,0.0,0.0,0.0,0.0,0.0,0.0,0.0,0.0,0.0,0.0,0.0,0.0,0.0,0.0,0.0,0.0,0.0,0.0,0.0,0.0,0.0,0.0,0.0,0.0,0.0,0.0,0.0,0.0,0.0,0.0,0.0
7588,44,23,794,0.0,39.82,17.63,39.64,13.65,42.19,41.17,2.14,2.51,37.75,17.93,50.0,86.64,40.11,17.69,40.69,0.75,30.83,6.67,83.33,0.0,0.0,0.0,0.0,6.29,37.02,15.19,58.0,1.63,42.84,28.28,30.76,0.0,0.0,480.0
7589,44,25,749,0.0,42.28,18.34,40.0,11.53,41.12,57.14,0.93,1.2,32.88,23.81,44.44,84.51,42.71,18.32,36.01,0.66,30.2,19.14,80.0,0.13,85.0,0.0,0.0,12.01,40.56,17.84,74.44,0.53,42.5,15.32,25.0,0.0,0.0,455.0
7590,44,26,0,0.0,0.0,0.0,0.0,0.0,0.0,0.0,0.0,0.0,0.0,0.0,0.0,0.0,0.0,0.0,0.0,0.0,0.0,0.0,0.0,0.0,0.0,0.0,0.0,0.0,0.0,0.0,0.0,0.0,0.0,0.0,0.0,0.0,0.0,0.0
7591,44,30,702,0.0,43.29,19.18,53.46,26.37,41.02,46.66,2.13,0.99,45.28,15.57,14.28,91.45,43.05,19.01,40.34,1.13,40.75,17.05,62.5,0.28,41.0,5.65,50.0,2.7,37.94,13.33,78.94,1.28,55.77,27.33,0.0,0.0,0.0,400.0
7592,44,35,0,0.0,0.0,0.0,0.0,0.0,0.0,0.0,0.0,0.0,0.0,0.0,0.0,0.0,0.0,0.0,0.0,0.0,0.0,0.0,0.0,0.0,0.0,0.0,0.0,0.0,0.0,0.0,0.0,0.0,0.0,0.0,0.0,0.0,0.0,0.0
7593,44,41,0,0.0,0.0,0.0,0.0,0.0,0.0,0.0,0.0,0.0,0.0,0.0,0.0,0.0,0.0,0.0,0.0,0.0,0.0,0.0,0.0,0.0,0.0,0.0,0.0,0.0,0.0,0.0,0.0,0.0,0.0,0.0,0.0,0.0,0.0,0.0
7594,44,44,0,0.0,0.0,0.0,0.0,0.0,0.0,0.0,0.0,0.0,0.0,0.0,0.0,0.0,0.0,0.0,0.0,0.0,0.0,0.0,0.0,0.0,0.0,0.0,0.0,0.0,0.0,0.0,0.0,0.0,0.0,0.0,0.0,0.0,0.0,0.0
7595,44,48,600,0.5,41.31,18.71,41.62,35.94,41.83,62.5,1.34,1.34,44.0,10.33,37.5,90.28,40.89,18.53,41.92,0.33,52.5,7.77,50.0,0.16,77.0,0.0,0.0,4.18,40.92,16.18,52.0,2.34,50.21,20.08,21.42,0.0,0.0,348.0
7596,44,51,525,0.19,42.06,19.1,46.33,24.58,41.52,33.33,0.57,1.33,40.28,10.4,71.42,93.51,42.25,19.26,40.81,0.57,32.66,5.85,100.0,0.0,0.0,0.0,0.0,3.24,33.23,13.53,41.17,0.76,60.25,24.66,25.0,0.0,0.0,337.0
7597,44,53,966,0.1,41.09,17.9,33.87,17.9,39.02,50.0,0.82,1.86,41.16,16.17,38.88,92.02,41.19,17.74,39.63,0.82,32.62,8.51,87.5,0.0,0.0,0.0,0.0,2.59,40.36,20.96,24.0,1.86,45.38,24.9,5.55,0.0,0.0,558.0
7598,44,54,0,0.0,0.0,0.0,0.0,0.0,0.0,0.0,0.0,0.0,0.0,0.0,0.0,0.0,0.0,0.0,0.0,0.0,0.0,0.0,0.0,0.0,0.0,0.0,0.0,0.0,0.0,0.0,0.0,0.0,0.0,0.0,0.0,0.0,0.0,0.0
7599,44,56,0,0.0,0.0,0.0,0.0,0.0,0.0,0.0,0.0,0.0,0.0,0.0,0.0,0.0,0.0,0.0,0.0,0.0,0.0,0.0,0.0,0.0,0.0,0.0,0.0,0.0,0.0,0.0,0.0,0.0,0.0,0.0,0.0,0.0,0.0,0.0
7600,44,61,998,0.2,41.05,18.97,44.75,12.89,43.28,83.33,1.2,2.1,48.09,18.65,71.42,88.95,40.9,18.95,41.3,1.6,32.06,13.25,68.75,0.0,0.0,0.0,0.0,4.31,39.16,18.81,53.48,1.8,47.27,23.9,33.33,0.0,0.0,592.0
7601,44,68,0,0.0,0.0,0.0,0.0,0.0,0.0,0.0,0.0,0.0,0.0,0.0,0.0,0.0,0.0,0.0,0.0,0.0,0.0,0.0,0.0,0.0,0.0,0.0,0.0,0.0,0.0,0.0,0.0,0.0,0.0,0.0,0.0,0.0,0.0,0.0
7602,44,71,0,0.0,0.0,0.0,0.0,0.0,0.0,0.0,0.0,0.0,0.0,0.0,0.0,0.0,0.0,0.0,0.0,0.0,0.0,0.0,0.0,0.0,0.0,0.0,0.0,0.0,0.0,0.0,0.0,0.0,0.0,0.0,0.0,0.0,0.0,0.0
7603,44,72,0,0.0,0.0,0.0,0.0,0.0,0.0,0.0,0.0,0.0,0.0,0.0,0.0,0.0,0.0,0.0,0.0,0.0,0.0,0.0,0.0,0.0,0.0,0.0,0.0,0.0,0.0,0.0,0.0,0.0,0.0,0.0,0.0,0.0,0.0,0.0
7604,44,73,0,0.0,0.0,0.0,0.0,0.0,0.0,0.0,0.0,0.0,0.0,0.0,0.0,0.0,0.0,0.0,0.0,0.0,0.0,0.0,0.0,0.0,0.0,0.0,0.0,0.0,0.0,0.0,0.0,0.0,0.0,0.0,0.0,0.0,0.0,0.0
7605,44,74,747,0.0,42.57,19.89,39.14,23.51,43.9,57.14,0.93,1.87,48.28,17.7,42.85,90.62,42.31,20.03,43.57,0.4,31.33,8.08,66.66,0.0,0.0,0.0,0.0,5.35,44.12,18.63,50.0,0.8,58.66,8.93,16.66,0.0,0.0,412.0
7606,44,76,0,0.0,0.0,0.0,0.0,0.0,0.0,0.0,0.0,0.0,0.0,0.0,0.0,0.0,0.0,0.0,0.0,0.0,0.0,0.0,0.0,0.0,0.0,0.0,0.0,0.0,0.0,0.0,0.0,0.0,0.0,0.0,0.0,0.0,0.0,0.0
7607,44,86,917,0.0,41.08,20.18,43.5,9.94,41.33,75.0,0.43,0.0,0.0,0.0,0.0,78.62,40.85,20.73,27.6,0.1,26.0,0.0,100.0,0.0,0.0,0.0,0.0,20.71,41.91,18.23,92.1,0.1,53.0,0.0,100.0,0.0,0.0,592.0
7608,44,103,0,0.0,0.0,0.0,0.0,0.0,0.0,0.0,0.0,0.0,0.0,0.0,0.0,0.0,0.0,0.0,0.0,0.0,0.0,0.0,0.0,0.0,0.0,0.0,0.0,0.0,0.0,0.0,0.0,0.0,0.0,0.0,0.0,0.0,0.0,0.0
7609,44,108,635,0.31,42.48,18.49,40.0,9.41,40.94,71.42,1.1,1.1,42.28,11.98,85.71,81.35,43.44,18.65,32.42,0.31,23.5,0.7,100.0,0.15,55.0,0.0,0.0,15.16,38.01,17.75,82.29,0.78,34.2,23.34,0.0,0.0,0.0,354.0
7610,44,109,0,0.0,0.0,0.0,0.0,0.0,0.0,0.0,0.0,0.0,0.0,0.0,0.0,0.0,0.0,0.0,0.0,0.0,0.0,0.0,0.0,0.0,0.0,0.0,0.0,0.0,0.0,0.0,0.0,0.0,0.0,0.0,0.0,0.0,0.0,0.0
7611,44,112,370,0.0,42.36,19.43,0.0,0.0,40.0,0.0,0.0,0.0,0.0,0.0,0.0,82.16,42.62,19.51,30.59,0.0,0.0,0.0,0.0,0.0,0.0,0.0,0.0,17.29,40.54,19.16,85.93,0.54,60.5,4.94,0.0,0.0,0.0,212.0
7612,44,114,0,0.0,0.0,0.0,0.0,0.0,0.0,0.0,0.0,0.0,0.0,0.0,0.0,0.0,0.0,0.0,0.0,0.0,0.0,0.0,0.0,0.0,0.0,0.0,0.0,0.0,0.0,0.0,0.0,0.0,0.0,0.0,0.0,0.0,0.0,0.0
7613,44,115,0,0.0,0.0,0.0,0.0,0.0,0.0,0.0,0.0,0.0,0.0,0.0,0.0,0.0,0.0,0.0,0.0,0.0,0.0,0.0,0.0,0.0,0.0,0.0,0.0,0.0,0.0,0.0,0.0,0.0,0.0,0.0,0.0,0.0,0.0,0.0
7614,44,117,0,0.0,0.0,0.0,0.0,0.0,0.0,0.0,0.0,0.0,0.0,0.0,0.0,0.0,0.0,0.0,0.0,0.0,0.0,0.0,0.0,0.0,0.0,0.0,0.0,0.0,0.0,0.0,0.0,0.0,0.0,0.0,0.0,0.0,0.0,0.0
7615,44,121,0,0.0,0.0,0.0,0.0,0.0,0.0,0.0,0.0,0.0,0.0,0.0,0.0,0.0,0.0,0.0,0.0,0.0,0.0,0.0,0.0,0.0,0.0,0.0,0.0,0.0,0.0,0.0,0.0,0.0,0.0,0.0,0.0,0.0,0.0,0.0
7616,44,123,0,0.0,0.0,0.0,0.0,0.0,0.0,0.0,0.0,0.0,0.0,0.0,0.0,0.0,0.0,0.0,0.0,0.0,0.0,0.0,0.0,0.0,0.0,0.0,0.0,0.0,0.0,0.0,0.0,0.0,0.0,0.0,0.0,0.0,0.0,0.0
7617,44,126,0,0.0,0.0,0.0,0.0,0.0,0.0,0.0,0.0,0.0,0.0,0.0,0.0,0.0,0.0,0.0,0.0,0.0,0.0,0.0,0.0,0.0,0.0,0.0,0.0,0.0,0.0,0.0,0.0,0.0,0.0,0.0,0.0,0.0,0.0,0.0
7618,44,129,776,0.0,42.92,19.59,0.0,0.0,40.97,0.0,0.0,0.25,30.0,14.14,0.0,81.18,42.63,19.43,30.15,0.12,37.0,0.0,0.0,0.0,0.0,0.0,0.0,18.42,44.44,20.38,89.51,0.0,0.0,0.0,0.0,0.0,0.0,518.0
7619,44,130,786,0.0,44.39,18.88,29.0,5.65,41.98,0.0,0.25,0.0,0.0,0.0,0.0,77.73,44.5,19.4,28.64,0.0,0.0,0.0,0.0,0.12,55.0,0.0,100.0,21.62,44.15,17.14,90.58,0.25,40.5,7.77,0.0,0.0,0.0,485.0
7620,44,131,793,0.0,40.25,20.09,43.0,41.14,41.99,33.33,0.37,0.25,36.5,13.43,100.0,77.93,39.4,20.68,29.44,0.0,0.0,0.0,0.0,0.0,0.0,0.0,0.0,21.18,43.39,17.3,87.5,0.25,40.0,5.65,50.0,0.0,0.0,480.0
7621,44,132,0,0.0,0.0,0.0,0.0,0.0,0.0,0.0,0.0,0.0,0.0,0.0,0.0,0.0,0.0,0.0,0.0,0.0,0.0,0.0,0.0,0.0,0.0,0.0,0.0,0.0,0.0,0.0,0.0,0.0,0.0,0.0,0.0,0.0,0.0,0.0
7622,44,133,724,0.41,41.0,20.33,39.0,22.27,42.54,50.0,0.83,1.38,44.9,13.27,80.0,87.23,40.7,20.68,36.88,0.0,0.0,0.0,0.0,0.13,56.0,0.0,0.0,9.98,41.76,17.78,87.5,0.41,46.0,24.55,0.0,0.0,0.0,477.0
7623,44,139,0,0.0,0.0,0.0,0.0,0.0,0.0,0.0,0.0,0.0,0.0,0.0,0.0,0.0,0.0,0.0,0.0,0.0,0.0,0.0,0.0,0.0,0.0,0.0,0.0,0.0,0.0,0.0,0.0,0.0,0.0,0.0,0.0,0.0,0.0,0.0
7624,44,141,725,0.0,41.96,19.26,52.75,30.68,44.68,50.0,1.1,0.96,30.85,16.1,28.57,81.1,41.65,19.25,35.88,0.27,48.0,1.41,100.0,0.0,0.0,0.0,0.0,15.86,43.34,18.8,89.56,0.68,42.4,10.13,40.0,0.0,0.0,441.0
7625,44,144,0,0.0,0.0,0.0,0.0,0.0,0.0,0.0,0.0,0.0,0.0,0.0,0.0,0.0,0.0,0.0,0.0,0.0,0.0,0.0,0.0,0.0,0.0,0.0,0.0,0.0,0.0,0.0,0.0,0.0,0.0,0.0,0.0,0.0,0.0,0.0
7626,44,149,0,0.0,0.0,0.0,0.0,0.0,0.0,0.0,0.0,0.0,0.0,0.0,0.0,0.0,0.0,0.0,0.0,0.0,0.0,0.0,0.0,0.0,0.0,0.0,0.0,0.0,0.0,0.0,0.0,0.0,0.0,0.0,0.0,0.0,0.0,0.0
7627,44,157,0,0.0,0.0,0.0,0.0,0.0,0.0,0.0,0.0,0.0,0.0,0.0,0.0,0.0,0.0,0.0,0.0,0.0,0.0,0.0,0.0,0.0,0.0,0.0,0.0,0.0,0.0,0.0,0.0,0.0,0.0,0.0,0.0,0.0,0.0,0.0
7628,44,158,774,0.0,42.52,20.11,46.6,23.64,42.76,100.0,1.29,6.33,52.67,21.07,34.69,77.39,41.83,19.76,35.05,0.0,0.0,0.0,0.0,0.12,33.0,0.0,0.0,14.34,41.22,20.26,83.78,0.51,48.75,23.05,25.0,0.0,0.0,448.0
7629,44,160,0,0.0,0.0,0.0,0.0,0.0,0.0,0.0,0.0,0.0,0.0,0.0,0.0,0.0,0.0,0.0,0.0,0.0,0.0,0.0,0.0,0.0,0.0,0.0,0.0,0.0,0.0,0.0,0.0,0.0,0.0,0.0,0.0,0.0,0.0,0.0
7630,44,163,0,0.0,0.0,0.0,0.0,0.0,0.0,0.0,0.0,0.0,0.0,0.0,0.0,0.0,0.0,0.0,0.0,0.0,0.0,0.0,0.0,0.0,0.0,0.0,0.0,0.0,0.0,0.0,0.0,0.0,0.0,0.0,0.0,0.0,0.0,0.0
7631,44,166,0,0.0,0.0,0.0,0.0,0.0,0.0,0.0,0.0,0.0,0.0,0.0,0.0,0.0,0.0,0.0,0.0,0.0,0.0,0.0,0.0,0.0,0.0,0.0,0.0,0.0,0.0,0.0,0.0,0.0,0.0,0.0,0.0,0.0,0.0,0.0
7632,44,167,0,0.0,0.0,0.0,0.0,0.0,0.0,0.0,0.0,0.0,0.0,0.0,0.0,0.0,0.0,0.0,0.0,0.0,0.0,0.0,0.0,0.0,0.0,0.0,0.0,0.0,0.0,0.0,0.0,0.0,0.0,0.0,0.0,0.0,0.0,0.0
7633,44,171,0,0.0,0.0,0.0,0.0,0.0,0.0,0.0,0.0,0.0,0.0,0.0,0.0,0.0,0.0,0.0,0.0,0.0,0.0,0.0,0.0,0.0,0.0,0.0,0.0,0.0,0.0,0.0,0.0,0.0,0.0,0.0,0.0,0.0,0.0,0.0
7634,44,172,928,0.1,41.05,19.62,48.34,23.23,40.4,73.1,12.83,3.55,44.36,16.4,24.24,73.13,39.8,18.9,31.56,0.21,37.0,12.72,100.0,0.1,62.0,0.0,0.0,8.95,38.91,17.18,72.28,1.18,41.36,30.09,27.27,0.0,0.0,524.0
7635,44,174,0,0.0,0.0,0.0,0.0,0.0,0.0,0.0,0.0,0.0,0.0,0.0,0.0,0.0,0.0,0.0,0.0,0.0,0.0,0.0,0.0,0.0,0.0,0.0,0.0,0.0,0.0,0.0,0.0,0.0,0.0,0.0,0.0,0.0,0.0,0.0
7636,44,180,0,0.0,0.0,0.0,0.0,0.0,0.0,0.0,0.0,0.0,0.0,0.0,0.0,0.0,0.0,0.0,0.0,0.0,0.0,0.0,0.0,0.0,0.0,0.0,0.0,0.0,0.0,0.0,0.0,0.0,0.0,0.0,0.0,0.0,0.0,0.0
7637,44,182,0,0.0,0.0,0.0,0.0,0.0,0.0,0.0,0.0,0.0,0.0,0.0,0.0,0.0,0.0,0.0,0.0,0.0,0.0,0.0,0.0,0.0,0.0,0.0,0.0,0.0,0.0,0.0,0.0,0.0,0.0,0.0,0.0,0.0,0.0,0.0
7638,44,189,344,0.0,45.43,19.35,60.11,9.99,41.56,100.0,2.61,0.0,0.0,0.0,0.0,84.59,44.3,19.35,34.7,0.0,0.0,0.0,0.0,0.0,0.0,0.0,0.0,11.62,48.77,17.69,82.5,1.16,61.0,32.11,0.0,0.0,0.0,223.0
7639,45,4,1000,0.0,42.43,19.72,38.77,11.84,43.2,22.22,0.9,0.6,48.33,27.43,83.33,86.8,42.53,19.88,38.36,0.3,33.33,11.93,0.0,0.0,0.0,0.0,0.0,10.7,41.51,18.97,84.11,0.7,47.71,16.77,28.57,0.0,33.86,541.0
7640,45,9,627,0.0,42.97,18.39,45.14,23.31,40.98,35.71,2.23,1.11,43.14,22.58,28.57,92.34,42.75,18.29,41.1,0.0,0.0,0.0,0.0,0.31,45.5,19.09,50.0,1.75,44.72,13.82,63.63,2.23,47.92,20.76,28.57,0.0,46.27,394.0
7641,45,15,876,0.0,40.66,17.0,45.14,18.94,43.6,57.14,0.79,0.57,48.0,19.6,20.0,95.43,40.57,16.94,43.3,0.57,44.4,25.59,60.0,0.0,0.0,0.0,0.0,1.71,42.73,15.39,53.33,0.91,35.37,19.92,50.0,0.0,30.96,456.0
7642,45,16,741,0.0,44.23,19.17,57.27,21.26,44.53,36.36,1.48,0.67,20.0,19.6,40.0,93.38,44.34,19.14,44.07,1.75,39.61,14.93,46.15,0.0,0.0,0.0,0.0,1.75,48.07,10.05,84.61,0.94,31.85,20.65,28.57,0.0,34.42,409.0
7643,45,17,864,0.0,44.12,19.16,37.35,14.28,45.25,50.0,1.62,1.04,38.0,17.65,66.66,92.7,44.56,19.18,45.06,1.38,44.41,17.64,41.66,0.11,0.0,0.0,0.0,2.66,39.65,20.28,43.47,0.46,28.75,10.11,50.0,0.0,33.07,500.0
7644,45,18,264,0.0,45.39,19.82,55.33,10.78,43.18,66.66,1.13,1.13,38.0,1.73,33.33,93.18,45.58,20.07,41.86,0.75,29.0,1.41,100.0,0.37,50.0,0.0,0.0,3.4,42.22,20.12,66.66,0.0,0.0,0.0,0.0,0.0,44.3,167.0
7645,45,19,923,0.0,44.55,18.94,35.18,17.14,43.44,72.72,1.19,1.19,39.63,15.59,27.27,91.11,45.0,18.9,42.8,1.95,38.44,19.79,44.44,0.21,32.5,13.43,50.0,3.14,39.31,19.97,51.72,1.19,50.27,19.2,54.54,0.0,37.71,557.0
7646,45,20,605,0.0,43.3,19.98,43.16,27.04,40.49,58.33,1.98,1.15,50.42,14.48,42.85,91.73,43.15,19.59,39.09,0.33,36.5,3.53,50.0,0.0,0.0,0.0,0.0,3.14,50.26,22.89,78.94,1.65,34.79,29.41,20.0,0.0,36.31,328.0
7647,45,23,572,0.0,39.99,18.17,47.66,29.89,43.18,50.0,1.04,0.69,40.5,17.69,50.0,93.88,39.89,18.07,42.45,0.87,33.6,21.61,80.0,0.0,0.0,0.0,0.0,2.44,37.85,17.85,57.14,1.04,51.16,12.38,33.33,0.0,66.03,275.0
7648,45,30,428,0.0,43.43,19.37,32.33,6.65,40.88,100.0,0.7,0.23,65.0,0.0,0.0,91.35,43.39,19.26,37.85,0.46,37.5,16.26,50.0,0.0,0.0,0.0,0.0,6.54,45.39,22.47,78.57,0.7,38.33,14.74,33.33,0.0,47.35,236.0
7649,45,31,817,0.12,41.98,19.6,46.14,20.08,39.53,35.71,1.71,1.71,41.5,22.02,28.57,84.92,42.26,19.74,35.93,1.1,29.44,12.83,88.88,0.49,46.5,14.43,0.0,9.19,39.73,19.08,72.0,0.85,44.71,14.62,28.57,0.0,35.92,488.0
7650,45,32,693,0.14,41.55,17.3,44.61,29.57,41.99,38.46,1.87,1.15,39.37,5.04,50.0,87.71,41.4,17.07,39.2,0.14,66.0,0.0,100.0,0.0,0.0,0.0,0.0,7.94,42.07,17.99,74.54,1.15,41.87,14.08,25.0,0.0,38.29,425.0
7651,45,33,1068,0.09,42.5,18.98,45.6,20.37,42.79,45.0,1.87,1.31,45.92,17.21,28.57,90.34,42.39,18.73,42.42,0.84,35.66,20.54,77.77,0.18,54.0,19.79,0.0,3.56,40.81,21.26,55.26,1.78,47.84,26.57,31.57,0.0,37.61,551.0
7652,45,35,787,0.12,40.81,17.99,47.0,14.56,44.47,0.0,0.76,1.14,47.55,11.65,22.22,90.96,40.46,18.09,44.47,0.89,37.42,13.16,42.85,0.25,39.5,3.53,0.0,4.32,43.11,16.8,73.52,1.65,47.76,23.19,15.38,0.0,40.73,408.0
7653,45,36,978,0.61,42.63,18.36,42.16,14.29,41.2,41.66,2.46,1.44,45.78,14.67,50.0,89.6,42.93,18.36,40.52,0.72,47.71,19.57,85.71,0.2,37.5,14.84,0.0,4.52,39.13,21.49,47.72,1.02,29.4,18.17,40.0,0.0,36.45,553.0
7654,45,37,981,0.0,41.39,18.79,44.33,13.85,41.18,58.33,1.22,0.5,41.4,25.07,40.0,92.86,41.69,18.73,40.28,0.5,24.8,14.6,20.0,0.1,0.0,0.0,0.0,4.07,37.12,19.16,60.0,0.71,39.57,22.11,42.85,0.0,32.34,549.0
7655,45,39,777,0.0,42.66,19.05,49.57,30.02,42.21,57.14,0.9,0.38,36.66,6.42,33.33,91.11,42.52,18.95,40.81,1.02,45.25,16.84,62.5,0.0,0.0,0.0,0.0,5.92,41.08,19.19,63.04,0.64,65.8,10.98,0.0,0.0,32.49,441.0
7656,45,40,935,0.1,45.09,18.8,34.12,18.97,42.88,50.0,0.85,1.07,36.0,14.89,30.0,87.15,44.89,18.73,38.82,0.53,64.2,10.73,60.0,0.1,56.0,0.0,0.0,9.52,47.6,19.21,82.02,0.74,47.57,22.38,14.28,0.0,36.35,527.0
7657,45,41,1086,0.09,41.45,19.01,35.5,18.54,41.98,60.0,0.92,1.84,46.8,21.46,60.0,92.81,41.32,19.14,40.51,0.64,41.57,9.74,100.0,0.36,36.5,6.8,0.0,1.93,44.14,12.08,80.95,1.47,44.75,20.81,37.5,0.0,35.28,597.0
7658,45,42,640,0.15,41.5,18.9,36.65,19.53,42.81,35.0,3.12,1.09,34.71,15.82,71.42,88.73,41.64,19.14,42.32,0.78,26.4,15.12,20.0,0.0,0.0,0.0,0.0,5.16,44.45,15.23,57.57,1.09,48.57,13.79,14.28,0.0,31.4,387.0
7659,45,43,1022,0.19,40.81,18.73,49.05,18.89,40.41,52.94,1.66,1.17,42.0,22.2,41.66,89.31,40.49,18.71,38.3,1.07,42.36,12.05,81.81,0.39,32.5,8.42,25.0,5.29,41.92,19.91,70.37,1.07,49.45,17.77,18.18,0.0,34.98,567.0
7660,45,50,657,0.0,44.06,19.38,50.2,21.62,41.85,20.0,0.76,0.76,50.0,23.05,60.0,94.82,44.1,19.25,42.05,0.76,42.4,10.64,60.0,0.0,0.0,0.0,0.0,2.13,37.85,24.92,35.71,0.76,46.0,24.72,20.0,0.0,34.1,355.0
7661,45,57,1109,0.0,42.46,20.14,51.07,24.56,47.88,71.42,1.26,1.44,46.5,17.14,68.75,88.0,42.0,19.99,44.67,0.63,35.14,19.19,71.42,0.09,90.0,0.0,0.0,8.11,44.91,21.19,75.55,0.45,51.0,11.29,20.0,0.0,46.32,564.0
7662,45,59,1128,0.17,41.22,17.26,35.37,13.02,43.88,62.5,1.42,0.79,43.77,14.98,66.66,93.6,41.25,17.48,42.88,1.24,36.64,7.72,85.71,0.08,43.0,0.0,0.0,1.77,38.4,11.32,60.0,1.06,54.91,16.28,25.0,0.0,35.06,578.0
7663,45,60,955,0.1,42.39,17.78,36.33,20.18,43.66,55.55,0.94,1.15,42.9,20.07,9.09,93.18,42.55,17.56,42.4,0.31,37.33,36.07,66.66,0.0,0.0,0.0,0.0,3.24,38.19,20.41,90.32,1.15,47.54,20.26,27.27,0.0,50.05,539.0
7664,45,63,1018,0.0,41.14,18.57,30.0,18.93,42.14,40.0,0.98,0.98,48.9,21.09,70.0,93.12,40.82,18.2,40.71,0.49,38.2,17.78,20.0,0.0,0.0,0.0,0.0,3.33,46.88,23.73,88.23,1.08,55.54,21.57,9.09,0.0,39.26,635.0
7665,45,64,911,0.1,44.54,19.86,50.0,19.55,42.15,55.55,0.98,1.09,45.2,8.81,40.0,93.51,44.02,19.7,42.3,0.32,47.0,36.86,100.0,0.21,37.5,0.7,50.0,1.64,43.06,20.83,46.66,2.19,67.55,13.24,15.0,0.0,35.84,518.0
7666,45,65,801,0.0,42.79,18.48,50.1,21.85,42.82,60.0,1.24,1.12,53.11,20.43,66.66,92.88,42.63,18.02,41.39,0.37,33.33,8.38,100.0,0.0,0.0,0.0,0.0,3.37,34.55,18.83,70.37,0.99,67.37,30.26,12.5,0.0,51.36,462.0
7667,45,67,784,0.12,41.05,18.78,32.75,23.47,39.92,37.5,1.02,1.02,58.87,18.65,62.5,93.74,40.72,18.77,40.32,0.76,34.66,3.44,33.33,0.0,0.0,0.0,0.0,1.78,46.0,19.59,35.71,1.66,50.92,11.94,15.38,0.0,54.12,437.0
7668,45,68,758,0.0,44.93,18.27,35.25,10.91,43.4,62.5,1.05,0.79,61.83,22.44,83.33,95.64,44.74,18.15,43.44,0.65,35.79,12.65,40.0,0.0,0.0,0.0,0.0,0.92,47.42,13.63,14.28,0.92,65.0,22.77,14.28,0.0,43.26,456.0
7669,45,69,677,0.14,43.15,20.12,41.5,4.43,42.83,100.0,0.59,1.33,44.0,27.72,33.33,96.59,43.13,19.95,42.87,0.73,54.4,21.75,20.0,0.0,0.0,0.0,0.0,0.44,15.66,27.13,33.33,0.29,60.5,30.4,0.0,0.0,39.06,371.0
7670,45,70,994,0.1,44.16,19.08,36.95,15.51,41.95,33.33,2.41,1.91,50.78,17.72,63.15,92.34,44.08,19.09,41.65,1.0,48.0,15.17,50.0,0.0,0.0,0.0,0.0,1.0,42.7,16.8,40.0,1.3,52.92,26.34,38.46,0.0,39.75,492.0
7671,45,72,506,0.0,45.26,16.77,40.66,13.57,42.09,66.66,0.59,0.79,55.0,15.97,50.0,95.25,45.13,16.71,41.9,1.18,36.66,12.89,83.33,0.0,0.0,0.0,0.0,0.98,51.8,22.86,40.0,1.18,54.66,19.39,0.0,0.0,41.77,303.0
7672,45,73,539,0.0,46.68,20.31,32.63,15.14,42.3,54.54,2.04,0.92,63.8,13.02,40.0,91.65,47.18,20.32,41.09,3.52,34.42,16.56,52.63,0.0,0.0,0.0,0.0,1.66,54.77,18.76,66.66,0.18,30.0,0.0,100.0,0.0,41.47,324.0
7673,45,74,651,0.0,42.77,18.9,41.0,8.48,43.77,100.0,0.3,0.3,38.5,7.77,0.0,94.0,43.05,19.0,43.79,1.22,37.25,6.77,37.5,0.15,46.0,0.0,0.0,2.45,45.81,17.22,62.5,1.38,28.88,18.1,22.22,0.0,39.15,381.0
7674,45,75,559,0.17,41.31,18.14,0.0,0.0,42.39,100.0,0.17,1.43,55.87,14.0,37.5,94.62,41.04,18.18,41.47,0.17,35.0,0.0,0.0,0.0,0.0,0.0,0.0,2.86,44.68,14.31,81.25,0.71,47.5,19.73,0.0,0.0,38.97,341.0
7675,45,76,765,0.13,45.58,18.79,31.0,13.94,43.52,85.71,0.91,0.78,45.66,19.12,33.33,94.24,45.74,18.74,42.91,1.43,38.45,11.9,54.54,0.13,53.0,0.0,0.0,1.43,53.18,22.82,63.63,1.04,40.75,24.98,25.0,0.0,38.4,446.0
7676,45,77,680,0.29,46.58,19.1,51.75,18.94,43.52,62.5,1.17,1.03,56.0,17.98,28.57,91.29,47.18,19.04,43.13,4.71,31.03,14.93,53.12,0.14,76.0,0.0,100.0,1.03,40.57,14.85,28.57,0.44,59.66,17.5,0.0,0.0,40.4,412.0
7677,45,79,681,0.14,43.59,20.23,39.12,26.51,42.14,62.5,1.17,0.29,49.0,18.38,0.0,93.82,43.82,20.35,41.69,1.17,37.87,13.66,50.0,0.0,0.0,0.0,0.0,2.94,39.75,14.45,55.0,0.58,37.75,29.64,25.0,0.0,39.35,381.0
7678,45,80,605,0.0,44.6,20.45,46.93,16.85,41.98,37.5,2.64,2.31,56.0,18.47,21.42,90.24,43.99,20.53,42.67,1.65,33.9,16.72,60.0,0.16,43.0,0.0,0.0,1.48,59.66,21.88,44.44,1.48,56.55,12.11,22.22,0.0,45.14,377.0
7679,45,84,908,0.0,44.5,18.62,36.75,10.15,44.6,62.5,0.88,0.55,51.4,22.63,20.0,93.06,44.86,18.54,43.66,0.99,25.11,22.2,55.55,0.0,0.0,0.0,0.0,3.41,43.74,14.86,64.51,1.1,36.4,26.67,50.0,0.0,37.37,548.0
7680,45,85,1021,0.0,46.21,19.92,36.41,20.36,44.76,58.33,1.17,1.46,48.4,23.32,66.66,92.16,46.41,19.99,43.78,0.97,37.29,11.13,60.0,0.19,48.5,4.94,0.0,2.84,48.51,17.21,51.72,1.17,39.08,20.52,58.33,0.0,35.78,595.0
7681,45,86,989,0.5,39.21,17.6,37.16,11.54,42.16,50.0,0.6,1.52,49.4,23.36,60.0,94.2,38.97,17.41,42.39,0.6,33.83,7.83,83.33,0.3,53.0,30.11,0.0,1.62,45.25,16.15,25.0,1.11,36.54,27.15,9.09,0.0,35.57,551.0
7682,45,87,865,0.11,40.92,19.03,29.66,19.27,42.08,33.33,0.69,1.15,35.79,18.43,80.0,94.09,41.13,19.11,41.57,1.38,32.75,16.04,58.33,0.0,0.0,0.0,0.0,1.62,40.0,17.56,57.14,0.92,49.0,17.75,12.5,0.0,34.17,498.0
7683,45,88,992,0.0,43.63,18.22,49.05,17.99,43.64,52.94,1.71,1.2,45.33,16.64,33.33,90.72,43.53,18.07,43.44,2.31,38.0,14.7,47.82,0.0,0.0,0.0,0.0,2.11,50.38,18.37,52.38,1.91,41.78,27.12,36.84,0.0,39.69,500.0
7684,45,90,566,0.17,47.24,19.21,49.23,20.83,41.69,76.92,2.3,0.17,42.0,0.0,0.0,93.98,47.02,19.06,41.05,0.35,49.0,8.48,0.0,0.17,34.0,0.0,0.0,1.94,53.09,20.05,54.54,1.06,58.0,30.77,33.33,0.0,42.94,356.0
7685,45,91,594,0.0,42.19,19.1,42.69,26.53,44.94,61.53,2.18,1.34,39.37,9.7,50.0,92.42,42.07,19.13,43.71,0.67,42.25,21.51,100.0,0.0,0.0,0.0,0.0,2.52,41.73,12.35,66.66,0.84,60.2,18.8,20.0,0.0,30.19,349.0
7686,45,92,536,0.18,40.33,17.18,46.25,13.79,42.91,50.0,2.24,1.12,46.16,15.4,66.66,94.39,39.89,17.18,42.17,0.56,44.0,15.87,100.0,0.0,0.0,0.0,0.0,0.37,65.5,23.33,0.0,1.3,47.0,20.16,42.85,0.0,37.45,311.0
7687,45,93,859,0.0,46.13,19.73,47.0,38.18,46.56,100.0,0.23,1.04,49.66,21.11,44.44,94.64,46.27,19.54,46.61,1.62,36.71,16.54,57.14,0.0,0.0,0.0,0.0,1.86,45.62,25.15,31.25,0.58,43.8,33.7,40.0,0.0,50.08,477.0
7688,45,95,971,0.0,42.57,19.14,40.6,15.22,44.07,40.0,0.51,1.54,55.26,17.8,26.66,94.33,42.37,19.02,44.1,0.61,28.66,29.11,50.0,0.0,0.0,0.0,0.0,2.16,44.66,17.73,52.38,0.82,48.37,25.43,50.0,0.0,36.03,509.0
7689,45,96,971,0.2,42.01,19.48,39.92,18.08,40.47,59.25,2.78,2.78,53.11,19.97,33.33,89.37,41.56,19.51,40.18,0.61,44.0,30.67,50.0,0.3,41.33,4.61,0.0,2.99,44.31,14.07,48.27,1.13,45.9,21.42,18.18,0.0,32.7,483.0
7690,45,101,1066,0.09,40.06,18.0,39.71,19.57,42.3,71.87,3.0,1.22,46.69,20.72,23.07,84.97,39.47,17.59,37.12,0.28,21.0,18.24,66.66,0.0,0.0,0.0,0.0,9.67,44.4,20.29,81.55,0.84,46.88,12.78,33.33,0.0,31.31,602.0
7691,45,102,801,0.37,40.58,16.63,46.6,23.05,42.69,40.0,1.25,1.87,50.46,12.56,6.66,92.23,40.06,16.73,42.93,1.25,43.0,10.73,90.0,0.12,28.0,0.0,0.0,2.13,43.58,11.8,58.82,1.12,49.55,15.71,11.11,0.0,35.19,502.0
7692,45,103,716,0.13,41.9,19.44,38.0,17.83,42.59,20.0,0.69,2.23,64.18,12.53,43.75,92.16,41.42,19.23,42.03,0.83,34.16,20.89,66.66,0.41,28.66,25.79,33.33,2.65,45.42,16.68,68.42,0.97,44.0,29.32,14.28,0.0,34.84,419.0
7693,45,105,921,0.21,42.85,19.42,40.5,15.1,43.53,70.0,2.17,0.97,48.55,21.14,33.33,90.96,43.01,19.34,43.18,0.32,37.0,8.0,33.33,0.0,0.0,0.0,0.0,3.69,41.14,23.03,52.94,1.84,40.58,22.32,11.76,0.0,43.84,491.0
7694,45,106,775,0.0,39.48,19.16,41.03,18.54,42.45,57.81,8.25,2.32,29.5,19.16,44.44,80.0,39.92,19.48,36.77,0.51,23.75,2.62,100.0,0.0,0.0,0.0,0.0,8.25,36.79,15.48,76.56,0.64,48.8,23.73,60.0,0.0,41.19,397.0
7695,45,107,664,0.0,41.97,18.54,69.5,19.09,40.96,50.0,0.3,0.9,47.66,13.17,50.0,93.67,41.69,18.36,40.67,1.05,35.71,6.89,85.71,0.0,0.0,0.0,0.0,2.25,49.2,21.51,46.66,1.8,43.66,26.39,16.66,0.0,36.39,380.0
7696,45,109,494,0.0,43.1,20.35,41.66,7.57,40.89,100.0,0.6,0.8,53.25,21.06,25.0,95.14,43.44,20.21,40.42,0.6,16.33,14.36,33.33,0.0,0.0,0.0,0.0,2.02,36.29,24.41,60.0,0.8,32.25,24.3,25.0,0.0,39.31,286.0
7697,45,111,772,0.25,43.31,18.57,33.85,18.48,40.15,28.57,0.9,0.64,43.0,5.56,60.0,94.54,43.39,18.61,40.24,0.9,33.0,18.15,28.57,0.12,48.0,0.0,100.0,1.81,47.07,20.81,42.85,1.03,47.62,18.7,37.5,0.0,41.69,398.0
7698,45,112,944,0.1,44.29,18.03,39.03,18.14,42.58,26.92,2.75,0.95,53.44,13.26,44.44,93.53,44.3,17.96,43.19,1.06,34.0,16.12,60.0,0.1,30.0,0.0,0.0,0.53,51.0,25.91,60.0,1.06,58.6,16.44,10.0,0.0,38.17,487.0
7699,45,116,596,0.0,43.28,18.95,44.35,14.74,41.44,29.41,2.85,2.18,50.69,18.98,53.84,90.1,43.29,18.94,40.4,1.51,36.66,9.5,77.77,0.0,0.0,0.0,0.0,3.18,38.84,24.58,57.89,0.16,68.0,0.0,0.0,0.0,35.56,334.0
7700,45,117,905,0.0,41.94,18.24,40.0,19.12,41.76,40.0,1.1,1.54,39.42,15.96,50.0,92.92,41.94,18.18,41.61,0.44,31.25,5.12,75.0,0.22,53.5,20.5,50.0,2.2,43.05,18.72,50.0,1.54,45.78,25.21,21.42,0.0,33.06,565.0
7701,45,118,792,0.0,42.38,20.12,36.51,20.71,44.69,44.44,3.4,0.88,59.42,9.58,28.57,91.16,42.51,19.94,44.73,0.5,22.0,15.23,75.0,0.0,0.0,0.0,0.0,2.9,46.04,22.16,52.17,1.13,35.88,25.34,22.22,0.0,36.84,454.0
7702,45,119,881,0.22,41.73,18.95,57.87,17.05,42.79,50.0,0.91,1.36,47.41,21.43,33.33,91.8,41.33,18.7,41.26,0.22,32.0,7.07,50.0,0.22,39.5,9.19,0.0,3.75,45.21,21.2,78.78,1.7,43.2,24.63,46.66,0.0,34.59,513.0
7703,45,120,882,0.0,41.49,18.61,37.75,18.7,44.21,57.77,5.1,1.7,48.2,17.92,60.0,87.64,41.51,18.61,43.07,1.02,37.0,9.56,77.77,0.22,50.0,21.21,0.0,2.83,42.68,18.97,60.0,1.47,45.0,22.77,0.0,0.0,32.41,527.0
7704,45,121,1095,0.0,41.81,18.29,52.25,14.71,41.82,66.66,1.09,1.36,49.26,22.63,60.0,90.95,41.37,18.18,40.36,0.18,67.5,34.64,50.0,0.18,59.5,19.09,50.0,4.84,43.79,17.07,62.26,1.36,42.2,21.35,26.66,0.0,31.0,548.0
7705,45,122,892,0.33,41.77,18.83,41.0,38.35,42.93,100.0,0.33,1.34,38.66,22.97,41.66,92.57,41.77,18.77,42.04,0.44,33.5,3.0,75.0,0.67,39.16,26.48,16.66,3.93,44.05,16.43,62.85,0.67,44.0,14.01,33.33,0.0,48.82,507.0
7706,45,125,668,0.0,40.94,18.57,36.41,18.01,43.41,41.17,2.54,0.89,40.5,14.03,33.33,91.46,40.6,18.44,42.55,0.74,34.6,9.78,80.0,0.29,68.0,19.79,50.0,3.29,48.0,19.26,68.18,0.74,62.6,25.01,20.0,0.0,34.18,396.0
7707,45,126,747,0.13,42.42,19.12,34.25,17.71,40.82,34.09,5.89,2.27,63.41,16.22,47.05,88.06,42.43,18.8,40.63,0.26,39.0,1.41,50.0,0.26,47.0,2.82,100.0,2.54,38.0,21.35,63.15,0.67,59.8,23.93,0.0,0.0,36.47,456.0
7708,45,127,695,0.43,44.0,17.63,44.44,25.66,43.88,55.55,1.3,1.15,48.87,10.85,50.0,91.47,43.81,17.75,43.28,1.3,34.55,11.21,33.33,0.0,0.0,0.0,0.0,3.9,47.44,15.14,59.25,0.86,56.83,11.47,16.66,0.0,55.59,402.0
7709,45,132,1118,0.08,38.62,18.12,49.0,20.8,41.41,38.46,1.16,0.98,43.63,9.96,45.45,92.65,38.38,18.19,40.67,0.62,36.71,14.45,57.14,0.0,0.0,0.0,0.0,3.31,37.16,14.87,59.45,1.25,47.42,21.75,35.71,0.0,35.89,576.0
7710,45,133,1012,0.39,44.02,19.06,39.65,17.98,41.69,24.39,4.06,1.38,47.28,19.64,35.71,80.45,43.82,19.1,35.63,0.39,36.0,2.94,75.0,0.09,67.0,0.0,100.0,12.5,46.17,18.35,84.92,1.09,42.27,28.25,45.45,0.0,26.98,536.0
7711,45,134,1073,0.09,40.88,18.04,46.0,20.05,40.44,47.91,4.47,0.83,38.77,20.92,22.22,86.1,40.46,17.99,38.13,0.83,38.11,17.15,44.44,0.09,39.0,0.0,0.0,5.87,43.11,16.91,73.01,1.77,43.84,18.46,36.84,0.0,33.06,495.0
7712,45,136,694,0.0,40.86,17.83,44.42,24.75,41.93,71.42,1.0,2.01,39.85,27.45,21.42,87.89,40.72,17.32,40.32,0.72,32.2,5.8,80.0,0.14,29.0,0.0,0.0,7.2,41.16,20.32,64.0,1.0,57.0,14.59,14.28,0.0,53.79,325.0
7713,45,137,750,0.13,42.18,18.72,60.13,20.44,40.26,73.91,3.07,1.33,44.5,22.47,40.0,89.45,41.85,18.35,37.91,0.66,37.6,10.43,100.0,0.13,46.0,0.0,100.0,4.53,37.35,20.02,50.0,0.8,35.66,14.78,50.0,0.0,32.73,427.0
7714,45,138,751,0.13,40.45,17.55,40.12,11.29,43.67,62.5,1.06,1.2,47.22,17.75,77.77,92.8,40.52,17.57,41.81,0.53,33.75,1.5,75.0,0.0,0.0,0.0,0.0,3.73,38.85,19.32,71.42,0.66,40.79,13.36,20.0,0.0,33.36,418.0
7715,45,142,682,0.58,43.87,19.45,50.75,21.89,41.34,73.68,11.2,2.06,46.5,17.05,42.85,79.49,42.82,19.06,35.06,0.29,28.5,4.94,100.0,0.73,36.79,23.68,0.0,5.16,43.68,18.62,65.71,1.03,43.71,16.02,71.42,0.0,52.44,353.0
7716,45,150,683,0.14,41.95,18.64,56.38,21.97,42.89,70.96,4.54,1.17,38.25,9.0,50.0,85.19,41.51,18.34,39.41,1.02,43.71,5.31,85.71,0.14,66.0,0.0,100.0,6.74,37.89,17.63,60.86,1.17,42.5,24.97,37.5,0.0,32.97,369.0
7717,45,151,586,0.17,45.84,18.48,67.09,19.14,43.51,90.47,3.58,0.68,35.75,16.09,50.0,80.0,45.83,17.67,34.4,0.0,0.0,0.0,0.0,0.17,35.0,0.0,100.0,15.38,41.32,19.44,78.88,0.17,62.0,0.0,0.0,0.0,36.02,377.0
7718,45,152,661,0.15,43.15,17.95,34.13,19.97,44.17,80.0,2.27,2.27,50.86,22.99,46.66,87.57,42.9,17.7,42.38,1.36,32.22,5.26,55.55,0.0,0.0,0.0,0.0,3.78,48.24,17.43,80.0,2.72,49.72,19.42,11.11,0.0,36.01,365.0
7719,45,159,767,0.39,41.5,18.62,40.87,15.36,43.67,37.5,1.04,2.74,42.95,15.69,47.61,90.05,41.68,18.78,43.31,1.57,30.5,3.31,100.0,0.0,0.0,0.0,0.0,3.53,35.22,19.07,25.92,1.04,50.37,15.29,25.0,0.0,34.72,455.0
7720,45,166,728,0.13,41.59,18.63,38.79,20.46,41.07,40.0,0.68,1.23,40.88,13.32,44.44,92.15,41.41,18.72,40.14,0.96,38.0,15.8,57.14,0.0,0.0,0.0,0.0,3.71,43.74,19.97,66.66,1.23,54.11,12.69,22.22,0.0,52.16,429.0
7721,45,167,948,0.1,42.19,18.91,52.0,13.0,41.35,50.0,1.47,2.32,51.27,16.48,50.0,92.29,41.72,18.97,40.73,0.95,38.33,17.88,88.88,0.0,0.0,0.0,0.0,2.42,42.91,18.97,34.78,0.52,58.8,18.04,40.0,0.0,34.66,538.0
7722,45,171,949,0.1,42.18,20.16,33.16,18.73,42.25,66.66,1.26,3.58,49.38,20.43,67.64,89.34,42.0,20.19,39.78,1.58,35.26,6.46,93.33,0.0,0.0,0.0,0.0,2.84,36.48,18.16,44.44,1.37,61.23,18.04,46.15,0.0,32.88,576.0
7723,45,172,832,0.36,41.82,19.7,56.6,22.56,43.02,80.0,1.2,3.61,43.93,18.07,60.0,89.5,41.35,19.66,42.85,0.48,35.75,4.34,100.0,0.48,81.25,1.5,25.0,3.61,39.63,17.98,23.33,1.08,50.88,9.06,0.0,0.0,36.09,533.0
7724,45,173,1007,0.39,40.58,18.56,44.69,19.26,43.49,52.17,2.29,2.49,45.92,16.18,52.0,89.93,40.42,18.44,43.01,1.39,33.14,14.23,78.57,0.0,0.0,0.0,0.0,2.49,35.11,18.87,28.0,1.39,50.57,25.8,35.71,0.0,35.4,609.0
7725,45,179,644,0.15,43.61,17.69,44.42,18.61,45.96,57.14,1.08,1.39,42.66,21.56,44.44,91.29,43.68,17.37,46.16,1.08,32.0,8.14,85.71,0.0,0.0,0.0,0.0,4.04,37.42,19.01,30.76,1.08,70.28,18.32,42.85,0.0,36.55,384.0
7726,45,180,563,0.53,43.29,20.31,32.0,45.25,43.16,50.0,0.35,2.32,44.15,19.11,38.46,92.67,43.15,20.32,42.38,1.42,38.5,15.72,87.5,0.0,0.0,0.0,0.0,1.6,39.0,11.9,33.33,1.6,53.44,23.31,55.55,0.0,37.58,330.0
7727,45,182,747,0.26,42.37,18.23,40.44,14.15,43.1,77.77,1.2,3.08,45.04,22.83,47.82,91.4,42.16,17.95,42.43,1.07,43.25,16.65,87.5,0.13,85.0,0.0,0.0,1.47,44.63,23.14,36.36,1.61,41.16,22.4,25.0,0.0,34.75,442.0
7728,45,183,618,0.48,47.33,17.99,44.7,15.19,42.55,40.74,4.39,2.43,49.6,16.25,53.33,89.1,47.44,18.25,41.97,1.3,33.12,7.19,87.5,0.0,0.0,0.0,0.0,1.46,44.0,15.65,33.33,1.3,58.37,16.29,25.0,0.0,34.94,394.0
7729,45,184,702,0.28,42.88,18.98,33.5,25.35,42.87,66.66,0.85,1.42,55.8,24.76,60.0,91.42,42.44,18.8,41.4,0.71,34.79,7.04,100.0,0.14,52.0,0.0,0.0,3.57,40.56,14.12,48.0,1.85,62.07,16.5,61.53,0.0,38.58,414.0
7730,45,186,517,0.19,41.71,20.19,0.0,0.0,44.87,0.0,0.0,0.38,34.0,8.48,50.0,89.72,42.0,20.17,41.03,0.38,30.5,6.36,50.0,0.0,0.0,0.0,0.0,9.1,39.25,21.45,82.97,0.38,50.0,14.14,0.0,0.0,63.38,308.0
7731,45,187,787,0.12,43.06,17.87,59.85,18.02,45.48,88.57,8.9,1.39,47.9,19.3,27.27,83.96,41.25,17.09,40.6,0.25,37.5,6.36,100.0,0.0,0.0,0.0,0.0,4.7,41.64,15.24,56.75,0.76,48.5,17.59,33.33,0.0,36.73,440.0
7732,45,189,685,0.0,42.89,18.94,56.56,20.61,44.08,86.95,3.35,0.87,43.0,18.53,16.66,89.48,42.62,18.9,43.55,0.58,39.25,7.63,25.0,0.14,20.0,0.0,100.0,4.52,37.16,15.24,32.25,1.02,51.85,19.02,28.57,0.0,37.95,359.0
7733,45,unclear,1129,0.97,43.79,16.05,49.97,16.95,46.5,75.0,3.22,0.0,0.0,0.0,0.0,92.48,43.61,15.93,44.29,0.71,31.62,3.85,100.0,0.0,0.0,0.0,0.0,2.41,44.96,14.82,66.66,1.16,43.53,19.39,61.53,,,
7734,45,192,705,0.14,43.52,19.46,44.37,12.72,42.83,75.0,1.13,2.55,49.27,17.91,38.88,93.03,43.33,19.46,42.29,0.71,29.8,3.49,100.0,0.0,0.0,0.0,0.0,1.42,45.1,15.87,40.0,1.13,49.5,33.23,25.0,0.0,34.9,418.0
7735,45,194,982,0.5,45.19,18.62,50.33,26.33,44.09,88.88,0.92,2.45,48.58,14.77,62.5,90.37,45.01,18.62,42.58,1.43,39.07,19.95,100.0,0.1,92.0,0.0,0.0,3.48,43.64,18.32,41.17,1.22,48.16,12.71,33.33,0.0,35.81,584.0
7736,45,195,651,0.0,46.64,20.53,56.6,10.59,41.47,40.0,0.76,1.38,58.88,25.6,33.33,94.16,46.38,20.48,41.27,1.07,45.0,11.48,85.71,0.0,0.0,0.0,0.0,1.84,46.25,16.91,50.0,0.76,50.4,37.44,0.0,0.0,36.67,418.0
7737,45,196,659,0.0,44.39,19.98,51.0,16.8,43.09,40.0,0.75,1.66,45.27,28.1,45.45,93.01,44.38,19.95,43.39,0.75,30.2,18.3,80.0,0.0,0.0,0.0,0.0,2.42,40.62,13.47,31.25,1.36,55.0,21.11,22.22,0.0,38.18,374.0
7738,45,197,574,0.0,43.74,19.27,38.57,13.37,41.98,71.42,1.21,1.04,44.16,15.38,66.66,95.12,43.96,19.42,41.75,0.34,37.0,2.82,100.0,0.0,0.0,0.0,0.0,1.56,31.55,10.41,0.0,0.69,53.75,26.11,50.0,0.0,38.6,287.0
7739,45,198,739,0.27,43.84,19.2,38.28,21.33,40.32,57.14,0.94,2.44,48.16,14.92,50.0,93.08,43.55,19.21,39.35,1.22,35.22,18.65,88.88,0.0,0.0,0.0,0.0,1.49,59.36,19.52,27.27,0.81,45.66,10.03,33.33,0.0,35.17,446.0
7740,45,199,817,0.12,42.35,18.72,43.17,19.77,40.51,52.94,2.08,2.94,57.2,15.49,58.33,88.72,41.22,18.1,40.19,0.85,26.28,20.61,71.42,0.24,63.5,2.12,0.0,3.3,53.22,23.01,25.92,1.83,55.53,19.62,26.66,0.0,36.61,500.0
7741,45,200,735,0.0,43.18,18.16,45.28,20.95,42.58,47.61,2.85,1.63,44.75,11.61,50.0,89.65,43.23,18.05,42.03,1.49,31.36,12.05,100.0,0.13,69.0,0.0,0.0,3.26,42.04,19.19,20.83,0.95,48.57,28.58,57.14,0.0,35.52,488.0
7742,45,202,807,0.12,43.07,18.53,40.23,13.82,41.38,69.23,1.61,3.97,51.4,14.98,65.62,87.96,42.75,18.91,39.49,1.86,41.06,14.3,73.33,0.12,37.0,0.0,0.0,3.22,43.03,17.22,46.15,1.24,45.4,11.91,10.0,0.0,42.02,456.0
7743,45,1,0,0.0,0.0,0.0,0.0,0.0,0.0,0.0,0.0,0.0,0.0,0.0,0.0,0.0,0.0,0.0,0.0,0.0,0.0,0.0,0.0,0.0,0.0,0.0,0.0,0.0,0.0,0.0,0.0,0.0,0.0,0.0,0.0,0.0,0.0,0.0
7744,45,2,695,0.0,41.79,18.67,40.0,0.0,40.71,0.0,0.14,1.43,43.3,13.73,40.0,93.66,41.9,18.84,41.32,0.57,35.25,3.3,100.0,0.28,41.0,21.21,0.0,1.87,36.38,10.67,38.46,2.01,42.85,23.35,7.14,0.0,0.0,398.0
7745,45,3,680,0.0,40.92,18.87,46.1,24.89,43.38,80.0,1.47,0.73,37.6,14.87,60.0,92.5,40.91,18.74,41.65,0.29,34.5,3.53,100.0,0.14,29.0,0.0,0.0,3.82,40.11,20.6,73.07,1.02,43.0,24.2,14.28,0.0,0.0,335.0
7746,45,5,0,0.0,0.0,0.0,0.0,0.0,0.0,0.0,0.0,0.0,0.0,0.0,0.0,0.0,0.0,0.0,0.0,0.0,0.0,0.0,0.0,0.0,0.0,0.0,0.0,0.0,0.0,0.0,0.0,0.0,0.0,0.0,0.0,0.0,0.0,0.0
7747,45,6,0,0.0,0.0,0.0,0.0,0.0,0.0,0.0,0.0,0.0,0.0,0.0,0.0,0.0,0.0,0.0,0.0,0.0,0.0,0.0,0.0,0.0,0.0,0.0,0.0,0.0,0.0,0.0,0.0,0.0,0.0,0.0,0.0,0.0,0.0,0.0
7748,45,7,859,0.0,40.63,17.5,42.66,21.45,43.65,44.44,1.04,0.93,38.25,11.47,37.5,94.76,40.69,17.6,43.85,0.69,30.5,6.22,83.33,0.11,28.0,0.0,0.0,1.62,44.14,14.24,35.71,0.81,38.0,20.24,14.28,0.0,0.0,461.0
7749,45,8,424,0.0,40.62,19.31,47.75,14.38,45.51,75.0,0.94,0.94,29.0,8.04,50.0,95.28,40.83,19.34,44.55,0.7,32.0,4.35,100.0,0.0,0.0,0.0,0.0,0.7,22.66,21.19,66.66,1.41,42.5,25.91,50.0,0.0,0.0,236.0
7750,45,10,1168,0.08,40.71,17.05,45.2,23.29,42.97,44.0,2.14,0.42,55.2,9.01,60.0,93.4,40.65,16.81,43.02,1.02,31.66,14.99,66.66,0.17,36.5,12.02,0.0,1.54,40.44,18.91,55.55,1.28,40.33,21.87,6.66,0.0,0.0,714.0
7751,45,11,0,0.0,0.0,0.0,0.0,0.0,0.0,0.0,0.0,0.0,0.0,0.0,0.0,0.0,0.0,0.0,0.0,0.0,0.0,0.0,0.0,0.0,0.0,0.0,0.0,0.0,0.0,0.0,0.0,0.0,0.0,0.0,0.0,0.0,0.0,0.0
7752,45,12,707,0.0,36.46,17.14,46.38,17.63,43.84,46.15,1.83,0.84,40.0,19.26,33.33,93.49,36.13,17.09,43.11,0.7,25.8,17.12,60.0,0.0,0.0,0.0,0.0,2.26,43.25,16.27,68.75,0.84,38.66,14.38,50.0,0.0,0.0,269.0
7753,45,13,1045,0.0,39.22,16.56,36.44,17.41,41.72,77.77,0.86,0.66,41.85,7.69,42.85,92.82,38.99,16.57,40.51,0.86,31.55,14.24,88.88,0.09,80.0,0.0,100.0,3.15,46.63,14.4,66.66,1.53,40.06,18.47,12.5,0.0,0.0,493.0
7754,45,14,0,0.0,0.0,0.0,0.0,0.0,0.0,0.0,0.0,0.0,0.0,0.0,0.0,0.0,0.0,0.0,0.0,0.0,0.0,0.0,0.0,0.0,0.0,0.0,0.0,0.0,0.0,0.0,0.0,0.0,0.0,0.0,0.0,0.0,0.0,0.0
7755,45,21,0,0.0,0.0,0.0,0.0,0.0,0.0,0.0,0.0,0.0,0.0,0.0,0.0,0.0,0.0,0.0,0.0,0.0,0.0,0.0,0.0,0.0,0.0,0.0,0.0,0.0,0.0,0.0,0.0,0.0,0.0,0.0,0.0,0.0,0.0,0.0
7756,45,22,0,0.0,0.0,0.0,0.0,0.0,0.0,0.0,0.0,0.0,0.0,0.0,0.0,0.0,0.0,0.0,0.0,0.0,0.0,0.0,0.0,0.0,0.0,0.0,0.0,0.0,0.0,0.0,0.0,0.0,0.0,0.0,0.0,0.0,0.0,0.0
7757,45,24,0,0.0,0.0,0.0,0.0,0.0,0.0,0.0,0.0,0.0,0.0,0.0,0.0,0.0,0.0,0.0,0.0,0.0,0.0,0.0,0.0,0.0,0.0,0.0,0.0,0.0,0.0,0.0,0.0,0.0,0.0,0.0,0.0,0.0,0.0,0.0
7758,45,26,0,0.0,0.0,0.0,0.0,0.0,0.0,0.0,0.0,0.0,0.0,0.0,0.0,0.0,0.0,0.0,0.0,0.0,0.0,0.0,0.0,0.0,0.0,0.0,0.0,0.0,0.0,0.0,0.0,0.0,0.0,0.0,0.0,0.0,0.0,0.0
7759,45,27,1140,0.17,40.73,18.75,30.88,26.38,43.77,55.55,0.79,1.05,44.08,25.55,58.33,93.14,40.67,18.69,42.26,0.26,49.33,11.23,66.66,0.08,77.0,0.0,0.0,3.69,43.23,15.69,76.19,0.96,35.81,20.39,27.27,0.0,0.0,420.0
7760,45,28,1012,0.09,40.51,17.56,38.93,20.08,43.08,60.0,1.48,1.18,48.75,15.57,41.66,88.13,40.35,17.47,41.18,1.08,29.72,12.97,81.81,0.39,67.75,24.37,0.0,6.33,40.43,15.02,67.18,1.38,47.07,25.41,14.28,0.0,0.0,496.0
7761,45,29,374,0.0,42.98,19.17,22.33,22.5,42.78,33.33,0.8,1.33,48.4,17.18,60.0,88.23,43.54,19.01,39.09,0.26,0.0,0.0,100.0,0.53,44.5,2.12,50.0,8.02,39.46,19.92,83.33,0.8,41.0,19.28,0.0,0.0,0.0,250.0
7762,45,34,0,0.0,0.0,0.0,0.0,0.0,0.0,0.0,0.0,0.0,0.0,0.0,0.0,0.0,0.0,0.0,0.0,0.0,0.0,0.0,0.0,0.0,0.0,0.0,0.0,0.0,0.0,0.0,0.0,0.0,0.0,0.0,0.0,0.0,0.0,0.0
7763,45,38,0,0.0,0.0,0.0,0.0,0.0,0.0,0.0,0.0,0.0,0.0,0.0,0.0,0.0,0.0,0.0,0.0,0.0,0.0,0.0,0.0,0.0,0.0,0.0,0.0,0.0,0.0,0.0,0.0,0.0,0.0,0.0,0.0,0.0,0.0,0.0
7764,45,44,0,0.0,0.0,0.0,0.0,0.0,0.0,0.0,0.0,0.0,0.0,0.0,0.0,0.0,0.0,0.0,0.0,0.0,0.0,0.0,0.0,0.0,0.0,0.0,0.0,0.0,0.0,0.0,0.0,0.0,0.0,0.0,0.0,0.0,0.0,0.0
7765,45,45,0,0.0,0.0,0.0,0.0,0.0,0.0,0.0,0.0,0.0,0.0,0.0,0.0,0.0,0.0,0.0,0.0,0.0,0.0,0.0,0.0,0.0,0.0,0.0,0.0,0.0,0.0,0.0,0.0,0.0,0.0,0.0,0.0,0.0,0.0,0.0
7766,45,46,1108,0.09,42.41,17.83,41.4,16.03,43.5,60.0,0.9,0.72,43.5,9.65,37.5,95.03,42.34,17.79,42.96,1.26,38.64,25.45,71.42,0.0,0.0,0.0,0.0,1.35,49.13,19.15,53.33,0.72,44.37,17.22,37.5,0.0,0.0,501.0
7767,45,47,953,0.0,43.54,19.15,54.28,30.59,42.7,71.42,0.73,0.52,30.0,30.07,40.0,94.01,43.69,18.83,42.52,0.73,29.42,14.39,28.57,0.1,78.0,0.0,0.0,2.51,35.2,20.25,58.33,1.36,53.0,19.83,23.07,0.0,0.0,588.0
7768,45,48,1139,0.0,41.53,18.65,45.0,13.11,44.42,36.36,0.96,0.7,46.5,27.23,62.5,95.17,41.37,18.49,44.0,1.05,41.33,20.57,58.33,0.0,0.0,0.0,0.0,1.05,47.25,19.06,58.33,1.05,44.41,28.46,50.0,0.0,0.0,660.0
7769,45,49,1154,0.0,41.88,19.78,41.0,23.38,41.76,57.14,0.6,0.77,51.22,32.69,55.55,94.45,41.81,19.63,41.28,0.6,28.85,17.42,57.14,0.0,0.0,0.0,0.0,2.25,43.38,18.03,53.84,1.29,45.26,23.25,33.33,0.0,0.0,641.0
7770,45,51,0,0.0,0.0,0.0,0.0,0.0,0.0,0.0,0.0,0.0,0.0,0.0,0.0,0.0,0.0,0.0,0.0,0.0,0.0,0.0,0.0,0.0,0.0,0.0,0.0,0.0,0.0,0.0,0.0,0.0,0.0,0.0,0.0,0.0,0.0,0.0
7771,45,52,568,0.0,40.91,17.52,53.66,27.46,41.02,66.66,0.52,0.7,56.75,21.32,75.0,92.42,40.65,17.42,39.61,0.88,33.6,11.58,100.0,0.35,31.5,4.94,50.0,4.04,42.04,16.19,56.52,1.05,51.66,24.7,16.66,0.0,0.0,319.0
7772,45,54,0,0.0,0.0,0.0,0.0,0.0,0.0,0.0,0.0,0.0,0.0,0.0,0.0,0.0,0.0,0.0,0.0,0.0,0.0,0.0,0.0,0.0,0.0,0.0,0.0,0.0,0.0,0.0,0.0,0.0,0.0,0.0,0.0,0.0,0.0,0.0
7773,45,55,0,0.0,0.0,0.0,0.0,0.0,0.0,0.0,0.0,0.0,0.0,0.0,0.0,0.0,0.0,0.0,0.0,0.0,0.0,0.0,0.0,0.0,0.0,0.0,0.0,0.0,0.0,0.0,0.0,0.0,0.0,0.0,0.0,0.0,0.0,0.0
7774,45,56,1102,0.18,43.43,18.33,38.5,10.35,46.64,50.0,1.45,1.0,51.18,27.29,36.36,89.81,43.48,18.38,45.04,0.81,31.88,14.7,66.66,0.0,0.0,0.0,0.0,6.18,42.83,17.46,70.58,0.72,57.37,11.99,12.5,0.0,0.0,485.0
7775,45,58,1044,0.09,41.63,18.3,30.12,9.34,41.37,62.5,0.76,0.57,53.66,23.06,33.33,94.82,41.66,18.2,41.86,0.86,37.22,21.28,77.77,0.19,41.0,8.48,0.0,2.01,38.52,21.7,14.28,0.76,56.37,15.2,0.0,0.0,0.0,540.0
7776,45,66,796,0.0,41.15,17.81,37.29,13.4,42.33,60.0,1.25,1.13,40.33,11.5,33.33,93.71,41.06,17.93,41.68,0.87,38.85,8.78,85.71,0.12,35.0,0.0,100.0,2.01,49.12,16.15,43.75,0.87,42.71,26.52,42.85,0.0,0.0,467.0
7777,45,71,0,0.0,0.0,0.0,0.0,0.0,0.0,0.0,0.0,0.0,0.0,0.0,0.0,0.0,0.0,0.0,0.0,0.0,0.0,0.0,0.0,0.0,0.0,0.0,0.0,0.0,0.0,0.0,0.0,0.0,0.0,0.0,0.0,0.0,0.0,0.0
7778,45,78,0,0.0,0.0,0.0,0.0,0.0,0.0,0.0,0.0,0.0,0.0,0.0,0.0,0.0,0.0,0.0,0.0,0.0,0.0,0.0,0.0,0.0,0.0,0.0,0.0,0.0,0.0,0.0,0.0,0.0,0.0,0.0,0.0,0.0,0.0,0.0
7779,45,81,0,0.0,0.0,0.0,0.0,0.0,0.0,0.0,0.0,0.0,0.0,0.0,0.0,0.0,0.0,0.0,0.0,0.0,0.0,0.0,0.0,0.0,0.0,0.0,0.0,0.0,0.0,0.0,0.0,0.0,0.0,0.0,0.0,0.0,0.0,0.0
7780,45,82,0,0.0,0.0,0.0,0.0,0.0,0.0,0.0,0.0,0.0,0.0,0.0,0.0,0.0,0.0,0.0,0.0,0.0,0.0,0.0,0.0,0.0,0.0,0.0,0.0,0.0,0.0,0.0,0.0,0.0,0.0,0.0,0.0,0.0,0.0,0.0
7781,45,83,0,0.0,0.0,0.0,0.0,0.0,0.0,0.0,0.0,0.0,0.0,0.0,0.0,0.0,0.0,0.0,0.0,0.0,0.0,0.0,0.0,0.0,0.0,0.0,0.0,0.0,0.0,0.0,0.0,0.0,0.0,0.0,0.0,0.0,0.0,0.0
7782,45,89,0,0.0,0.0,0.0,0.0,0.0,0.0,0.0,0.0,0.0,0.0,0.0,0.0,0.0,0.0,0.0,0.0,0.0,0.0,0.0,0.0,0.0,0.0,0.0,0.0,0.0,0.0,0.0,0.0,0.0,0.0,0.0,0.0,0.0,0.0,0.0
7783,45,94,0,0.0,0.0,0.0,0.0,0.0,0.0,0.0,0.0,0.0,0.0,0.0,0.0,0.0,0.0,0.0,0.0,0.0,0.0,0.0,0.0,0.0,0.0,0.0,0.0,0.0,0.0,0.0,0.0,0.0,0.0,0.0,0.0,0.0,0.0,0.0
7784,45,97,861,0.11,41.58,18.57,39.5,15.95,45.29,61.11,2.09,0.93,58.5,20.08,62.5,89.53,41.46,18.41,42.72,0.93,30.25,15.84,87.5,0.11,37.0,0.0,0.0,5.58,41.37,19.8,72.91,0.81,55.57,24.99,28.57,0.0,0.0,466.0
7785,45,98,846,0.59,41.43,20.04,47.09,23.26,43.73,76.19,4.99,2.02,47.64,18.86,35.29,85.61,40.85,19.88,40.55,1.18,35.79,8.62,70.0,0.11,58.0,0.0,0.0,5.11,42.13,21.02,62.79,0.95,49.0,19.4,37.5,0.0,0.0,448.0
7786,45,99,0,0.0,0.0,0.0,0.0,0.0,0.0,0.0,0.0,0.0,0.0,0.0,0.0,0.0,0.0,0.0,0.0,0.0,0.0,0.0,0.0,0.0,0.0,0.0,0.0,0.0,0.0,0.0,0.0,0.0,0.0,0.0,0.0,0.0,0.0,0.0
7787,45,100,0,0.0,0.0,0.0,0.0,0.0,0.0,0.0,0.0,0.0,0.0,0.0,0.0,0.0,0.0,0.0,0.0,0.0,0.0,0.0,0.0,0.0,0.0,0.0,0.0,0.0,0.0,0.0,0.0,0.0,0.0,0.0,0.0,0.0,0.0,0.0
7788,45,104,0,0.0,0.0,0.0,0.0,0.0,0.0,0.0,0.0,0.0,0.0,0.0,0.0,0.0,0.0,0.0,0.0,0.0,0.0,0.0,0.0,0.0,0.0,0.0,0.0,0.0,0.0,0.0,0.0,0.0,0.0,0.0,0.0,0.0,0.0,0.0
7789,45,108,0,0.0,0.0,0.0,0.0,0.0,0.0,0.0,0.0,0.0,0.0,0.0,0.0,0.0,0.0,0.0,0.0,0.0,0.0,0.0,0.0,0.0,0.0,0.0,0.0,0.0,0.0,0.0,0.0,0.0,0.0,0.0,0.0,0.0,0.0,0.0
7790,45,110,0,0.0,0.0,0.0,0.0,0.0,0.0,0.0,0.0,0.0,0.0,0.0,0.0,0.0,0.0,0.0,0.0,0.0,0.0,0.0,0.0,0.0,0.0,0.0,0.0,0.0,0.0,0.0,0.0,0.0,0.0,0.0,0.0,0.0,0.0,0.0
7791,45,113,0,0.0,0.0,0.0,0.0,0.0,0.0,0.0,0.0,0.0,0.0,0.0,0.0,0.0,0.0,0.0,0.0,0.0,0.0,0.0,0.0,0.0,0.0,0.0,0.0,0.0,0.0,0.0,0.0,0.0,0.0,0.0,0.0,0.0,0.0,0.0
7792,45,115,822,0.0,42.94,19.41,40.36,18.25,41.24,40.9,2.67,0.48,32.75,9.21,25.0,91.72,43.32,19.43,41.51,1.82,32.26,15.76,60.0,0.12,47.0,0.0,100.0,1.82,38.86,11.78,26.66,1.33,45.36,31.14,18.18,0.0,0.0,489.0
7793,45,123,831,0.12,39.29,18.53,33.22,23.02,44.28,55.55,1.08,1.08,41.0,14.78,44.44,92.04,39.4,18.67,43.45,1.44,29.5,10.7,83.33,0.12,54.0,0.0,100.0,3.13,38.3,17.39,50.0,1.08,48.22,15.53,22.22,0.0,0.0,454.0
7794,45,124,0,0.0,0.0,0.0,0.0,0.0,0.0,0.0,0.0,0.0,0.0,0.0,0.0,0.0,0.0,0.0,0.0,0.0,0.0,0.0,0.0,0.0,0.0,0.0,0.0,0.0,0.0,0.0,0.0,0.0,0.0,0.0,0.0,0.0,0.0,0.0
7795,45,128,998,0.0,39.79,18.89,38.33,25.56,42.58,66.66,0.6,0.7,45.57,16.11,14.28,94.18,39.72,18.91,41.8,1.2,34.58,20.76,58.33,0.0,0.0,0.0,0.0,3.0,43.66,17.5,66.66,0.3,32.33,5.03,0.0,0.0,0.0,410.0
7796,45,129,0,0.0,0.0,0.0,0.0,0.0,0.0,0.0,0.0,0.0,0.0,0.0,0.0,0.0,0.0,0.0,0.0,0.0,0.0,0.0,0.0,0.0,0.0,0.0,0.0,0.0,0.0,0.0,0.0,0.0,0.0,0.0,0.0,0.0,0.0,0.0
7797,45,130,0,0.0,0.0,0.0,0.0,0.0,0.0,0.0,0.0,0.0,0.0,0.0,0.0,0.0,0.0,0.0,0.0,0.0,0.0,0.0,0.0,0.0,0.0,0.0,0.0,0.0,0.0,0.0,0.0,0.0,0.0,0.0,0.0,0.0,0.0,0.0
7798,45,131,0,0.0,0.0,0.0,0.0,0.0,0.0,0.0,0.0,0.0,0.0,0.0,0.0,0.0,0.0,0.0,0.0,0.0,0.0,0.0,0.0,0.0,0.0,0.0,0.0,0.0,0.0,0.0,0.0,0.0,0.0,0.0,0.0,0.0,0.0,0.0
7799,45,135,0,0.0,0.0,0.0,0.0,0.0,0.0,0.0,0.0,0.0,0.0,0.0,0.0,0.0,0.0,0.0,0.0,0.0,0.0,0.0,0.0,0.0,0.0,0.0,0.0,0.0,0.0,0.0,0.0,0.0,0.0,0.0,0.0,0.0,0.0,0.0
7800,45,139,0,0.0,0.0,0.0,0.0,0.0,0.0,0.0,0.0,0.0,0.0,0.0,0.0,0.0,0.0,0.0,0.0,0.0,0.0,0.0,0.0,0.0,0.0,0.0,0.0,0.0,0.0,0.0,0.0,0.0,0.0,0.0,0.0,0.0,0.0,0.0
7801,45,140,852,0.11,44.33,18.52,56.28,17.07,42.84,81.91,11.04,1.41,42.91,17.47,25.0,80.84,43.13,18.24,36.04,0.7,35.66,9.26,100.0,0.0,0.0,0.0,0.0,5.4,39.6,16.72,60.86,0.58,44.6,30.66,40.0,0.0,0.0,455.0
7802,45,141,0,0.0,0.0,0.0,0.0,0.0,0.0,0.0,0.0,0.0,0.0,0.0,0.0,0.0,0.0,0.0,0.0,0.0,0.0,0.0,0.0,0.0,0.0,0.0,0.0,0.0,0.0,0.0,0.0,0.0,0.0,0.0,0.0,0.0,0.0,0.0
7803,45,143,0,0.0,0.0,0.0,0.0,0.0,0.0,0.0,0.0,0.0,0.0,0.0,0.0,0.0,0.0,0.0,0.0,0.0,0.0,0.0,0.0,0.0,0.0,0.0,0.0,0.0,0.0,0.0,0.0,0.0,0.0,0.0,0.0,0.0,0.0,0.0
7804,45,144,904,0.11,43.15,17.79,55.8,24.29,42.03,68.0,2.76,0.77,43.85,15.8,42.85,88.59,42.85,17.43,38.75,0.77,35.42,13.21,85.71,0.11,37.0,0.0,0.0,6.53,43.06,17.77,72.88,0.44,38.25,32.47,25.0,0.0,0.0,483.0
7805,45,145,0,0.0,0.0,0.0,0.0,0.0,0.0,0.0,0.0,0.0,0.0,0.0,0.0,0.0,0.0,0.0,0.0,0.0,0.0,0.0,0.0,0.0,0.0,0.0,0.0,0.0,0.0,0.0,0.0,0.0,0.0,0.0,0.0,0.0,0.0,0.0
7806,45,146,0,0.0,0.0,0.0,0.0,0.0,0.0,0.0,0.0,0.0,0.0,0.0,0.0,0.0,0.0,0.0,0.0,0.0,0.0,0.0,0.0,0.0,0.0,0.0,0.0,0.0,0.0,0.0,0.0,0.0,0.0,0.0,0.0,0.0,0.0,0.0
7807,45,147,834,0.35,40.98,19.02,56.42,28.09,42.08,78.57,1.68,0.6,55.2,14.88,40.0,89.41,40.44,18.82,39.43,0.72,42.33,12.8,66.66,0.12,30.0,0.0,0.0,6.49,39.62,16.94,70.37,0.96,58.5,21.2,25.0,0.0,0.0,422.0
7808,45,148,0,0.0,0.0,0.0,0.0,0.0,0.0,0.0,0.0,0.0,0.0,0.0,0.0,0.0,0.0,0.0,0.0,0.0,0.0,0.0,0.0,0.0,0.0,0.0,0.0,0.0,0.0,0.0,0.0,0.0,0.0,0.0,0.0,0.0,0.0,0.0
7809,45,149,0,0.0,0.0,0.0,0.0,0.0,0.0,0.0,0.0,0.0,0.0,0.0,0.0,0.0,0.0,0.0,0.0,0.0,0.0,0.0,0.0,0.0,0.0,0.0,0.0,0.0,0.0,0.0,0.0,0.0,0.0,0.0,0.0,0.0,0.0,0.0
7810,45,153,927,0.1,42.05,18.95,57.38,18.24,45.3,76.19,2.26,1.29,43.25,12.72,58.33,90.49,41.36,19.0,43.31,1.07,34.6,11.0,90.0,0.1,23.0,0.0,100.0,3.77,48.37,17.38,65.71,0.97,53.11,13.48,11.11,0.0,0.0,545.0
7811,45,154,0,0.0,0.0,0.0,0.0,0.0,0.0,0.0,0.0,0.0,0.0,0.0,0.0,0.0,0.0,0.0,0.0,0.0,0.0,0.0,0.0,0.0,0.0,0.0,0.0,0.0,0.0,0.0,0.0,0.0,0.0,0.0,0.0,0.0,0.0,0.0
7812,45,155,0,0.0,0.0,0.0,0.0,0.0,0.0,0.0,0.0,0.0,0.0,0.0,0.0,0.0,0.0,0.0,0.0,0.0,0.0,0.0,0.0,0.0,0.0,0.0,0.0,0.0,0.0,0.0,0.0,0.0,0.0,0.0,0.0,0.0,0.0,0.0
7813,45,156,0,0.0,0.0,0.0,0.0,0.0,0.0,0.0,0.0,0.0,0.0,0.0,0.0,0.0,0.0,0.0,0.0,0.0,0.0,0.0,0.0,0.0,0.0,0.0,0.0,0.0,0.0,0.0,0.0,0.0,0.0,0.0,0.0,0.0,0.0,0.0
7814,45,157,0,0.0,0.0,0.0,0.0,0.0,0.0,0.0,0.0,0.0,0.0,0.0,0.0,0.0,0.0,0.0,0.0,0.0,0.0,0.0,0.0,0.0,0.0,0.0,0.0,0.0,0.0,0.0,0.0,0.0,0.0,0.0,0.0,0.0,0.0,0.0
7815,45,158,761,0.26,43.15,18.82,43.5,32.7,42.7,75.0,0.52,3.42,43.26,23.01,57.69,91.56,43.17,18.48,41.87,1.05,37.37,19.92,75.0,0.0,0.0,0.0,0.0,2.63,40.54,22.27,40.0,0.79,48.0,17.92,16.66,0.0,0.0,454.0
7816,45,160,0,0.0,0.0,0.0,0.0,0.0,0.0,0.0,0.0,0.0,0.0,0.0,0.0,0.0,0.0,0.0,0.0,0.0,0.0,0.0,0.0,0.0,0.0,0.0,0.0,0.0,0.0,0.0,0.0,0.0,0.0,0.0,0.0,0.0,0.0,0.0
7817,45,161,0,0.0,0.0,0.0,0.0,0.0,0.0,0.0,0.0,0.0,0.0,0.0,0.0,0.0,0.0,0.0,0.0,0.0,0.0,0.0,0.0,0.0,0.0,0.0,0.0,0.0,0.0,0.0,0.0,0.0,0.0,0.0,0.0,0.0,0.0,0.0
7818,45,162,0,0.0,0.0,0.0,0.0,0.0,0.0,0.0,0.0,0.0,0.0,0.0,0.0,0.0,0.0,0.0,0.0,0.0,0.0,0.0,0.0,0.0,0.0,0.0,0.0,0.0,0.0,0.0,0.0,0.0,0.0,0.0,0.0,0.0,0.0,0.0
7819,45,163,933,0.53,43.96,19.85,24.3,22.49,44.48,50.0,1.07,2.26,46.28,26.16,38.09,90.84,43.95,19.51,45.19,1.07,38.1,21.98,80.0,0.21,48.0,33.94,0.0,3.01,43.07,18.67,28.57,1.4,52.69,19.54,30.76,0.0,0.0,517.0
7820,45,164,0,0.0,0.0,0.0,0.0,0.0,0.0,0.0,0.0,0.0,0.0,0.0,0.0,0.0,0.0,0.0,0.0,0.0,0.0,0.0,0.0,0.0,0.0,0.0,0.0,0.0,0.0,0.0,0.0,0.0,0.0,0.0,0.0,0.0,0.0,0.0
7821,45,165,913,0.43,39.93,18.89,34.7,10.26,43.26,40.0,1.1,2.2,48.4,19.3,35.0,90.64,39.6,19.01,44.41,0.66,40.66,13.18,100.0,0.22,51.5,2.12,0.0,2.97,42.18,18.0,37.03,2.2,41.3,19.6,5.0,0.0,0.0,490.0
7822,45,168,0,0.0,0.0,0.0,0.0,0.0,0.0,0.0,0.0,0.0,0.0,0.0,0.0,0.0,0.0,0.0,0.0,0.0,0.0,0.0,0.0,0.0,0.0,0.0,0.0,0.0,0.0,0.0,0.0,0.0,0.0,0.0,0.0,0.0,0.0,0.0
7823,45,169,0,0.0,0.0,0.0,0.0,0.0,0.0,0.0,0.0,0.0,0.0,0.0,0.0,0.0,0.0,0.0,0.0,0.0,0.0,0.0,0.0,0.0,0.0,0.0,0.0,0.0,0.0,0.0,0.0,0.0,0.0,0.0,0.0,0.0,0.0,0.0
7824,45,170,0,0.0,0.0,0.0,0.0,0.0,0.0,0.0,0.0,0.0,0.0,0.0,0.0,0.0,0.0,0.0,0.0,0.0,0.0,0.0,0.0,0.0,0.0,0.0,0.0,0.0,0.0,0.0,0.0,0.0,0.0,0.0,0.0,0.0,0.0,0.0
7825,45,174,0,0.0,0.0,0.0,0.0,0.0,0.0,0.0,0.0,0.0,0.0,0.0,0.0,0.0,0.0,0.0,0.0,0.0,0.0,0.0,0.0,0.0,0.0,0.0,0.0,0.0,0.0,0.0,0.0,0.0,0.0,0.0,0.0,0.0,0.0,0.0
7826,45,175,0,0.0,0.0,0.0,0.0,0.0,0.0,0.0,0.0,0.0,0.0,0.0,0.0,0.0,0.0,0.0,0.0,0.0,0.0,0.0,0.0,0.0,0.0,0.0,0.0,0.0,0.0,0.0,0.0,0.0,0.0,0.0,0.0,0.0,0.0,0.0
7827,45,176,0,0.0,0.0,0.0,0.0,0.0,0.0,0.0,0.0,0.0,0.0,0.0,0.0,0.0,0.0,0.0,0.0,0.0,0.0,0.0,0.0,0.0,0.0,0.0,0.0,0.0,0.0,0.0,0.0,0.0,0.0,0.0,0.0,0.0,0.0,0.0
7828,45,177,0,0.0,0.0,0.0,0.0,0.0,0.0,0.0,0.0,0.0,0.0,0.0,0.0,0.0,0.0,0.0,0.0,0.0,0.0,0.0,0.0,0.0,0.0,0.0,0.0,0.0,0.0,0.0,0.0,0.0,0.0,0.0,0.0,0.0,0.0,0.0
7829,45,178,0,0.0,0.0,0.0,0.0,0.0,0.0,0.0,0.0,0.0,0.0,0.0,0.0,0.0,0.0,0.0,0.0,0.0,0.0,0.0,0.0,0.0,0.0,0.0,0.0,0.0,0.0,0.0,0.0,0.0,0.0,0.0,0.0,0.0,0.0,0.0
7830,45,181,0,0.0,0.0,0.0,0.0,0.0,0.0,0.0,0.0,0.0,0.0,0.0,0.0,0.0,0.0,0.0,0.0,0.0,0.0,0.0,0.0,0.0,0.0,0.0,0.0,0.0,0.0,0.0,0.0,0.0,0.0,0.0,0.0,0.0,0.0,0.0
7831,45,185,0,0.0,0.0,0.0,0.0,0.0,0.0,0.0,0.0,0.0,0.0,0.0,0.0,0.0,0.0,0.0,0.0,0.0,0.0,0.0,0.0,0.0,0.0,0.0,0.0,0.0,0.0,0.0,0.0,0.0,0.0,0.0,0.0,0.0,0.0,0.0
7832,45,188,0,0.0,0.0,0.0,0.0,0.0,0.0,0.0,0.0,0.0,0.0,0.0,0.0,0.0,0.0,0.0,0.0,0.0,0.0,0.0,0.0,0.0,0.0,0.0,0.0,0.0,0.0,0.0,0.0,0.0,0.0,0.0,0.0,0.0,0.0,0.0
7833,45,193,0,0.0,0.0,0.0,0.0,0.0,0.0,0.0,0.0,0.0,0.0,0.0,0.0,0.0,0.0,0.0,0.0,0.0,0.0,0.0,0.0,0.0,0.0,0.0,0.0,0.0,0.0,0.0,0.0,0.0,0.0,0.0,0.0,0.0,0.0,0.0
7834,45,201,0,0.0,0.0,0.0,0.0,0.0,0.0,0.0,0.0,0.0,0.0,0.0,0.0,0.0,0.0,0.0,0.0,0.0,0.0,0.0,0.0,0.0,0.0,0.0,0.0,0.0,0.0,0.0,0.0,0.0,0.0,0.0,0.0,0.0,0.0,0.0
7835,46,1,793,0.25,40.73,19.33,53.88,26.09,43.75,88.88,1.13,1.26,41.6,19.35,50.0,91.4,40.42,19.09,41.9,0.37,31.0,3.46,100.0,0.12,80.0,0.0,0.0,3.91,36.8,22.52,67.74,1.76,51.21,10.0,35.71,0.0,49.06,471.0
7836,46,6,700,0.14,40.64,19.54,47.83,29.44,42.57,66.66,1.71,0.42,29.33,25.48,66.66,79.54,40.57,18.93,31.65,0.14,22.0,0.0,100.0,0.28,65.0,16.97,0.0,17.02,40.71,20.28,92.43,0.85,38.33,28.52,0.0,0.0,54.39,395.0
7837,46,unclear,1236,0.08,44.04,17.35,57.31,18.85,43.93,87.5,2.59,0.0,0.0,0.0,0.0,91.41,43.87,17.15,40.12,0.0,0.0,0.0,0.0,0.32,51.0,17.68,50.0,5.18,40.04,17.9,90.62,0.48,42.66,12.2,33.33,,,
7838,46,unclear,1033,0.58,41.4,16.42,54.05,19.17,46.75,83.05,5.74,0.0,0.0,0.0,0.0,87.92,40.72,16.03,42.3,0.48,29.0,5.14,100.0,0.19,35.0,5.65,0.0,4.57,38.76,13.97,80.85,1.07,50.36,18.32,63.63,,,
7839,46,11,952,0.0,40.9,20.23,48.89,26.39,44.64,75.0,2.94,0.73,48.14,19.27,57.14,86.13,40.49,19.63,39.26,0.0,0.0,0.0,0.0,0.0,0.0,0.0,0.0,9.66,41.95,23.36,82.6,0.52,33.79,7.56,40.0,0.0,33.7,574.0
7840,46,12,298,0.0,42.57,20.71,49.0,8.08,42.95,75.0,1.34,0.33,28.0,0.0,0.0,78.52,41.39,19.84,32.05,0.33,72.0,0.0,100.0,0.0,0.0,0.0,0.0,18.45,46.16,23.74,87.27,1.0,54.66,34.77,33.33,0.0,38.55,179.0
7841,46,14,790,0.25,42.76,20.08,37.9,20.97,43.79,36.36,2.79,0.12,39.0,0.0,0.0,77.66,42.58,20.2,32.84,0.5,43.0,41.19,25.0,0.0,0.0,0.0,0.0,18.78,44.48,19.01,91.21,0.12,26.0,0.0,100.0,0.0,38.47,472.0
7842,46,unclear,1246,0.48,43.11,17.02,51.95,20.17,48.31,87.8,3.3,0.0,0.0,0.0,0.0,88.95,43.14,16.98,42.52,0.08,20.0,0.0,100.0,0.0,0.0,0.0,0.0,7.25,38.32,14.32,96.66,0.4,45.2,17.76,80.0,,,
7843,46,unclear,1353,0.81,42.19,15.89,42.13,11.67,47.96,86.95,1.71,0.0,0.0,0.0,0.0,88.52,42.42,15.99,42.0,0.14,26.0,8.48,100.0,0.0,0.0,0.0,0.0,9.01,39.28,15.49,94.21,0.59,51.12,15.69,87.5,,,
7844,46,21,347,0.0,42.53,19.09,67.0,0.0,44.66,100.0,0.28,0.0,0.0,0.0,0.0,79.53,42.76,19.76,31.88,0.28,27.0,0.0,100.0,0.0,0.0,0.0,0.0,19.88,41.49,16.19,94.2,0.0,0.0,0.0,0.0,0.0,37.25,194.0
7845,46,22,420,0.47,41.84,18.45,33.5,9.19,41.66,0.0,0.47,0.71,49.66,24.58,66.66,81.81,41.13,18.49,33.04,0.23,35.0,0.0,100.0,0.0,0.0,0.0,0.0,16.5,45.2,18.3,84.05,0.23,52.0,0.0,0.0,0.0,36.26,239.0
7846,46,23,543,0.0,41.6,19.74,62.8,25.65,41.62,80.0,1.84,0.73,45.0,18.56,75.0,84.71,41.67,19.68,35.65,0.73,49.0,20.11,50.0,0.18,45.0,0.0,0.0,11.23,37.08,17.61,80.32,0.55,38.0,16.09,0.0,0.0,38.98,324.0
7847,46,24,598,0.0,42.25,19.29,46.65,23.93,42.14,62.79,7.19,3.17,34.63,20.51,47.36,78.09,42.52,18.61,39.82,0.83,25.8,14.78,80.0,0.5,32.0,14.42,0.0,6.52,35.79,19.9,53.84,3.67,51.04,16.7,22.72,0.0,36.24,342.0
7848,46,27,805,0.0,42.5,19.28,43.92,20.67,43.72,72.5,4.96,1.61,44.61,18.87,23.07,81.86,42.44,19.45,38.39,0.24,45.0,28.28,50.0,0.24,57.0,26.87,100.0,9.19,40.52,15.76,82.43,1.86,46.6,24.43,20.0,0.0,37.45,448.0
7849,46,30,414,0.0,41.4,18.48,41.87,17.78,43.23,62.5,1.93,0.48,19.0,26.87,50.0,78.98,40.92,18.16,32.41,0.0,0.0,0.0,0.0,0.0,0.0,0.0,0.0,18.35,43.52,19.22,88.15,0.24,79.0,0.0,0.0,0.0,41.35,225.0
7850,46,31,884,0.0,41.61,19.12,52.79,20.47,44.45,85.29,7.69,0.56,48.6,7.56,40.0,83.25,40.63,18.82,37.77,0.33,30.66,9.71,66.66,0.0,0.0,0.0,0.0,7.35,39.52,17.88,80.0,0.79,55.0,19.85,14.28,0.0,35.28,480.0
7851,46,32,740,0.0,42.46,19.27,50.73,21.89,44.86,80.59,9.05,2.43,39.83,9.94,16.66,79.05,41.56,18.91,39.65,0.4,17.66,16.62,33.33,0.4,40.33,6.5,0.0,7.7,42.98,20.05,71.92,0.94,52.14,15.26,14.28,0.0,39.29,400.0
7852,46,33,838,0.0,42.26,18.94,45.75,15.33,42.6,62.5,0.95,0.35,45.66,17.03,33.33,81.38,42.18,18.91,34.31,0.0,0.0,0.0,0.0,0.0,0.0,0.0,0.0,16.1,42.86,19.3,84.44,1.19,35.5,20.71,30.0,0.0,35.13,483.0
7853,46,35,910,0.0,42.78,19.92,45.75,22.61,42.41,41.66,2.63,0.65,30.0,16.39,50.0,79.67,42.79,19.6,32.55,0.0,0.0,0.0,0.0,0.0,0.0,0.0,0.0,16.7,42.76,21.22,90.13,0.32,42.66,15.01,0.0,0.0,36.31,541.0
7854,46,36,863,0.23,40.72,18.94,50.24,19.45,44.26,80.7,6.62,1.5,45.15,22.95,53.84,78.16,39.95,18.83,35.95,0.58,34.4,13.22,80.0,0.34,42.33,8.62,33.33,12.07,39.79,17.38,75.96,0.69,48.33,18.46,33.33,0.0,37.59,472.0
7855,46,42,882,0.56,40.72,19.36,44.55,21.06,41.6,55.0,11.4,3.07,41.62,18.21,33.33,81.41,40.23,19.0,39.91,0.79,31.28,18.54,57.14,0.0,0.0,0.0,0.0,2.5,40.27,23.27,45.45,0.79,48.0,23.22,14.28,0.0,35.9,538.0
7856,46,43,762,0.0,43.38,19.67,58.92,19.84,43.17,76.0,6.56,1.57,42.25,18.1,50.0,82.93,42.42,19.36,37.65,0.26,37.0,1.41,100.0,0.0,0.0,0.0,0.0,8.0,39.75,17.74,73.77,0.65,59.0,18.23,0.0,0.0,37.54,468.0
7857,46,54,764,0.65,43.69,18.32,40.5,22.59,42.01,25.0,0.52,1.05,47.87,14.01,87.5,95.91,43.35,18.2,41.89,0.79,36.0,12.11,66.66,0.0,0.0,0.0,0.0,0.52,37.25,15.3,50.0,1.18,66.88,18.02,0.0,0.0,35.14,439.0
7858,46,55,749,0.4,41.1,18.31,45.3,20.3,41.65,53.84,1.74,1.74,45.61,12.15,53.84,91.95,40.72,18.38,40.96,1.6,35.41,9.11,91.66,0.13,55.0,0.0,0.0,1.74,35.61,9.37,15.38,1.07,71.25,13.72,12.5,0.0,35.65,429.0
7859,46,88,627,0.47,41.61,17.58,40.33,15.46,43.22,83.33,0.96,1.44,41.33,10.04,44.44,94.23,41.87,17.7,43.36,0.32,33.5,4.94,100.0,0.0,0.0,0.0,0.0,1.6,32.0,9.42,10.0,1.44,38.77,25.99,11.11,0.0,34.55,384.0
7860,46,unclear,1292,0.69,41.1,15.53,48.7,22.34,48.06,91.66,1.87,0.0,0.0,0.0,0.0,94.38,41.03,15.44,46.9,0.54,27.85,2.6,85.71,0.07,44.0,0.0,100.0,2.33,41.56,13.51,53.33,0.77,39.5,10.45,50.0,,,
7861,46,93,309,0.0,42.92,19.33,40.6,22.43,46.27,40.0,1.61,0.32,82.0,0.0,100.0,76.69,43.08,19.64,34.59,0.64,28.5,6.36,100.0,0.0,0.0,0.0,0.0,20.06,42.17,17.56,90.32,0.64,48.0,33.94,0.0,0.0,38.2,188.0
7862,46,94,973,0.3,42.14,17.66,47.4,16.74,41.82,60.0,0.51,2.57,51.8,16.52,60.0,87.11,41.78,17.86,37.51,0.51,41.4,14.25,100.0,0.0,0.0,0.0,0.0,8.14,40.63,15.17,78.48,1.13,52.36,16.22,27.27,0.0,35.47,587.0
7863,46,95,743,0.13,39.08,18.79,41.27,24.12,43.06,54.54,1.48,2.15,37.0,26.84,68.75,85.98,38.88,18.47,39.96,1.21,34.11,18.76,77.77,0.13,46.0,0.0,100.0,6.73,38.84,16.75,76.0,2.29,49.64,23.95,11.76,0.0,34.53,486.0
7864,46,97,1080,0.18,39.87,17.4,39.82,8.84,40.74,47.82,2.13,0.83,49.66,15.19,44.44,93.41,39.5,17.51,40.21,0.37,35.25,8.42,100.0,0.09,54.0,0.0,0.0,1.76,45.05,19.36,63.15,1.39,52.86,14.74,13.33,0.0,36.28,613.0
7865,46,101,1086,0.09,41.55,18.7,41.57,15.04,41.16,35.71,3.87,0.36,46.75,13.04,75.0,88.75,41.13,18.58,39.25,0.55,34.16,22.61,50.0,0.18,54.0,8.48,0.0,5.52,45.81,21.71,78.33,0.73,60.75,16.28,0.0,0.0,37.8,600.0
7866,46,102,840,0.0,41.45,17.74,46.37,19.51,42.61,50.0,0.95,0.23,52.5,6.36,100.0,90.47,41.09,17.97,39.21,0.83,33.42,9.37,71.42,0.0,0.0,0.0,0.0,6.54,43.96,13.63,87.27,0.95,57.37,18.06,12.5,0.0,50.55,479.0
7867,46,104,964,0.2,38.16,18.1,38.75,21.33,43.46,53.57,2.91,0.93,41.88,20.72,44.44,88.87,37.89,17.89,41.28,0.62,35.66,11.41,83.33,0.0,0.0,0.0,0.0,5.82,42.19,19.31,73.21,0.83,44.0,11.69,12.5,0.0,35.73,528.0
7868,46,105,682,0.0,38.98,17.87,32.29,24.17,42.22,60.0,1.46,1.31,44.0,13.89,55.55,88.26,39.4,17.88,38.53,0.14,48.0,0.0,100.0,0.0,0.0,0.0,0.0,7.91,33.85,16.9,79.62,0.87,45.0,13.44,16.66,0.0,38.88,419.0
7869,46,106,907,0.0,43.46,17.55,37.2,9.44,41.34,80.0,0.55,0.88,51.37,26.58,37.5,96.25,43.61,17.43,40.89,0.88,28.62,19.08,75.0,0.0,0.0,0.0,0.0,0.77,45.0,13.14,42.85,0.66,34.16,19.81,33.33,0.0,37.31,510.0
7870,46,107,431,0.0,43.78,18.42,62.33,31.39,40.13,0.0,0.69,0.69,48.66,23.86,66.66,95.82,43.87,18.24,40.19,0.46,47.5,3.53,50.0,0.0,0.0,0.0,0.0,0.69,25.33,24.54,66.66,1.62,35.14,17.7,28.57,0.0,41.59,229.0
7871,46,108,998,0.0,40.57,18.04,34.9,16.06,42.08,43.75,3.2,1.3,49.53,17.94,23.07,88.37,40.58,18.04,40.92,0.5,25.4,23.68,100.0,0.1,23.0,0.0,0.0,5.01,42.88,16.89,70.0,1.5,42.6,20.68,13.33,0.0,33.33,559.0
7872,46,109,416,0.0,38.64,19.34,34.0,10.67,41.34,25.0,0.96,0.48,65.0,28.28,50.0,90.14,38.54,19.11,38.66,0.72,39.66,14.46,66.66,0.0,0.0,0.0,0.0,6.73,38.53,21.57,82.14,0.96,39.0,31.44,0.0,0.0,39.18,242.0
7873,46,110,744,0.13,41.25,17.93,56.0,0.0,41.8,100.0,0.13,0.53,60.0,6.68,25.0,94.21,41.49,17.78,40.28,0.4,34.33,10.01,66.66,0.0,0.0,0.0,0.0,4.17,35.03,18.21,74.19,0.53,40.5,31.58,25.0,0.0,39.7,448.0
7874,46,112,1028,0.09,42.14,18.51,35.94,9.14,40.66,44.44,1.75,0.97,45.5,12.14,80.0,91.33,42.16,18.66,38.69,0.48,31.6,5.77,100.0,0.19,24.0,5.65,0.0,4.28,43.02,17.34,75.0,0.97,52.6,27.62,10.0,0.0,40.19,596.0
7875,46,114,1063,0.28,41.58,18.06,35.72,19.46,45.24,81.81,1.03,1.03,43.45,19.13,18.18,92.73,41.84,18.0,43.94,1.03,34.45,10.55,100.0,0.09,0.0,0.0,0.0,3.3,40.2,19.93,65.71,0.75,37.37,19.51,50.0,0.0,40.94,631.0
7876,46,116,628,0.0,39.71,17.75,46.0,16.98,41.56,50.0,1.59,2.7,40.47,24.69,23.52,91.24,39.4,17.38,41.71,0.79,33.2,6.68,100.0,0.0,0.0,0.0,0.0,1.75,31.36,15.42,72.72,1.91,58.75,19.19,0.0,0.0,36.94,382.0
7877,46,120,590,0.0,43.88,18.83,49.75,21.4,41.86,25.0,0.67,0.67,64.0,9.09,25.0,97.28,43.71,18.87,42.33,0.16,34.0,0.0,0.0,0.16,56.0,0.0,0.0,0.67,34.75,12.36,50.0,0.33,57.5,3.53,0.0,0.0,51.91,358.0
7878,46,121,682,0.14,41.09,19.47,45.0,23.25,42.81,100.0,0.44,2.05,47.71,18.66,28.57,91.18,40.81,18.98,43.31,0.58,53.0,20.21,75.0,0.0,0.0,0.0,0.0,2.64,35.88,23.02,22.22,3.08,46.04,28.78,38.09,0.0,36.79,392.0
7879,46,122,725,0.68,41.55,20.06,47.44,17.67,44.82,44.44,1.25,13.05,57.05,18.51,43.61,79.72,39.12,19.18,45.47,0.83,31.0,4.73,66.66,0.0,0.0,0.0,0.0,3.75,37.74,19.49,48.14,1.38,44.3,24.99,10.0,0.0,35.61,441.0
7880,46,125,739,0.27,42.09,19.06,42.62,13.49,42.76,62.5,1.08,1.89,44.64,15.03,78.57,93.35,42.18,19.0,41.27,1.08,29.87,9.67,100.0,0.0,0.0,0.0,0.0,1.62,34.0,24.58,33.33,0.94,46.57,26.37,42.85,0.0,52.92,478.0
7881,46,128,712,0.98,40.2,18.49,33.0,21.18,41.43,80.0,0.7,2.83,45.45,19.19,60.0,90.07,39.5,18.04,40.47,0.99,35.14,15.78,100.0,0.0,0.0,0.0,0.0,2.83,39.7,17.4,25.0,2.55,53.16,24.54,38.88,0.0,52.75,429.0
7882,46,131,731,0.0,41.4,18.61,37.46,17.28,41.31,46.15,1.77,3.0,37.22,14.88,50.0,88.64,41.82,18.84,41.97,0.95,27.85,14.48,85.71,0.27,23.5,2.12,50.0,2.05,30.26,8.19,26.66,3.14,49.47,17.03,8.69,0.0,33.3,437.0
7883,46,133,793,0.5,41.73,18.54,45.66,9.97,40.35,33.33,0.76,1.64,46.38,24.59,23.07,89.73,41.47,18.51,39.83,0.5,33.5,10.84,50.0,0.12,20.0,0.0,0.0,4.05,37.31,18.36,62.5,3.16,53.56,15.0,36.0,0.0,34.78,483.0
7884,46,134,757,0.26,42.1,20.11,33.1,26.98,42.8,90.0,1.32,1.05,36.62,15.73,37.5,86.22,42.1,20.33,38.24,0.52,41.0,10.03,75.0,0.13,47.0,0.0,0.0,8.6,41.24,17.33,80.0,2.11,55.0,18.65,50.0,0.0,34.0,452.0
7885,46,136,601,0.66,42.59,19.61,44.5,12.76,41.09,50.0,1.67,3.01,50.88,20.72,77.77,88.44,42.24,19.37,40.15,1.5,29.44,12.65,88.88,0.0,0.0,0.0,0.0,3.68,49.13,23.53,18.18,1.67,48.8,22.4,10.0,0.0,37.91,326.0
7886,46,140,636,0.62,38.46,19.06,34.27,22.32,44.81,81.81,1.74,2.05,45.07,19.62,46.15,92.24,38.39,18.73,43.73,0.79,27.6,16.5,80.0,0.0,0.0,0.0,0.0,2.05,34.76,22.56,61.53,1.1,48.28,25.48,14.28,0.0,53.91,411.0
7887,46,141,740,0.0,43.99,18.91,52.42,23.9,42.16,57.14,1.89,1.35,49.1,15.63,40.0,82.29,43.54,19.07,35.79,0.27,20.0,28.28,100.0,0.4,72.66,20.0,33.33,13.24,44.14,15.72,79.59,0.54,57.0,27.72,25.0,0.0,45.26,478.0
7888,46,143,830,0.0,41.13,19.27,42.78,26.63,42.53,62.5,3.85,1.2,39.6,11.28,60.0,85.3,40.96,19.13,38.55,0.24,38.5,4.94,100.0,0.12,28.0,0.0,0.0,7.95,41.81,19.11,77.27,1.32,45.9,12.83,9.09,0.0,53.23,447.0
7889,46,unclear,1338,2.01,40.72,15.51,44.54,17.32,46.33,72.72,3.35,0.0,0.0,0.0,0.0,92.82,40.47,15.44,44.12,0.45,37.0,22.4,100.0,0.3,37.0,14.69,75.0,1.29,35.11,11.23,64.7,1.75,46.08,16.1,47.82,,,
7890,46,146,917,0.54,39.87,18.54,46.91,13.8,44.82,83.33,1.31,2.85,42.07,18.97,73.07,90.35,39.71,18.43,42.47,1.53,29.78,12.0,92.85,0.1,27.0,0.0,0.0,2.41,37.0,23.36,54.54,1.42,49.46,20.73,30.76,0.0,33.83,607.0
7891,46,148,676,0.88,42.17,17.94,45.4,18.82,42.3,60.0,2.23,1.94,43.15,18.61,53.84,88.2,41.84,18.05,40.43,0.59,44.0,9.93,75.0,0.14,58.0,0.0,0.0,5.52,40.24,16.47,54.05,1.34,57.77,16.02,33.33,0.0,36.04,425.0
7892,46,152,973,0.41,40.01,19.16,42.41,14.53,43.06,58.33,1.23,12.48,51.14,22.55,43.8,81.52,38.16,18.14,42.53,1.54,35.79,17.37,86.66,0.1,64.0,0.0,0.0,2.27,43.63,15.48,31.81,0.82,40.87,16.99,12.5,0.0,35.64,607.0
7893,46,153,834,0.23,39.5,18.49,43.0,14.5,41.12,28.57,0.84,3.72,40.06,22.24,54.83,89.54,39.1,18.22,40.53,1.2,33.4,9.91,90.0,0.12,73.0,0.0,100.0,2.28,38.57,21.8,42.1,2.28,52.26,17.14,15.78,0.0,35.34,524.0
7894,46,154,687,1.16,42.27,18.39,46.14,31.94,42.79,57.14,1.03,3.24,57.4,16.41,59.09,89.98,41.49,18.12,42.38,0.88,37.33,15.4,66.66,0.0,0.0,0.0,0.0,2.79,40.47,15.53,26.31,2.06,43.92,17.6,42.85,0.0,34.0,435.0
7895,46,155,672,0.14,41.57,19.78,26.0,27.05,42.11,100.0,0.44,3.12,52.14,24.79,38.09,91.8,41.3,19.42,41.55,0.89,29.16,4.53,100.0,0.0,0.0,0.0,0.0,1.63,35.54,15.34,36.36,2.08,48.92,25.09,42.85,0.0,35.87,408.0
7896,46,157,905,0.44,42.72,18.57,37.44,20.82,43.53,40.0,7.21,2.44,42.95,17.06,59.09,85.23,43.03,18.07,41.92,1.66,35.33,24.65,86.66,0.11,28.0,0.0,100.0,2.66,46.41,22.39,41.66,0.66,51.66,16.87,83.33,0.0,36.17,564.0
7897,46,158,890,0.33,43.84,18.95,43.08,17.14,40.67,34.78,2.59,3.26,45.72,19.69,48.27,90.07,43.88,19.1,40.05,1.46,36.69,8.3,84.61,0.11,77.0,0.0,100.0,1.57,33.21,11.64,28.57,0.9,58.12,19.6,25.0,0.0,36.24,548.0
7898,46,160,967,0.31,41.99,19.05,40.39,17.6,41.36,47.82,2.38,3.42,48.72,16.93,60.6,89.0,41.59,19.24,39.86,1.34,38.38,14.2,84.61,0.0,0.0,0.0,0.0,2.59,41.24,15.19,32.0,1.24,55.5,17.32,58.33,0.0,34.26,613.0
7899,46,161,885,0.11,43.69,19.87,39.7,19.59,43.27,40.0,4.52,1.92,44.35,11.98,58.82,88.34,43.78,19.96,42.63,0.9,36.37,18.73,87.5,0.11,50.0,0.0,100.0,2.14,39.68,22.47,52.63,2.03,54.61,18.66,33.33,0.0,35.54,536.0
7900,46,162,847,0.7,42.63,19.8,47.5,23.82,41.44,46.66,3.56,2.85,52.5,16.06,29.16,88.46,42.02,19.66,41.66,1.07,32.44,18.0,66.66,0.35,66.66,9.07,0.0,2.97,36.47,13.65,28.0,0.71,63.33,18.73,66.66,0.0,36.17,479.0
7901,46,163,776,0.64,42.08,19.27,43.08,17.9,42.65,39.13,2.98,3.11,53.29,16.84,50.0,88.45,41.58,19.04,42.22,1.29,29.2,16.23,100.0,0.0,0.0,0.0,0.0,2.59,32.79,16.3,25.0,1.55,63.25,16.39,50.0,0.0,36.49,465.0
7902,46,164,839,0.83,43.07,19.21,67.66,25.1,43.98,66.66,0.36,6.25,59.32,21.57,34.61,87.37,41.38,18.34,44.29,1.44,40.08,22.15,75.0,0.0,0.0,0.0,0.0,3.36,51.53,18.19,32.14,1.2,43.4,18.58,30.0,0.0,36.0,501.0
7903,46,167,761,0.52,42.49,19.59,59.42,15.41,42.04,71.42,0.92,4.75,42.33,18.6,52.77,88.77,42.29,19.82,39.88,1.45,38.36,14.71,90.9,0.13,0.0,0.0,100.0,2.9,42.13,14.61,45.45,1.05,48.12,13.31,62.5,0.0,52.9,489.0
7904,46,168,934,0.32,43.28,18.57,56.75,20.29,41.43,37.5,0.85,2.79,53.92,20.41,69.23,92.05,42.59,18.37,40.84,0.75,37.14,16.31,85.71,0.0,0.0,0.0,0.0,2.47,47.82,17.91,34.78,1.07,52.0,18.18,10.0,0.0,33.33,572.0
7905,46,169,960,0.0,41.35,18.02,39.1,19.18,41.04,30.0,1.04,2.08,41.55,22.61,45.0,92.6,41.31,18.0,41.39,0.83,40.0,20.38,75.0,0.0,0.0,0.0,0.0,2.5,42.79,15.25,29.16,0.93,44.77,16.08,11.11,0.0,35.48,564.0
7906,46,170,829,0.84,43.34,17.8,55.0,12.32,42.34,36.36,1.33,2.91,56.54,13.56,62.5,89.41,42.28,17.84,41.36,0.97,39.12,10.72,75.0,0.0,0.0,0.0,0.0,3.16,46.0,13.87,42.3,2.18,52.77,19.3,38.88,0.0,34.72,555.0
7907,46,171,884,1.13,44.58,20.74,44.41,25.11,42.3,66.66,1.37,2.86,55.24,19.22,44.0,90.38,43.55,20.59,41.51,1.02,39.33,13.07,88.88,0.0,0.0,0.0,0.0,2.97,51.92,15.88,34.61,1.37,51.66,20.65,33.33,0.0,32.67,542.0
7908,46,172,899,0.55,41.16,18.02,41.59,19.42,40.26,39.42,11.63,2.46,40.68,14.75,54.54,79.41,41.2,17.92,39.43,1.34,35.66,9.82,91.66,0.33,47.0,2.64,33.33,2.68,35.33,18.57,25.0,2.12,46.15,22.33,52.63,0.0,34.94,527.0
7909,46,173,867,0.34,41.59,19.18,41.48,18.0,43.02,37.31,15.5,3.47,53.86,17.24,70.0,75.23,40.92,19.37,42.3,1.73,38.53,18.76,86.66,0.23,34.5,20.5,0.0,2.08,38.66,18.93,38.88,1.73,52.13,16.69,40.0,0.0,34.46,523.0
7910,46,174,894,0.55,41.26,18.85,40.44,15.77,42.84,47.36,4.27,3.37,45.7,18.42,53.33,88.86,40.93,18.62,41.89,0.56,35.0,28.86,80.0,0.0,0.0,0.0,0.0,1.68,36.73,23.19,46.66,1.23,67.18,16.1,36.36,0.0,34.07,566.0
7911,46,176,889,0.22,43.01,18.28,48.0,24.15,43.86,57.14,0.78,2.48,42.5,21.53,59.09,88.83,43.04,18.21,43.4,1.69,39.79,14.56,93.33,0.11,54.0,0.0,0.0,5.29,39.72,18.49,23.4,0.78,57.14,6.81,71.42,0.0,38.39,516.0
7912,46,177,959,0.1,41.93,18.31,47.75,18.3,42.96,35.0,2.08,1.56,38.26,21.9,66.66,90.18,41.63,18.32,42.82,1.04,29.9,8.87,90.0,0.31,48.66,5.5,33.33,3.44,43.96,16.18,30.3,1.35,59.61,14.4,30.76,0.0,38.83,551.0
7913,46,178,907,0.22,42.74,18.97,50.25,14.89,41.34,62.5,0.88,3.09,49.71,21.83,57.14,90.16,42.48,18.77,39.82,1.21,32.0,13.68,100.0,0.33,32.33,11.15,33.33,3.64,41.6,19.31,33.33,0.66,64.83,23.63,66.66,0.0,32.05,582.0
7914,46,181,503,0.19,45.21,19.61,38.87,14.15,40.15,75.0,1.59,1.79,54.44,25.72,55.55,91.63,45.4,19.46,39.56,0.79,33.0,6.97,100.0,0.0,0.0,0.0,0.0,2.39,37.75,18.19,16.66,1.79,46.22,27.81,22.22,0.0,35.59,332.0
7915,46,182,701,0.28,43.89,18.66,49.87,9.24,38.94,75.0,1.14,4.43,51.12,18.28,45.16,87.83,43.46,18.71,37.62,1.0,29.42,7.27,100.0,0.57,51.25,18.0,75.0,4.14,44.62,19.25,31.03,0.85,42.33,19.72,50.0,0.0,35.68,458.0
7916,46,183,662,0.6,40.94,18.69,49.71,14.48,42.14,42.85,1.06,2.12,41.92,15.32,42.85,92.4,40.71,18.83,41.11,1.06,27.57,4.27,85.71,0.0,0.0,0.0,0.0,1.82,37.41,9.97,50.0,1.51,59.2,13.63,40.0,0.0,36.46,423.0
7917,46,184,688,0.43,42.54,18.57,54.0,16.03,41.42,50.0,1.45,2.04,51.57,19.12,57.14,89.78,42.3,18.57,39.51,1.6,30.63,14.85,81.81,0.29,40.0,28.28,0.0,3.21,38.9,13.61,40.9,1.6,51.81,22.8,72.72,0.0,34.03,437.0
7918,46,185,665,0.6,42.51,18.23,45.25,7.88,44.51,75.0,0.6,2.72,43.05,24.52,72.22,91.67,42.34,18.19,42.4,1.96,33.23,8.04,92.3,0.15,40.0,0.0,0.0,1.51,38.7,12.78,20.0,1.36,63.33,12.46,55.55,0.0,38.7,379.0
7919,46,189,848,0.47,43.51,18.71,52.11,20.18,44.81,55.55,1.06,3.79,54.68,19.33,53.12,88.74,42.92,18.52,44.59,1.18,30.4,7.76,80.0,0.23,46.5,23.33,0.0,3.79,45.53,18.93,37.5,1.18,47.2,16.01,20.0,0.0,33.75,542.0
7920,46,190,861,0.34,43.39,18.36,43.4,13.11,42.97,50.0,1.16,1.74,55.4,19.7,40.0,92.07,43.12,18.24,42.27,0.69,33.16,5.98,100.0,0.0,0.0,0.0,0.0,2.33,40.45,18.12,55.0,1.98,51.94,24.25,35.29,0.0,35.01,523.0
7921,46,2,829,0.12,40.84,19.07,45.28,28.43,43.06,57.14,0.84,0.72,49.33,19.0,66.66,92.87,40.63,19.06,40.44,0.72,36.83,17.48,100.0,0.12,35.0,0.0,0.0,4.1,42.94,16.79,85.29,0.6,42.8,27.37,40.0,0.0,0.0,473.0
7922,46,3,0,0.0,0.0,0.0,0.0,0.0,0.0,0.0,0.0,0.0,0.0,0.0,0.0,0.0,0.0,0.0,0.0,0.0,0.0,0.0,0.0,0.0,0.0,0.0,0.0,0.0,0.0,0.0,0.0,0.0,0.0,0.0,0.0,0.0,0.0,0.0
7923,46,4,821,0.0,39.76,19.05,51.93,20.43,41.16,93.75,1.94,0.6,41.2,23.31,60.0,91.1,39.59,18.96,37.43,0.12,30.0,0.0,100.0,0.0,0.0,0.0,0.0,5.35,36.7,19.44,88.63,0.85,50.0,12.11,0.0,0.0,0.0,486.0
7924,46,13,0,0.0,0.0,0.0,0.0,0.0,0.0,0.0,0.0,0.0,0.0,0.0,0.0,0.0,0.0,0.0,0.0,0.0,0.0,0.0,0.0,0.0,0.0,0.0,0.0,0.0,0.0,0.0,0.0,0.0,0.0,0.0,0.0,0.0,0.0,0.0
7925,46,17,0,0.0,0.0,0.0,0.0,0.0,0.0,0.0,0.0,0.0,0.0,0.0,0.0,0.0,0.0,0.0,0.0,0.0,0.0,0.0,0.0,0.0,0.0,0.0,0.0,0.0,0.0,0.0,0.0,0.0,0.0,0.0,0.0,0.0,0.0,0.0
7926,46,20,0,0.0,0.0,0.0,0.0,0.0,0.0,0.0,0.0,0.0,0.0,0.0,0.0,0.0,0.0,0.0,0.0,0.0,0.0,0.0,0.0,0.0,0.0,0.0,0.0,0.0,0.0,0.0,0.0,0.0,0.0,0.0,0.0,0.0,0.0,0.0
7927,46,25,0,0.0,0.0,0.0,0.0,0.0,0.0,0.0,0.0,0.0,0.0,0.0,0.0,0.0,0.0,0.0,0.0,0.0,0.0,0.0,0.0,0.0,0.0,0.0,0.0,0.0,0.0,0.0,0.0,0.0,0.0,0.0,0.0,0.0,0.0,0.0
7928,46,26,0,0.0,0.0,0.0,0.0,0.0,0.0,0.0,0.0,0.0,0.0,0.0,0.0,0.0,0.0,0.0,0.0,0.0,0.0,0.0,0.0,0.0,0.0,0.0,0.0,0.0,0.0,0.0,0.0,0.0,0.0,0.0,0.0,0.0,0.0,0.0
7929,46,28,0,0.0,0.0,0.0,0.0,0.0,0.0,0.0,0.0,0.0,0.0,0.0,0.0,0.0,0.0,0.0,0.0,0.0,0.0,0.0,0.0,0.0,0.0,0.0,0.0,0.0,0.0,0.0,0.0,0.0,0.0,0.0,0.0,0.0,0.0,0.0
7930,46,29,0,0.0,0.0,0.0,0.0,0.0,0.0,0.0,0.0,0.0,0.0,0.0,0.0,0.0,0.0,0.0,0.0,0.0,0.0,0.0,0.0,0.0,0.0,0.0,0.0,0.0,0.0,0.0,0.0,0.0,0.0,0.0,0.0,0.0,0.0,0.0
7931,46,34,0,0.0,0.0,0.0,0.0,0.0,0.0,0.0,0.0,0.0,0.0,0.0,0.0,0.0,0.0,0.0,0.0,0.0,0.0,0.0,0.0,0.0,0.0,0.0,0.0,0.0,0.0,0.0,0.0,0.0,0.0,0.0,0.0,0.0,0.0,0.0
7932,46,37,0,0.0,0.0,0.0,0.0,0.0,0.0,0.0,0.0,0.0,0.0,0.0,0.0,0.0,0.0,0.0,0.0,0.0,0.0,0.0,0.0,0.0,0.0,0.0,0.0,0.0,0.0,0.0,0.0,0.0,0.0,0.0,0.0,0.0,0.0,0.0
7933,46,38,771,0.64,41.87,18.2,43.18,14.84,44.48,68.18,2.87,1.69,50.61,18.34,53.84,90.6,41.62,18.41,43.51,1.43,33.81,10.87,63.63,0.39,52.0,14.93,33.33,1.82,37.64,12.15,28.57,1.17,48.0,17.86,44.44,0.0,0.0,418.0
7934,46,39,0,0.0,0.0,0.0,0.0,0.0,0.0,0.0,0.0,0.0,0.0,0.0,0.0,0.0,0.0,0.0,0.0,0.0,0.0,0.0,0.0,0.0,0.0,0.0,0.0,0.0,0.0,0.0,0.0,0.0,0.0,0.0,0.0,0.0,0.0,0.0
7935,46,40,971,0.1,41.66,19.17,35.0,10.0,42.63,60.0,1.03,2.68,50.38,17.47,34.61,91.75,41.5,19.25,43.03,0.41,32.75,8.61,75.0,0.0,0.0,0.0,0.0,2.78,33.88,12.45,33.33,1.34,55.0,21.46,23.07,0.0,0.0,605.0
7936,46,41,726,0.13,42.27,19.84,41.69,18.66,43.52,43.63,7.58,4.55,45.57,17.35,21.21,83.72,41.79,20.06,44.64,0.68,38.6,10.8,80.0,0.68,45.4,5.81,20.0,1.24,52.11,18.46,66.66,1.51,55.45,24.95,18.18,0.0,0.0,421.0
7937,46,44,768,0.52,42.0,18.75,42.81,17.07,44.14,45.45,1.43,8.11,54.85,19.32,45.16,83.76,40.78,18.06,43.59,1.3,29.5,4.71,100.0,0.0,0.0,0.0,0.0,3.92,41.56,21.04,30.0,1.43,45.18,27.45,63.63,0.0,0.0,459.0
7938,46,45,880,0.0,43.2,19.26,37.33,8.32,43.97,66.66,0.34,2.72,42.33,16.15,45.83,89.65,42.69,19.12,43.34,0.79,40.57,12.51,85.71,0.0,0.0,0.0,0.0,3.97,46.4,21.32,31.42,2.5,58.9,21.12,68.18,0.0,0.0,516.0
7939,46,46,889,0.11,41.6,19.66,32.28,16.03,43.53,57.14,0.78,2.25,39.15,24.12,45.0,91.1,41.57,19.6,43.13,1.12,34.9,12.36,90.0,0.0,0.0,0.0,0.0,2.92,39.46,19.03,26.92,1.8,57.06,17.08,56.25,0.0,0.0,528.0
7940,46,47,561,0.17,42.86,18.58,51.2,23.26,42.24,80.0,0.89,2.85,46.0,13.46,43.75,88.39,42.98,18.62,39.59,1.07,22.33,11.32,100.0,0.0,0.0,0.0,0.0,6.25,40.25,18.74,65.71,0.53,58.33,10.06,33.33,0.0,0.0,335.0
7941,46,48,0,0.0,0.0,0.0,0.0,0.0,0.0,0.0,0.0,0.0,0.0,0.0,0.0,0.0,0.0,0.0,0.0,0.0,0.0,0.0,0.0,0.0,0.0,0.0,0.0,0.0,0.0,0.0,0.0,0.0,0.0,0.0,0.0,0.0,0.0,0.0
7942,46,49,0,0.0,0.0,0.0,0.0,0.0,0.0,0.0,0.0,0.0,0.0,0.0,0.0,0.0,0.0,0.0,0.0,0.0,0.0,0.0,0.0,0.0,0.0,0.0,0.0,0.0,0.0,0.0,0.0,0.0,0.0,0.0,0.0,0.0,0.0,0.0
7943,46,50,773,0.0,43.77,18.79,41.42,15.47,42.69,42.85,0.9,3.1,54.91,24.97,66.66,89.26,43.53,17.95,41.3,1.55,25.25,16.24,91.66,0.0,0.0,0.0,0.0,3.23,46.2,23.63,44.0,1.94,49.13,27.56,26.66,0.0,0.0,507.0
7944,46,51,764,1.04,44.09,18.21,42.62,15.36,41.88,75.0,1.05,2.77,54.61,22.51,57.14,89.68,43.28,17.9,40.56,0.92,36.14,13.77,100.0,0.0,0.0,0.0,0.0,3.83,44.17,15.47,41.37,1.71,56.3,14.51,38.46,0.0,0.0,465.0
7945,46,52,840,0.59,42.94,19.25,43.05,24.04,42.5,77.14,4.19,4.91,51.09,16.58,51.21,85.74,42.25,19.04,40.64,0.59,32.0,5.29,80.0,0.11,66.0,0.0,0.0,2.63,41.95,15.24,36.36,1.79,54.66,19.37,26.66,0.0,0.0,456.0
7946,46,53,808,1.6,41.39,18.78,46.13,20.42,44.3,40.0,1.88,3.39,47.29,22.12,40.74,86.03,40.74,18.43,44.0,1.38,34.72,12.57,100.0,0.62,57.2,10.35,60.0,5.15,35.53,15.73,41.46,1.5,51.66,20.73,25.0,0.0,0.0,502.0
7947,46,56,924,0.32,42.83,18.76,39.69,16.34,42.53,48.97,5.32,2.93,54.25,18.98,40.74,85.66,42.84,18.85,42.71,0.97,26.88,11.1,88.88,0.0,0.0,0.0,0.0,3.58,39.96,15.52,33.33,1.52,45.42,22.46,7.14,0.0,0.0,602.0
7948,46,57,0,0.0,0.0,0.0,0.0,0.0,0.0,0.0,0.0,0.0,0.0,0.0,0.0,0.0,0.0,0.0,0.0,0.0,0.0,0.0,0.0,0.0,0.0,0.0,0.0,0.0,0.0,0.0,0.0,0.0,0.0,0.0,0.0,0.0,0.0,0.0
7949,46,58,887,0.11,42.3,19.8,39.5,17.43,42.5,50.0,1.35,2.7,43.0,17.41,50.0,90.18,42.06,20.05,42.3,1.24,41.81,7.05,81.81,0.0,0.0,0.0,0.0,2.82,40.2,17.79,36.0,1.69,58.66,15.52,20.0,0.0,0.0,589.0
7950,46,59,0,0.0,0.0,0.0,0.0,0.0,0.0,0.0,0.0,0.0,0.0,0.0,0.0,0.0,0.0,0.0,0.0,0.0,0.0,0.0,0.0,0.0,0.0,0.0,0.0,0.0,0.0,0.0,0.0,0.0,0.0,0.0,0.0,0.0,0.0,0.0
7951,46,60,859,0.81,41.91,18.9,43.12,21.23,43.42,37.5,2.81,2.81,51.08,22.51,45.83,88.73,41.31,18.58,42.85,1.64,35.78,16.61,92.85,0.11,67.0,0.0,100.0,2.58,46.63,15.6,31.81,1.29,41.54,24.35,27.27,0.0,0.0,526.0
7952,46,61,826,0.24,41.7,17.98,40.09,21.74,41.64,63.63,1.33,2.3,47.1,18.69,47.36,91.86,41.6,18.02,40.81,1.21,33.2,14.25,80.0,0.12,47.0,0.0,100.0,2.3,39.52,11.92,36.84,0.84,50.57,21.05,42.85,0.0,0.0,453.0
7953,46,62,829,0.48,41.51,18.15,38.2,31.45,42.34,60.0,0.6,3.15,47.3,19.87,61.53,90.54,40.91,18.0,41.76,0.96,39.0,11.17,75.0,0.12,64.0,0.0,0.0,3.15,45.96,17.07,30.76,1.45,51.58,18.6,41.66,0.0,0.0,476.0
7954,46,63,921,0.43,42.84,18.94,46.95,18.02,43.21,34.78,2.5,2.94,48.96,23.62,66.66,89.64,42.55,18.78,42.21,1.52,37.21,22.96,78.57,0.1,59.0,0.0,100.0,1.63,38.13,21.23,40.0,1.63,49.2,12.82,33.33,0.0,0.0,564.0
7955,46,64,558,0.71,43.82,18.27,43.75,24.39,40.68,75.0,0.72,2.52,45.35,16.94,57.14,91.51,43.71,18.41,38.65,1.44,28.0,13.63,75.0,0.18,65.0,0.0,100.0,2.16,44.58,12.04,41.66,1.44,55.5,16.63,50.0,0.0,0.0,326.0
7956,46,65,556,0.17,41.31,18.08,36.77,16.16,42.26,54.54,3.96,3.96,39.5,15.36,59.09,85.76,41.32,18.37,40.33,0.54,40.0,9.53,100.0,0.0,0.0,0.0,0.0,3.78,39.71,15.13,38.09,1.98,55.0,17.27,54.54,0.0,0.0,341.0
7957,46,66,825,0.48,43.85,18.73,43.53,15.85,42.3,37.77,5.48,2.55,48.42,14.28,52.38,86.35,43.61,18.9,41.74,1.09,34.55,11.55,77.77,0.48,50.75,2.98,50.0,2.8,41.86,17.82,34.78,1.21,53.2,28.85,60.0,0.0,0.0,508.0
7958,46,67,0,0.0,0.0,0.0,0.0,0.0,0.0,0.0,0.0,0.0,0.0,0.0,0.0,0.0,0.0,0.0,0.0,0.0,0.0,0.0,0.0,0.0,0.0,0.0,0.0,0.0,0.0,0.0,0.0,0.0,0.0,0.0,0.0,0.0,0.0,0.0
7959,46,68,882,0.79,41.88,19.66,45.7,18.16,44.78,44.44,3.08,2.74,50.37,19.15,70.83,88.8,41.12,19.56,44.01,0.68,43.0,18.16,83.33,0.0,0.0,0.0,0.0,3.65,42.03,18.01,25.0,1.02,63.66,20.87,77.77,0.0,0.0,551.0
7960,46,69,845,0.23,43.79,20.17,46.88,23.47,42.72,44.44,1.06,2.72,55.69,17.48,69.56,90.27,43.52,20.27,40.73,1.89,37.56,12.96,87.5,0.0,0.0,0.0,0.0,3.2,39.0,18.83,44.44,0.83,61.28,13.92,57.14,0.0,0.0,505.0
7961,46,70,822,0.12,43.38,17.93,48.42,16.66,41.84,52.63,2.31,1.46,47.66,21.45,66.66,88.42,43.26,17.99,41.18,1.58,37.23,15.43,84.61,0.0,0.0,0.0,0.0,4.62,39.39,15.38,26.31,1.58,58.0,14.78,38.46,0.0,0.0,522.0
7962,46,71,749,0.0,43.24,18.39,50.14,15.05,40.45,71.42,1.86,2.4,44.88,25.67,61.11,89.18,42.99,18.07,38.92,1.2,40.66,19.52,88.88,0.13,67.0,0.0,0.0,3.87,39.1,19.44,34.48,1.33,59.1,17.82,40.0,0.0,0.0,414.0
7963,46,72,619,0.0,45.83,19.46,50.46,27.93,39.74,46.15,2.1,3.06,52.73,15.33,42.1,89.17,45.84,19.33,39.67,1.13,34.71,11.74,85.71,0.16,58.0,0.0,0.0,2.74,38.47,16.23,23.52,1.61,45.3,26.84,30.0,0.0,0.0,405.0
7964,46,73,616,0.32,42.35,18.58,28.07,23.95,42.04,30.76,2.11,2.93,49.33,15.96,72.22,91.69,42.42,18.31,41.2,0.48,40.33,7.63,100.0,0.0,0.0,0.0,0.0,2.28,39.5,21.88,42.85,0.48,44.33,15.17,33.33,0.0,0.0,327.0
7965,46,74,0,0.0,0.0,0.0,0.0,0.0,0.0,0.0,0.0,0.0,0.0,0.0,0.0,0.0,0.0,0.0,0.0,0.0,0.0,0.0,0.0,0.0,0.0,0.0,0.0,0.0,0.0,0.0,0.0,0.0,0.0,0.0,0.0,0.0,0.0,0.0
7966,46,75,840,1.42,44.2,18.63,59.0,18.45,44.04,71.42,0.84,3.14,46.46,21.22,61.53,89.61,43.41,18.33,42.31,0.96,38.75,9.26,87.5,0.12,92.0,0.0,100.0,3.62,43.43,14.88,46.66,1.69,54.14,20.53,42.85,0.0,0.0,503.0
7967,46,76,822,0.36,43.15,20.03,59.2,14.32,41.97,100.0,0.61,4.27,47.37,22.57,65.71,88.76,42.74,20.01,39.88,1.22,38.0,16.26,80.0,0.0,0.0,0.0,0.0,2.8,40.34,15.85,47.82,2.31,50.47,20.87,31.57,0.0,0.0,526.0
7968,46,77,853,0.93,41.81,19.58,35.74,19.33,43.25,44.15,9.11,5.08,49.76,16.12,51.16,80.0,41.41,19.4,42.89,0.59,41.2,8.04,100.0,0.11,47.0,0.0,100.0,3.31,45.6,20.35,32.14,1.77,55.46,21.63,26.66,0.0,0.0,502.0
7969,46,78,674,0.29,42.94,18.48,49.42,9.23,42.13,85.71,1.04,2.08,54.78,12.76,64.28,93.89,42.51,18.62,40.88,0.59,47.5,29.67,100.0,0.14,53.0,0.0,0.0,1.63,42.36,17.23,36.36,0.59,48.0,11.28,75.0,0.0,0.0,442.0
7970,46,79,646,0.46,44.1,18.78,49.16,24.7,41.95,83.33,0.93,2.02,52.92,21.53,61.53,89.58,43.57,18.57,40.97,1.55,37.29,12.33,90.0,0.15,67.0,0.0,100.0,4.97,47.71,19.17,28.12,0.77,64.2,11.88,20.0,0.0,0.0,386.0
7971,46,80,0,0.0,0.0,0.0,0.0,0.0,0.0,0.0,0.0,0.0,0.0,0.0,0.0,0.0,0.0,0.0,0.0,0.0,0.0,0.0,0.0,0.0,0.0,0.0,0.0,0.0,0.0,0.0,0.0,0.0,0.0,0.0,0.0,0.0,0.0,0.0
7972,46,81,725,0.13,41.56,18.53,41.0,19.24,43.44,62.5,1.1,2.2,44.75,20.99,6.25,90.33,41.61,18.44,44.95,0.82,28.66,17.28,83.33,0.55,67.25,21.74,0.0,3.45,34.68,15.03,24.0,1.51,47.45,18.95,36.36,0.0,0.0,442.0
7973,46,82,0,0.0,0.0,0.0,0.0,0.0,0.0,0.0,0.0,0.0,0.0,0.0,0.0,0.0,0.0,0.0,0.0,0.0,0.0,0.0,0.0,0.0,0.0,0.0,0.0,0.0,0.0,0.0,0.0,0.0,0.0,0.0,0.0,0.0,0.0,0.0
7974,46,83,648,0.3,43.25,19.31,46.16,17.98,41.82,66.66,0.92,2.16,49.42,25.35,57.14,90.4,43.2,19.28,40.58,1.08,34.14,9.06,100.0,0.15,73.0,0.0,0.0,4.17,37.59,16.62,48.14,1.08,59.42,15.45,28.57,0.0,0.0,401.0
7975,46,84,0,0.0,0.0,0.0,0.0,0.0,0.0,0.0,0.0,0.0,0.0,0.0,0.0,0.0,0.0,0.0,0.0,0.0,0.0,0.0,0.0,0.0,0.0,0.0,0.0,0.0,0.0,0.0,0.0,0.0,0.0,0.0,0.0,0.0,0.0,0.0
7976,46,85,844,0.35,42.75,17.61,44.88,17.62,41.7,70.58,2.02,3.68,50.83,19.6,61.29,88.1,42.17,17.48,39.4,1.66,38.07,14.22,85.71,0.0,0.0,0.0,0.0,3.09,43.8,15.71,38.46,1.42,50.58,18.15,41.66,0.0,0.0,492.0
7977,46,86,835,0.83,41.58,18.65,34.78,16.97,42.51,52.63,4.58,3.14,52.73,24.41,53.84,87.07,41.61,18.27,41.74,1.32,28.54,12.06,81.81,0.0,0.0,0.0,0.0,2.41,36.25,13.33,25.0,1.44,53.58,27.8,8.33,0.0,0.0,454.0
7978,46,87,949,0.52,39.26,18.45,45.63,10.82,43.51,63.63,1.16,3.7,41.51,21.36,34.28,90.99,39.07,18.34,43.53,0.95,38.0,15.13,100.0,0.1,57.0,0.0,0.0,2.01,35.78,21.26,26.31,1.05,43.6,22.19,30.0,0.0,0.0,571.0
7979,46,89,0,0.0,0.0,0.0,0.0,0.0,0.0,0.0,0.0,0.0,0.0,0.0,0.0,0.0,0.0,0.0,0.0,0.0,0.0,0.0,0.0,0.0,0.0,0.0,0.0,0.0,0.0,0.0,0.0,0.0,0.0,0.0,0.0,0.0,0.0,0.0
7980,46,92,0,0.0,0.0,0.0,0.0,0.0,0.0,0.0,0.0,0.0,0.0,0.0,0.0,0.0,0.0,0.0,0.0,0.0,0.0,0.0,0.0,0.0,0.0,0.0,0.0,0.0,0.0,0.0,0.0,0.0,0.0,0.0,0.0,0.0,0.0,0.0
7981,46,98,0,0.0,0.0,0.0,0.0,0.0,0.0,0.0,0.0,0.0,0.0,0.0,0.0,0.0,0.0,0.0,0.0,0.0,0.0,0.0,0.0,0.0,0.0,0.0,0.0,0.0,0.0,0.0,0.0,0.0,0.0,0.0,0.0,0.0,0.0,0.0
7982,46,100,0,0.0,0.0,0.0,0.0,0.0,0.0,0.0,0.0,0.0,0.0,0.0,0.0,0.0,0.0,0.0,0.0,0.0,0.0,0.0,0.0,0.0,0.0,0.0,0.0,0.0,0.0,0.0,0.0,0.0,0.0,0.0,0.0,0.0,0.0,0.0
7983,46,103,0,0.0,0.0,0.0,0.0,0.0,0.0,0.0,0.0,0.0,0.0,0.0,0.0,0.0,0.0,0.0,0.0,0.0,0.0,0.0,0.0,0.0,0.0,0.0,0.0,0.0,0.0,0.0,0.0,0.0,0.0,0.0,0.0,0.0,0.0,0.0
7984,46,111,0,0.0,0.0,0.0,0.0,0.0,0.0,0.0,0.0,0.0,0.0,0.0,0.0,0.0,0.0,0.0,0.0,0.0,0.0,0.0,0.0,0.0,0.0,0.0,0.0,0.0,0.0,0.0,0.0,0.0,0.0,0.0,0.0,0.0,0.0,0.0
7985,46,113,0,0.0,0.0,0.0,0.0,0.0,0.0,0.0,0.0,0.0,0.0,0.0,0.0,0.0,0.0,0.0,0.0,0.0,0.0,0.0,0.0,0.0,0.0,0.0,0.0,0.0,0.0,0.0,0.0,0.0,0.0,0.0,0.0,0.0,0.0,0.0
7986,46,115,994,0.1,41.16,18.4,38.09,17.25,41.14,40.0,5.53,0.8,42.62,13.56,50.0,88.51,41.0,18.24,41.75,0.6,41.16,19.11,83.33,0.1,72.0,0.0,0.0,2.21,39.63,16.31,40.9,2.21,53.95,25.63,9.09,0.0,0.0,581.0
7987,46,118,0,0.0,0.0,0.0,0.0,0.0,0.0,0.0,0.0,0.0,0.0,0.0,0.0,0.0,0.0,0.0,0.0,0.0,0.0,0.0,0.0,0.0,0.0,0.0,0.0,0.0,0.0,0.0,0.0,0.0,0.0,0.0,0.0,0.0,0.0,0.0
7988,46,119,0,0.0,0.0,0.0,0.0,0.0,0.0,0.0,0.0,0.0,0.0,0.0,0.0,0.0,0.0,0.0,0.0,0.0,0.0,0.0,0.0,0.0,0.0,0.0,0.0,0.0,0.0,0.0,0.0,0.0,0.0,0.0,0.0,0.0,0.0,0.0
7989,46,123,909,0.55,42.43,18.92,52.15,17.61,42.13,69.23,1.43,3.2,49.06,18.76,68.96,89.49,41.63,18.54,40.54,0.77,23.57,18.66,85.71,0.11,93.0,0.0,0.0,3.42,45.61,17.91,41.93,1.54,53.71,23.36,21.42,0.0,0.0,564.0
7990,46,124,883,0.67,41.66,20.23,50.0,23.27,41.9,55.55,1.02,3.3,51.62,22.76,72.41,89.16,41.08,19.75,41.81,0.79,27.14,13.74,85.71,0.34,0.0,0.0,0.0,3.19,38.07,16.39,25.0,2.16,56.0,23.86,5.26,0.0,0.0,526.0
7991,46,126,0,0.0,0.0,0.0,0.0,0.0,0.0,0.0,0.0,0.0,0.0,0.0,0.0,0.0,0.0,0.0,0.0,0.0,0.0,0.0,0.0,0.0,0.0,0.0,0.0,0.0,0.0,0.0,0.0,0.0,0.0,0.0,0.0,0.0,0.0,0.0
7992,46,127,0,0.0,0.0,0.0,0.0,0.0,0.0,0.0,0.0,0.0,0.0,0.0,0.0,0.0,0.0,0.0,0.0,0.0,0.0,0.0,0.0,0.0,0.0,0.0,0.0,0.0,0.0,0.0,0.0,0.0,0.0,0.0,0.0,0.0,0.0,0.0
7993,46,129,662,1.05,39.74,18.59,49.75,11.14,42.74,75.0,0.61,1.98,58.38,19.46,69.23,93.12,39.4,18.32,41.8,1.67,27.72,10.71,90.9,0.0,0.0,0.0,0.0,1.52,40.2,24.0,30.0,1.06,45.85,12.03,28.57,0.0,0.0,376.0
7994,46,130,647,0.46,42.31,19.77,53.6,6.69,40.8,100.0,0.77,2.01,54.84,21.89,61.53,93.32,41.55,19.44,39.6,1.08,37.28,16.12,100.0,0.0,0.0,0.0,0.0,2.01,45.69,24.59,30.76,0.77,73.4,15.77,20.0,0.0,0.0,387.0
7995,46,132,0,0.0,0.0,0.0,0.0,0.0,0.0,0.0,0.0,0.0,0.0,0.0,0.0,0.0,0.0,0.0,0.0,0.0,0.0,0.0,0.0,0.0,0.0,0.0,0.0,0.0,0.0,0.0,0.0,0.0,0.0,0.0,0.0,0.0,0.0,0.0
7996,46,135,614,0.32,44.04,20.1,58.5,6.36,43.32,50.0,0.32,1.79,61.36,18.94,36.36,91.83,43.45,20.02,43.41,1.3,42.37,16.68,87.5,0.0,0.0,0.0,0.0,2.94,42.83,17.96,38.88,1.79,54.72,24.17,18.18,0.0,0.0,382.0
7997,46,137,0,0.0,0.0,0.0,0.0,0.0,0.0,0.0,0.0,0.0,0.0,0.0,0.0,0.0,0.0,0.0,0.0,0.0,0.0,0.0,0.0,0.0,0.0,0.0,0.0,0.0,0.0,0.0,0.0,0.0,0.0,0.0,0.0,0.0,0.0,0.0
7998,46,138,0,0.0,0.0,0.0,0.0,0.0,0.0,0.0,0.0,0.0,0.0,0.0,0.0,0.0,0.0,0.0,0.0,0.0,0.0,0.0,0.0,0.0,0.0,0.0,0.0,0.0,0.0,0.0,0.0,0.0,0.0,0.0,0.0,0.0,0.0,0.0
7999,46,139,669,0.74,40.09,18.28,40.72,22.95,41.7,63.63,1.65,1.95,53.23,13.19,61.53,91.71,39.63,18.32,40.72,1.35,31.55,9.97,100.0,0.45,57.66,9.29,33.33,1.5,42.1,11.58,20.0,1.35,42.88,21.26,22.22,0.0,0.0,400.0
8000,46,142,822,0.12,42.61,19.25,44.52,21.7,41.24,69.56,2.8,1.58,47.15,23.11,30.76,84.77,42.02,18.83,37.64,0.85,38.85,25.91,71.42,0.12,34.0,0.0,0.0,8.28,45.89,21.35,73.52,1.58,53.07,16.75,15.38,0.0,0.0,400.0
8001,46,147,0,0.0,0.0,0.0,0.0,0.0,0.0,0.0,0.0,0.0,0.0,0.0,0.0,0.0,0.0,0.0,0.0,0.0,0.0,0.0,0.0,0.0,0.0,0.0,0.0,0.0,0.0,0.0,0.0,0.0,0.0,0.0,0.0,0.0,0.0,0.0
8002,46,149,0,0.0,0.0,0.0,0.0,0.0,0.0,0.0,0.0,0.0,0.0,0.0,0.0,0.0,0.0,0.0,0.0,0.0,0.0,0.0,0.0,0.0,0.0,0.0,0.0,0.0,0.0,0.0,0.0,0.0,0.0,0.0,0.0,0.0,0.0,0.0
8003,46,150,0,0.0,0.0,0.0,0.0,0.0,0.0,0.0,0.0,0.0,0.0,0.0,0.0,0.0,0.0,0.0,0.0,0.0,0.0,0.0,0.0,0.0,0.0,0.0,0.0,0.0,0.0,0.0,0.0,0.0,0.0,0.0,0.0,0.0,0.0,0.0
8004,46,151,0,0.0,0.0,0.0,0.0,0.0,0.0,0.0,0.0,0.0,0.0,0.0,0.0,0.0,0.0,0.0,0.0,0.0,0.0,0.0,0.0,0.0,0.0,0.0,0.0,0.0,0.0,0.0,0.0,0.0,0.0,0.0,0.0,0.0,0.0,0.0
8005,46,156,0,0.0,0.0,0.0,0.0,0.0,0.0,0.0,0.0,0.0,0.0,0.0,0.0,0.0,0.0,0.0,0.0,0.0,0.0,0.0,0.0,0.0,0.0,0.0,0.0,0.0,0.0,0.0,0.0,0.0,0.0,0.0,0.0,0.0,0.0,0.0
8006,46,159,898,0.33,43.09,18.05,52.42,21.54,43.2,71.42,0.78,2.23,55.2,20.27,65.0,90.27,42.69,17.89,41.7,1.56,39.0,19.47,100.0,0.33,41.33,20.64,66.66,3.46,39.32,15.47,38.7,1.34,55.58,16.01,33.33,0.0,0.0,587.0
8007,46,166,691,0.28,43.68,19.32,41.37,17.78,42.69,50.0,1.16,2.75,58.63,18.57,57.89,89.55,43.26,19.29,41.81,1.59,33.0,5.47,90.9,0.14,30.0,0.0,0.0,3.62,43.08,19.33,20.0,1.16,61.75,17.24,62.5,0.0,0.0,403.0
8008,46,175,0,0.0,0.0,0.0,0.0,0.0,0.0,0.0,0.0,0.0,0.0,0.0,0.0,0.0,0.0,0.0,0.0,0.0,0.0,0.0,0.0,0.0,0.0,0.0,0.0,0.0,0.0,0.0,0.0,0.0,0.0,0.0,0.0,0.0,0.0,0.0
8009,46,179,0,0.0,0.0,0.0,0.0,0.0,0.0,0.0,0.0,0.0,0.0,0.0,0.0,0.0,0.0,0.0,0.0,0.0,0.0,0.0,0.0,0.0,0.0,0.0,0.0,0.0,0.0,0.0,0.0,0.0,0.0,0.0,0.0,0.0,0.0,0.0
8010,46,180,0,0.0,0.0,0.0,0.0,0.0,0.0,0.0,0.0,0.0,0.0,0.0,0.0,0.0,0.0,0.0,0.0,0.0,0.0,0.0,0.0,0.0,0.0,0.0,0.0,0.0,0.0,0.0,0.0,0.0,0.0,0.0,0.0,0.0,0.0,0.0
8011,46,186,0,0.0,0.0,0.0,0.0,0.0,0.0,0.0,0.0,0.0,0.0,0.0,0.0,0.0,0.0,0.0,0.0,0.0,0.0,0.0,0.0,0.0,0.0,0.0,0.0,0.0,0.0,0.0,0.0,0.0,0.0,0.0,0.0,0.0,0.0,0.0
8012,46,187,689,0.29,41.72,17.55,48.4,19.14,42.23,60.0,1.45,2.18,52.13,23.1,33.33,89.66,41.33,17.39,41.39,1.45,32.29,7.11,90.0,0.0,0.0,0.0,0.0,3.05,40.23,14.18,47.61,2.18,49.13,21.06,26.66,0.0,0.0,399.0
8013,46,188,0,0.0,0.0,0.0,0.0,0.0,0.0,0.0,0.0,0.0,0.0,0.0,0.0,0.0,0.0,0.0,0.0,0.0,0.0,0.0,0.0,0.0,0.0,0.0,0.0,0.0,0.0,0.0,0.0,0.0,0.0,0.0,0.0,0.0,0.0,0.0
8014,47,51,678,0.14,40.63,20.02,37.55,10.84,41.88,50.0,2.65,4.43,47.03,22.68,33.33,86.85,40.66,20.03,42.51,0.59,38.75,8.22,100.0,0.0,0.0,0.0,0.0,2.95,32.4,17.12,40.0,2.51,42.05,25.47,17.64,0.0,30.6,368.0
8015,47,54,1077,0.09,41.72,18.44,46.87,21.96,40.85,75.0,0.74,1.2,52.76,14.92,38.46,95.35,41.54,18.35,40.93,0.46,34.0,11.24,60.0,0.27,64.0,25.98,33.33,1.2,31.46,19.81,30.76,0.74,52.25,17.19,12.5,0.0,37.78,569.0
8016,47,55,742,0.0,41.71,18.82,23.33,21.52,41.37,50.0,0.8,0.67,60.6,15.56,20.0,95.82,41.9,18.87,40.92,1.21,34.22,7.69,77.77,0.0,0.0,0.0,0.0,0.4,29.33,6.8,33.33,1.07,40.25,12.04,50.0,0.0,51.72,370.0
8017,47,57,743,0.26,41.02,18.76,33.11,16.45,42.26,55.55,1.21,2.15,45.68,16.24,68.75,93.38,41.34,18.9,42.34,0.53,31.75,21.5,50.0,0.0,0.0,0.0,0.0,1.48,34.27,13.2,9.09,1.21,31.0,14.54,11.11,0.0,53.73,387.0
8018,47,59,964,0.0,43.12,19.07,44.0,24.27,39.62,55.55,0.93,1.34,57.0,20.59,30.76,94.91,42.78,18.83,39.78,0.51,40.0,29.15,40.0,0.1,35.0,0.0,0.0,0.62,47.33,17.6,33.33,1.55,51.73,22.85,33.33,0.0,29.32,535.0
8019,47,63,1008,0.29,41.46,18.86,35.78,20.75,43.35,57.89,1.89,3.18,51.43,18.76,56.25,90.04,41.19,18.74,42.2,1.19,34.66,13.6,91.66,0.09,36.0,0.0,100.0,2.38,44.83,21.35,37.5,1.19,48.91,14.61,25.0,0.0,30.48,554.0
8020,47,64,1104,0.09,41.4,18.47,44.13,15.65,42.48,53.33,1.35,2.35,41.46,24.29,46.15,89.57,41.33,18.42,42.1,1.45,30.06,9.41,81.25,0.18,59.5,9.19,50.0,2.99,43.87,18.01,42.42,2.08,46.0,18.17,21.73,0.0,31.3,556.0
8021,47,65,937,0.1,42.55,19.68,43.56,20.09,41.4,69.56,2.45,1.49,46.71,26.25,64.28,93.16,42.43,19.6,40.13,0.85,46.37,19.84,75.0,0.32,59.33,15.04,33.33,1.17,40.45,22.05,45.45,0.53,34.4,7.7,20.0,0.0,51.4,501.0
8022,47,67,830,0.12,41.08,18.89,38.25,15.11,40.24,41.37,6.99,1.8,57.6,12.67,66.66,88.05,40.9,19.23,40.13,0.48,42.5,6.55,100.0,0.12,29.0,0.0,0.0,1.56,38.69,18.45,23.07,0.96,50.75,13.24,0.0,0.0,46.62,389.0
8023,47,80,932,0.0,41.98,19.29,52.66,24.65,42.27,66.66,0.96,1.39,41.15,27.66,30.76,93.77,41.71,19.18,42.9,0.85,43.37,16.38,50.0,0.1,28.0,0.0,0.0,1.82,43.7,15.94,11.76,1.07,54.7,16.51,30.0,0.0,31.77,484.0
8024,47,84,805,0.0,41.2,19.42,42.82,20.2,42.48,41.17,2.11,1.86,50.4,19.29,46.66,86.7,41.6,19.24,42.83,1.36,30.09,20.05,81.81,0.86,28.0,23.78,28.57,5.71,33.78,18.71,30.43,1.36,51.54,16.83,36.36,0.0,30.18,414.0
8025,47,89,879,0.11,40.74,18.77,36.16,19.34,41.86,58.33,1.36,1.36,45.5,19.51,58.33,84.05,40.36,19.07,37.39,0.56,30.8,8.58,80.0,0.0,0.0,0.0,0.0,11.95,42.4,15.93,66.66,0.68,63.66,17.99,50.0,0.0,27.59,458.0
8026,47,90,1048,0.19,40.03,17.67,40.66,19.94,41.79,46.29,5.16,1.72,43.5,12.09,66.66,85.65,39.99,17.52,39.39,1.24,38.23,12.21,92.3,0.28,27.66,24.09,66.66,4.87,39.58,19.87,58.82,1.05,39.81,22.22,36.36,0.0,45.01,515.0
8027,47,92,1031,0.09,40.43,18.99,52.84,14.0,44.03,73.68,1.84,2.52,43.15,23.36,61.53,89.02,40.06,19.15,42.96,0.87,32.88,6.97,88.88,0.29,32.66,5.13,33.33,4.27,41.63,16.31,31.81,1.16,45.0,12.2,50.0,0.0,43.47,502.0
8028,47,unclear,1384,0.5,41.29,14.6,44.85,17.11,44.29,47.61,3.05,0.0,0.0,0.0,0.0,92.88,41.05,14.42,43.31,0.5,31.85,8.59,71.42,0.29,39.25,30.02,75.0,1.74,43.0,14.57,54.16,1.52,47.42,15.25,66.66,,,
8029,47,unclear,1400,0.07,41.14,16.07,48.34,16.82,48.5,99.61,18.79,0.0,0.0,0.0,0.0,76.84,39.92,15.59,33.86,0.28,26.0,2.94,75.0,0.0,0.0,0.0,0.0,4.07,32.0,9.76,85.96,0.0,0.0,0.0,0.0,,,
8030,47,97,512,1.36,40.78,16.61,25.75,25.08,35.35,37.5,1.58,7.32,47.24,15.64,40.54,84.15,40.17,16.51,36.23,0.99,41.8,11.0,40.0,0.59,52.33,4.72,0.0,1.58,37.12,13.18,12.5,3.76,45.89,16.66,26.31,0.0,41.55,230.0
8031,47,107,833,0.48,41.87,21.09,44.42,23.4,42.25,68.42,2.29,2.53,44.71,23.62,42.85,88.17,41.68,20.99,41.45,1.44,50.25,22.05,75.0,0.36,51.0,27.51,33.33,4.1,37.7,18.48,32.35,1.08,39.44,26.34,44.44,0.0,47.61,461.0
8032,47,108,956,0.2,39.44,18.91,40.58,21.26,39.53,43.9,4.29,2.2,52.14,18.61,57.14,86.47,38.79,18.95,39.15,1.15,38.45,14.67,90.9,0.2,38.0,16.97,50.0,5.13,42.77,16.05,22.44,0.52,45.4,12.46,40.0,0.0,30.16,533.0
8033,47,109,1067,0.18,41.63,19.2,42.92,19.03,39.64,41.5,4.97,2.34,42.56,16.0,52.0,87.41,41.62,19.22,39.74,0.46,43.0,25.26,100.0,0.37,58.0,16.69,25.0,3.47,33.48,18.37,27.02,0.93,55.1,18.99,10.0,0.0,25.48,649.0
8034,47,112,863,0.34,42.17,19.66,30.42,22.65,40.09,71.42,0.81,3.95,55.5,19.45,47.05,91.51,41.66,19.59,40.15,0.93,34.0,16.62,62.5,0.11,66.0,0.0,0.0,1.62,48.85,11.31,21.42,1.04,34.66,17.42,11.11,0.0,43.59,525.0
8035,47,113,1103,0.54,41.23,18.78,37.33,14.79,41.06,55.55,0.82,6.19,49.35,22.49,48.52,87.51,40.2,18.11,40.2,1.27,35.42,16.64,85.71,0.54,57.0,19.18,16.66,2.64,42.93,19.38,24.13,1.0,62.18,17.82,27.27,0.0,30.23,602.0
8036,47,117,852,0.23,41.47,19.92,47.36,17.16,42.72,72.72,1.29,2.82,55.0,21.89,41.66,91.64,40.91,19.98,42.23,1.05,31.33,6.94,100.0,0.0,0.0,0.0,0.0,2.0,39.58,14.67,35.29,1.17,53.7,9.11,20.0,0.0,32.38,461.0
8037,47,121,1033,2.03,42.69,20.75,44.41,22.05,41.14,41.66,1.18,5.23,48.81,21.73,50.94,87.64,41.53,20.43,40.92,0.98,36.9,13.05,80.0,0.09,37.0,0.0,0.0,3.55,42.16,16.65,25.0,1.28,60.53,25.19,46.15,0.0,27.76,526.0
8038,47,122,990,0.1,41.6,18.57,43.04,19.44,41.61,41.57,8.99,3.03,41.1,15.52,53.33,81.29,41.17,18.69,41.04,1.31,37.76,11.27,84.61,0.5,26.0,14.88,20.0,2.83,45.67,18.91,39.28,2.02,53.4,12.7,25.0,0.0,33.77,512.0
8039,47,125,795,0.0,41.42,19.26,52.0,21.39,40.75,42.85,0.88,2.76,54.81,14.27,63.63,91.94,40.85,19.25,39.94,1.0,29.75,15.93,87.5,0.37,63.0,8.88,33.33,2.13,38.76,17.23,29.41,0.88,58.57,12.17,28.57,0.0,34.99,405.0
8040,47,127,1063,0.84,41.22,19.21,38.12,25.67,41.67,87.5,0.75,18.31,55.34,19.47,33.67,76.28,38.05,17.62,42.28,1.51,34.81,15.25,75.0,0.0,0.0,0.0,0.0,2.37,38.11,17.13,40.0,0.75,29.12,23.11,50.0,0.0,42.19,560.0
8041,47,131,690,0.43,40.66,19.92,37.46,22.2,40.57,53.84,1.89,2.91,54.1,24.6,60.0,90.68,40.11,19.57,39.8,1.01,41.71,10.81,85.71,0.0,0.0,0.0,0.0,2.32,39.0,18.64,18.75,1.16,50.37,28.21,25.0,0.0,50.18,375.0
8042,47,133,672,0.74,41.88,19.99,39.0,9.64,44.64,100.0,0.44,3.59,49.7,20.85,54.16,90.25,41.52,20.0,43.18,1.94,33.84,12.1,84.61,0.14,32.0,0.0,100.0,2.69,40.05,14.52,38.88,0.89,48.33,28.83,33.33,0.0,34.37,353.0
8043,47,134,864,0.34,40.89,19.79,37.41,21.3,40.74,52.94,1.97,3.94,46.5,24.97,47.05,88.03,40.88,19.4,40.76,0.81,30.14,23.87,85.71,0.0,0.0,0.0,0.0,4.06,35.62,20.85,28.57,1.16,50.7,13.19,10.0,0.0,46.36,484.0
8044,47,136,882,0.22,41.67,20.41,46.32,24.26,41.95,36.0,2.84,4.54,47.97,20.58,40.0,87.5,41.11,20.24,42.33,0.68,35.66,7.25,100.0,0.22,35.5,4.94,50.0,3.4,44.1,23.65,30.0,0.79,44.28,14.51,42.85,0.0,49.45,456.0
8045,47,137,1039,0.48,42.76,19.43,48.55,24.8,40.51,55.55,0.87,2.9,52.3,21.23,50.0,89.94,42.2,19.28,40.32,0.96,40.0,18.66,90.0,0.0,0.0,0.0,0.0,3.67,42.21,16.39,28.94,1.64,53.23,19.15,17.64,0.0,34.48,567.0
8046,47,138,1018,0.88,41.62,19.73,60.83,31.64,40.96,66.66,0.59,2.67,53.7,13.33,37.03,92.26,41.12,19.67,40.81,0.59,31.33,16.53,83.33,0.39,51.75,11.61,0.0,2.18,42.77,22.91,45.45,1.28,42.23,19.1,46.15,0.0,30.27,575.0
8047,47,139,1056,0.85,39.28,18.8,46.18,16.27,44.03,59.09,2.1,3.43,43.47,23.3,50.0,88.44,38.84,18.85,43.3,1.05,31.72,6.55,81.81,0.19,48.5,13.43,0.0,3.62,39.89,13.91,42.1,1.14,41.08,19.69,33.33,0.0,32.13,556.0
8048,47,140,869,0.69,41.63,18.31,47.29,24.68,42.46,50.0,2.78,4.17,54.86,20.78,44.44,84.58,40.02,17.52,42.19,1.04,34.77,6.79,66.66,0.34,54.66,5.85,33.33,5.67,48.28,16.6,28.57,1.39,51.16,26.3,75.0,0.0,34.56,443.0
8049,47,141,828,0.24,40.83,20.45,43.36,24.79,41.18,63.63,1.33,4.23,49.65,19.02,51.42,88.01,40.37,20.33,39.47,1.69,37.5,14.18,85.71,0.12,39.0,0.0,100.0,3.51,40.75,22.49,41.37,1.08,44.55,29.95,33.33,0.0,31.68,406.0
8050,47,142,646,0.3,38.99,18.39,42.42,20.38,42.1,52.63,2.95,2.32,48.33,20.34,46.66,89.44,38.63,18.32,41.84,1.24,26.5,11.57,75.0,0.0,0.0,0.0,0.0,2.95,38.21,14.93,31.57,1.08,51.14,19.7,28.57,0.0,33.74,307.0
8051,47,144,573,0.17,39.29,18.56,46.3,20.31,43.1,70.0,1.74,11.71,57.62,18.89,44.77,75.34,35.72,16.84,41.99,1.92,33.63,12.66,81.81,1.22,53.28,8.57,14.28,7.51,45.3,17.03,34.88,0.52,23.33,22.12,100.0,0.0,33.29,281.0
8052,47,145,1056,0.0,40.15,19.89,45.4,26.41,43.27,60.0,0.94,3.12,51.33,19.6,69.69,89.29,39.95,19.7,41.88,1.79,38.31,13.03,63.15,0.09,52.0,0.0,0.0,3.59,31.26,20.37,42.1,1.13,50.41,22.9,41.66,0.0,37.99,545.0
8053,47,146,741,0.4,42.64,19.57,44.0,16.89,40.08,53.84,1.76,4.2,46.7,18.49,51.61,86.85,42.4,19.76,39.31,0.94,34.14,12.53,85.71,0.4,44.0,4.35,33.33,5.14,41.1,18.7,31.57,0.67,68.59,16.53,20.0,0.0,33.78,393.0
8054,47,147,747,0.0,42.06,19.98,43.66,21.07,40.16,77.77,1.2,2.54,50.47,22.56,68.42,89.82,41.75,19.99,39.64,0.93,29.14,5.39,85.71,0.4,57.66,10.78,33.33,4.14,40.54,18.79,19.35,0.93,60.0,12.06,14.28,0.0,34.47,399.0
8055,47,148,879,0.79,42.3,19.86,47.08,14.34,41.97,41.66,1.37,4.47,54.07,18.75,51.28,87.95,41.19,19.8,40.8,0.34,33.33,5.13,100.0,0.22,69.5,4.94,100.0,4.81,43.61,16.1,40.47,0.8,53.0,30.68,71.42,0.0,48.35,507.0
8056,47,150,804,0.99,43.55,19.66,34.0,23.47,38.68,83.33,1.5,4.64,54.18,22.37,40.54,87.81,43.02,19.66,37.62,0.75,35.5,9.73,83.33,0.37,57.33,5.85,33.33,4.02,42.93,12.08,31.25,0.87,55.71,12.27,28.57,0.0,50.24,463.0
8057,47,151,423,0.94,39.86,19.44,44.75,33.83,40.66,75.0,0.95,3.57,49.13,19.42,40.0,85.2,39.03,19.46,41.73,0.23,23.0,0.0,0.0,0.47,46.5,0.7,0.0,7.39,41.93,15.85,25.8,2.14,46.11,18.22,44.44,0.0,33.28,221.0
8058,47,152,896,0.0,42.81,20.44,42.33,20.64,42.74,100.0,0.33,3.23,50.62,13.69,37.93,88.28,42.85,20.76,43.23,1.11,35.29,6.65,60.0,0.0,0.0,0.0,0.0,5.24,39.02,18.22,36.17,1.78,42.62,24.02,25.0,0.0,32.27,495.0
8059,47,154,520,0.96,38.71,18.95,48.66,19.4,37.69,66.66,2.33,3.3,51.88,25.21,35.29,86.01,37.25,18.07,36.56,0.19,0.0,0.0,100.0,0.19,42.0,0.0,100.0,6.01,45.61,19.96,38.7,1.94,43.1,21.92,50.0,0.0,27.77,281.0
8060,47,155,754,0.66,43.16,18.46,41.7,19.81,39.25,80.0,1.33,5.07,55.02,19.0,63.15,88.11,42.18,17.98,37.42,0.13,32.0,0.0,100.0,0.0,0.0,0.0,0.0,4.67,44.34,20.42,34.28,0.66,58.4,17.67,40.0,0.0,56.31,412.0
8061,47,158,980,0.51,43.05,20.22,49.0,17.97,45.0,55.55,0.92,4.2,54.02,24.58,53.65,88.71,42.41,19.78,44.39,1.02,33.0,8.8,80.0,0.0,0.0,0.0,0.0,3.89,41.44,21.32,39.47,1.23,53.66,24.99,41.66,0.0,33.42,511.0
8062,47,159,505,0.19,44.05,20.24,42.0,16.08,39.6,75.0,0.79,2.77,55.35,28.49,64.28,93.65,43.73,20.03,38.77,0.39,17.5,24.74,100.0,0.0,0.0,0.0,0.0,2.18,47.09,11.75,27.27,0.19,37.0,0.0,0.0,0.0,32.57,286.0
8063,47,160,1034,0.48,42.89,19.53,50.38,15.63,41.39,53.84,1.26,5.53,52.43,23.43,64.91,89.21,42.07,19.15,40.3,0.68,36.28,17.21,100.0,0.0,0.0,0.0,0.0,1.74,40.22,20.58,22.22,1.55,50.5,19.05,12.5,0.0,33.92,567.0
8064,47,162,969,0.0,42.81,18.86,38.7,17.54,39.62,30.0,1.03,2.27,50.22,14.41,31.81,91.53,42.65,18.89,40.13,0.61,43.66,13.24,83.33,0.1,36.0,0.0,100.0,3.19,36.64,17.78,29.03,1.23,61.16,18.84,25.0,0.0,35.99,512.0
8065,47,163,419,0.0,41.88,19.63,60.25,14.26,41.28,100.0,1.9,2.14,55.33,24.31,66.66,90.21,41.39,19.47,38.62,0.47,34.0,5.65,100.0,0.23,48.0,0.0,0.0,3.57,35.13,18.29,53.33,1.43,46.66,19.13,50.0,0.0,30.05,240.0
8066,47,164,1066,0.0,42.16,19.4,34.42,25.25,41.55,57.14,0.65,0.46,45.6,27.4,60.0,93.99,42.16,19.42,41.31,0.56,36.0,11.81,100.0,0.0,0.0,0.0,0.0,2.9,39.64,15.11,38.7,1.4,52.33,21.37,26.66,0.0,31.92,580.0
8067,47,165,1117,0.44,43.23,20.41,48.85,16.62,40.91,57.14,1.25,4.94,53.81,19.27,54.54,85.34,42.29,20.11,39.19,1.52,30.82,20.26,82.35,0.08,27.0,0.0,0.0,6.02,46.64,21.74,38.8,0.8,61.11,22.16,33.33,0.0,31.21,611.0
8068,47,166,736,0.54,43.15,20.08,46.16,25.16,39.13,58.33,1.63,4.64,56.47,22.34,55.88,83.19,42.0,19.63,37.27,1.36,46.0,14.39,80.0,0.0,0.0,0.0,0.0,7.37,44.46,18.99,33.33,1.77,48.61,26.83,46.15,0.0,30.23,395.0
8069,47,168,1057,0.47,42.12,19.58,42.41,21.47,42.19,42.85,6.65,3.51,56.1,18.43,40.54,82.98,41.25,19.23,42.61,0.76,37.75,14.52,75.0,0.76,53.87,17.51,25.0,3.42,40.11,19.47,30.55,1.9,52.55,18.26,45.0,0.0,28.29,527.0
8070,47,169,900,0.88,42.67,20.3,46.5,17.24,41.66,56.25,1.79,4.59,54.56,21.86,58.53,85.98,42.12,19.81,40.67,1.0,23.22,24.7,55.55,0.0,0.0,0.0,0.0,5.49,43.95,20.14,38.77,1.12,36.4,20.86,40.0,0.0,31.86,482.0
8071,47,170,579,0.0,43.19,19.5,43.0,25.42,40.06,77.77,1.55,4.66,57.66,19.62,44.44,84.97,42.66,19.35,39.83,1.38,36.0,16.69,75.0,0.17,53.0,0.0,0.0,5.0,40.48,15.12,24.13,2.24,42.92,21.94,30.76,0.0,32.98,330.0
8072,47,171,890,0.67,43.25,19.42,44.21,20.33,43.48,36.17,10.63,2.26,48.2,25.6,40.0,81.22,43.04,18.91,44.42,1.35,34.16,8.08,75.0,0.22,35.0,7.07,100.0,2.37,46.04,20.48,28.57,1.92,47.64,27.41,29.41,0.0,33.43,417.0
8073,47,174,797,0.5,43.16,19.63,42.85,18.79,42.53,35.71,1.76,3.9,57.19,20.19,67.74,85.62,42.31,19.48,40.64,1.26,33.7,15.15,70.0,0.25,30.0,42.42,100.0,5.92,46.97,17.76,46.8,1.26,52.6,15.85,50.0,0.0,32.22,415.0
8074,47,176,898,0.66,41.29,19.9,36.11,16.08,44.43,40.25,8.63,5.71,53.62,26.14,45.09,77.91,40.34,19.36,44.6,1.12,36.5,12.44,80.0,0.11,36.0,0.0,0.0,5.71,47.62,19.21,37.25,0.78,52.14,20.3,57.14,0.0,29.84,432.0
8075,47,177,671,0.89,41.1,20.73,54.57,21.52,38.59,42.85,1.05,2.25,50.46,18.59,73.33,88.12,40.56,20.54,35.66,1.95,25.84,19.6,84.61,0.0,0.0,0.0,0.0,5.71,45.05,18.52,42.1,0.9,36.0,25.65,66.66,0.0,54.84,324.0
8076,47,179,770,1.03,42.16,21.44,50.0,15.67,43.11,60.0,1.96,3.54,49.85,25.89,48.14,85.43,41.19,20.9,41.93,1.96,29.46,18.27,66.66,0.52,36.5,24.67,0.0,5.38,49.29,24.86,46.34,1.18,55.55,17.47,55.55,0.0,45.07,427.0
8077,47,180,327,0.61,41.42,19.33,49.91,23.06,40.06,50.0,3.69,4.61,58.06,14.98,53.33,81.53,40.1,19.16,38.11,1.84,31.0,8.62,33.33,0.61,44.5,16.26,50.0,7.07,41.56,17.55,47.82,0.61,71.5,20.5,0.0,0.0,35.75,172.0
8078,47,1,584,0.85,42.37,18.64,47.0,16.04,40.41,63.63,1.89,1.89,40.09,23.06,54.54,92.74,41.99,18.42,39.47,0.86,45.0,23.91,100.0,0.0,0.0,0.0,0.0,1.55,40.88,14.17,33.33,1.03,56.66,30.06,16.66,0.0,0.0,316.0
8079,47,2,740,0.27,41.87,18.72,56.8,8.07,40.13,80.0,0.67,3.25,54.12,16.49,33.33,92.41,41.2,18.81,40.17,0.94,35.0,4.04,100.0,0.0,0.0,0.0,0.0,1.35,37.79,13.87,30.0,1.35,58.5,11.98,10.0,0.0,0.0,454.0
8080,47,3,0,0.0,0.0,0.0,0.0,0.0,0.0,0.0,0.0,0.0,0.0,0.0,0.0,0.0,0.0,0.0,0.0,0.0,0.0,0.0,0.0,0.0,0.0,0.0,0.0,0.0,0.0,0.0,0.0,0.0,0.0,0.0,0.0,0.0,0.0,0.0
8081,47,4,828,0.84,42.72,19.56,49.77,20.45,43.23,55.55,1.09,5.23,49.9,21.41,60.46,90.62,41.89,19.34,42.06,0.48,30.75,2.62,100.0,0.0,0.0,0.0,0.0,1.21,46.6,10.43,20.0,1.33,56.81,24.7,36.36,0.0,0.0,454.0
8082,47,5,940,0.53,40.57,19.38,38.4,18.9,40.21,46.66,1.6,3.1,43.79,17.88,55.17,90.16,40.41,19.42,40.09,0.74,31.42,9.44,100.0,0.21,42.5,0.7,50.0,2.45,35.13,15.27,13.04,1.71,54.81,18.54,31.25,0.0,0.0,481.0
8083,47,6,0,0.0,0.0,0.0,0.0,0.0,0.0,0.0,0.0,0.0,0.0,0.0,0.0,0.0,0.0,0.0,0.0,0.0,0.0,0.0,0.0,0.0,0.0,0.0,0.0,0.0,0.0,0.0,0.0,0.0,0.0,0.0,0.0,0.0,0.0,0.0
8084,47,7,983,0.1,41.6,19.78,54.08,27.21,40.79,66.66,1.22,2.03,40.9,22.44,70.0,92.56,41.49,19.49,39.38,1.12,30.72,17.75,100.0,0.2,63.0,14.14,50.0,1.12,32.54,23.58,36.36,1.73,49.41,19.92,29.41,0.0,0.0,523.0
8085,47,8,1037,0.09,40.98,19.79,46.92,19.06,43.0,78.57,1.35,1.83,40.84,21.67,63.15,91.4,40.88,19.87,42.23,0.96,34.29,22.15,80.0,0.48,60.0,25.26,20.0,3.08,39.87,15.62,34.37,0.86,45.0,12.91,33.33,0.0,0.0,584.0
8086,47,9,892,0.11,39.36,19.24,38.0,14.6,41.81,100.0,0.67,3.03,52.03,20.72,55.55,91.13,39.09,19.05,41.0,1.23,34.81,7.11,81.81,0.44,42.5,6.02,25.0,1.9,30.52,23.32,23.52,1.57,45.71,23.76,35.71,0.0,0.0,502.0
8087,47,10,992,0.3,41.9,19.12,52.88,15.44,40.62,70.58,1.71,2.32,43.39,18.08,69.56,90.19,41.55,19.07,39.12,1.21,37.33,19.14,91.66,0.3,35.0,6.24,33.33,2.73,41.48,22.31,29.62,1.51,51.06,19.87,33.33,0.0,0.0,564.0
8088,47,11,972,0.3,42.38,18.9,44.46,19.98,41.15,61.53,1.34,1.65,57.06,14.31,68.75,89.57,42.03,18.87,40.09,1.03,33.7,20.92,100.0,0.0,0.0,0.0,0.0,5.05,42.81,15.42,38.77,1.34,44.3,25.19,23.07,0.0,0.0,593.0
8089,47,12,0,0.0,0.0,0.0,0.0,0.0,0.0,0.0,0.0,0.0,0.0,0.0,0.0,0.0,0.0,0.0,0.0,0.0,0.0,0.0,0.0,0.0,0.0,0.0,0.0,0.0,0.0,0.0,0.0,0.0,0.0,0.0,0.0,0.0,0.0,0.0
8090,47,13,0,0.0,0.0,0.0,0.0,0.0,0.0,0.0,0.0,0.0,0.0,0.0,0.0,0.0,0.0,0.0,0.0,0.0,0.0,0.0,0.0,0.0,0.0,0.0,0.0,0.0,0.0,0.0,0.0,0.0,0.0,0.0,0.0,0.0,0.0,0.0
8091,47,14,906,0.11,41.71,17.91,46.33,18.29,42.6,22.22,0.99,1.87,42.82,18.36,47.05,91.93,41.41,17.94,42.18,0.55,39.79,18.15,80.0,0.0,0.0,0.0,0.0,3.97,46.8,16.96,50.0,0.66,42.33,20.98,33.33,0.0,0.0,468.0
8092,47,15,883,0.11,41.25,19.37,46.57,20.35,43.26,35.71,1.58,3.4,59.36,21.67,50.0,87.86,40.56,18.97,43.22,1.58,36.64,18.8,92.85,0.11,50.0,0.0,0.0,4.53,39.07,17.41,27.5,0.9,46.75,26.96,25.0,0.0,0.0,474.0
8093,47,16,0,0.0,0.0,0.0,0.0,0.0,0.0,0.0,0.0,0.0,0.0,0.0,0.0,0.0,0.0,0.0,0.0,0.0,0.0,0.0,0.0,0.0,0.0,0.0,0.0,0.0,0.0,0.0,0.0,0.0,0.0,0.0,0.0,0.0,0.0,0.0
8094,47,17,0,0.0,0.0,0.0,0.0,0.0,0.0,0.0,0.0,0.0,0.0,0.0,0.0,0.0,0.0,0.0,0.0,0.0,0.0,0.0,0.0,0.0,0.0,0.0,0.0,0.0,0.0,0.0,0.0,0.0,0.0,0.0,0.0,0.0,0.0,0.0
8095,47,18,973,0.92,40.9,19.73,48.53,23.5,40.08,38.46,1.34,2.38,51.95,22.87,47.82,88.69,40.15,19.48,39.88,1.45,43.35,16.33,85.71,0.51,45.8,9.2,40.0,4.97,39.27,20.19,29.16,0.62,64.16,12.99,33.33,0.0,0.0,459.0
8096,47,19,0,0.0,0.0,0.0,0.0,0.0,0.0,0.0,0.0,0.0,0.0,0.0,0.0,0.0,0.0,0.0,0.0,0.0,0.0,0.0,0.0,0.0,0.0,0.0,0.0,0.0,0.0,0.0,0.0,0.0,0.0,0.0,0.0,0.0,0.0,0.0
8097,47,20,916,0.76,41.64,19.5,41.29,18.46,41.7,35.18,5.94,2.31,56.42,15.36,47.61,83.38,41.25,19.62,41.95,1.65,36.2,16.79,86.66,0.44,33.5,25.85,0.0,5.17,39.04,18.59,31.91,1.1,52.3,12.42,40.0,0.0,0.0,484.0
8098,47,21,983,0.3,41.42,19.89,49.0,20.0,43.03,64.28,1.42,1.93,59.0,12.51,63.15,89.18,41.14,20.04,42.56,0.81,35.75,18.62,75.0,0.0,0.0,0.0,0.0,5.2,38.09,15.46,31.37,1.42,43.14,20.36,50.0,0.0,0.0,543.0
8099,47,22,760,0.52,41.24,18.37,48.76,19.72,40.78,53.84,1.71,3.3,53.12,21.78,40.0,90.07,40.69,18.09,40.38,0.66,34.6,9.81,100.0,0.13,49.0,0.0,0.0,3.43,39.03,18.9,34.61,0.66,46.0,26.07,0.0,0.0,0.0,424.0
8100,47,23,757,0.79,42.18,18.77,32.71,21.6,40.42,57.14,1.86,1.86,49.71,23.55,78.57,90.67,42.28,18.56,39.06,0.79,30.33,17.46,100.0,0.0,0.0,0.0,0.0,4.12,40.87,19.15,32.25,0.66,52.8,15.95,40.0,0.0,0.0,423.0
8101,47,24,723,0.41,41.16,18.15,39.14,21.41,40.24,71.42,0.97,1.66,42.66,19.46,58.33,93.88,40.96,18.1,39.05,0.69,41.6,12.42,80.0,0.0,0.0,0.0,0.0,2.08,42.73,16.62,40.0,0.69,62.2,10.89,60.0,0.0,0.0,413.0
8102,47,25,808,0.24,41.95,19.89,46.57,22.45,40.96,71.42,1.73,1.36,39.81,13.89,45.45,91.93,41.99,19.46,39.81,0.99,33.12,30.4,100.0,0.12,55.0,0.0,100.0,2.85,35.6,25.39,34.78,0.99,61.37,18.61,37.5,0.0,0.0,475.0
8103,47,26,0,0.0,0.0,0.0,0.0,0.0,0.0,0.0,0.0,0.0,0.0,0.0,0.0,0.0,0.0,0.0,0.0,0.0,0.0,0.0,0.0,0.0,0.0,0.0,0.0,0.0,0.0,0.0,0.0,0.0,0.0,0.0,0.0,0.0,0.0,0.0
8104,47,27,746,1.34,40.17,19.12,54.31,14.75,41.68,87.5,2.17,5.43,46.5,20.81,57.5,83.83,38.91,18.53,37.43,3.12,41.21,25.06,78.26,0.13,32.0,0.0,0.0,3.94,39.82,17.74,41.37,1.35,43.2,20.44,80.0,0.0,0.0,369.0
8105,47,28,987,0.81,42.01,20.3,37.0,28.43,42.24,68.75,1.63,5.51,51.37,22.14,57.4,88.96,41.28,19.8,40.18,1.22,34.66,12.7,91.66,0.0,0.0,0.0,0.0,1.83,45.72,20.36,33.33,0.81,54.5,32.41,37.5,0.0,0.0,576.0
8106,47,29,914,0.87,40.06,18.83,39.66,19.37,37.74,52.83,5.84,5.51,46.66,19.55,38.0,82.89,39.21,18.54,37.15,0.77,33.14,22.54,85.71,0.22,56.5,41.71,0.0,2.09,39.63,15.53,21.05,2.64,47.12,18.64,33.33,0.0,0.0,487.0
8107,47,30,749,0.93,43.54,18.9,52.77,14.05,42.99,55.55,1.21,4.85,47.86,23.28,72.22,90.02,42.75,18.53,40.56,0.94,38.14,7.53,85.71,0.0,0.0,0.0,0.0,2.42,48.05,21.59,38.88,0.53,58.25,15.06,75.0,0.0,0.0,437.0
8108,47,31,968,0.51,42.5,19.53,39.23,15.87,41.11,56.66,3.11,4.36,53.04,23.44,54.76,89.09,41.95,19.24,39.97,0.51,49.8,25.16,80.0,0.41,34.75,26.14,50.0,1.97,42.94,15.68,15.78,0.51,38.2,25.04,20.0,0.0,0.0,547.0
8109,47,32,794,0.75,40.61,17.29,53.33,13.27,42.31,100.0,1.14,7.86,52.3,18.79,53.22,87.05,39.04,16.56,39.79,0.88,34.42,4.75,100.0,0.12,54.0,0.0,100.0,1.9,47.26,15.84,20.0,1.01,43.37,21.07,50.0,0.0,0.0,463.0
8110,47,33,810,0.61,42.2,18.82,42.66,9.91,40.24,44.44,1.11,4.22,51.23,21.04,55.88,90.43,41.59,18.84,39.28,0.86,38.0,7.09,100.0,0.12,86.0,0.0,0.0,2.48,41.5,12.89,30.0,0.74,48.66,20.04,16.66,0.0,0.0,448.0
8111,47,34,901,0.77,39.56,18.91,46.57,16.95,41.84,71.42,2.34,4.69,52.21,19.56,47.61,89.26,38.41,18.43,40.72,1.0,39.44,20.3,77.77,0.0,0.0,0.0,0.0,1.0,25.77,20.35,22.22,1.67,53.0,18.31,26.66,0.0,0.0,519.0
8112,47,35,638,0.47,42.36,17.82,37.9,13.81,41.69,60.0,1.57,2.99,51.89,15.62,47.36,91.96,42.07,17.86,40.58,0.78,48.2,17.31,100.0,0.47,52.0,8.66,0.0,1.73,30.36,11.48,36.36,0.47,48.0,6.08,100.0,0.0,0.0,375.0
8113,47,36,582,0.51,40.83,17.53,51.11,15.1,43.64,55.55,1.55,3.45,53.15,19.88,85.0,88.25,40.25,17.35,40.9,2.24,35.76,9.41,69.23,0.34,18.0,25.45,50.0,3.28,44.68,16.42,52.63,0.86,42.8,6.45,20.0,0.0,0.0,312.0
8114,47,37,612,0.32,39.17,17.06,37.92,19.86,40.68,42.3,4.26,3.27,52.25,23.37,50.0,87.21,38.76,16.49,39.28,1.63,30.4,15.66,80.0,0.49,40.66,17.92,33.33,2.13,39.3,18.94,38.46,0.98,48.33,13.58,66.66,0.0,0.0,317.0
8115,47,38,0,0.0,0.0,0.0,0.0,0.0,0.0,0.0,0.0,0.0,0.0,0.0,0.0,0.0,0.0,0.0,0.0,0.0,0.0,0.0,0.0,0.0,0.0,0.0,0.0,0.0,0.0,0.0,0.0,0.0,0.0,0.0,0.0,0.0,0.0,0.0
8116,47,39,811,0.24,42.28,20.58,40.14,20.25,40.56,57.14,0.86,1.97,47.37,14.35,62.5,90.72,41.86,20.92,40.87,0.61,47.4,20.48,100.0,0.0,0.0,0.0,0.0,4.44,43.33,16.2,22.22,1.35,54.45,16.25,18.18,0.0,0.0,415.0
8117,47,40,811,0.73,41.28,20.36,38.6,24.9,39.21,40.0,1.24,1.98,47.68,23.64,43.75,87.57,40.54,20.35,38.72,1.11,32.33,7.26,66.66,0.49,37.0,24.95,25.0,6.58,48.13,18.6,39.62,0.99,50.62,13.28,25.0,0.0,0.0,435.0
8118,47,41,800,0.12,41.91,19.1,47.5,26.34,40.74,83.33,0.75,1.75,38.28,15.72,50.0,89.86,41.62,18.98,40.52,1.5,43.5,20.66,75.0,0.0,0.0,0.0,0.0,4.63,45.78,18.87,27.02,1.5,45.58,25.89,25.0,0.0,0.0,403.0
8119,47,42,0,0.0,0.0,0.0,0.0,0.0,0.0,0.0,0.0,0.0,0.0,0.0,0.0,0.0,0.0,0.0,0.0,0.0,0.0,0.0,0.0,0.0,0.0,0.0,0.0,0.0,0.0,0.0,0.0,0.0,0.0,0.0,0.0,0.0,0.0,0.0
8120,47,43,923,0.32,42.69,20.12,42.0,19.92,40.41,60.86,2.5,2.93,42.66,19.72,55.55,86.08,42.28,20.17,39.52,1.08,37.6,13.94,90.0,0.32,40.0,11.53,0.0,5.65,46.78,19.85,36.53,1.41,52.53,21.92,15.38,0.0,0.0,519.0
8121,47,44,0,0.0,0.0,0.0,0.0,0.0,0.0,0.0,0.0,0.0,0.0,0.0,0.0,0.0,0.0,0.0,0.0,0.0,0.0,0.0,0.0,0.0,0.0,0.0,0.0,0.0,0.0,0.0,0.0,0.0,0.0,0.0,0.0,0.0,0.0,0.0
8122,47,45,920,0.1,43.53,20.3,53.0,13.86,42.06,71.42,0.76,3.48,58.62,13.86,53.12,88.9,42.61,20.5,40.63,1.41,40.0,16.79,92.3,0.0,0.0,0.0,0.0,4.67,50.02,16.22,41.86,0.76,36.85,22.43,42.85,0.0,0.0,496.0
8123,47,46,768,0.52,43.53,19.59,49.9,10.76,40.1,30.0,1.3,4.18,49.15,14.75,53.12,84.29,42.98,19.85,40.21,0.52,16.5,19.33,100.0,0.78,62.16,25.01,16.66,7.85,44.36,15.46,30.0,1.04,43.37,29.25,62.5,0.0,0.0,420.0
8124,47,47,701,0.28,42.21,19.24,40.11,22.87,40.08,55.55,1.28,2.14,48.93,20.51,53.33,89.41,41.81,18.75,40.0,0.57,40.5,41.12,25.0,0.14,37.0,0.0,0.0,5.29,44.13,21.88,37.83,1.14,50.0,23.9,25.0,0.0,0.0,382.0
8125,47,48,751,0.53,43.56,20.16,42.87,6.03,37.68,50.0,1.07,3.61,48.81,22.27,37.03,88.35,43.25,20.3,37.27,1.07,34.0,16.03,62.5,0.26,46.0,2.82,50.0,4.28,43.9,18.41,37.5,1.33,53.8,13.4,40.0,0.0,0.0,441.0
8126,47,49,808,0.12,42.67,19.43,42.8,13.57,42.69,80.0,0.61,3.22,49.84,21.1,42.3,87.85,42.37,19.42,43.15,1.23,45.0,19.44,60.0,0.24,55.5,4.94,50.0,6.44,41.71,19.53,30.76,0.37,42.0,11.78,33.33,0.0,0.0,464.0
8127,47,50,1100,0.09,40.66,19.25,50.53,19.11,42.09,69.23,1.18,2.45,48.59,19.91,37.03,92.44,40.31,19.2,42.12,1.36,33.93,20.61,66.66,0.0,0.0,0.0,0.0,2.18,41.25,15.82,16.66,0.36,59.75,19.53,25.0,0.0,0.0,549.0
8128,47,52,1092,0.09,41.56,20.54,39.0,24.55,44.78,60.0,1.37,2.93,55.03,18.15,65.62,88.26,40.82,20.05,43.09,1.46,42.81,25.39,81.25,0.09,88.0,0.0,0.0,4.39,40.35,20.32,47.91,1.46,58.43,27.11,43.75,0.0,0.0,593.0
8129,47,53,944,0.52,42.21,18.9,53.37,20.9,44.17,50.0,0.85,4.57,49.58,23.32,58.13,87.11,41.41,18.49,44.49,1.06,37.0,9.7,80.0,0.1,52.0,0.0,0.0,5.21,44.02,20.74,26.53,1.06,55.1,14.23,20.0,0.0,0.0,508.0
8130,47,56,907,0.11,42.22,20.16,34.05,17.68,41.12,61.11,1.98,2.86,55.46,19.21,42.3,91.61,41.84,20.11,40.48,0.66,47.5,19.94,100.0,0.11,67.0,0.0,0.0,1.98,44.66,17.4,38.88,0.77,43.14,26.92,14.28,0.0,0.0,476.0
8131,47,58,921,0.0,42.37,19.43,46.0,16.22,41.25,57.14,0.76,0.65,59.33,29.89,33.33,95.54,42.26,19.4,41.02,0.76,29.14,14.27,57.14,0.0,0.0,0.0,0.0,0.97,40.55,10.6,33.33,1.3,48.91,21.06,50.0,0.0,0.0,450.0
8132,47,60,0,0.0,0.0,0.0,0.0,0.0,0.0,0.0,0.0,0.0,0.0,0.0,0.0,0.0,0.0,0.0,0.0,0.0,0.0,0.0,0.0,0.0,0.0,0.0,0.0,0.0,0.0,0.0,0.0,0.0,0.0,0.0,0.0,0.0,0.0,0.0
8133,47,61,800,0.0,40.47,19.0,46.18,19.63,42.87,36.36,1.37,0.87,61.42,20.47,57.14,94.0,40.12,18.9,42.68,0.87,35.57,10.58,85.71,0.12,63.0,0.0,0.0,1.5,43.41,17.93,33.33,1.25,43.2,23.75,40.0,0.0,0.0,409.0
8134,47,62,764,0.0,38.57,18.88,56.25,13.76,41.62,50.0,0.52,2.09,54.18,13.85,56.25,93.58,38.15,18.94,41.25,1.43,37.81,18.59,72.72,0.0,0.0,0.0,0.0,1.96,35.86,15.53,20.0,0.39,46.66,2.3,33.33,0.0,0.0,401.0
8135,47,66,947,0.21,41.64,19.75,40.83,20.69,43.5,51.35,3.91,3.17,47.1,24.17,50.0,86.45,41.54,19.38,42.96,1.05,23.1,21.38,70.0,0.21,38.0,53.74,0.0,3.8,42.63,18.42,36.11,1.37,47.46,22.27,46.15,0.0,0.0,514.0
8136,47,68,992,0.1,40.5,18.57,43.84,15.63,41.63,48.0,2.52,3.73,47.91,17.08,43.24,90.01,40.04,18.63,41.14,0.6,30.66,17.38,66.66,0.1,30.0,0.0,0.0,1.51,36.53,16.47,40.0,1.51,53.06,19.01,46.66,0.0,0.0,487.0
8137,47,69,0,0.0,0.0,0.0,0.0,0.0,0.0,0.0,0.0,0.0,0.0,0.0,0.0,0.0,0.0,0.0,0.0,0.0,0.0,0.0,0.0,0.0,0.0,0.0,0.0,0.0,0.0,0.0,0.0,0.0,0.0,0.0,0.0,0.0,0.0,0.0
8138,47,70,708,0.14,43.29,19.55,47.75,14.47,44.35,87.5,1.13,2.54,47.22,30.13,50.0,92.78,43.35,19.33,43.59,0.99,32.42,18.1,85.71,0.14,45.0,0.0,100.0,1.41,32.2,9.47,30.0,0.99,51.0,20.29,28.57,0.0,0.0,373.0
8139,47,71,0,0.0,0.0,0.0,0.0,0.0,0.0,0.0,0.0,0.0,0.0,0.0,0.0,0.0,0.0,0.0,0.0,0.0,0.0,0.0,0.0,0.0,0.0,0.0,0.0,0.0,0.0,0.0,0.0,0.0,0.0,0.0,0.0,0.0,0.0,0.0
8140,47,72,772,0.25,42.2,20.01,44.14,25.95,41.06,71.42,0.9,1.42,46.0,24.48,54.54,91.81,42.11,19.85,39.74,0.77,38.33,11.02,83.33,0.0,0.0,0.0,0.0,2.85,37.36,18.62,50.0,2.2,46.58,23.15,47.05,0.0,0.0,395.0
8141,47,73,566,0.35,41.96,20.12,29.66,15.04,42.93,66.66,0.53,4.43,61.32,11.07,44.0,90.6,40.87,20.04,42.46,1.41,28.37,19.39,100.0,0.0,0.0,0.0,0.0,1.24,46.85,6.96,28.57,1.77,59.0,16.85,20.0,0.0,0.0,298.0
8142,47,74,1051,0.38,43.15,18.77,47.37,13.15,42.53,100.0,0.76,4.87,51.37,20.13,41.17,89.39,42.37,18.54,41.13,2.19,41.21,16.86,91.3,0.19,63.5,28.99,50.0,1.43,50.4,17.06,46.66,1.14,53.66,18.49,8.33,0.0,0.0,592.0
8143,47,75,0,0.0,0.0,0.0,0.0,0.0,0.0,0.0,0.0,0.0,0.0,0.0,0.0,0.0,0.0,0.0,0.0,0.0,0.0,0.0,0.0,0.0,0.0,0.0,0.0,0.0,0.0,0.0,0.0,0.0,0.0,0.0,0.0,0.0,0.0,0.0
8144,47,76,0,0.0,0.0,0.0,0.0,0.0,0.0,0.0,0.0,0.0,0.0,0.0,0.0,0.0,0.0,0.0,0.0,0.0,0.0,0.0,0.0,0.0,0.0,0.0,0.0,0.0,0.0,0.0,0.0,0.0,0.0,0.0,0.0,0.0,0.0,0.0
8145,47,77,1025,0.29,40.15,19.1,59.22,18.07,39.51,33.33,0.88,2.73,49.89,24.08,50.0,92.36,39.57,18.86,38.98,0.88,32.33,8.7,66.66,0.19,38.5,2.12,50.0,2.34,44.41,15.6,33.33,0.58,49.66,32.09,66.66,0.0,0.0,581.0
8146,47,78,1007,0.19,40.97,18.26,33.87,9.49,42.0,50.0,0.79,1.19,41.33,12.5,75.0,93.03,40.94,18.35,41.49,0.59,28.16,15.21,100.0,0.29,41.66,4.16,66.66,2.48,34.72,17.55,36.0,1.59,56.43,11.96,31.25,0.0,0.0,519.0
8147,47,79,974,0.41,41.08,19.75,31.0,3.91,42.71,75.0,0.41,1.23,39.33,27.79,33.33,93.19,41.1,19.75,42.58,1.23,30.58,16.52,75.0,0.0,0.0,0.0,0.0,2.47,34.5,11.59,37.5,1.44,57.07,14.93,14.28,0.0,0.0,539.0
8148,47,81,1144,0.34,40.93,20.19,29.04,19.53,40.38,57.14,1.84,1.84,48.09,16.86,42.85,93.59,40.99,20.1,40.39,0.7,37.75,17.82,50.0,0.0,0.0,0.0,0.0,1.14,32.23,19.61,7.69,0.87,49.7,26.75,50.0,0.0,0.0,649.0
8149,47,82,0,0.0,0.0,0.0,0.0,0.0,0.0,0.0,0.0,0.0,0.0,0.0,0.0,0.0,0.0,0.0,0.0,0.0,0.0,0.0,0.0,0.0,0.0,0.0,0.0,0.0,0.0,0.0,0.0,0.0,0.0,0.0,0.0,0.0,0.0,0.0
8150,47,83,1018,0.19,40.85,19.0,48.2,27.24,41.55,60.0,0.98,3.05,52.03,16.76,32.25,89.07,40.29,18.98,41.98,0.59,26.0,14.08,100.0,0.09,27.0,0.0,0.0,4.82,41.95,15.99,30.61,1.37,49.14,20.52,35.71,0.0,0.0,593.0
8151,47,85,1072,0.65,39.56,18.59,50.6,19.26,40.85,55.0,1.87,2.62,38.53,18.4,42.85,89.01,39.05,18.62,40.71,1.5,39.0,14.65,75.0,0.28,42.66,4.16,0.0,3.94,41.42,15.55,28.57,0.75,46.62,26.19,25.0,0.0,0.0,542.0
8152,47,86,833,0.36,41.39,18.9,29.27,20.35,41.53,63.63,1.32,1.8,46.0,13.46,66.66,91.08,41.16,18.96,40.34,0.72,33.33,4.63,100.0,0.12,65.0,0.0,0.0,3.85,44.93,18.42,34.37,1.08,48.44,15.03,44.44,0.0,0.0,426.0
8153,47,88,868,0.46,39.78,18.25,52.11,18.95,40.43,44.44,2.08,2.77,50.41,21.22,70.83,88.31,38.76,17.85,39.44,1.27,37.0,9.15,90.9,0.46,41.75,22.09,0.0,4.51,44.23,20.67,33.33,0.57,58.8,11.54,40.0,0.0,0.0,445.0
8154,47,91,0,0.0,0.0,0.0,0.0,0.0,0.0,0.0,0.0,0.0,0.0,0.0,0.0,0.0,0.0,0.0,0.0,0.0,0.0,0.0,0.0,0.0,0.0,0.0,0.0,0.0,0.0,0.0,0.0,0.0,0.0,0.0,0.0,0.0,0.0,0.0
8155,47,98,1160,0.0,38.0,17.47,37.96,17.78,40.6,59.37,2.75,1.2,45.28,19.86,21.42,90.51,37.67,17.45,39.52,0.86,29.6,5.81,40.0,0.17,41.5,12.02,50.0,3.62,42.21,14.91,61.9,0.86,52.4,24.4,30.0,0.0,0.0,516.0
8156,47,99,1008,0.09,40.61,18.76,42.93,18.82,40.97,56.25,3.17,1.58,44.18,14.44,62.5,88.87,40.54,18.87,38.65,0.79,37.62,9.11,87.5,0.09,37.0,0.0,100.0,4.36,36.63,19.77,61.36,1.09,52.54,13.68,27.27,0.0,0.0,558.0
8157,47,100,1022,0.0,37.23,18.75,34.0,18.88,41.38,60.0,1.46,2.25,47.82,20.7,56.52,90.01,36.78,18.49,41.84,0.88,37.0,19.35,55.55,0.39,53.25,19.41,0.0,4.01,37.75,22.53,26.82,0.97,50.5,7.54,0.0,0.0,0.0,449.0
8158,47,101,989,0.0,38.37,17.22,30.35,13.91,41.65,57.14,1.41,2.22,47.95,17.33,40.9,89.38,38.2,17.25,41.62,1.31,38.61,11.97,76.92,0.3,56.66,6.11,33.33,4.55,34.44,15.86,26.66,0.8,59.25,7.81,50.0,0.0,0.0,453.0
8159,47,102,796,0.62,42.5,20.04,44.0,21.33,41.45,64.28,1.76,4.04,47.56,25.46,65.62,86.09,41.59,19.61,39.06,1.13,40.66,18.37,55.55,0.37,82.66,17.38,0.0,5.43,47.04,17.0,48.83,1.13,58.88,21.68,55.55,0.0,0.0,422.0
8160,47,104,861,0.81,40.59,19.3,43.77,27.74,43.9,50.0,2.57,3.74,49.18,15.71,71.87,86.88,39.78,19.03,42.04,1.17,25.4,19.13,80.0,0.46,49.75,4.85,75.0,4.09,41.97,14.57,34.28,1.05,58.44,21.54,55.55,0.0,0.0,445.0
8161,47,105,0,0.0,0.0,0.0,0.0,0.0,0.0,0.0,0.0,0.0,0.0,0.0,0.0,0.0,0.0,0.0,0.0,0.0,0.0,0.0,0.0,0.0,0.0,0.0,0.0,0.0,0.0,0.0,0.0,0.0,0.0,0.0,0.0,0.0,0.0,0.0
8162,47,106,750,0.4,42.22,20.18,44.93,21.47,38.93,60.0,2.0,3.48,49.42,16.56,34.61,83.8,41.16,20.37,38.81,1.07,38.25,16.95,75.0,0.66,49.8,18.14,40.0,7.22,44.66,16.86,29.62,1.74,61.53,21.7,46.15,0.0,0.0,374.0
8163,47,110,792,0.75,41.44,19.36,46.76,21.68,43.3,92.3,1.65,4.83,54.07,18.56,42.1,90.07,40.44,19.09,42.65,0.89,44.28,25.49,71.42,0.0,0.0,0.0,0.0,1.9,43.8,21.36,33.33,0.63,50.2,18.19,0.0,0.0,0.0,415.0
8164,47,111,773,0.25,41.3,20.42,37.0,22.72,42.82,100.0,0.77,5.18,52.7,21.79,45.0,88.97,40.42,20.18,42.27,1.29,39.0,21.05,90.0,0.12,58.0,0.0,0.0,2.59,39.75,17.13,35.0,1.03,63.25,14.6,12.5,0.0,0.0,395.0
8165,47,115,1031,0.58,40.69,18.4,37.0,14.01,41.41,36.84,1.85,5.95,48.37,17.09,54.09,87.9,40.15,18.55,40.28,1.56,34.37,12.27,87.5,0.0,0.0,0.0,0.0,1.46,41.66,14.82,33.33,1.26,44.76,19.46,23.07,0.0,0.0,543.0
8166,47,116,918,0.65,42.63,20.48,46.81,24.03,43.24,50.0,1.75,4.93,52.82,19.77,40.0,88.48,41.64,20.32,42.5,1.31,38.16,19.3,91.66,0.0,0.0,0.0,0.0,1.31,45.16,13.65,50.0,2.19,56.65,18.34,35.0,0.0,0.0,468.0
8167,47,118,0,0.0,0.0,0.0,0.0,0.0,0.0,0.0,0.0,0.0,0.0,0.0,0.0,0.0,0.0,0.0,0.0,0.0,0.0,0.0,0.0,0.0,0.0,0.0,0.0,0.0,0.0,0.0,0.0,0.0,0.0,0.0,0.0,0.0,0.0,0.0
8168,47,120,626,0.47,44.37,17.76,50.6,12.79,42.01,100.0,0.8,3.69,54.6,15.53,52.17,90.69,43.22,17.67,40.17,0.96,46.0,19.93,100.0,0.32,65.0,26.87,50.0,2.08,54.38,9.5,46.15,1.44,61.33,17.19,55.55,0.0,0.0,335.0
8169,47,123,0,0.0,0.0,0.0,0.0,0.0,0.0,0.0,0.0,0.0,0.0,0.0,0.0,0.0,0.0,0.0,0.0,0.0,0.0,0.0,0.0,0.0,0.0,0.0,0.0,0.0,0.0,0.0,0.0,0.0,0.0,0.0,0.0,0.0,0.0,0.0
8170,47,124,0,0.0,0.0,0.0,0.0,0.0,0.0,0.0,0.0,0.0,0.0,0.0,0.0,0.0,0.0,0.0,0.0,0.0,0.0,0.0,0.0,0.0,0.0,0.0,0.0,0.0,0.0,0.0,0.0,0.0,0.0,0.0,0.0,0.0,0.0,0.0
8171,47,126,1023,0.19,41.34,19.98,49.0,20.19,40.17,42.1,1.86,6.07,53.85,19.75,45.16,88.63,40.08,19.59,40.0,0.29,32.0,7.0,66.66,0.29,37.0,22.6,0.0,2.05,45.66,19.84,38.09,0.78,55.5,26.19,37.5,0.0,0.0,551.0
8172,47,128,883,0.45,42.48,19.82,32.33,17.96,41.1,66.66,0.68,2.84,58.32,19.01,40.0,92.49,41.82,19.72,40.46,1.25,42.27,19.2,81.81,0.0,0.0,0.0,0.0,1.7,39.73,10.5,40.0,1.02,65.11,13.66,22.22,0.0,0.0,466.0
8173,47,129,0,0.0,0.0,0.0,0.0,0.0,0.0,0.0,0.0,0.0,0.0,0.0,0.0,0.0,0.0,0.0,0.0,0.0,0.0,0.0,0.0,0.0,0.0,0.0,0.0,0.0,0.0,0.0,0.0,0.0,0.0,0.0,0.0,0.0,0.0,0.0
8174,47,130,727,1.23,41.38,20.28,50.75,15.75,41.4,75.0,1.11,4.03,43.58,18.74,55.17,88.71,40.87,20.46,39.71,1.53,32.63,9.12,90.9,0.0,0.0,0.0,0.0,3.06,41.22,18.87,31.81,1.53,49.9,16.21,45.45,0.0,0.0,387.0
8175,47,132,1045,0.19,39.68,19.33,45.0,12.5,42.39,66.66,0.86,7.57,53.6,14.69,40.5,85.52,38.22,19.13,41.81,1.43,33.46,18.07,73.33,0.09,39.0,0.0,100.0,3.73,42.74,18.28,46.15,0.76,48.75,29.84,12.5,0.0,0.0,510.0
8176,47,135,0,0.0,0.0,0.0,0.0,0.0,0.0,0.0,0.0,0.0,0.0,0.0,0.0,0.0,0.0,0.0,0.0,0.0,0.0,0.0,0.0,0.0,0.0,0.0,0.0,0.0,0.0,0.0,0.0,0.0,0.0,0.0,0.0,0.0,0.0,0.0
8177,47,143,0,0.0,0.0,0.0,0.0,0.0,0.0,0.0,0.0,0.0,0.0,0.0,0.0,0.0,0.0,0.0,0.0,0.0,0.0,0.0,0.0,0.0,0.0,0.0,0.0,0.0,0.0,0.0,0.0,0.0,0.0,0.0,0.0,0.0,0.0,0.0
8178,47,149,858,0.69,42.9,19.48,50.0,16.05,41.49,30.76,1.52,7.04,51.18,23.5,55.0,82.27,41.61,19.05,40.08,1.17,31.4,18.44,80.0,0.0,0.0,0.0,0.0,6.8,45.87,15.49,44.82,1.17,53.4,22.81,30.0,0.0,0.0,484.0
8179,47,153,784,0.38,43.01,19.28,34.57,18.84,37.11,57.14,0.89,5.63,48.18,18.86,47.72,88.6,43.14,19.18,35.98,0.64,33.4,4.5,100.0,0.12,0.0,0.0,0.0,3.32,34.57,18.21,38.46,0.76,48.16,16.46,0.0,0.0,0.0,416.0
8180,47,156,709,0.42,41.38,21.15,47.41,21.34,41.6,66.66,1.69,3.68,40.0,26.65,50.0,87.53,40.87,20.92,41.9,0.84,39.83,5.41,66.66,0.0,0.0,0.0,0.0,4.95,44.22,19.95,25.71,1.27,55.22,25.26,22.22,0.0,0.0,387.0
8181,47,157,0,0.0,0.0,0.0,0.0,0.0,0.0,0.0,0.0,0.0,0.0,0.0,0.0,0.0,0.0,0.0,0.0,0.0,0.0,0.0,0.0,0.0,0.0,0.0,0.0,0.0,0.0,0.0,0.0,0.0,0.0,0.0,0.0,0.0,0.0,0.0
8182,47,161,0,0.0,0.0,0.0,0.0,0.0,0.0,0.0,0.0,0.0,0.0,0.0,0.0,0.0,0.0,0.0,0.0,0.0,0.0,0.0,0.0,0.0,0.0,0.0,0.0,0.0,0.0,0.0,0.0,0.0,0.0,0.0,0.0,0.0,0.0,0.0
8183,47,167,0,0.0,0.0,0.0,0.0,0.0,0.0,0.0,0.0,0.0,0.0,0.0,0.0,0.0,0.0,0.0,0.0,0.0,0.0,0.0,0.0,0.0,0.0,0.0,0.0,0.0,0.0,0.0,0.0,0.0,0.0,0.0,0.0,0.0,0.0,0.0
8184,47,172,0,0.0,0.0,0.0,0.0,0.0,0.0,0.0,0.0,0.0,0.0,0.0,0.0,0.0,0.0,0.0,0.0,0.0,0.0,0.0,0.0,0.0,0.0,0.0,0.0,0.0,0.0,0.0,0.0,0.0,0.0,0.0,0.0,0.0,0.0,0.0
8185,47,175,0,0.0,0.0,0.0,0.0,0.0,0.0,0.0,0.0,0.0,0.0,0.0,0.0,0.0,0.0,0.0,0.0,0.0,0.0,0.0,0.0,0.0,0.0,0.0,0.0,0.0,0.0,0.0,0.0,0.0,0.0,0.0,0.0,0.0,0.0,0.0
8186,47,178,755,0.26,42.72,19.47,46.08,21.31,43.57,58.33,1.59,1.85,48.85,22.75,57.14,90.83,42.46,19.28,42.1,1.32,35.79,11.38,70.0,0.13,54.0,0.0,100.0,3.18,44.91,22.49,54.16,1.06,42.5,24.48,37.5,0.0,0.0,401.0
8187,48,9,311,0.0,42.65,23.28,22.0,0.0,40.19,0.0,0.32,2.89,57.88,26.5,44.44,91.63,42.29,22.94,40.7,0.0,0.0,0.0,0.0,0.0,0.0,0.0,0.0,2.89,43.55,29.47,44.44,2.25,39.42,23.63,14.28,0.0,36.0,187.0
8188,48,12,744,0.94,44.46,23.87,42.8,23.6,36.82,47.61,2.84,3.25,47.7,22.01,45.83,80.32,44.8,24.72,33.61,1.08,40.25,21.41,62.5,0.4,30.33,5.77,66.66,10.31,42.31,19.57,55.26,1.76,41.53,16.61,23.07,0.0,55.07,374.0
8189,48,15,871,0.11,45.3,26.05,51.52,28.24,39.26,36.84,2.18,2.18,59.89,30.13,36.84,84.71,44.46,25.79,38.26,1.49,52.38,26.23,61.53,0.0,0.0,0.0,0.0,6.89,47.61,25.37,51.66,2.52,45.68,28.73,31.81,0.0,51.61,403.0
8190,48,18,961,0.0,41.0,24.29,39.0,24.99,36.94,0.0,0.72,1.66,35.18,26.72,43.75,90.53,41.06,24.3,37.01,2.39,31.78,25.7,60.86,0.0,0.0,0.0,0.0,2.91,44.53,23.36,32.14,1.76,50.47,18.33,17.64,0.0,52.04,430.0
8191,48,26,997,0.2,43.01,23.62,39.15,24.01,35.0,30.76,1.3,1.6,45.75,24.98,37.5,89.04,42.87,23.43,36.0,1.9,37.68,23.04,47.36,0.0,0.0,0.0,0.0,2.31,44.56,25.34,26.08,3.81,48.65,26.09,13.15,0.0,41.04,432.0
8192,48,101,801,0.12,44.42,23.91,46.71,23.78,37.7,35.71,1.75,1.62,53.07,17.36,46.15,92.37,44.03,24.06,37.07,1.0,28.0,13.82,87.5,0.5,49.75,10.75,0.0,1.37,52.63,26.76,54.54,1.37,57.36,19.8,27.27,0.0,41.66,427.0
8193,48,102,861,0.0,44.53,26.03,40.17,17.59,36.35,41.17,1.97,2.43,41.95,17.72,47.61,90.82,45.0,26.51,35.8,0.69,22.16,19.34,100.0,0.23,44.0,8.48,50.0,2.32,36.65,22.99,30.0,1.5,48.61,21.51,23.07,0.0,43.79,391.0
8194,48,103,931,0.53,45.46,24.1,48.5,20.18,33.72,71.42,1.51,2.59,56.25,30.93,45.83,87.9,45.24,24.2,32.06,1.29,29.5,15.98,75.0,0.75,56.28,16.26,42.85,4.31,43.2,19.96,42.5,1.61,46.66,22.21,13.33,0.0,38.95,512.0
8195,48,106,874,0.45,41.59,23.86,62.33,20.07,35.24,33.33,1.72,1.72,52.26,23.62,26.66,87.58,40.51,23.81,33.46,1.95,37.11,20.55,70.58,0.22,80.5,3.53,50.0,4.82,46.83,23.46,47.61,1.95,48.52,22.78,52.94,0.0,43.02,390.0
8196,48,109,816,0.0,43.15,25.25,35.4,18.87,39.58,20.0,0.61,1.71,52.5,21.46,42.85,91.91,42.72,25.26,41.06,0.49,37.75,42.91,25.0,0.12,23.0,0.0,0.0,2.45,47.95,25.62,20.0,2.69,50.95,24.37,13.63,0.0,40.95,392.0
8197,48,111,739,1.08,45.08,26.94,57.12,32.23,37.75,87.5,1.09,4.51,56.15,25.17,57.57,89.05,44.45,27.15,36.09,1.36,41.0,17.83,70.0,0.0,0.0,0.0,0.0,2.73,39.85,21.88,25.0,1.23,40.22,25.79,22.22,0.0,44.97,340.0
8198,48,unclear,1082,1.2,41.98,15.65,46.66,18.79,46.11,55.55,1.68,0.0,0.0,0.0,0.0,91.95,41.63,15.71,45.77,0.28,28.33,2.88,100.0,0.18,45.0,1.41,50.0,3.46,41.0,12.01,29.72,2.43,52.11,13.25,57.69,,,
8199,48,116,803,0.12,46.82,24.2,40.0,20.85,35.24,33.33,0.74,0.87,38.14,28.82,100.0,88.15,46.37,24.43,34.93,0.99,35.5,23.99,75.0,0.99,46.25,23.84,25.0,5.36,52.18,21.1,32.55,2.86,59.17,18.83,17.39,0.0,42.6,424.0
8200,48,117,659,1.97,44.61,23.82,52.72,31.09,36.41,36.36,1.7,2.01,48.3,21.63,61.53,89.0,44.07,23.57,35.82,0.92,24.16,19.92,50.0,0.3,62.5,51.61,0.0,3.4,47.27,23.91,31.81,2.63,45.94,19.1,35.29,0.0,39.59,326.0
8201,48,118,763,0.65,43.88,24.23,51.37,34.14,33.68,25.0,2.11,2.5,46.05,18.85,26.31,87.59,43.57,24.42,34.48,1.31,43.3,15.21,70.0,0.0,0.0,0.0,0.0,3.95,40.66,23.82,23.33,2.5,45.52,16.88,21.05,0.0,38.21,400.0
8202,48,132,669,0.14,44.19,24.32,54.28,16.87,37.21,57.14,1.04,1.94,53.76,26.21,30.76,90.41,43.91,24.54,37.74,1.04,39.28,12.36,100.0,0.29,63.0,50.91,50.0,2.84,44.1,19.33,15.78,2.39,42.56,24.16,12.5,0.0,58.6,374.0
8203,48,unclear,1394,2.08,41.78,14.99,47.08,14.88,45.62,58.82,2.49,0.0,0.0,0.0,0.0,91.35,41.45,14.85,44.26,0.8,25.36,3.07,90.9,0.21,48.66,24.0,100.0,3.29,38.88,11.71,35.55,1.83,55.88,17.87,80.0,,,
8204,48,137,825,0.24,45.04,25.32,49.31,20.3,36.0,42.1,2.3,3.52,49.86,27.49,41.37,84.44,45.21,25.71,34.53,0.48,31.75,15.28,75.0,0.12,28.0,0.0,100.0,7.89,38.83,21.97,44.61,1.21,57.7,16.97,30.0,0.0,41.44,430.0
8205,48,138,240,1.25,41.52,19.25,41.66,13.79,42.08,100.0,1.26,4.64,56.09,20.55,45.45,85.65,41.01,19.55,41.87,2.53,28.83,17.18,66.66,0.0,0.0,0.0,0.0,3.79,42.66,11.82,22.22,2.1,38.79,8.98,20.0,0.0,43.39,115.0
8206,48,147,838,1.78,47.4,26.3,50.3,21.77,36.27,43.33,3.64,6.31,50.13,30.88,36.53,75.94,45.85,26.1,36.32,1.94,39.5,22.54,75.0,0.36,64.33,9.81,0.0,9.47,53.44,25.55,29.48,2.18,48.0,18.02,22.22,0.0,42.08,426.0
8207,48,151,413,1.93,44.08,25.11,45.2,19.85,35.35,13.33,3.7,7.9,54.06,25.18,37.5,73.82,41.98,25.46,36.78,1.23,31.6,4.82,40.0,0.74,50.0,21.65,33.33,7.4,48.8,25.08,36.66,5.18,49.42,20.22,23.8,0.0,46.57,188.0
8208,48,152,868,1.72,44.89,24.52,47.45,25.46,34.44,40.0,2.34,5.15,54.13,22.98,38.63,78.31,44.32,24.74,35.02,1.05,32.88,22.26,55.55,0.35,49.33,3.05,0.0,8.32,39.42,22.97,22.53,3.86,49.12,22.25,36.36,0.0,41.66,430.0
8209,48,153,626,0.79,45.15,23.8,39.91,20.83,35.78,8.33,1.93,5.63,52.17,21.37,40.0,81.48,44.67,24.47,36.16,1.77,40.63,21.64,81.81,0.64,43.25,8.61,25.0,6.28,46.76,23.22,30.76,2.25,46.78,12.7,14.28,0.0,45.32,279.0
8210,48,155,915,0.21,46.61,24.79,48.28,20.65,36.61,60.52,4.16,1.42,39.61,21.48,30.76,86.41,46.58,25.12,36.62,0.87,39.62,19.1,75.0,0.32,33.33,10.06,33.33,4.16,46.78,27.4,26.31,2.62,52.75,20.85,8.33,0.0,39.16,430.0
8211,48,160,643,1.39,42.05,22.94,52.17,24.51,35.14,41.17,2.68,5.83,49.05,22.88,24.32,82.64,41.1,23.07,35.11,1.1,14.28,18.19,85.71,0.0,0.0,0.0,0.0,5.2,41.93,14.61,33.33,2.52,50.81,22.6,31.25,0.0,61.54,299.0
8212,48,161,800,1.5,45.61,23.1,42.58,20.14,35.0,25.0,1.52,4.56,51.91,25.29,47.22,77.79,45.13,23.01,35.88,0.88,29.14,4.77,85.71,1.01,42.25,3.37,37.5,10.15,45.16,26.06,23.75,4.06,49.68,18.91,31.25,0.0,40.56,435.0
8213,48,169,596,2.18,43.26,23.9,51.77,25.01,38.59,38.88,3.08,7.89,52.26,21.52,34.78,73.75,41.26,24.6,39.53,1.71,36.2,19.36,60.0,0.85,38.4,10.5,0.0,9.43,45.92,22.34,29.09,2.91,48.7,16.38,58.82,0.0,41.62,291.0
8214,48,172,647,0.77,47.36,23.32,45.25,20.01,36.78,16.66,1.86,6.07,65.89,20.9,33.33,78.97,46.14,23.2,37.27,1.55,32.6,14.82,80.0,1.09,52.85,11.92,28.57,8.41,45.51,22.82,29.62,2.02,58.53,17.89,53.84,0.0,40.8,357.0
8215,48,173,652,1.53,44.82,23.38,53.76,24.86,36.34,38.09,3.27,4.36,53.42,22.19,35.71,80.21,43.73,23.55,35.92,1.55,39.6,25.68,80.0,1.24,56.62,28.68,25.0,6.54,41.61,18.97,21.42,2.8,52.22,18.24,55.55,0.0,57.27,313.0
8216,48,176,510,0.19,42.46,24.03,35.92,22.59,33.52,46.15,2.55,5.69,44.89,24.3,44.82,78.19,42.5,24.29,33.16,1.37,33.42,9.28,71.42,0.78,43.0,30.13,0.0,8.64,44.81,26.02,20.45,2.75,40.78,14.5,35.71,0.0,64.31,263.0
8217,48,180,539,3.71,46.71,23.82,49.47,28.97,33.02,47.36,3.66,8.28,57.51,22.71,32.55,74.37,43.76,23.4,32.9,1.73,49.33,23.14,33.33,0.38,49.0,4.24,0.0,6.93,48.86,23.23,33.33,4.62,55.75,22.79,33.33,0.0,39.37,271.0
8218,48,182,459,1.08,43.72,23.94,64.14,18.68,37.03,57.14,1.54,7.7,53.08,22.59,40.0,79.07,42.42,23.84,36.49,1.54,26.42,14.03,42.85,1.54,43.85,21.12,28.57,5.06,45.34,27.2,30.43,3.52,46.12,21.62,43.75,0.0,65.59,164.0
8219,48,186,187,1.6,40.35,23.26,57.66,18.59,35.82,33.33,3.26,9.78,38.22,20.87,38.88,74.45,40.05,23.95,34.3,0.54,0.0,0.0,100.0,2.17,53.75,11.14,25.0,7.06,34.61,19.72,30.76,2.71,47.6,14.65,60.0,0.0,40.44,101.0
8220,48,187,866,1.27,44.77,23.29,34.22,23.87,33.6,22.22,2.1,5.38,50.21,23.57,36.95,80.11,44.74,22.83,35.03,1.05,46.22,31.02,44.44,1.05,31.55,29.67,33.33,7.71,46.07,23.88,16.66,2.33,37.95,24.43,25.0,0.0,41.95,426.0
8221,48,192,722,1.93,44.28,25.82,45.66,32.94,37.67,33.33,2.11,5.93,50.07,26.69,45.23,80.22,43.37,25.65,37.32,0.98,34.28,18.13,57.14,0.84,35.83,7.75,50.0,7.06,41.82,25.91,32.0,2.82,56.55,21.4,40.0,0.0,52.37,347.0
8222,48,195,612,1.3,33.99,25.35,44.41,23.4,38.72,41.17,2.81,6.45,37.89,30.08,56.41,78.8,32.86,24.81,38.23,1.32,34.87,6.87,87.5,0.66,28.5,38.72,25.0,7.78,34.74,26.05,29.78,2.15,41.69,27.0,30.76,0.0,55.23,220.0
8223,48,196,762,2.23,34.88,26.53,37.13,29.71,36.35,60.0,2.01,7.24,34.59,28.47,46.29,77.58,34.48,26.04,35.12,0.8,16.5,19.85,66.66,2.01,48.0,27.27,20.0,7.65,36.87,27.41,28.07,2.68,33.75,23.73,40.0,0.0,42.87,316.0
8224,48,197,493,2.63,36.59,26.33,36.26,23.92,35.9,53.33,3.12,8.75,39.95,25.32,45.23,77.7,36.02,26.04,34.85,1.45,40.0,34.35,57.14,0.62,54.66,47.85,0.0,5.62,37.96,29.07,18.51,2.7,31.76,24.71,46.15,0.0,45.16,215.0
8225,48,199,657,1.52,40.33,25.13,40.67,26.17,35.0,36.53,8.03,6.95,44.13,27.88,46.66,73.87,40.17,24.67,35.14,0.92,33.0,10.37,33.33,0.77,34.4,9.93,20.0,7.72,38.46,26.85,26.0,1.7,41.54,29.63,27.27,0.0,41.96,344.0
8226,48,200,274,2.55,39.14,21.77,24.33,22.72,36.49,33.33,1.12,5.24,50.57,25.06,35.71,76.77,38.97,21.32,37.56,1.12,37.33,11.67,100.0,1.49,31.0,7.61,25.0,12.73,36.29,24.55,32.35,1.49,44.75,11.38,0.0,0.0,37.01,177.0
8227,48,201,688,2.61,38.86,23.67,36.41,25.24,35.02,33.33,1.79,5.22,48.8,29.85,37.14,82.98,37.53,22.81,35.25,1.49,40.1,25.92,50.0,0.44,33.66,11.59,0.0,5.82,40.41,23.39,35.89,2.23,47.8,27.92,20.0,0.0,59.02,311.0
8228,48,203,705,2.69,42.98,25.89,41.61,17.94,34.6,33.33,2.62,5.83,49.55,24.43,25.0,76.38,42.32,26.06,35.49,2.04,39.85,26.87,92.85,1.16,48.12,25.79,37.5,9.62,38.78,25.18,22.72,2.33,44.93,27.42,31.25,0.0,56.29,338.0
8229,48,1,841,0.59,42.89,22.61,50.63,29.76,38.88,45.45,1.31,2.15,44.94,15.07,61.11,86.72,43.14,22.58,38.2,1.67,23.78,13.77,78.57,0.35,49.33,18.61,33.33,5.74,40.58,22.35,29.16,2.03,44.52,22.86,23.52,0.0,0.0,431.0
8230,48,2,0,0.0,0.0,0.0,0.0,0.0,0.0,0.0,0.0,0.0,0.0,0.0,0.0,0.0,0.0,0.0,0.0,0.0,0.0,0.0,0.0,0.0,0.0,0.0,0.0,0.0,0.0,0.0,0.0,0.0,0.0,0.0,0.0,0.0,0.0,0.0
8231,48,3,0,0.0,0.0,0.0,0.0,0.0,0.0,0.0,0.0,0.0,0.0,0.0,0.0,0.0,0.0,0.0,0.0,0.0,0.0,0.0,0.0,0.0,0.0,0.0,0.0,0.0,0.0,0.0,0.0,0.0,0.0,0.0,0.0,0.0,0.0,0.0
8232,48,4,0,0.0,0.0,0.0,0.0,0.0,0.0,0.0,0.0,0.0,0.0,0.0,0.0,0.0,0.0,0.0,0.0,0.0,0.0,0.0,0.0,0.0,0.0,0.0,0.0,0.0,0.0,0.0,0.0,0.0,0.0,0.0,0.0,0.0,0.0,0.0
8233,48,5,630,0.95,44.34,26.38,49.28,22.44,36.66,28.57,1.12,3.84,51.12,20.93,50.0,86.21,44.15,26.49,36.98,1.12,29.57,26.66,57.14,0.16,76.0,0.0,0.0,4.0,37.56,27.61,28.0,3.52,49.13,26.59,13.63,0.0,0.0,336.0
8234,48,6,0,0.0,0.0,0.0,0.0,0.0,0.0,0.0,0.0,0.0,0.0,0.0,0.0,0.0,0.0,0.0,0.0,0.0,0.0,0.0,0.0,0.0,0.0,0.0,0.0,0.0,0.0,0.0,0.0,0.0,0.0,0.0,0.0,0.0,0.0,0.0
8235,48,7,0,0.0,0.0,0.0,0.0,0.0,0.0,0.0,0.0,0.0,0.0,0.0,0.0,0.0,0.0,0.0,0.0,0.0,0.0,0.0,0.0,0.0,0.0,0.0,0.0,0.0,0.0,0.0,0.0,0.0,0.0,0.0,0.0,0.0,0.0,0.0
8236,48,8,796,0.12,46.78,23.94,53.44,20.74,36.68,55.55,1.13,2.64,49.19,22.61,52.38,89.93,46.04,24.12,37.06,0.62,43.4,24.26,40.0,0.12,68.0,0.0,0.0,3.64,59.27,19.56,24.13,1.88,50.66,22.93,6.66,0.0,0.0,414.0
8237,48,10,0,0.0,0.0,0.0,0.0,0.0,0.0,0.0,0.0,0.0,0.0,0.0,0.0,0.0,0.0,0.0,0.0,0.0,0.0,0.0,0.0,0.0,0.0,0.0,0.0,0.0,0.0,0.0,0.0,0.0,0.0,0.0,0.0,0.0,0.0,0.0
8238,48,11,0,0.0,0.0,0.0,0.0,0.0,0.0,0.0,0.0,0.0,0.0,0.0,0.0,0.0,0.0,0.0,0.0,0.0,0.0,0.0,0.0,0.0,0.0,0.0,0.0,0.0,0.0,0.0,0.0,0.0,0.0,0.0,0.0,0.0,0.0,0.0
8239,48,13,660,1.36,43.01,25.83,40.65,18.8,40.9,43.47,3.53,3.84,56.12,26.28,40.0,82.48,42.64,26.42,40.4,1.84,27.58,4.71,66.66,0.3,54.0,8.48,0.0,5.37,42.54,28.47,40.0,2.61,43.05,15.44,52.94,0.0,0.0,253.0
8240,48,14,563,0.53,43.82,23.86,38.56,26.08,39.78,39.13,4.1,4.46,46.52,28.77,48.0,77.85,43.57,23.99,39.22,2.32,30.0,23.0,76.92,0.35,77.5,28.99,50.0,6.07,44.11,17.16,35.29,4.82,52.88,18.81,22.22,0.0,0.0,210.0
8241,48,16,697,0.28,42.62,22.86,37.29,16.67,32.42,40.0,1.43,3.74,53.92,20.19,38.46,86.61,41.98,23.3,32.05,1.0,42.42,17.54,42.85,0.14,48.0,0.0,100.0,4.31,47.26,19.58,33.33,2.73,40.21,17.97,26.31,0.0,0.0,356.0
8242,48,17,547,1.09,44.71,24.48,38.7,18.26,37.65,80.0,1.84,2.21,54.91,15.6,58.33,88.72,44.15,25.04,34.79,1.29,41.71,25.8,71.42,0.18,70.0,0.0,100.0,3.69,46.6,14.54,45.0,2.03,56.18,17.28,36.36,0.0,0.0,255.0
8243,48,20,857,0.46,41.5,25.04,35.58,21.04,36.52,50.0,1.4,2.46,43.61,34.87,23.8,89.8,41.42,24.78,36.29,1.99,39.29,25.09,64.7,0.11,42.0,0.0,100.0,2.34,42.65,30.68,25.0,1.87,47.68,23.76,25.0,0.0,0.0,375.0
8244,48,21,0,0.0,0.0,0.0,0.0,0.0,0.0,0.0,0.0,0.0,0.0,0.0,0.0,0.0,0.0,0.0,0.0,0.0,0.0,0.0,0.0,0.0,0.0,0.0,0.0,0.0,0.0,0.0,0.0,0.0,0.0,0.0,0.0,0.0,0.0,0.0
8245,48,22,0,0.0,0.0,0.0,0.0,0.0,0.0,0.0,0.0,0.0,0.0,0.0,0.0,0.0,0.0,0.0,0.0,0.0,0.0,0.0,0.0,0.0,0.0,0.0,0.0,0.0,0.0,0.0,0.0,0.0,0.0,0.0,0.0,0.0,0.0,0.0
8246,48,23,0,0.0,0.0,0.0,0.0,0.0,0.0,0.0,0.0,0.0,0.0,0.0,0.0,0.0,0.0,0.0,0.0,0.0,0.0,0.0,0.0,0.0,0.0,0.0,0.0,0.0,0.0,0.0,0.0,0.0,0.0,0.0,0.0,0.0,0.0,0.0
8247,48,24,0,0.0,0.0,0.0,0.0,0.0,0.0,0.0,0.0,0.0,0.0,0.0,0.0,0.0,0.0,0.0,0.0,0.0,0.0,0.0,0.0,0.0,0.0,0.0,0.0,0.0,0.0,0.0,0.0,0.0,0.0,0.0,0.0,0.0,0.0,0.0
8248,48,27,886,4.28,43.26,23.98,46.4,20.25,35.66,48.14,3.18,9.08,49.89,27.46,38.96,75.47,41.98,23.66,34.68,1.88,32.37,16.5,50.0,1.29,46.09,21.14,9.09,5.07,50.53,23.81,37.2,4.0,43.14,24.57,32.35,0.0,0.0,408.0
8249,48,28,0,0.0,0.0,0.0,0.0,0.0,0.0,0.0,0.0,0.0,0.0,0.0,0.0,0.0,0.0,0.0,0.0,0.0,0.0,0.0,0.0,0.0,0.0,0.0,0.0,0.0,0.0,0.0,0.0,0.0,0.0,0.0,0.0,0.0,0.0,0.0
8250,48,29,818,2.44,45.77,23.16,58.66,29.98,36.18,47.61,2.63,6.64,48.16,23.89,41.5,77.31,44.34,22.68,36.46,1.25,39.0,12.28,50.0,0.25,45.0,18.38,0.0,7.64,47.5,25.89,29.5,4.26,54.0,20.67,17.64,0.0,0.0,382.0
8251,48,31,735,3.12,42.74,24.53,58.4,23.37,35.64,50.0,1.4,7.02,50.26,23.48,40.0,77.52,40.47,24.35,36.77,1.68,31.25,16.56,83.33,0.56,50.25,34.56,0.0,8.56,48.78,22.87,21.31,3.23,50.69,25.28,17.39,0.0,0.0,340.0
8252,48,33,0,0.0,0.0,0.0,0.0,0.0,0.0,0.0,0.0,0.0,0.0,0.0,0.0,0.0,0.0,0.0,0.0,0.0,0.0,0.0,0.0,0.0,0.0,0.0,0.0,0.0,0.0,0.0,0.0,0.0,0.0,0.0,0.0,0.0,0.0,0.0
8253,48,34,686,1.16,43.24,22.36,46.4,17.34,36.73,55.0,2.94,2.94,51.3,20.89,45.0,84.8,42.79,22.64,36.69,1.62,25.63,13.8,45.45,0.29,53.5,13.43,0.0,4.86,43.69,18.11,30.3,2.5,48.52,25.18,29.41,0.0,0.0,325.0
8254,48,35,629,1.27,45.23,23.88,44.12,17.14,35.45,62.5,2.57,4.34,43.66,25.46,51.85,81.64,45.1,24.13,32.93,1.61,47.2,30.99,60.0,0.8,49.6,29.96,0.0,5.95,42.67,18.69,37.83,3.05,50.84,21.32,42.1,0.0,0.0,303.0
8255,48,36,0,0.0,0.0,0.0,0.0,0.0,0.0,0.0,0.0,0.0,0.0,0.0,0.0,0.0,0.0,0.0,0.0,0.0,0.0,0.0,0.0,0.0,0.0,0.0,0.0,0.0,0.0,0.0,0.0,0.0,0.0,0.0,0.0,0.0,0.0,0.0
8256,48,37,0,0.0,0.0,0.0,0.0,0.0,0.0,0.0,0.0,0.0,0.0,0.0,0.0,0.0,0.0,0.0,0.0,0.0,0.0,0.0,0.0,0.0,0.0,0.0,0.0,0.0,0.0,0.0,0.0,0.0,0.0,0.0,0.0,0.0,0.0,0.0
8257,48,38,0,0.0,0.0,0.0,0.0,0.0,0.0,0.0,0.0,0.0,0.0,0.0,0.0,0.0,0.0,0.0,0.0,0.0,0.0,0.0,0.0,0.0,0.0,0.0,0.0,0.0,0.0,0.0,0.0,0.0,0.0,0.0,0.0,0.0,0.0,0.0
8258,48,39,793,0.88,43.63,26.14,41.56,25.69,38.33,56.25,2.03,4.45,48.28,27.57,51.42,85.87,43.53,26.09,37.18,1.39,28.54,19.2,81.81,0.5,40.5,30.83,25.0,2.54,37.85,27.42,15.0,3.18,47.88,24.96,32.0,0.0,0.0,384.0
8259,48,41,0,0.0,0.0,0.0,0.0,0.0,0.0,0.0,0.0,0.0,0.0,0.0,0.0,0.0,0.0,0.0,0.0,0.0,0.0,0.0,0.0,0.0,0.0,0.0,0.0,0.0,0.0,0.0,0.0,0.0,0.0,0.0,0.0,0.0,0.0,0.0
8260,48,42,0,0.0,0.0,0.0,0.0,0.0,0.0,0.0,0.0,0.0,0.0,0.0,0.0,0.0,0.0,0.0,0.0,0.0,0.0,0.0,0.0,0.0,0.0,0.0,0.0,0.0,0.0,0.0,0.0,0.0,0.0,0.0,0.0,0.0,0.0,0.0
8261,48,44,755,0.79,45.81,24.98,52.88,14.49,37.21,72.22,2.4,3.6,52.62,28.48,44.44,87.71,45.71,25.34,36.98,0.53,35.75,8.65,100.0,0.0,0.0,0.0,0.0,4.0,35.5,19.7,10.0,1.73,51.07,18.68,30.76,0.0,0.0,348.0
8262,48,45,328,0.0,39.17,22.49,39.75,20.2,32.62,25.0,1.21,3.96,40.84,31.08,46.15,87.5,38.8,21.93,31.7,0.6,34.5,20.5,100.0,0.0,0.0,0.0,0.0,3.96,41.07,22.16,38.46,2.74,46.44,31.72,22.22,0.0,0.0,128.0
8263,48,46,0,0.0,0.0,0.0,0.0,0.0,0.0,0.0,0.0,0.0,0.0,0.0,0.0,0.0,0.0,0.0,0.0,0.0,0.0,0.0,0.0,0.0,0.0,0.0,0.0,0.0,0.0,0.0,0.0,0.0,0.0,0.0,0.0,0.0,0.0,0.0
8264,48,47,948,0.94,45.6,23.24,46.71,22.42,39.34,52.38,2.23,3.72,52.82,20.73,60.0,86.26,45.03,23.42,37.9,1.59,40.06,18.92,80.0,0.31,21.66,18.92,66.66,3.51,50.45,25.19,36.36,2.34,57.22,16.93,27.27,0.0,0.0,465.0
8265,48,48,745,1.07,43.44,23.29,50.11,30.13,36.64,66.66,1.22,2.98,49.36,24.54,27.27,85.34,42.57,23.43,36.08,0.94,35.57,9.37,71.42,0.4,47.66,24.0,0.0,7.19,48.84,21.42,35.84,1.89,49.92,19.59,42.85,0.0,0.0,403.0
8266,48,49,802,0.74,44.89,23.47,53.28,26.7,34.78,28.57,1.75,4.77,53.63,23.94,42.1,80.77,44.02,23.1,35.45,1.63,39.23,28.18,46.15,0.75,40.33,29.28,16.66,8.41,46.1,23.53,25.37,1.88,47.26,21.8,26.66,0.0,0.0,433.0
8267,48,50,0,0.0,0.0,0.0,0.0,0.0,0.0,0.0,0.0,0.0,0.0,0.0,0.0,0.0,0.0,0.0,0.0,0.0,0.0,0.0,0.0,0.0,0.0,0.0,0.0,0.0,0.0,0.0,0.0,0.0,0.0,0.0,0.0,0.0,0.0,0.0
8268,48,51,816,0.61,47.3,24.1,46.66,31.37,33.57,50.0,2.21,2.83,63.86,19.45,56.52,87.42,46.78,23.58,33.56,0.24,32.5,3.53,100.0,0.0,0.0,0.0,0.0,5.67,44.32,28.72,21.73,1.6,57.07,19.45,0.0,0.0,0.0,427.0
8269,48,53,844,2.48,44.59,22.71,49.08,17.64,33.53,56.52,2.79,8.38,56.85,22.02,37.68,74.96,41.59,22.42,32.73,2.06,41.0,19.58,76.47,0.48,42.5,18.62,50.0,8.86,52.13,21.78,27.39,2.3,50.94,23.8,15.78,0.0,0.0,467.0
8270,48,54,0,0.0,0.0,0.0,0.0,0.0,0.0,0.0,0.0,0.0,0.0,0.0,0.0,0.0,0.0,0.0,0.0,0.0,0.0,0.0,0.0,0.0,0.0,0.0,0.0,0.0,0.0,0.0,0.0,0.0,0.0,0.0,0.0,0.0,0.0,0.0
8271,48,55,535,2.05,50.17,25.12,50.26,24.91,37.57,40.0,2.86,7.82,59.09,24.52,31.7,78.81,49.92,24.5,38.74,0.76,23.0,15.36,75.0,0.38,68.0,21.21,0.0,7.63,44.57,27.15,35.0,1.71,37.55,29.63,33.33,0.0,0.0,260.0
8272,48,56,0,0.0,0.0,0.0,0.0,0.0,0.0,0.0,0.0,0.0,0.0,0.0,0.0,0.0,0.0,0.0,0.0,0.0,0.0,0.0,0.0,0.0,0.0,0.0,0.0,0.0,0.0,0.0,0.0,0.0,0.0,0.0,0.0,0.0,0.0,0.0
8273,48,57,0,0.0,0.0,0.0,0.0,0.0,0.0,0.0,0.0,0.0,0.0,0.0,0.0,0.0,0.0,0.0,0.0,0.0,0.0,0.0,0.0,0.0,0.0,0.0,0.0,0.0,0.0,0.0,0.0,0.0,0.0,0.0,0.0,0.0,0.0,0.0
8274,48,58,831,1.08,44.83,23.43,50.0,20.83,34.17,66.66,1.09,5.23,56.95,23.89,32.55,81.26,43.21,23.09,35.17,0.72,28.33,2.87,83.33,1.45,64.41,28.71,8.33,7.9,48.01,21.62,20.0,2.31,54.84,23.32,21.05,0.0,0.0,394.0
8275,48,59,0,0.0,0.0,0.0,0.0,0.0,0.0,0.0,0.0,0.0,0.0,0.0,0.0,0.0,0.0,0.0,0.0,0.0,0.0,0.0,0.0,0.0,0.0,0.0,0.0,0.0,0.0,0.0,0.0,0.0,0.0,0.0,0.0,0.0,0.0,0.0
8276,48,60,0,0.0,0.0,0.0,0.0,0.0,0.0,0.0,0.0,0.0,0.0,0.0,0.0,0.0,0.0,0.0,0.0,0.0,0.0,0.0,0.0,0.0,0.0,0.0,0.0,0.0,0.0,0.0,0.0,0.0,0.0,0.0,0.0,0.0,0.0,0.0
8277,48,61,0,0.0,0.0,0.0,0.0,0.0,0.0,0.0,0.0,0.0,0.0,0.0,0.0,0.0,0.0,0.0,0.0,0.0,0.0,0.0,0.0,0.0,0.0,0.0,0.0,0.0,0.0,0.0,0.0,0.0,0.0,0.0,0.0,0.0,0.0,0.0
8278,48,62,0,0.0,0.0,0.0,0.0,0.0,0.0,0.0,0.0,0.0,0.0,0.0,0.0,0.0,0.0,0.0,0.0,0.0,0.0,0.0,0.0,0.0,0.0,0.0,0.0,0.0,0.0,0.0,0.0,0.0,0.0,0.0,0.0,0.0,0.0,0.0
8279,48,63,859,0.93,43.68,24.91,46.93,23.56,36.55,26.66,3.52,4.11,49.54,30.04,48.57,79.9,42.55,24.81,36.61,0.7,27.16,15.98,83.33,0.82,37.57,20.02,28.57,8.1,49.39,25.57,28.98,2.82,46.62,17.2,33.33,0.0,0.0,372.0
8280,48,64,812,1.72,45.25,24.29,45.9,18.39,35.46,62.5,4.01,8.64,52.18,24.22,26.08,73.18,43.11,24.48,34.07,2.13,38.35,17.81,82.35,0.87,44.14,34.07,28.57,8.52,52.5,24.2,27.94,2.5,51.4,21.59,55.0,0.0,0.0,328.0
8281,48,65,0,0.0,0.0,0.0,0.0,0.0,0.0,0.0,0.0,0.0,0.0,0.0,0.0,0.0,0.0,0.0,0.0,0.0,0.0,0.0,0.0,0.0,0.0,0.0,0.0,0.0,0.0,0.0,0.0,0.0,0.0,0.0,0.0,0.0,0.0,0.0
8282,48,66,0,0.0,0.0,0.0,0.0,0.0,0.0,0.0,0.0,0.0,0.0,0.0,0.0,0.0,0.0,0.0,0.0,0.0,0.0,0.0,0.0,0.0,0.0,0.0,0.0,0.0,0.0,0.0,0.0,0.0,0.0,0.0,0.0,0.0,0.0,0.0
8283,48,67,886,2.37,43.49,22.07,49.93,21.0,35.66,50.0,1.84,6.58,50.77,21.18,33.33,79.88,41.55,21.5,36.61,1.15,42.0,14.53,70.0,0.57,49.2,27.86,40.0,6.93,47.28,27.05,15.0,3.0,48.73,18.72,30.76,0.0,0.0,458.0
8284,48,68,810,0.74,44.99,25.97,56.33,31.34,33.45,33.33,1.49,4.72,56.23,24.01,47.36,85.57,44.18,26.12,34.01,0.62,41.6,14.46,60.0,0.99,30.0,30.86,25.0,4.35,45.91,23.15,11.42,2.23,46.77,20.02,16.66,0.0,0.0,417.0
8285,48,69,719,1.94,46.42,23.45,55.15,17.81,33.79,5.0,2.83,6.09,54.13,22.85,25.58,79.29,44.91,23.39,36.85,1.13,35.12,8.52,62.5,0.42,75.33,40.99,33.33,7.37,48.51,26.0,17.3,2.83,50.7,15.58,25.0,0.0,0.0,350.0
8286,48,70,0,0.0,0.0,0.0,0.0,0.0,0.0,0.0,0.0,0.0,0.0,0.0,0.0,0.0,0.0,0.0,0.0,0.0,0.0,0.0,0.0,0.0,0.0,0.0,0.0,0.0,0.0,0.0,0.0,0.0,0.0,0.0,0.0,0.0,0.0,0.0
8287,48,71,745,1.47,45.91,25.07,49.4,27.37,37.44,46.66,2.04,3.81,56.53,20.45,46.42,83.92,45.15,25.1,37.17,1.63,37.75,13.09,75.0,1.08,36.75,16.51,25.0,5.17,47.44,29.5,26.31,2.31,46.23,16.27,17.64,0.0,0.0,356.0
8288,48,72,0,0.0,0.0,0.0,0.0,0.0,0.0,0.0,0.0,0.0,0.0,0.0,0.0,0.0,0.0,0.0,0.0,0.0,0.0,0.0,0.0,0.0,0.0,0.0,0.0,0.0,0.0,0.0,0.0,0.0,0.0,0.0,0.0,0.0,0.0,0.0
8289,48,73,829,1.93,41.98,24.75,46.38,23.57,34.86,23.07,1.59,4.42,47.72,28.01,33.33,80.56,41.26,24.5,35.41,1.23,21.9,15.89,60.0,1.84,37.53,27.86,40.0,6.64,41.37,25.31,33.33,3.69,50.7,20.94,30.0,0.0,0.0,442.0
8290,48,75,645,2.32,40.7,26.23,42.52,18.63,39.68,47.36,3.01,7.46,50.68,25.47,46.8,80.0,38.93,25.87,40.27,0.63,41.0,8.28,75.0,0.79,40.6,31.8,20.0,6.19,42.89,28.94,30.76,1.9,46.33,29.38,16.66,0.0,0.0,263.0
8291,48,76,847,1.06,45.32,25.84,52.5,21.83,33.88,71.42,1.67,6.2,59.23,21.84,32.69,82.45,44.12,26.18,33.28,1.07,34.66,10.81,66.66,0.59,57.4,27.48,20.0,5.72,45.16,26.61,33.33,1.9,46.25,18.41,6.25,0.0,0.0,441.0
8292,48,77,0,0.0,0.0,0.0,0.0,0.0,0.0,0.0,0.0,0.0,0.0,0.0,0.0,0.0,0.0,0.0,0.0,0.0,0.0,0.0,0.0,0.0,0.0,0.0,0.0,0.0,0.0,0.0,0.0,0.0,0.0,0.0,0.0,0.0,0.0,0.0
8293,48,78,838,1.07,44.76,24.28,39.06,27.67,34.36,66.66,1.8,5.79,55.25,27.45,47.91,79.37,43.59,23.54,32.52,1.32,45.9,21.02,63.63,0.48,47.5,40.53,0.0,8.2,45.57,26.75,35.29,3.01,51.0,20.6,20.0,0.0,0.0,454.0
8294,48,79,801,1.49,43.82,24.74,41.42,21.47,34.83,42.85,0.88,3.92,56.12,24.19,38.7,81.87,43.17,24.22,35.29,1.64,40.76,24.08,53.84,0.25,36.5,51.61,0.0,9.12,43.05,27.32,26.38,2.15,52.35,24.14,23.52,0.0,0.0,441.0
8295,48,80,913,1.53,43.73,25.31,44.05,28.66,35.48,40.0,2.22,3.22,51.44,29.47,48.27,81.86,42.93,25.28,35.19,1.66,27.33,19.21,60.0,0.55,39.4,11.84,20.0,7.67,46.1,24.2,30.43,2.55,48.91,22.9,26.08,0.0,0.0,484.0
8296,48,81,804,1.11,44.26,25.32,39.41,23.45,36.19,61.29,3.89,3.39,57.4,26.49,25.92,81.13,43.11,25.17,35.03,1.25,46.2,35.14,70.0,0.37,58.0,36.51,33.33,7.29,43.98,22.78,32.75,2.64,56.76,21.82,33.33,0.0,0.0,375.0
8297,48,82,821,0.73,43.93,24.25,43.44,22.14,36.9,55.55,1.1,2.08,53.11,19.85,41.17,86.5,43.37,24.24,36.73,0.98,37.62,28.45,62.5,0.36,40.33,35.72,66.66,6.62,48.33,24.89,29.62,2.33,50.36,26.01,26.31,0.0,0.0,440.0
8298,48,83,850,0.58,41.27,25.56,39.52,22.52,33.05,26.31,2.24,2.48,47.52,24.36,33.33,86.15,41.08,25.81,34.06,2.01,31.88,16.8,70.58,0.23,55.0,18.38,50.0,4.02,35.11,25.85,11.76,2.84,55.95,20.12,4.16,0.0,0.0,451.0
8299,48,84,488,0.4,43.06,21.74,51.71,16.9,40.36,42.85,1.44,2.88,48.21,16.63,28.57,88.06,42.46,21.74,40.42,1.23,39.5,18.45,83.33,0.2,0.0,0.0,100.0,3.49,45.94,19.92,29.41,2.46,51.5,28.68,33.33,0.0,0.0,245.0
8300,48,85,0,0.0,0.0,0.0,0.0,0.0,0.0,0.0,0.0,0.0,0.0,0.0,0.0,0.0,0.0,0.0,0.0,0.0,0.0,0.0,0.0,0.0,0.0,0.0,0.0,0.0,0.0,0.0,0.0,0.0,0.0,0.0,0.0,0.0,0.0,0.0
8301,48,86,731,0.54,44.2,24.62,42.87,20.33,36.25,50.0,1.1,2.75,52.1,19.22,45.0,88.72,44.37,24.92,35.34,0.68,31.8,7.46,60.0,0.0,0.0,0.0,0.0,5.36,42.61,22.77,35.89,1.37,36.0,24.29,40.0,0.0,0.0,388.0
8302,48,87,646,0.77,42.67,24.24,36.5,24.1,37.46,35.0,6.24,5.3,45.97,23.21,38.23,80.34,42.41,24.37,37.47,0.93,45.33,20.74,66.66,0.31,25.0,35.35,50.0,4.83,41.7,20.92,35.48,2.02,58.92,23.38,15.38,0.0,0.0,329.0
8303,48,88,0,0.0,0.0,0.0,0.0,0.0,0.0,0.0,0.0,0.0,0.0,0.0,0.0,0.0,0.0,0.0,0.0,0.0,0.0,0.0,0.0,0.0,0.0,0.0,0.0,0.0,0.0,0.0,0.0,0.0,0.0,0.0,0.0,0.0,0.0,0.0
8304,48,89,0,0.0,0.0,0.0,0.0,0.0,0.0,0.0,0.0,0.0,0.0,0.0,0.0,0.0,0.0,0.0,0.0,0.0,0.0,0.0,0.0,0.0,0.0,0.0,0.0,0.0,0.0,0.0,0.0,0.0,0.0,0.0,0.0,0.0,0.0,0.0
8305,48,90,735,0.13,45.4,25.02,53.08,18.29,38.09,50.0,1.63,1.9,43.35,13.05,21.42,87.87,45.09,25.3,38.44,1.49,31.54,6.74,63.63,0.0,0.0,0.0,0.0,4.76,46.88,28.42,34.28,2.31,56.82,19.92,17.64,0.0,0.0,375.0
8306,48,91,0,0.0,0.0,0.0,0.0,0.0,0.0,0.0,0.0,0.0,0.0,0.0,0.0,0.0,0.0,0.0,0.0,0.0,0.0,0.0,0.0,0.0,0.0,0.0,0.0,0.0,0.0,0.0,0.0,0.0,0.0,0.0,0.0,0.0,0.0,0.0
8307,48,92,609,0.49,43.34,24.38,42.33,27.13,37.76,16.66,0.99,2.64,45.0,14.03,43.75,88.11,43.05,24.82,38.01,0.82,43.4,19.15,100.0,0.0,0.0,0.0,0.0,4.45,41.59,23.74,37.03,2.97,51.44,17.85,16.66,0.0,0.0,312.0
8308,48,93,0,0.0,0.0,0.0,0.0,0.0,0.0,0.0,0.0,0.0,0.0,0.0,0.0,0.0,0.0,0.0,0.0,0.0,0.0,0.0,0.0,0.0,0.0,0.0,0.0,0.0,0.0,0.0,0.0,0.0,0.0,0.0,0.0,0.0,0.0,0.0
8309,48,94,851,0.82,44.27,23.67,62.5,25.69,35.72,40.0,1.18,2.84,49.16,21.39,50.0,84.36,43.71,23.98,35.25,1.54,41.38,20.71,69.23,0.47,26.5,17.76,0.0,8.41,43.47,20.93,32.39,1.18,63.2,18.34,50.0,0.0,0.0,439.0
8310,48,95,0,0.0,0.0,0.0,0.0,0.0,0.0,0.0,0.0,0.0,0.0,0.0,0.0,0.0,0.0,0.0,0.0,0.0,0.0,0.0,0.0,0.0,0.0,0.0,0.0,0.0,0.0,0.0,0.0,0.0,0.0,0.0,0.0,0.0,0.0,0.0
8311,48,98,870,0.57,43.21,24.29,52.86,26.16,37.24,26.66,1.73,2.08,54.66,26.75,44.44,87.74,42.82,24.04,37.02,2.19,27.52,18.94,84.21,0.23,60.0,4.24,50.0,3.23,44.35,28.46,39.28,2.54,43.86,22.52,4.54,0.0,0.0,345.0
8312,48,99,0,0.0,0.0,0.0,0.0,0.0,0.0,0.0,0.0,0.0,0.0,0.0,0.0,0.0,0.0,0.0,0.0,0.0,0.0,0.0,0.0,0.0,0.0,0.0,0.0,0.0,0.0,0.0,0.0,0.0,0.0,0.0,0.0,0.0,0.0,0.0
8313,48,100,294,1.02,41.73,22.54,28.2,19.03,34.35,20.0,1.71,3.09,38.44,23.87,33.33,85.22,41.18,22.11,35.88,1.37,29.5,3.0,75.0,0.0,0.0,0.0,0.0,5.49,49.18,32.2,18.75,3.09,51.66,10.64,11.11,0.0,0.0,145.0
8314,48,104,971,0.72,44.92,24.64,36.2,23.27,32.44,20.0,1.03,2.69,58.73,25.43,26.92,87.34,44.46,24.68,32.54,0.62,50.5,24.53,66.66,0.51,51.2,23.86,20.0,5.29,45.17,23.07,37.25,2.48,44.0,23.57,20.83,0.0,0.0,509.0
8315,48,105,941,0.42,44.21,24.42,43.27,22.22,38.25,45.45,1.17,1.49,42.0,27.42,64.28,90.28,44.14,24.37,38.06,1.38,32.46,8.84,84.61,0.1,22.0,0.0,0.0,3.3,48.32,31.15,22.58,2.24,50.04,20.67,19.04,0.0,0.0,430.0
8316,48,107,894,1.11,44.0,22.88,49.53,30.63,35.9,53.84,1.47,5.09,52.35,22.84,42.22,85.85,43.61,22.7,35.3,1.35,36.16,19.93,91.66,0.0,0.0,0.0,0.0,4.07,39.75,25.0,19.44,2.14,46.05,14.99,21.05,0.0,0.0,433.0
8317,48,108,0,0.0,0.0,0.0,0.0,0.0,0.0,0.0,0.0,0.0,0.0,0.0,0.0,0.0,0.0,0.0,0.0,0.0,0.0,0.0,0.0,0.0,0.0,0.0,0.0,0.0,0.0,0.0,0.0,0.0,0.0,0.0,0.0,0.0,0.0,0.0
8318,48,110,0,0.0,0.0,0.0,0.0,0.0,0.0,0.0,0.0,0.0,0.0,0.0,0.0,0.0,0.0,0.0,0.0,0.0,0.0,0.0,0.0,0.0,0.0,0.0,0.0,0.0,0.0,0.0,0.0,0.0,0.0,0.0,0.0,0.0,0.0,0.0
8319,48,113,446,1.56,46.06,24.72,40.75,15.32,34.52,75.0,0.91,2.05,51.11,31.05,44.44,89.06,45.52,24.83,34.01,1.13,43.2,30.8,40.0,1.13,34.2,11.18,40.0,3.64,56.68,25.23,25.0,2.05,44.11,21.18,22.22,0.0,0.0,188.0
8320,48,119,738,1.21,47.74,24.83,57.29,21.93,34.55,17.64,2.33,2.6,54.57,28.63,47.36,85.04,47.33,24.93,35.16,0.41,42.0,28.79,100.0,1.5,48.45,23.83,9.09,6.17,42.84,22.34,26.66,1.78,53.61,28.29,53.84,0.0,0.0,385.0
8321,48,120,851,0.11,47.6,24.65,49.62,23.99,34.54,43.75,1.88,3.41,50.68,25.95,44.82,87.17,47.11,24.8,34.27,0.82,41.42,20.48,42.85,0.35,55.0,17.34,33.33,4.47,52.44,24.63,39.47,1.88,51.68,19.76,0.0,0.0,0.0,448.0
8322,48,121,0,0.0,0.0,0.0,0.0,0.0,0.0,0.0,0.0,0.0,0.0,0.0,0.0,0.0,0.0,0.0,0.0,0.0,0.0,0.0,0.0,0.0,0.0,0.0,0.0,0.0,0.0,0.0,0.0,0.0,0.0,0.0,0.0,0.0,0.0,0.0
8323,48,122,0,0.0,0.0,0.0,0.0,0.0,0.0,0.0,0.0,0.0,0.0,0.0,0.0,0.0,0.0,0.0,0.0,0.0,0.0,0.0,0.0,0.0,0.0,0.0,0.0,0.0,0.0,0.0,0.0,0.0,0.0,0.0,0.0,0.0,0.0,0.0
8324,48,123,877,1.59,44.24,22.89,47.29,22.79,32.72,33.33,2.78,5.33,48.28,24.51,34.78,85.16,43.73,22.87,33.19,0.46,33.5,9.57,75.0,0.34,29.0,3.0,0.0,4.86,43.78,23.23,23.8,1.04,41.77,15.57,22.22,0.0,0.0,420.0
8325,48,124,766,2.08,47.14,24.1,59.38,26.88,35.37,38.46,1.73,5.33,56.8,26.56,52.5,81.2,45.99,24.05,33.0,1.2,37.0,20.01,66.66,0.26,36.0,12.72,50.0,8.8,49.86,22.73,36.36,1.46,54.54,19.36,72.72,0.0,0.0,355.0
8326,48,125,812,2.7,43.62,24.34,37.69,18.47,36.08,52.17,2.91,4.93,51.25,28.9,41.02,79.87,42.83,24.31,35.81,1.51,40.08,16.17,75.0,0.75,36.16,22.13,33.33,7.72,47.11,23.97,22.95,2.02,46.43,20.53,25.0,0.0,0.0,393.0
8327,48,126,782,1.27,44.79,25.22,41.35,27.49,33.12,21.42,1.81,3.88,55.0,24.37,26.66,85.23,43.99,24.66,33.89,0.51,46.75,35.12,75.0,1.03,56.12,39.28,12.5,6.08,42.27,28.39,31.91,1.42,53.63,23.23,45.45,0.0,0.0,359.0
8328,48,127,0,0.0,0.0,0.0,0.0,0.0,0.0,0.0,0.0,0.0,0.0,0.0,0.0,0.0,0.0,0.0,0.0,0.0,0.0,0.0,0.0,0.0,0.0,0.0,0.0,0.0,0.0,0.0,0.0,0.0,0.0,0.0,0.0,0.0,0.0,0.0
8329,48,128,0,0.0,0.0,0.0,0.0,0.0,0.0,0.0,0.0,0.0,0.0,0.0,0.0,0.0,0.0,0.0,0.0,0.0,0.0,0.0,0.0,0.0,0.0,0.0,0.0,0.0,0.0,0.0,0.0,0.0,0.0,0.0,0.0,0.0,0.0,0.0
8330,48,129,869,1.61,42.7,23.45,40.94,20.19,37.62,41.17,1.98,5.84,44.62,23.21,34.0,80.23,42.51,23.64,38.62,1.87,34.37,20.62,56.25,1.28,37.0,18.44,45.45,7.01,42.61,24.36,25.0,1.63,55.42,20.64,21.42,0.0,0.0,437.0
8331,48,130,587,1.53,47.67,25.05,49.11,25.23,32.53,30.55,6.22,6.05,53.51,22.85,40.0,76.64,47.36,25.46,33.18,0.69,21.75,15.12,50.0,0.86,36.4,35.1,20.0,7.09,43.39,22.43,31.7,2.24,57.15,9.53,15.38,0.0,0.0,259.0
8332,48,131,0,0.0,0.0,0.0,0.0,0.0,0.0,0.0,0.0,0.0,0.0,0.0,0.0,0.0,0.0,0.0,0.0,0.0,0.0,0.0,0.0,0.0,0.0,0.0,0.0,0.0,0.0,0.0,0.0,0.0,0.0,0.0,0.0,0.0,0.0,0.0
8333,48,133,0,0.0,0.0,0.0,0.0,0.0,0.0,0.0,0.0,0.0,0.0,0.0,0.0,0.0,0.0,0.0,0.0,0.0,0.0,0.0,0.0,0.0,0.0,0.0,0.0,0.0,0.0,0.0,0.0,0.0,0.0,0.0,0.0,0.0,0.0,0.0
8334,48,134,0,0.0,0.0,0.0,0.0,0.0,0.0,0.0,0.0,0.0,0.0,0.0,0.0,0.0,0.0,0.0,0.0,0.0,0.0,0.0,0.0,0.0,0.0,0.0,0.0,0.0,0.0,0.0,0.0,0.0,0.0,0.0,0.0,0.0,0.0,0.0
8335,48,140,681,1.17,47.0,25.08,33.0,28.74,38.61,55.55,1.33,6.53,57.18,20.59,59.09,83.06,46.22,25.45,35.77,1.48,29.9,18.87,80.0,0.0,0.0,0.0,0.0,5.05,51.17,21.76,35.29,2.37,50.06,18.52,56.25,0.0,0.0,329.0
8336,48,141,761,1.44,47.89,24.73,56.91,24.71,36.66,25.0,3.2,4.93,50.32,19.38,32.43,80.26,47.04,25.23,37.54,1.33,23.4,17.48,60.0,0.26,23.0,32.52,0.0,7.6,53.12,20.72,29.82,2.4,54.27,22.26,50.0,0.0,0.0,415.0
8337,48,142,0,0.0,0.0,0.0,0.0,0.0,0.0,0.0,0.0,0.0,0.0,0.0,0.0,0.0,0.0,0.0,0.0,0.0,0.0,0.0,0.0,0.0,0.0,0.0,0.0,0.0,0.0,0.0,0.0,0.0,0.0,0.0,0.0,0.0,0.0,0.0
8338,48,143,396,2.52,45.14,25.23,46.77,19.74,37.37,44.44,2.33,5.44,55.71,23.08,33.33,77.72,43.59,25.72,38.33,1.81,45.71,22.29,85.71,1.03,32.0,7.34,50.0,8.03,47.64,22.45,29.03,3.62,44.07,27.65,14.28,0.0,0.0,182.0
8339,48,144,858,3.72,47.74,24.12,54.72,22.94,32.63,27.77,2.17,7.38,52.21,22.6,42.62,75.3,46.38,23.86,32.15,1.33,40.45,32.76,72.72,0.72,41.0,19.04,33.33,9.2,47.39,27.23,27.63,3.87,56.43,22.61,25.0,0.0,0.0,406.0
8340,48,146,0,0.0,0.0,0.0,0.0,0.0,0.0,0.0,0.0,0.0,0.0,0.0,0.0,0.0,0.0,0.0,0.0,0.0,0.0,0.0,0.0,0.0,0.0,0.0,0.0,0.0,0.0,0.0,0.0,0.0,0.0,0.0,0.0,0.0,0.0,0.0
8341,48,148,0,0.0,0.0,0.0,0.0,0.0,0.0,0.0,0.0,0.0,0.0,0.0,0.0,0.0,0.0,0.0,0.0,0.0,0.0,0.0,0.0,0.0,0.0,0.0,0.0,0.0,0.0,0.0,0.0,0.0,0.0,0.0,0.0,0.0,0.0,0.0
8342,48,149,549,2.18,43.38,24.34,53.0,33.99,38.06,23.07,2.42,5.21,48.53,27.02,57.14,81.0,41.88,23.3,38.62,0.74,16.0,18.54,75.0,0.18,46.0,0.0,0.0,6.7,46.69,21.13,30.55,3.72,52.95,35.01,25.0,0.0,0.0,243.0
8343,48,150,0,0.0,0.0,0.0,0.0,0.0,0.0,0.0,0.0,0.0,0.0,0.0,0.0,0.0,0.0,0.0,0.0,0.0,0.0,0.0,0.0,0.0,0.0,0.0,0.0,0.0,0.0,0.0,0.0,0.0,0.0,0.0,0.0,0.0,0.0,0.0
8344,48,154,0,0.0,0.0,0.0,0.0,0.0,0.0,0.0,0.0,0.0,0.0,0.0,0.0,0.0,0.0,0.0,0.0,0.0,0.0,0.0,0.0,0.0,0.0,0.0,0.0,0.0,0.0,0.0,0.0,0.0,0.0,0.0,0.0,0.0,0.0,0.0
8345,48,156,0,0.0,0.0,0.0,0.0,0.0,0.0,0.0,0.0,0.0,0.0,0.0,0.0,0.0,0.0,0.0,0.0,0.0,0.0,0.0,0.0,0.0,0.0,0.0,0.0,0.0,0.0,0.0,0.0,0.0,0.0,0.0,0.0,0.0,0.0,0.0
8346,48,157,0,0.0,0.0,0.0,0.0,0.0,0.0,0.0,0.0,0.0,0.0,0.0,0.0,0.0,0.0,0.0,0.0,0.0,0.0,0.0,0.0,0.0,0.0,0.0,0.0,0.0,0.0,0.0,0.0,0.0,0.0,0.0,0.0,0.0,0.0,0.0
8347,48,158,0,0.0,0.0,0.0,0.0,0.0,0.0,0.0,0.0,0.0,0.0,0.0,0.0,0.0,0.0,0.0,0.0,0.0,0.0,0.0,0.0,0.0,0.0,0.0,0.0,0.0,0.0,0.0,0.0,0.0,0.0,0.0,0.0,0.0,0.0,0.0
8348,48,159,671,0.29,44.11,23.3,49.42,24.05,34.27,73.68,2.84,2.24,48.26,21.25,26.66,89.38,43.7,23.68,34.44,0.74,46.8,22.82,40.0,0.59,62.75,11.29,25.0,1.49,42.1,20.69,0.0,2.69,46.88,13.17,16.66,0.0,0.0,304.0
8349,48,164,686,2.18,41.74,23.83,40.64,21.62,37.02,40.0,3.72,6.85,52.26,29.61,41.3,75.55,40.15,23.33,36.68,1.19,42.75,18.53,62.5,0.44,44.33,20.5,0.0,9.68,45.01,24.81,36.92,2.53,45.94,19.79,35.29,0.0,0.0,338.0
8350,48,166,0,0.0,0.0,0.0,0.0,0.0,0.0,0.0,0.0,0.0,0.0,0.0,0.0,0.0,0.0,0.0,0.0,0.0,0.0,0.0,0.0,0.0,0.0,0.0,0.0,0.0,0.0,0.0,0.0,0.0,0.0,0.0,0.0,0.0,0.0,0.0
8351,48,167,0,0.0,0.0,0.0,0.0,0.0,0.0,0.0,0.0,0.0,0.0,0.0,0.0,0.0,0.0,0.0,0.0,0.0,0.0,0.0,0.0,0.0,0.0,0.0,0.0,0.0,0.0,0.0,0.0,0.0,0.0,0.0,0.0,0.0,0.0,0.0
8352,48,168,0,0.0,0.0,0.0,0.0,0.0,0.0,0.0,0.0,0.0,0.0,0.0,0.0,0.0,0.0,0.0,0.0,0.0,0.0,0.0,0.0,0.0,0.0,0.0,0.0,0.0,0.0,0.0,0.0,0.0,0.0,0.0,0.0,0.0,0.0,0.0
8353,48,170,0,0.0,0.0,0.0,0.0,0.0,0.0,0.0,0.0,0.0,0.0,0.0,0.0,0.0,0.0,0.0,0.0,0.0,0.0,0.0,0.0,0.0,0.0,0.0,0.0,0.0,0.0,0.0,0.0,0.0,0.0,0.0,0.0,0.0,0.0,0.0
8354,48,171,0,0.0,0.0,0.0,0.0,0.0,0.0,0.0,0.0,0.0,0.0,0.0,0.0,0.0,0.0,0.0,0.0,0.0,0.0,0.0,0.0,0.0,0.0,0.0,0.0,0.0,0.0,0.0,0.0,0.0,0.0,0.0,0.0,0.0,0.0,0.0
8355,48,174,656,1.06,45.71,24.21,47.14,22.2,36.12,71.42,1.07,3.23,55.76,20.59,38.09,82.43,44.01,24.02,36.63,1.54,39.9,30.56,80.0,1.38,43.0,24.47,11.11,7.39,54.77,23.05,29.16,2.92,52.94,23.64,5.26,0.0,0.0,335.0
8356,48,175,0,0.0,0.0,0.0,0.0,0.0,0.0,0.0,0.0,0.0,0.0,0.0,0.0,0.0,0.0,0.0,0.0,0.0,0.0,0.0,0.0,0.0,0.0,0.0,0.0,0.0,0.0,0.0,0.0,0.0,0.0,0.0,0.0,0.0,0.0,0.0
8357,48,177,0,0.0,0.0,0.0,0.0,0.0,0.0,0.0,0.0,0.0,0.0,0.0,0.0,0.0,0.0,0.0,0.0,0.0,0.0,0.0,0.0,0.0,0.0,0.0,0.0,0.0,0.0,0.0,0.0,0.0,0.0,0.0,0.0,0.0,0.0,0.0
8358,48,178,0,0.0,0.0,0.0,0.0,0.0,0.0,0.0,0.0,0.0,0.0,0.0,0.0,0.0,0.0,0.0,0.0,0.0,0.0,0.0,0.0,0.0,0.0,0.0,0.0,0.0,0.0,0.0,0.0,0.0,0.0,0.0,0.0,0.0,0.0,0.0
8359,48,179,732,2.59,45.42,23.97,51.27,24.18,37.29,40.9,3.08,7.29,53.26,21.91,38.46,79.52,44.43,23.83,36.5,1.12,25.62,22.95,75.0,0.0,0.0,0.0,0.0,7.43,42.01,23.6,28.3,1.54,59.54,26.48,45.45,0.0,0.0,380.0
8360,48,181,521,0.38,45.19,27.01,47.11,27.36,34.54,77.77,1.73,4.04,58.61,24.21,38.09,83.04,44.7,26.82,33.41,2.5,28.84,21.56,61.53,0.38,46.5,2.12,50.0,6.93,48.38,29.48,25.0,1.34,31.42,19.13,14.28,0.0,0.0,232.0
8361,48,183,0,0.0,0.0,0.0,0.0,0.0,0.0,0.0,0.0,0.0,0.0,0.0,0.0,0.0,0.0,0.0,0.0,0.0,0.0,0.0,0.0,0.0,0.0,0.0,0.0,0.0,0.0,0.0,0.0,0.0,0.0,0.0,0.0,0.0,0.0,0.0
8362,48,184,0,0.0,0.0,0.0,0.0,0.0,0.0,0.0,0.0,0.0,0.0,0.0,0.0,0.0,0.0,0.0,0.0,0.0,0.0,0.0,0.0,0.0,0.0,0.0,0.0,0.0,0.0,0.0,0.0,0.0,0.0,0.0,0.0,0.0,0.0,0.0
8363,48,185,0,0.0,0.0,0.0,0.0,0.0,0.0,0.0,0.0,0.0,0.0,0.0,0.0,0.0,0.0,0.0,0.0,0.0,0.0,0.0,0.0,0.0,0.0,0.0,0.0,0.0,0.0,0.0,0.0,0.0,0.0,0.0,0.0,0.0,0.0,0.0
8364,48,188,0,0.0,0.0,0.0,0.0,0.0,0.0,0.0,0.0,0.0,0.0,0.0,0.0,0.0,0.0,0.0,0.0,0.0,0.0,0.0,0.0,0.0,0.0,0.0,0.0,0.0,0.0,0.0,0.0,0.0,0.0,0.0,0.0,0.0,0.0,0.0
8365,48,189,0,0.0,0.0,0.0,0.0,0.0,0.0,0.0,0.0,0.0,0.0,0.0,0.0,0.0,0.0,0.0,0.0,0.0,0.0,0.0,0.0,0.0,0.0,0.0,0.0,0.0,0.0,0.0,0.0,0.0,0.0,0.0,0.0,0.0,0.0,0.0
8366,48,190,0,0.0,0.0,0.0,0.0,0.0,0.0,0.0,0.0,0.0,0.0,0.0,0.0,0.0,0.0,0.0,0.0,0.0,0.0,0.0,0.0,0.0,0.0,0.0,0.0,0.0,0.0,0.0,0.0,0.0,0.0,0.0,0.0,0.0,0.0,0.0
8367,48,193,0,0.0,0.0,0.0,0.0,0.0,0.0,0.0,0.0,0.0,0.0,0.0,0.0,0.0,0.0,0.0,0.0,0.0,0.0,0.0,0.0,0.0,0.0,0.0,0.0,0.0,0.0,0.0,0.0,0.0,0.0,0.0,0.0,0.0,0.0,0.0
8368,48,198,0,0.0,0.0,0.0,0.0,0.0,0.0,0.0,0.0,0.0,0.0,0.0,0.0,0.0,0.0,0.0,0.0,0.0,0.0,0.0,0.0,0.0,0.0,0.0,0.0,0.0,0.0,0.0,0.0,0.0,0.0,0.0,0.0,0.0,0.0,0.0
8369,48,202,702,1.56,43.52,26.58,51.47,30.23,32.76,36.84,2.74,9.4,44.64,27.71,23.07,74.96,42.63,26.29,34.55,1.59,36.81,19.98,36.36,1.15,59.37,36.82,50.0,6.22,42.83,27.08,25.58,3.32,42.52,21.92,30.43,0.0,0.0,372.0
8370,49,58,1085,1.29,41.87,20.19,52.65,25.86,42.76,59.37,2.98,2.98,49.62,26.32,43.75,86.36,41.36,19.31,42.7,1.77,36.94,15.66,68.42,0.18,45.5,10.6,50.0,4.2,33.17,22.66,22.22,1.49,61.62,18.53,31.25,0.0,28.05,630.0
8371,49,59,1133,2.11,41.19,19.61,45.3,23.08,41.92,40.0,1.8,3.78,50.92,21.87,47.61,88.18,40.16,19.04,41.1,0.9,48.5,20.46,70.0,0.45,39.0,23.53,20.0,3.69,44.04,20.71,41.46,1.17,48.69,28.47,46.15,0.0,29.71,630.0
8372,49,unclear,1189,1.42,46.01,17.31,57.15,18.08,46.17,81.15,5.88,0.0,0.0,0.0,0.0,88.31,45.04,16.91,43.67,0.76,32.33,10.88,88.88,0.85,59.4,20.79,20.0,2.38,43.75,15.49,32.14,1.79,58.19,19.15,61.9,,,
8373,49,88,988,1.92,42.41,18.83,48.6,21.07,44.23,62.79,4.43,2.68,52.07,19.3,53.84,81.83,41.64,18.23,42.49,1.13,32.54,7.4,72.72,0.51,44.4,5.54,60.0,7.84,42.89,20.74,40.78,1.54,45.73,26.31,60.0,0.0,28.71,525.0
8374,49,89,1140,1.66,43.06,18.63,47.51,17.49,41.75,73.07,6.95,4.1,46.52,17.96,47.82,80.19,42.6,18.69,38.48,0.8,39.33,18.64,66.66,0.26,40.66,18.14,0.0,5.17,40.58,18.38,48.27,2.49,46.39,19.97,32.14,0.0,26.4,611.0
8375,49,unclear,1296,1.08,42.29,16.84,46.96,16.54,46.14,78.57,2.18,0.0,0.0,0.0,0.0,93.52,42.12,16.72,44.45,0.54,30.28,14.61,100.0,0.0,0.0,0.0,0.0,1.87,34.2,11.65,33.33,1.87,54.45,20.36,79.16,,,
8376,49,94,783,0.25,44.03,20.52,44.2,16.75,44.06,40.0,1.28,1.66,49.23,29.46,61.53,91.42,43.8,20.58,43.97,1.15,38.22,23.08,66.66,0.12,60.0,0.0,100.0,3.71,47.79,16.64,37.93,0.64,51.0,10.9,20.0,0.0,29.71,406.0
8377,49,102,739,0.4,41.55,19.02,35.33,26.88,42.62,22.22,1.22,1.35,42.2,22.8,70.0,90.35,41.56,18.62,41.95,1.22,34.66,6.02,100.0,0.27,51.0,9.89,0.0,3.39,39.04,23.87,36.0,2.17,50.25,25.35,43.75,0.0,33.24,419.0
8378,49,104,1035,0.19,41.36,18.49,41.13,17.03,41.93,47.82,2.22,2.12,50.63,17.25,54.54,88.48,40.91,18.66,42.12,1.16,32.66,15.13,66.66,0.48,43.4,10.99,20.0,4.35,44.91,13.68,26.66,1.16,55.75,21.87,41.66,0.0,35.79,539.0
8379,49,111,949,1.05,41.88,18.95,40.25,15.3,42.36,44.44,2.87,2.44,51.95,18.41,43.47,87.0,41.54,19.28,42.96,0.85,40.62,14.26,75.0,0.0,0.0,0.0,0.0,5.11,42.08,17.02,27.08,1.7,43.06,16.47,25.0,0.0,33.49,557.0
8380,49,128,822,0.85,41.82,18.31,39.79,22.38,41.72,50.0,2.94,1.34,46.45,11.63,72.72,87.11,41.54,18.41,41.12,1.1,41.11,12.39,55.55,0.49,46.5,6.95,25.0,6.01,43.48,15.33,34.69,0.98,53.12,18.52,75.0,0.0,32.23,432.0
8381,49,150,795,0.37,42.33,18.49,30.71,27.07,43.14,28.57,0.88,1.64,53.23,21.19,38.46,89.26,42.31,18.17,43.56,1.13,34.77,16.56,88.88,0.12,35.0,0.0,100.0,5.93,39.74,20.04,31.91,1.01,55.12,16.99,37.5,0.0,32.68,470.0
8382,49,151,843,0.71,39.68,20.24,28.4,24.19,41.39,30.0,1.19,1.07,31.11,21.56,44.44,86.85,39.52,20.03,42.77,0.71,35.33,24.78,50.0,0.47,45.5,17.07,50.0,7.4,39.12,19.27,30.64,2.27,57.84,22.03,21.05,0.0,31.74,472.0
8383,49,153,832,0.6,41.72,19.14,51.8,16.43,40.74,60.0,1.2,2.05,44.23,29.44,64.7,87.54,41.73,18.7,39.91,1.08,29.77,12.4,77.77,0.36,60.66,7.57,66.66,6.65,37.16,20.02,25.45,1.08,45.0,21.73,88.88,0.0,50.41,412.0
8384,49,157,865,3.23,42.51,18.56,43.0,19.6,41.15,50.0,1.91,8.48,54.11,19.03,43.66,82.19,40.6,17.98,40.55,1.19,47.2,9.99,100.0,0.59,43.0,11.68,20.0,3.94,42.84,19.82,30.3,1.67,52.78,15.65,57.14,0.0,34.76,421.0
8385,49,161,708,3.38,42.21,18.66,45.84,21.13,42.65,38.46,1.9,8.33,49.91,22.31,31.57,77.63,40.65,18.07,45.19,0.87,31.66,6.71,83.33,0.43,40.33,3.51,33.33,8.18,45.0,16.31,32.14,1.9,36.84,14.66,38.46,0.0,30.92,433.0
8386,49,165,741,2.42,42.22,17.98,52.28,15.65,39.4,35.71,3.87,6.77,54.59,21.06,38.77,73.99,39.71,17.31,40.74,2.9,44.38,18.33,47.61,0.55,47.0,6.63,50.0,9.4,44.01,15.53,32.35,2.48,52.11,17.93,33.33,0.0,50.86,455.0
8387,49,170,771,3.37,41.96,18.38,44.82,18.5,40.07,46.42,3.75,5.77,51.2,21.88,37.2,75.3,40.31,17.4,40.1,1.87,38.85,13.58,57.14,0.53,35.0,27.31,50.0,10.06,47.25,18.65,34.66,2.68,33.65,18.59,35.0,0.0,48.18,433.0
8388,49,173,729,1.64,41.52,17.53,38.94,11.38,41.01,22.22,2.51,4.88,50.97,15.31,31.42,82.14,40.33,17.57,43.46,0.55,36.0,7.43,100.0,0.27,50.0,7.07,100.0,8.36,44.9,15.07,26.66,1.25,42.88,26.56,11.11,0.0,56.45,387.0
8389,49,175,590,1.69,40.54,18.32,45.2,15.39,39.32,46.66,2.58,5.68,48.33,22.98,45.45,78.44,38.83,17.68,39.12,1.55,37.0,21.63,88.88,1.2,45.28,23.31,42.85,8.79,45.17,17.14,29.41,1.72,46.5,20.31,50.0,0.0,35.58,323.0
8390,49,177,771,1.68,43.23,18.29,41.0,21.72,43.7,42.85,1.84,2.9,51.95,14.63,59.09,84.03,42.94,17.97,43.64,1.18,28.11,18.59,88.88,1.31,42.0,18.32,30.0,7.51,43.19,21.45,28.07,1.18,48.22,19.68,55.55,0.0,54.02,418.0
8391,49,180,769,2.21,44.31,18.43,43.11,16.22,40.44,47.22,4.78,5.18,50.97,22.95,38.46,78.05,44.1,18.47,40.71,1.19,33.0,16.59,66.66,0.66,38.6,3.5,40.0,7.84,43.45,17.28,37.28,2.26,44.7,19.65,41.17,0.0,48.45,442.0
8392,49,182,601,1.66,44.24,17.86,44.62,18.39,38.93,54.16,4.06,4.39,46.61,18.87,46.15,79.01,43.81,17.71,38.75,1.69,38.29,17.74,50.0,0.5,52.0,21.63,33.33,7.95,45.68,18.22,29.78,2.36,44.42,17.88,28.57,0.0,56.38,344.0
8393,49,188,818,1.95,41.8,18.55,42.69,19.88,42.42,34.69,6.1,3.49,44.96,21.54,42.85,77.55,40.48,17.89,44.53,1.37,45.27,16.37,63.63,1.24,37.9,22.1,30.0,7.6,43.96,19.07,29.5,2.61,54.71,19.65,38.09,0.0,36.44,461.0
8394,49,190,952,1.47,43.12,18.67,49.08,16.44,42.22,54.16,2.55,3.19,50.2,19.7,33.33,80.17,41.93,18.26,42.55,2.13,35.54,15.43,85.0,1.59,52.0,13.33,26.66,8.74,46.89,20.43,34.14,1.59,46.6,22.53,33.33,0.0,33.7,549.0
8395,49,191,936,1.92,41.36,19.5,45.06,20.33,39.1,44.0,5.44,2.17,63.5,20.73,50.0,78.75,39.76,19.26,39.55,1.19,35.81,11.35,72.72,0.54,59.6,11.45,40.0,10.45,42.21,17.97,29.16,1.41,59.0,12.36,23.07,0.0,34.08,508.0
8396,49,192,436,0.68,40.02,18.03,34.61,18.02,43.8,57.14,4.84,2.77,51.58,25.9,50.0,82.44,40.12,18.0,44.53,1.38,36.16,4.79,83.33,0.46,37.5,14.84,0.0,6.69,36.86,14.71,27.58,1.38,45.33,19.29,16.66,0.0,35.4,212.0
8397,49,194,598,1.83,43.81,20.07,51.55,22.12,39.96,44.44,3.06,7.83,52.23,20.55,32.6,78.19,42.41,19.94,39.86,1.53,33.88,13.55,44.44,0.85,46.2,14.73,20.0,6.3,45.83,17.76,48.64,2.21,53.07,22.28,38.46,0.0,26.62,371.0
8398,49,195,925,1.62,44.38,17.82,44.89,21.39,41.18,47.36,2.08,7.03,54.56,17.19,42.18,78.79,42.96,17.42,41.56,1.97,39.83,9.92,72.22,0.0,0.0,0.0,0.0,8.35,45.69,16.84,28.94,1.75,53.56,21.63,25.0,0.0,30.86,571.0
8399,49,196,679,2.5,40.95,18.96,51.58,17.06,42.41,29.41,2.56,4.83,49.87,24.84,59.37,81.26,39.04,18.07,43.3,1.35,42.33,13.89,66.66,0.0,0.0,0.0,0.0,8.45,46.69,16.56,23.21,1.51,57.4,19.72,30.0,0.0,33.1,394.0
8400,49,197,775,2.32,40.87,19.31,51.86,19.54,40.64,40.9,2.9,5.01,50.84,20.32,44.73,77.8,38.92,18.51,40.23,1.58,41.58,19.44,66.66,1.18,47.55,13.26,44.44,11.09,43.21,21.25,34.52,0.39,63.33,3.05,66.66,0.0,31.71,428.0
8401,49,198,644,3.26,42.78,18.12,42.9,20.37,41.61,36.36,3.53,9.14,55.31,19.22,33.33,74.47,39.37,16.42,43.96,1.6,42.5,22.15,70.0,0.32,38.0,8.48,50.0,9.3,51.17,17.72,25.86,1.6,57.5,14.15,70.0,0.0,31.04,360.0
8402,49,200,864,2.89,42.16,19.45,43.91,17.68,40.62,39.13,2.74,7.38,49.83,21.94,40.32,74.01,40.69,19.14,40.9,2.74,38.04,17.95,65.21,0.83,42.85,23.91,42.85,10.6,43.43,19.19,35.95,1.66,46.78,8.34,28.57,0.0,33.28,493.0
8403,49,202,779,2.95,41.04,18.25,42.81,17.6,39.66,18.75,2.11,7.67,49.84,19.29,46.55,77.11,39.75,17.54,40.3,2.51,37.05,15.42,73.68,0.52,45.25,15.39,25.0,9.12,39.42,19.65,27.53,0.92,50.57,28.1,42.85,0.0,54.78,425.0
8404,49,206,936,3.2,41.93,17.82,49.07,17.97,40.59,41.46,4.52,5.07,50.19,17.34,34.78,78.58,39.66,17.36,41.85,0.55,40.4,7.23,60.0,0.66,50.33,6.28,33.33,8.05,44.83,15.95,30.13,2.53,50.86,22.1,47.82,0.0,29.41,555.0
8405,49,207,958,1.77,44.04,18.5,51.03,22.75,41.54,50.0,3.18,3.4,56.21,21.05,50.0,84.59,42.88,17.72,40.95,1.16,37.9,20.47,63.63,0.53,36.0,14.33,60.0,5.84,45.56,22.11,30.9,1.27,50.25,12.22,50.0,0.0,31.12,552.0
8406,49,208,952,1.89,44.24,18.26,49.68,16.69,40.65,24.0,2.67,3.31,54.51,17.76,45.16,84.36,43.24,18.02,40.86,2.78,43.57,15.14,69.23,0.74,54.0,13.4,28.57,4.49,41.4,19.09,28.57,1.6,53.53,19.45,33.33,0.0,34.57,537.0
8407,49,209,651,0.92,42.81,20.03,40.09,14.45,41.47,36.36,1.7,1.7,47.72,19.73,45.45,89.76,42.99,19.79,42.48,1.08,25.71,18.73,71.42,0.0,0.0,0.0,0.0,4.34,36.25,20.49,21.42,1.39,64.44,20.25,11.11,0.0,35.02,391.0
8408,49,211,780,1.15,43.69,19.74,39.66,20.51,41.02,55.55,2.33,1.42,36.9,22.55,9.09,90.79,43.97,19.75,42.42,1.03,36.37,11.1,50.0,0.0,0.0,0.0,0.0,2.59,37.4,18.63,20.0,1.81,60.21,8.23,0.0,0.0,32.52,448.0
8409,49,213,811,1.35,42.87,18.09,53.6,17.59,43.03,40.0,3.12,4.25,51.17,18.28,52.94,80.25,41.37,17.63,43.3,2.5,39.45,14.33,55.0,0.62,38.4,11.84,40.0,7.5,46.93,20.35,36.66,1.75,47.57,19.79,28.57,0.0,31.61,531.0
8410,49,214,833,3.36,43.71,18.45,46.21,20.16,41.05,43.47,2.85,4.47,52.41,22.72,38.88,79.62,42.14,17.99,42.43,1.24,43.6,10.54,90.0,0.24,28.0,39.59,0.0,9.93,46.46,17.57,33.75,1.61,46.38,18.21,30.76,0.0,45.51,505.0
8411,49,217,757,1.98,43.01,18.76,49.0,16.76,40.42,29.72,4.98,2.83,61.23,15.05,47.61,80.59,41.51,18.58,41.13,2.29,42.52,12.86,76.47,0.94,41.57,22.06,42.85,7.14,45.92,17.43,24.52,1.21,40.44,25.13,33.33,0.0,48.95,421.0
8412,49,219,430,1.62,41.6,17.51,40.23,17.27,41.39,76.47,4.01,4.49,60.15,15.52,52.63,82.74,40.19,16.85,40.0,0.47,41.5,9.19,100.0,0.94,50.25,9.81,25.0,5.2,41.59,19.84,31.81,2.12,46.55,9.59,33.33,0.0,30.64,252.0
8413,49,220,516,4.06,42.76,18.02,44.84,11.98,39.53,36.84,3.83,4.04,50.65,20.12,45.0,78.18,40.57,16.96,40.56,2.02,30.7,18.65,60.0,1.21,55.83,21.53,0.0,9.09,49.31,20.44,33.33,1.61,63.0,15.84,62.5,0.0,33.5,298.0
8414,49,221,959,2.39,43.86,19.15,41.61,19.02,40.45,51.61,3.31,4.59,54.16,19.99,48.83,75.53,42.22,18.9,40.31,1.92,38.22,14.43,66.66,0.53,44.6,24.99,60.0,11.0,48.07,18.07,33.0,3.09,48.96,14.18,41.37,0.0,26.79,625.0
8415,49,1,1027,3.5,42.23,17.91,47.85,22.87,41.67,48.14,2.72,8.27,51.19,19.71,41.46,71.24,39.93,17.03,44.47,2.21,38.27,13.25,59.09,0.6,34.66,19.99,33.33,10.89,43.78,16.17,28.7,4.03,49.4,17.78,27.5,0.0,0.0,600.0
8416,49,2,0,0.0,0.0,0.0,0.0,0.0,0.0,0.0,0.0,0.0,0.0,0.0,0.0,0.0,0.0,0.0,0.0,0.0,0.0,0.0,0.0,0.0,0.0,0.0,0.0,0.0,0.0,0.0,0.0,0.0,0.0,0.0,0.0,0.0,0.0,0.0
8417,49,3,0,0.0,0.0,0.0,0.0,0.0,0.0,0.0,0.0,0.0,0.0,0.0,0.0,0.0,0.0,0.0,0.0,0.0,0.0,0.0,0.0,0.0,0.0,0.0,0.0,0.0,0.0,0.0,0.0,0.0,0.0,0.0,0.0,0.0,0.0,0.0
8418,49,4,945,3.91,43.85,19.68,51.28,24.4,42.22,60.0,3.85,6.49,54.33,22.3,50.84,76.21,42.03,18.97,41.61,1.54,38.64,14.95,71.42,1.54,49.71,18.08,28.57,7.48,40.14,16.73,33.82,2.86,45.11,20.04,26.92,0.0,0.0,573.0
8419,49,5,950,5.89,44.67,18.39,45.08,15.84,41.15,48.57,3.91,9.5,56.61,18.93,47.05,71.58,41.62,17.42,39.21,2.46,38.31,13.76,77.27,0.67,42.5,25.59,33.33,8.16,48.05,19.42,32.87,3.69,52.96,18.79,45.45,0.0,0.0,578.0
8420,49,6,1081,3.88,43.57,17.75,51.16,14.31,39.96,54.83,2.98,6.44,56.04,17.23,47.76,74.78,41.71,17.29,41.05,1.34,35.64,11.12,50.0,0.28,40.66,13.86,0.0,10.97,41.59,17.27,33.33,3.17,54.24,18.38,21.21,0.0,0.0,652.0
8421,49,7,479,3.75,43.42,18.13,43.4,16.44,43.21,80.0,1.08,2.81,41.53,24.98,53.84,82.42,42.5,17.34,42.63,1.73,42.0,13.21,87.5,1.08,63.0,16.35,60.0,9.54,43.09,17.07,38.63,1.3,43.16,24.69,50.0,0.0,0.0,306.0
8422,49,8,562,6.58,40.75,16.51,32.2,12.88,41.28,35.0,3.8,8.76,49.67,14.39,39.13,73.52,38.66,16.12,43.78,2.28,35.58,7.6,75.0,2.28,55.08,20.66,16.66,6.47,39.29,14.7,23.52,2.85,46.4,13.64,46.66,0.0,0.0,357.0
8423,49,9,820,2.68,42.93,17.71,37.66,15.25,41.09,41.93,7.76,5.26,47.38,20.88,45.23,74.06,42.31,17.65,41.45,1.0,33.37,9.11,100.0,1.37,46.81,18.07,45.45,9.52,43.51,16.23,34.21,1.0,69.12,8.44,37.5,0.0,0.0,439.0
8424,49,10,0,0.0,0.0,0.0,0.0,0.0,0.0,0.0,0.0,0.0,0.0,0.0,0.0,0.0,0.0,0.0,0.0,0.0,0.0,0.0,0.0,0.0,0.0,0.0,0.0,0.0,0.0,0.0,0.0,0.0,0.0,0.0,0.0,0.0,0.0,0.0
8425,49,11,0,0.0,0.0,0.0,0.0,0.0,0.0,0.0,0.0,0.0,0.0,0.0,0.0,0.0,0.0,0.0,0.0,0.0,0.0,0.0,0.0,0.0,0.0,0.0,0.0,0.0,0.0,0.0,0.0,0.0,0.0,0.0,0.0,0.0,0.0,0.0
8426,49,12,731,4.24,42.35,18.75,51.0,16.73,36.79,45.45,3.14,5.71,52.25,24.8,45.0,77.42,40.78,17.99,36.9,1.14,36.37,10.21,62.5,0.42,44.66,18.0,0.0,9.71,42.25,17.61,35.29,2.42,47.52,17.28,23.52,0.0,0.0,430.0
8427,49,13,0,0.0,0.0,0.0,0.0,0.0,0.0,0.0,0.0,0.0,0.0,0.0,0.0,0.0,0.0,0.0,0.0,0.0,0.0,0.0,0.0,0.0,0.0,0.0,0.0,0.0,0.0,0.0,0.0,0.0,0.0,0.0,0.0,0.0,0.0,0.0
8428,49,14,872,2.06,42.54,19.54,39.42,19.52,38.53,67.85,3.27,4.09,47.85,25.58,48.57,78.22,42.34,19.34,37.42,1.05,36.22,8.64,77.77,1.52,34.69,13.44,46.15,8.89,38.65,18.29,26.31,2.92,52.56,21.17,40.0,0.0,0.0,523.0
8429,49,15,0,0.0,0.0,0.0,0.0,0.0,0.0,0.0,0.0,0.0,0.0,0.0,0.0,0.0,0.0,0.0,0.0,0.0,0.0,0.0,0.0,0.0,0.0,0.0,0.0,0.0,0.0,0.0,0.0,0.0,0.0,0.0,0.0,0.0,0.0,0.0
8430,49,16,0,0.0,0.0,0.0,0.0,0.0,0.0,0.0,0.0,0.0,0.0,0.0,0.0,0.0,0.0,0.0,0.0,0.0,0.0,0.0,0.0,0.0,0.0,0.0,0.0,0.0,0.0,0.0,0.0,0.0,0.0,0.0,0.0,0.0,0.0,0.0
8431,49,17,0,0.0,0.0,0.0,0.0,0.0,0.0,0.0,0.0,0.0,0.0,0.0,0.0,0.0,0.0,0.0,0.0,0.0,0.0,0.0,0.0,0.0,0.0,0.0,0.0,0.0,0.0,0.0,0.0,0.0,0.0,0.0,0.0,0.0,0.0,0.0
8432,49,18,1148,2.61,42.29,17.84,46.12,17.66,40.15,48.48,2.95,5.9,43.62,18.52,34.84,79.78,41.4,17.84,40.13,1.61,38.38,12.55,77.77,0.62,42.57,16.04,28.57,7.6,42.51,16.23,34.11,1.52,52.23,17.72,47.05,0.0,0.0,653.0
8433,49,19,1170,3.07,43.48,18.21,43.53,19.47,40.08,50.0,2.29,4.05,49.84,16.25,36.95,76.45,42.28,18.22,40.13,2.11,41.66,17.71,75.0,0.44,39.2,8.28,0.0,11.72,43.42,16.45,30.07,2.91,54.72,19.21,42.42,0.0,0.0,725.0
8434,49,21,639,2.81,42.02,18.18,42.21,16.22,45.07,56.52,3.7,5.47,47.05,26.88,50.0,79.38,40.95,17.58,43.0,0.64,36.5,3.1,100.0,0.8,49.6,14.46,40.0,8.85,42.3,16.62,49.09,1.12,55.0,11.44,42.85,0.0,0.0,391.0
8435,49,23,0,0.0,0.0,0.0,0.0,0.0,0.0,0.0,0.0,0.0,0.0,0.0,0.0,0.0,0.0,0.0,0.0,0.0,0.0,0.0,0.0,0.0,0.0,0.0,0.0,0.0,0.0,0.0,0.0,0.0,0.0,0.0,0.0,0.0,0.0,0.0
8436,49,24,561,2.49,42.08,20.17,53.54,23.89,41.35,45.45,2.01,4.57,40.11,21.92,28.0,84.82,41.69,19.85,42.02,1.27,34.85,29.43,85.71,0.36,18.5,26.16,50.0,4.93,44.33,17.05,25.92,2.01,51.54,16.03,54.54,0.0,0.0,314.0
8437,49,25,993,2.11,43.23,17.29,54.04,16.99,42.29,57.14,2.16,6.79,49.0,17.62,46.96,76.95,41.07,16.55,42.78,1.33,40.07,12.82,76.92,1.54,44.6,19.51,33.33,8.23,46.41,17.91,27.5,2.98,59.2,14.58,31.03,0.0,0.0,538.0
8438,49,26,1068,2.71,42.24,18.57,45.37,20.03,41.85,62.5,3.07,5.87,55.39,19.27,50.81,77.09,40.8,18.11,41.07,1.34,35.21,9.72,71.42,0.76,36.12,18.17,37.5,8.46,41.38,17.97,34.09,3.36,51.0,17.86,42.85,0.0,0.0,617.0
8439,49,27,0,0.0,0.0,0.0,0.0,0.0,0.0,0.0,0.0,0.0,0.0,0.0,0.0,0.0,0.0,0.0,0.0,0.0,0.0,0.0,0.0,0.0,0.0,0.0,0.0,0.0,0.0,0.0,0.0,0.0,0.0,0.0,0.0,0.0,0.0,0.0
8440,49,28,686,2.33,40.24,18.02,36.21,14.22,39.5,42.85,6.26,6.56,54.43,20.23,43.18,76.56,38.58,17.4,38.2,2.08,41.42,17.72,78.57,1.79,42.16,16.16,25.0,4.92,42.12,18.4,33.33,1.79,54.75,18.06,33.33,0.0,0.0,371.0
8441,49,29,618,3.23,42.69,18.19,49.3,13.66,40.77,50.0,3.34,6.52,50.71,19.67,43.58,75.08,41.25,18.08,40.31,1.67,39.5,8.28,80.0,1.67,41.5,13.07,40.0,8.86,43.07,18.02,28.3,2.84,41.58,18.41,41.17,0.0,0.0,339.0
8442,49,30,1167,1.71,42.22,18.65,44.04,20.46,42.33,56.52,2.0,4.44,53.01,21.16,39.21,82.73,40.88,18.19,42.78,1.13,42.15,14.16,69.23,1.13,47.92,9.01,23.07,6.88,43.53,16.64,29.11,1.65,54.42,25.41,42.1,0.0,0.0,640.0
8443,49,31,860,2.2,42.93,18.32,47.06,17.98,41.86,56.25,1.9,5.94,52.6,21.73,48.0,78.71,41.3,18.23,41.69,1.66,38.71,11.55,64.28,0.83,44.57,9.88,0.0,9.15,45.77,15.56,38.96,1.78,54.2,19.36,33.33,0.0,0.0,499.0
8444,49,32,663,1.8,42.85,19.44,50.28,16.23,41.77,64.28,2.15,4.76,52.48,24.05,41.93,79.87,41.69,19.02,40.96,1.38,37.11,8.4,100.0,0.92,43.0,16.33,0.0,9.21,41.86,17.49,41.66,1.68,58.09,19.53,27.27,0.0,0.0,338.0
8445,49,33,1067,1.12,42.79,19.52,47.86,20.78,41.89,47.36,3.6,2.27,57.08,22.77,54.16,84.45,41.92,19.19,41.07,1.32,33.5,14.7,85.71,1.13,57.25,12.39,41.66,6.35,42.08,19.11,37.31,0.85,53.88,22.58,22.22,0.0,0.0,612.0
8446,49,34,538,1.3,40.91,18.85,45.38,18.27,39.59,52.38,3.95,3.57,44.78,22.1,47.36,83.8,40.42,18.82,38.87,2.07,32.45,19.62,72.72,0.75,41.75,17.17,25.0,5.27,41.32,18.22,28.57,0.56,53.66,8.5,33.33,0.0,0.0,333.0
8447,49,35,954,1.57,42.67,18.25,45.95,18.0,40.77,45.45,2.34,4.15,52.2,23.73,56.41,80.29,41.28,17.9,40.71,1.17,32.27,7.18,72.72,2.12,48.9,14.04,30.0,8.73,46.64,16.2,31.7,1.17,49.72,17.44,27.27,0.0,0.0,539.0
8448,49,36,0,0.0,0.0,0.0,0.0,0.0,0.0,0.0,0.0,0.0,0.0,0.0,0.0,0.0,0.0,0.0,0.0,0.0,0.0,0.0,0.0,0.0,0.0,0.0,0.0,0.0,0.0,0.0,0.0,0.0,0.0,0.0,0.0,0.0,0.0,0.0
8449,49,37,925,1.94,42.69,19.44,54.59,17.34,41.51,40.9,2.42,4.41,52.27,21.03,55.0,80.92,41.06,19.37,42.37,1.21,42.72,20.3,54.54,0.77,43.42,10.32,14.28,9.26,46.14,16.95,29.76,0.99,42.11,23.28,33.33,0.0,0.0,590.0
8450,49,38,615,2.92,42.68,19.33,47.42,20.11,40.65,42.1,3.18,8.37,51.76,22.23,38.0,74.7,41.29,18.77,41.03,1.5,35.66,7.17,88.88,1.17,40.85,11.93,14.28,9.88,40.06,19.6,33.89,1.17,40.42,12.13,71.42,0.0,0.0,384.0
8451,49,39,1155,2.16,42.54,18.59,44.96,21.39,39.13,45.28,4.69,6.63,55.1,17.0,41.33,74.51,40.64,18.04,39.31,1.32,32.26,13.2,60.0,1.32,47.2,15.36,33.33,9.55,44.97,16.54,30.55,1.94,52.09,18.76,36.36,0.0,0.0,628.0
8452,49,40,1051,1.9,43.24,18.22,37.72,17.73,40.81,50.0,2.13,4.17,53.02,19.53,32.55,82.83,42.01,17.99,40.04,1.26,40.38,12.29,76.92,0.58,52.0,7.92,33.33,7.17,46.54,16.26,39.18,1.84,53.52,21.93,47.36,0.0,0.0,633.0
8453,49,41,0,0.0,0.0,0.0,0.0,0.0,0.0,0.0,0.0,0.0,0.0,0.0,0.0,0.0,0.0,0.0,0.0,0.0,0.0,0.0,0.0,0.0,0.0,0.0,0.0,0.0,0.0,0.0,0.0,0.0,0.0,0.0,0.0,0.0,0.0,0.0
8454,49,43,0,0.0,0.0,0.0,0.0,0.0,0.0,0.0,0.0,0.0,0.0,0.0,0.0,0.0,0.0,0.0,0.0,0.0,0.0,0.0,0.0,0.0,0.0,0.0,0.0,0.0,0.0,0.0,0.0,0.0,0.0,0.0,0.0,0.0,0.0,0.0
8455,49,44,799,1.12,44.23,18.72,54.88,17.46,40.55,33.33,1.13,2.4,49.26,16.3,63.15,87.97,43.48,18.75,40.86,0.75,40.66,19.57,83.33,1.01,46.62,13.25,37.5,4.93,46.58,18.47,33.33,1.77,51.64,19.21,7.14,0.0,0.0,494.0
8456,49,46,989,1.71,42.23,18.97,46.56,17.49,41.45,47.82,2.36,3.18,53.9,19.9,45.16,82.3,41.21,19.12,42.25,1.13,31.27,13.06,90.9,0.41,36.5,13.91,50.0,7.81,42.18,16.22,28.94,2.77,51.44,15.08,25.92,0.0,0.0,593.0
8457,49,47,1019,2.25,44.46,19.19,45.9,16.9,39.25,38.09,2.1,3.71,54.75,19.92,43.24,81.22,42.69,18.81,40.54,1.2,36.41,25.91,66.66,0.6,47.83,24.42,0.0,8.13,49.79,17.84,32.09,3.01,57.76,15.59,20.0,0.0,0.0,599.0
8458,49,48,1048,1.9,43.94,18.5,37.94,19.82,42.08,37.14,3.4,3.01,54.19,11.85,54.83,78.69,43.56,18.54,42.39,1.26,34.84,15.42,76.92,0.97,31.5,19.44,40.0,10.6,44.75,18.07,31.19,2.04,52.04,19.34,42.85,0.0,0.0,578.0
8459,49,49,0,0.0,0.0,0.0,0.0,0.0,0.0,0.0,0.0,0.0,0.0,0.0,0.0,0.0,0.0,0.0,0.0,0.0,0.0,0.0,0.0,0.0,0.0,0.0,0.0,0.0,0.0,0.0,0.0,0.0,0.0,0.0,0.0,0.0,0.0,0.0
8460,49,50,736,2.3,41.74,18.52,42.21,19.77,41.84,36.84,2.64,5.0,54.08,21.25,52.77,82.47,40.04,17.63,41.48,1.66,36.16,14.23,66.66,0.13,48.0,0.0,0.0,7.23,45.09,19.19,38.46,0.83,62.33,24.35,33.33,0.0,0.0,400.0
8461,49,51,0,0.0,0.0,0.0,0.0,0.0,0.0,0.0,0.0,0.0,0.0,0.0,0.0,0.0,0.0,0.0,0.0,0.0,0.0,0.0,0.0,0.0,0.0,0.0,0.0,0.0,0.0,0.0,0.0,0.0,0.0,0.0,0.0,0.0,0.0,0.0
8462,49,52,904,1.1,42.7,18.52,39.85,21.67,42.36,50.0,2.23,5.14,52.26,21.32,54.34,80.76,41.65,17.96,41.82,1.78,34.5,10.11,87.5,0.55,34.2,12.61,40.0,7.71,44.81,17.09,30.43,1.78,56.5,25.67,37.5,0.0,0.0,512.0
8463,49,53,688,1.45,42.28,19.51,46.75,24.35,43.02,50.0,1.76,5.45,51.7,23.02,64.86,81.71,41.22,18.8,42.23,1.91,34.76,17.69,76.92,0.14,72.0,0.0,100.0,7.07,40.72,15.69,29.16,1.91,60.69,26.14,30.76,0.0,0.0,363.0
8464,49,54,0,0.0,0.0,0.0,0.0,0.0,0.0,0.0,0.0,0.0,0.0,0.0,0.0,0.0,0.0,0.0,0.0,0.0,0.0,0.0,0.0,0.0,0.0,0.0,0.0,0.0,0.0,0.0,0.0,0.0,0.0,0.0,0.0,0.0,0.0,0.0
8465,49,55,0,0.0,0.0,0.0,0.0,0.0,0.0,0.0,0.0,0.0,0.0,0.0,0.0,0.0,0.0,0.0,0.0,0.0,0.0,0.0,0.0,0.0,0.0,0.0,0.0,0.0,0.0,0.0,0.0,0.0,0.0,0.0,0.0,0.0,0.0,0.0
8466,49,56,968,0.92,43.31,20.62,48.81,26.06,40.39,37.03,2.81,3.23,49.7,26.47,48.38,83.94,42.44,20.69,41.49,2.29,35.77,9.42,59.09,0.31,28.66,25.0,33.33,6.25,48.66,13.73,23.33,1.14,51.36,15.57,9.09,0.0,0.0,554.0
8467,49,57,352,2.27,41.13,18.62,42.73,26.22,41.19,33.33,4.36,2.9,51.0,23.12,50.0,79.06,40.18,18.15,42.64,1.45,40.0,21.35,60.0,0.87,54.33,15.01,0.0,9.88,40.85,16.3,29.41,1.45,56.2,13.34,40.0,0.0,0.0,200.0
8468,49,60,963,1.24,41.3,19.63,50.43,25.64,42.05,68.75,1.68,2.2,57.76,22.95,52.38,89.9,40.3,18.97,41.05,1.15,32.45,13.38,81.81,0.31,76.0,19.05,33.33,3.89,44.45,21.56,37.83,0.84,52.62,20.6,50.0,0.0,0.0,549.0
8469,49,63,0,0.0,0.0,0.0,0.0,0.0,0.0,0.0,0.0,0.0,0.0,0.0,0.0,0.0,0.0,0.0,0.0,0.0,0.0,0.0,0.0,0.0,0.0,0.0,0.0,0.0,0.0,0.0,0.0,0.0,0.0,0.0,0.0,0.0,0.0,0.0
8470,49,64,995,3.61,43.23,17.93,43.55,14.4,42.71,41.37,3.02,6.15,52.25,22.74,40.67,75.8,41.34,17.61,42.91,1.56,41.46,12.17,86.66,1.04,51.5,13.36,40.0,9.9,44.98,14.22,35.78,2.5,55.37,21.22,54.16,0.0,0.0,542.0
8471,49,65,976,2.66,42.02,18.46,44.93,16.05,40.16,41.93,3.26,4.73,53.91,17.67,42.22,77.68,40.02,18.19,40.78,0.84,36.5,11.07,87.5,1.68,43.81,19.13,18.75,7.57,45.8,17.53,33.33,4.21,49.15,19.08,35.0,0.0,0.0,562.0
8472,49,66,0,0.0,0.0,0.0,0.0,0.0,0.0,0.0,0.0,0.0,0.0,0.0,0.0,0.0,0.0,0.0,0.0,0.0,0.0,0.0,0.0,0.0,0.0,0.0,0.0,0.0,0.0,0.0,0.0,0.0,0.0,0.0,0.0,0.0,0.0,0.0
8473,49,67,0,0.0,0.0,0.0,0.0,0.0,0.0,0.0,0.0,0.0,0.0,0.0,0.0,0.0,0.0,0.0,0.0,0.0,0.0,0.0,0.0,0.0,0.0,0.0,0.0,0.0,0.0,0.0,0.0,0.0,0.0,0.0,0.0,0.0,0.0,0.0
8474,49,68,643,2.64,43.41,18.97,47.27,21.95,39.81,44.44,2.87,5.75,53.3,24.89,33.33,79.39,41.91,18.22,39.63,2.55,33.5,11.52,93.75,1.43,48.55,11.56,55.55,6.07,46.26,16.02,31.57,1.91,50.33,19.51,25.0,0.0,0.0,374.0
8475,49,69,625,3.04,43.14,19.87,51.76,29.19,41.28,41.17,2.8,2.47,59.0,18.73,73.33,81.68,41.92,19.07,40.0,0.99,25.5,19.92,66.66,0.82,34.79,20.32,20.0,8.41,43.37,19.47,43.13,2.8,50.64,21.62,41.17,0.0,0.0,341.0
8476,49,71,1044,2.01,41.9,18.2,46.7,17.79,40.32,60.0,1.95,4.88,57.38,18.88,48.0,81.32,40.49,17.67,39.78,1.85,38.84,15.89,63.15,0.48,46.2,12.45,0.0,7.62,41.69,15.99,30.76,1.85,43.1,24.67,31.57,0.0,0.0,603.0
8477,49,72,0,0.0,0.0,0.0,0.0,0.0,0.0,0.0,0.0,0.0,0.0,0.0,0.0,0.0,0.0,0.0,0.0,0.0,0.0,0.0,0.0,0.0,0.0,0.0,0.0,0.0,0.0,0.0,0.0,0.0,0.0,0.0,0.0,0.0,0.0,0.0
8478,49,73,0,0.0,0.0,0.0,0.0,0.0,0.0,0.0,0.0,0.0,0.0,0.0,0.0,0.0,0.0,0.0,0.0,0.0,0.0,0.0,0.0,0.0,0.0,0.0,0.0,0.0,0.0,0.0,0.0,0.0,0.0,0.0,0.0,0.0,0.0,0.0
8479,49,74,928,2.9,43.4,17.31,41.47,17.2,41.59,34.09,4.88,5.99,52.55,18.17,51.85,74.25,42.25,17.1,41.7,2.1,38.42,12.42,63.15,1.22,44.09,13.31,36.36,8.76,42.65,16.44,35.44,2.77,51.0,21.13,32.0,0.0,0.0,544.0
8480,49,75,650,2.92,41.19,17.75,46.55,12.86,42.61,50.0,3.16,3.96,52.12,30.41,60.0,84.46,39.92,16.76,42.77,1.1,35.14,11.49,57.14,0.79,43.2,9.25,20.0,5.86,40.24,16.04,24.32,0.63,67.25,11.35,75.0,0.0,0.0,404.0
8481,49,76,905,2.54,43.6,19.59,47.34,25.71,41.87,40.62,3.62,4.42,54.66,21.08,46.15,78.79,42.85,19.17,42.58,1.92,34.52,14.76,88.23,0.79,34.42,16.52,28.57,8.16,43.04,17.07,20.83,2.26,48.15,17.19,50.0,0.0,0.0,545.0
8482,49,77,0,0.0,0.0,0.0,0.0,0.0,0.0,0.0,0.0,0.0,0.0,0.0,0.0,0.0,0.0,0.0,0.0,0.0,0.0,0.0,0.0,0.0,0.0,0.0,0.0,0.0,0.0,0.0,0.0,0.0,0.0,0.0,0.0,0.0,0.0,0.0
8483,49,78,0,0.0,0.0,0.0,0.0,0.0,0.0,0.0,0.0,0.0,0.0,0.0,0.0,0.0,0.0,0.0,0.0,0.0,0.0,0.0,0.0,0.0,0.0,0.0,0.0,0.0,0.0,0.0,0.0,0.0,0.0,0.0,0.0,0.0,0.0,0.0
8484,49,79,570,3.68,40.43,20.39,43.4,22.76,40.7,40.0,3.64,6.37,50.45,17.28,40.0,74.68,38.67,20.4,41.21,2.0,30.36,15.58,81.81,0.54,51.0,7.21,0.0,9.28,39.56,20.68,27.45,3.46,48.52,16.78,42.1,0.0,0.0,319.0
8485,49,80,1047,2.19,43.87,18.29,53.5,19.12,41.54,60.71,2.73,5.07,55.86,17.22,36.53,81.64,43.1,18.14,41.74,0.97,47.0,21.32,80.0,0.48,31.6,18.84,40.0,7.61,40.41,14.28,32.05,1.46,47.06,20.09,26.66,0.0,0.0,619.0
8486,49,81,0,0.0,0.0,0.0,0.0,0.0,0.0,0.0,0.0,0.0,0.0,0.0,0.0,0.0,0.0,0.0,0.0,0.0,0.0,0.0,0.0,0.0,0.0,0.0,0.0,0.0,0.0,0.0,0.0,0.0,0.0,0.0,0.0,0.0,0.0,0.0
8487,49,82,0,0.0,0.0,0.0,0.0,0.0,0.0,0.0,0.0,0.0,0.0,0.0,0.0,0.0,0.0,0.0,0.0,0.0,0.0,0.0,0.0,0.0,0.0,0.0,0.0,0.0,0.0,0.0,0.0,0.0,0.0,0.0,0.0,0.0,0.0,0.0
8488,49,83,0,0.0,0.0,0.0,0.0,0.0,0.0,0.0,0.0,0.0,0.0,0.0,0.0,0.0,0.0,0.0,0.0,0.0,0.0,0.0,0.0,0.0,0.0,0.0,0.0,0.0,0.0,0.0,0.0,0.0,0.0,0.0,0.0,0.0,0.0,0.0
8489,49,84,1043,3.16,41.31,17.71,49.12,16.0,44.1,56.0,2.47,5.54,49.67,17.54,42.85,80.99,40.56,17.87,44.0,2.17,31.18,12.81,81.81,0.79,40.87,11.54,25.0,6.73,39.94,16.1,30.88,1.28,47.76,13.66,76.92,0.0,0.0,600.0
8490,49,85,1011,1.97,37.69,20.48,43.54,21.05,40.15,41.66,2.42,5.24,51.94,23.4,48.07,79.31,36.3,19.29,39.69,2.01,31.35,15.4,55.0,0.7,45.71,11.95,28.57,8.47,39.39,20.6,38.09,1.61,51.68,24.33,43.75,0.0,0.0,567.0
8491,49,86,0,0.0,0.0,0.0,0.0,0.0,0.0,0.0,0.0,0.0,0.0,0.0,0.0,0.0,0.0,0.0,0.0,0.0,0.0,0.0,0.0,0.0,0.0,0.0,0.0,0.0,0.0,0.0,0.0,0.0,0.0,0.0,0.0,0.0,0.0,0.0
8492,49,87,1029,2.52,42.73,19.68,41.68,23.52,40.13,41.46,4.08,4.98,50.66,23.4,46.0,77.66,41.42,19.05,41.07,1.29,40.38,17.67,61.53,0.49,41.4,10.16,40.0,8.97,45.15,17.37,26.66,2.49,49.92,23.37,40.0,0.0,0.0,617.0
8493,49,90,831,1.08,44.29,18.82,48.18,11.2,42.96,72.72,1.33,2.31,55.57,21.78,52.63,86.13,43.65,18.89,43.07,1.7,36.0,15.36,78.57,0.6,45.6,9.86,40.0,6.32,48.55,17.26,25.0,1.58,50.53,19.24,30.76,0.0,0.0,527.0
8494,49,91,806,0.74,43.9,18.46,39.33,14.16,42.92,53.33,1.87,2.87,54.47,21.01,47.82,87.87,43.78,18.39,43.24,1.5,42.91,21.1,58.33,0.62,42.8,10.54,0.0,3.75,37.86,17.08,36.66,1.5,43.41,16.65,33.33,0.0,0.0,458.0
8495,49,95,1205,0.58,41.05,18.35,45.8,17.71,41.99,52.38,1.75,1.83,44.54,20.97,50.0,87.14,40.68,18.16,42.52,1.75,37.95,10.74,76.19,0.08,36.0,0.0,0.0,5.59,41.64,21.23,28.35,1.83,50.86,20.9,13.63,0.0,0.0,632.0
8496,49,96,1064,0.46,40.68,18.58,38.27,15.65,42.19,66.66,1.69,1.03,44.45,22.64,72.72,87.62,40.53,18.69,42.13,0.84,34.66,7.21,77.77,0.47,43.8,16.43,40.0,6.61,40.71,17.36,25.71,1.69,48.27,21.57,38.88,0.0,0.0,634.0
8497,49,97,995,0.6,41.46,18.44,42.11,24.87,42.21,48.14,2.73,2.62,43.46,23.85,57.69,87.86,41.48,17.97,41.54,1.51,34.86,12.53,80.0,0.7,36.14,17.42,14.28,2.93,35.72,21.96,24.13,1.61,54.0,16.46,50.0,0.0,0.0,570.0
8498,49,98,1047,0.85,42.17,17.93,40.5,18.87,41.26,44.44,1.73,3.37,48.02,18.26,54.28,84.1,42.09,18.2,41.58,1.54,38.25,17.27,75.0,0.09,32.0,0.0,0.0,7.51,38.89,13.82,26.92,1.63,50.35,15.54,29.41,0.0,0.0,568.0
8499,49,99,782,0.76,42.17,18.7,42.93,17.77,41.94,60.0,1.93,3.22,43.92,24.98,36.0,86.59,42.14,18.75,41.96,1.03,43.37,14.35,75.0,0.12,40.0,0.0,0.0,6.57,39.64,16.64,37.25,0.51,54.75,12.03,25.0,0.0,0.0,438.0
8500,49,100,900,0.77,42.41,17.22,39.57,17.76,43.22,71.42,1.56,1.34,46.33,24.2,66.66,87.01,42.31,16.72,43.62,1.23,40.63,18.9,90.9,0.0,0.0,0.0,0.0,6.71,38.06,18.47,26.66,2.12,55.47,19.96,21.05,0.0,0.0,533.0
8501,49,101,1103,0.63,41.1,17.99,46.47,23.97,41.25,57.89,1.73,1.45,51.25,18.65,37.5,90.96,40.95,17.89,42.02,0.91,34.2,11.83,20.0,0.09,56.0,0.0,100.0,3.64,36.5,15.35,25.0,1.18,44.0,19.65,23.07,0.0,0.0,668.0
8502,49,103,0,0.0,0.0,0.0,0.0,0.0,0.0,0.0,0.0,0.0,0.0,0.0,0.0,0.0,0.0,0.0,0.0,0.0,0.0,0.0,0.0,0.0,0.0,0.0,0.0,0.0,0.0,0.0,0.0,0.0,0.0,0.0,0.0,0.0,0.0,0.0
8503,49,105,961,1.04,42.72,18.14,50.16,18.39,43.7,75.0,1.26,1.78,55.88,20.12,52.94,89.06,41.82,17.86,43.8,1.36,35.0,12.38,53.84,0.52,51.0,29.75,40.0,4.73,46.48,18.61,22.22,1.26,55.66,11.5,50.0,0.0,0.0,488.0
8504,49,106,1098,0.36,41.04,18.09,51.07,18.45,41.8,28.57,1.27,1.82,42.1,18.23,50.0,86.19,40.79,18.18,41.88,1.27,30.28,16.96,71.42,0.36,44.0,14.69,50.0,6.85,40.58,15.76,37.33,1.91,53.28,19.25,42.85,0.0,0.0,566.0
8505,49,107,933,1.71,42.09,19.07,49.2,22.08,39.87,46.66,1.63,3.7,54.58,20.18,44.11,82.87,41.17,19.02,39.86,0.98,42.11,8.76,77.77,0.76,23.28,17.91,28.57,8.94,42.41,15.78,31.7,1.09,52.8,17.91,50.0,0.0,0.0,539.0
8506,49,108,1016,2.16,42.88,18.5,36.86,20.18,41.92,55.17,2.91,3.21,51.34,23.14,53.12,77.46,42.39,18.04,40.51,2.31,34.13,13.9,73.91,1.4,46.92,22.02,35.71,10.66,45.85,16.74,37.73,2.01,48.95,19.18,55.0,0.0,0.0,608.0
8507,49,109,936,2.35,41.86,19.41,46.57,21.99,41.55,60.71,3.06,3.28,47.56,22.78,40.0,79.97,40.87,19.07,41.58,1.09,37.2,9.81,70.0,0.76,32.28,16.41,28.57,10.28,42.38,18.92,35.1,1.53,49.92,19.36,21.42,0.0,0.0,511.0
8508,49,110,944,2.01,43.24,19.57,47.36,22.25,41.52,40.9,2.37,3.67,53.97,22.19,61.76,81.18,41.85,19.35,39.81,2.48,35.73,9.29,78.26,1.08,43.3,5.96,10.0,8.0,48.36,18.92,39.18,1.18,56.09,22.23,45.45,0.0,0.0,526.0
8509,49,112,0,0.0,0.0,0.0,0.0,0.0,0.0,0.0,0.0,0.0,0.0,0.0,0.0,0.0,0.0,0.0,0.0,0.0,0.0,0.0,0.0,0.0,0.0,0.0,0.0,0.0,0.0,0.0,0.0,0.0,0.0,0.0,0.0,0.0,0.0,0.0
8510,49,113,966,0.93,42.4,19.11,46.66,19.49,41.3,33.33,2.19,2.4,55.86,19.63,34.78,86.72,41.77,18.94,42.04,1.04,40.6,10.2,80.0,0.52,43.6,25.78,20.0,6.58,43.03,17.67,31.74,0.52,41.4,30.04,20.0,0.0,0.0,509.0
8511,49,114,694,0.43,42.34,18.21,43.35,15.85,40.05,42.85,2.02,1.59,60.0,16.77,27.27,87.12,41.99,18.18,41.02,1.59,28.0,12.06,63.63,0.14,38.0,0.0,0.0,6.22,44.76,16.41,27.9,1.3,49.66,19.89,11.11,0.0,0.0,406.0
8512,49,115,0,0.0,0.0,0.0,0.0,0.0,0.0,0.0,0.0,0.0,0.0,0.0,0.0,0.0,0.0,0.0,0.0,0.0,0.0,0.0,0.0,0.0,0.0,0.0,0.0,0.0,0.0,0.0,0.0,0.0,0.0,0.0,0.0,0.0,0.0,0.0
8513,49,116,0,0.0,0.0,0.0,0.0,0.0,0.0,0.0,0.0,0.0,0.0,0.0,0.0,0.0,0.0,0.0,0.0,0.0,0.0,0.0,0.0,0.0,0.0,0.0,0.0,0.0,0.0,0.0,0.0,0.0,0.0,0.0,0.0,0.0,0.0,0.0
8514,49,117,0,0.0,0.0,0.0,0.0,0.0,0.0,0.0,0.0,0.0,0.0,0.0,0.0,0.0,0.0,0.0,0.0,0.0,0.0,0.0,0.0,0.0,0.0,0.0,0.0,0.0,0.0,0.0,0.0,0.0,0.0,0.0,0.0,0.0,0.0,0.0
8515,49,118,417,1.19,38.42,18.53,36.84,15.45,44.84,46.15,3.15,5.33,48.86,23.1,54.54,79.36,37.67,17.96,44.95,1.69,28.85,14.31,42.85,0.72,48.0,12.16,33.33,7.03,38.48,17.92,27.58,2.66,44.0,23.94,63.63,0.0,0.0,229.0
8516,49,119,796,1.0,42.19,19.39,41.5,20.58,40.95,50.0,2.53,3.17,47.36,21.88,40.0,84.13,41.6,19.0,41.47,1.26,40.29,28.69,70.0,1.26,45.9,12.26,20.0,6.47,42.76,21.09,31.37,1.14,50.33,21.94,33.33,0.0,0.0,480.0
8517,49,120,616,1.78,41.76,18.25,43.66,24.48,41.72,57.14,3.47,3.14,53.47,23.44,42.1,84.13,40.53,17.45,40.47,1.98,35.0,6.6,83.33,1.15,39.57,22.72,42.85,4.13,48.32,18.6,36.0,1.98,48.75,19.79,33.33,0.0,0.0,363.0
8518,49,121,0,0.0,0.0,0.0,0.0,0.0,0.0,0.0,0.0,0.0,0.0,0.0,0.0,0.0,0.0,0.0,0.0,0.0,0.0,0.0,0.0,0.0,0.0,0.0,0.0,0.0,0.0,0.0,0.0,0.0,0.0,0.0,0.0,0.0,0.0,0.0
8519,49,122,848,1.76,41.78,19.59,41.65,24.29,40.33,47.36,4.56,5.76,50.97,24.75,54.16,81.27,40.51,18.51,39.29,1.2,31.0,25.38,80.0,0.72,51.0,11.86,33.33,4.68,45.2,21.27,28.2,1.8,49.2,19.72,20.0,0.0,0.0,498.0
8520,49,123,0,0.0,0.0,0.0,0.0,0.0,0.0,0.0,0.0,0.0,0.0,0.0,0.0,0.0,0.0,0.0,0.0,0.0,0.0,0.0,0.0,0.0,0.0,0.0,0.0,0.0,0.0,0.0,0.0,0.0,0.0,0.0,0.0,0.0,0.0,0.0
8521,49,124,0,0.0,0.0,0.0,0.0,0.0,0.0,0.0,0.0,0.0,0.0,0.0,0.0,0.0,0.0,0.0,0.0,0.0,0.0,0.0,0.0,0.0,0.0,0.0,0.0,0.0,0.0,0.0,0.0,0.0,0.0,0.0,0.0,0.0,0.0,0.0
8522,49,125,0,0.0,0.0,0.0,0.0,0.0,0.0,0.0,0.0,0.0,0.0,0.0,0.0,0.0,0.0,0.0,0.0,0.0,0.0,0.0,0.0,0.0,0.0,0.0,0.0,0.0,0.0,0.0,0.0,0.0,0.0,0.0,0.0,0.0,0.0,0.0
8523,49,126,523,1.14,43.77,19.4,57.85,24.13,42.06,50.0,2.7,2.51,51.84,23.19,30.76,83.55,42.51,19.03,43.28,0.96,47.2,17.72,80.0,0.58,49.0,7.0,66.66,8.51,46.61,19.91,25.0,1.16,54.83,18.13,33.33,0.0,0.0,261.0
8524,49,127,0,0.0,0.0,0.0,0.0,0.0,0.0,0.0,0.0,0.0,0.0,0.0,0.0,0.0,0.0,0.0,0.0,0.0,0.0,0.0,0.0,0.0,0.0,0.0,0.0,0.0,0.0,0.0,0.0,0.0,0.0,0.0,0.0,0.0,0.0,0.0
8525,49,129,973,1.43,42.53,18.06,42.47,13.56,41.41,23.52,1.77,2.71,43.11,21.08,50.0,86.86,42.04,17.87,41.77,1.25,33.25,18.55,83.33,0.1,53.0,0.0,0.0,5.42,44.26,15.7,32.69,1.77,53.64,21.56,47.05,0.0,0.0,505.0
8526,49,130,0,0.0,0.0,0.0,0.0,0.0,0.0,0.0,0.0,0.0,0.0,0.0,0.0,0.0,0.0,0.0,0.0,0.0,0.0,0.0,0.0,0.0,0.0,0.0,0.0,0.0,0.0,0.0,0.0,0.0,0.0,0.0,0.0,0.0,0.0,0.0
8527,49,131,660,1.96,41.21,18.97,43.05,19.49,39.54,44.44,2.78,4.79,51.9,24.14,38.7,83.3,40.47,18.36,39.88,1.7,32.72,6.91,54.54,0.15,33.0,0.0,100.0,5.71,37.75,19.74,29.72,1.54,52.4,11.63,40.0,0.0,0.0,366.0
8528,49,132,723,1.52,44.08,20.05,44.86,23.43,40.38,60.0,2.1,1.4,51.1,26.58,30.0,85.81,43.56,19.84,40.91,0.7,36.79,7.39,100.0,0.42,61.33,2.08,33.33,8.28,45.38,17.58,25.42,1.26,58.55,28.65,44.44,0.0,0.0,404.0
8529,49,133,836,3.22,42.76,18.3,50.1,21.8,42.58,26.31,2.34,3.95,59.75,15.66,50.0,82.57,41.59,17.8,43.26,1.23,35.2,7.14,70.0,0.86,40.0,9.64,28.57,8.4,44.67,18.66,33.82,0.61,55.0,15.36,80.0,0.0,0.0,520.0
8530,49,134,845,2.95,43.75,17.98,50.0,16.9,41.42,53.84,3.17,5.0,51.97,18.35,51.21,77.31,41.56,17.32,41.32,1.21,36.2,13.74,80.0,0.85,39.0,11.23,14.28,9.75,48.23,17.59,32.5,2.68,58.81,16.95,45.45,0.0,0.0,515.0
8531,49,135,816,2.81,44.4,17.87,52.23,12.8,41.05,30.76,1.63,4.66,53.48,15.63,35.13,77.8,43.31,18.15,41.97,1.76,34.07,12.41,100.0,0.25,44.5,16.26,0.0,11.09,45.06,16.55,32.95,2.77,47.68,14.28,27.27,0.0,0.0,494.0
8532,49,136,0,0.0,0.0,0.0,0.0,0.0,0.0,0.0,0.0,0.0,0.0,0.0,0.0,0.0,0.0,0.0,0.0,0.0,0.0,0.0,0.0,0.0,0.0,0.0,0.0,0.0,0.0,0.0,0.0,0.0,0.0,0.0,0.0,0.0,0.0,0.0
8533,49,137,0,0.0,0.0,0.0,0.0,0.0,0.0,0.0,0.0,0.0,0.0,0.0,0.0,0.0,0.0,0.0,0.0,0.0,0.0,0.0,0.0,0.0,0.0,0.0,0.0,0.0,0.0,0.0,0.0,0.0,0.0,0.0,0.0,0.0,0.0,0.0
8534,49,138,590,2.88,42.05,17.32,35.86,18.27,40.84,66.66,2.61,6.63,56.97,18.55,42.1,76.43,40.15,16.75,41.32,1.04,38.33,7.71,66.66,0.52,47.33,17.21,33.33,10.64,43.96,15.57,26.22,2.09,49.41,18.2,41.66,0.0,0.0,352.0
8535,49,139,814,4.54,45.11,19.48,46.0,18.91,43.12,47.61,2.7,9.65,57.92,20.9,52.0,75.16,42.39,18.61,40.92,2.31,41.88,16.54,83.33,0.0,0.0,0.0,0.0,8.23,45.76,16.86,35.93,1.93,52.93,11.91,33.33,0.0,0.0,445.0
8536,49,140,740,2.43,43.73,19.12,48.94,22.9,40.81,52.94,2.35,3.6,52.23,23.05,46.15,78.94,42.5,18.55,40.87,1.38,31.7,5.85,50.0,2.21,48.87,13.46,25.0,9.41,45.85,20.08,41.17,2.07,51.46,21.83,40.0,0.0,0.0,465.0
8537,49,141,0,0.0,0.0,0.0,0.0,0.0,0.0,0.0,0.0,0.0,0.0,0.0,0.0,0.0,0.0,0.0,0.0,0.0,0.0,0.0,0.0,0.0,0.0,0.0,0.0,0.0,0.0,0.0,0.0,0.0,0.0,0.0,0.0,0.0,0.0,0.0
8538,49,142,0,0.0,0.0,0.0,0.0,0.0,0.0,0.0,0.0,0.0,0.0,0.0,0.0,0.0,0.0,0.0,0.0,0.0,0.0,0.0,0.0,0.0,0.0,0.0,0.0,0.0,0.0,0.0,0.0,0.0,0.0,0.0,0.0,0.0,0.0,0.0
8539,49,143,457,1.75,41.91,17.35,37.25,16.36,41.35,16.66,2.67,2.89,56.76,18.81,61.53,83.07,40.72,16.97,42.09,0.44,38.0,16.97,100.0,1.11,36.79,8.55,20.0,7.34,44.27,13.77,30.3,2.44,55.54,17.32,54.54,0.0,0.0,276.0
8540,49,144,953,1.67,43.65,18.45,46.73,12.84,42.28,52.94,3.62,4.26,52.12,18.08,45.0,77.8,42.73,18.45,41.15,1.17,43.72,20.33,72.72,0.53,39.4,24.85,0.0,10.99,43.75,18.57,42.71,1.38,41.61,18.69,46.15,0.0,0.0,615.0
8541,49,145,313,1.91,45.12,17.46,47.29,17.44,38.65,35.29,5.53,6.51,62.45,14.36,50.0,73.94,42.79,16.8,37.44,0.32,25.0,0.0,100.0,0.65,57.0,1.41,50.0,10.42,42.56,15.67,37.5,2.6,57.5,18.33,25.0,0.0,0.0,201.0
8542,49,146,0,0.0,0.0,0.0,0.0,0.0,0.0,0.0,0.0,0.0,0.0,0.0,0.0,0.0,0.0,0.0,0.0,0.0,0.0,0.0,0.0,0.0,0.0,0.0,0.0,0.0,0.0,0.0,0.0,0.0,0.0,0.0,0.0,0.0,0.0,0.0
8543,49,147,0,0.0,0.0,0.0,0.0,0.0,0.0,0.0,0.0,0.0,0.0,0.0,0.0,0.0,0.0,0.0,0.0,0.0,0.0,0.0,0.0,0.0,0.0,0.0,0.0,0.0,0.0,0.0,0.0,0.0,0.0,0.0,0.0,0.0,0.0,0.0
8544,49,148,0,0.0,0.0,0.0,0.0,0.0,0.0,0.0,0.0,0.0,0.0,0.0,0.0,0.0,0.0,0.0,0.0,0.0,0.0,0.0,0.0,0.0,0.0,0.0,0.0,0.0,0.0,0.0,0.0,0.0,0.0,0.0,0.0,0.0,0.0,0.0
8545,49,149,555,1.62,39.01,17.44,39.87,17.48,41.44,50.0,1.46,2.56,51.35,15.86,35.71,85.53,38.4,16.98,41.97,1.83,40.1,22.26,60.0,0.0,0.0,0.0,0.0,7.32,38.42,18.02,32.5,1.28,50.71,25.64,28.57,0.0,0.0,293.0
8546,49,152,0,0.0,0.0,0.0,0.0,0.0,0.0,0.0,0.0,0.0,0.0,0.0,0.0,0.0,0.0,0.0,0.0,0.0,0.0,0.0,0.0,0.0,0.0,0.0,0.0,0.0,0.0,0.0,0.0,0.0,0.0,0.0,0.0,0.0,0.0,0.0
8547,49,154,828,0.96,41.79,18.92,36.44,7.68,42.14,55.55,1.09,2.07,48.94,27.31,41.17,87.56,41.25,18.26,42.33,1.7,35.14,22.29,57.14,0.24,43.0,15.55,50.0,5.85,49.47,18.6,33.33,1.46,50.75,29.23,58.33,0.0,0.0,463.0
8548,49,155,0,0.0,0.0,0.0,0.0,0.0,0.0,0.0,0.0,0.0,0.0,0.0,0.0,0.0,0.0,0.0,0.0,0.0,0.0,0.0,0.0,0.0,0.0,0.0,0.0,0.0,0.0,0.0,0.0,0.0,0.0,0.0,0.0,0.0,0.0,0.0
8549,49,156,0,0.0,0.0,0.0,0.0,0.0,0.0,0.0,0.0,0.0,0.0,0.0,0.0,0.0,0.0,0.0,0.0,0.0,0.0,0.0,0.0,0.0,0.0,0.0,0.0,0.0,0.0,0.0,0.0,0.0,0.0,0.0,0.0,0.0,0.0,0.0
8550,49,158,446,6.72,42.06,19.97,43.57,22.55,41.47,57.14,3.36,5.76,53.2,17.57,37.5,78.12,39.2,19.39,41.84,1.44,35.33,4.5,66.66,0.96,40.5,5.5,25.0,8.17,45.02,18.3,38.23,2.16,52.22,24.75,44.44,0.0,0.0,270.0
8551,49,159,0,0.0,0.0,0.0,0.0,0.0,0.0,0.0,0.0,0.0,0.0,0.0,0.0,0.0,0.0,0.0,0.0,0.0,0.0,0.0,0.0,0.0,0.0,0.0,0.0,0.0,0.0,0.0,0.0,0.0,0.0,0.0,0.0,0.0,0.0,0.0
8552,49,160,569,2.98,41.39,18.28,39.75,18.73,39.54,41.66,2.17,7.06,52.97,23.23,41.02,82.97,39.89,17.23,39.73,1.81,35.4,9.75,50.0,0.54,47.0,13.52,33.33,3.98,38.68,16.49,18.18,1.44,42.87,24.98,62.5,0.0,0.0,334.0
8553,49,162,515,2.13,40.11,17.76,36.37,15.8,40.19,48.27,5.75,7.93,46.52,19.04,30.0,69.44,38.79,16.95,42.28,2.38,35.66,15.13,75.0,1.78,40.66,14.3,33.33,10.91,43.89,20.08,29.09,1.78,49.88,15.71,22.22,0.0,0.0,314.0
8554,49,163,705,5.81,42.77,18.78,43.23,22.19,41.56,47.61,3.16,8.28,51.6,17.89,38.18,72.13,40.25,18.67,44.46,1.5,35.29,14.92,70.0,0.9,45.33,10.4,33.33,11.14,48.75,16.27,36.48,2.86,36.21,19.46,10.52,0.0,0.0,437.0
8555,49,164,666,3.3,44.33,18.34,45.3,10.43,42.34,69.23,2.01,5.59,58.05,20.22,41.66,74.68,42.55,17.89,42.61,1.86,39.75,20.02,75.0,0.62,14.5,18.28,25.0,12.42,47.72,15.43,38.75,2.79,42.88,22.59,16.66,0.0,0.0,359.0
8556,49,166,450,4.44,44.49,18.0,50.18,16.16,37.33,43.75,3.72,7.44,51.03,18.79,46.87,73.48,43.07,17.27,38.29,1.86,47.87,16.54,87.5,0.46,61.5,34.64,0.0,10.0,46.06,15.79,25.58,3.02,37.46,23.79,30.76,0.0,0.0,251.0
8557,49,167,0,0.0,0.0,0.0,0.0,0.0,0.0,0.0,0.0,0.0,0.0,0.0,0.0,0.0,0.0,0.0,0.0,0.0,0.0,0.0,0.0,0.0,0.0,0.0,0.0,0.0,0.0,0.0,0.0,0.0,0.0,0.0,0.0,0.0,0.0,0.0
8558,49,168,0,0.0,0.0,0.0,0.0,0.0,0.0,0.0,0.0,0.0,0.0,0.0,0.0,0.0,0.0,0.0,0.0,0.0,0.0,0.0,0.0,0.0,0.0,0.0,0.0,0.0,0.0,0.0,0.0,0.0,0.0,0.0,0.0,0.0,0.0,0.0
8559,49,169,1081,2.49,42.42,17.92,46.9,20.94,38.76,58.06,2.94,5.59,49.08,17.94,40.67,78.55,41.48,17.67,37.92,1.61,34.29,13.65,64.7,0.47,56.4,11.28,20.0,7.87,44.14,15.55,32.53,2.94,45.09,20.48,48.38,0.0,0.0,549.0
8560,49,171,743,2.82,42.98,17.92,49.44,24.41,42.39,66.66,2.49,6.5,51.34,23.12,42.55,76.59,41.19,16.96,43.03,2.49,39.72,9.53,77.77,0.55,46.75,16.15,25.0,8.86,45.6,18.09,37.5,2.49,47.72,15.84,11.11,0.0,0.0,424.0
8561,49,172,728,4.39,42.54,18.81,46.82,15.85,40.65,43.47,3.3,8.47,55.69,18.16,44.06,74.42,39.77,17.91,40.54,1.58,41.72,20.13,72.72,1.72,33.66,17.42,41.66,7.75,45.33,17.43,27.77,2.72,49.15,22.86,63.15,0.0,0.0,410.0
8562,49,174,0,0.0,0.0,0.0,0.0,0.0,0.0,0.0,0.0,0.0,0.0,0.0,0.0,0.0,0.0,0.0,0.0,0.0,0.0,0.0,0.0,0.0,0.0,0.0,0.0,0.0,0.0,0.0,0.0,0.0,0.0,0.0,0.0,0.0,0.0,0.0
8563,49,176,0,0.0,0.0,0.0,0.0,0.0,0.0,0.0,0.0,0.0,0.0,0.0,0.0,0.0,0.0,0.0,0.0,0.0,0.0,0.0,0.0,0.0,0.0,0.0,0.0,0.0,0.0,0.0,0.0,0.0,0.0,0.0,0.0,0.0,0.0,0.0
8564,49,178,740,1.62,43.89,19.64,45.33,17.03,43.37,48.14,3.7,3.7,50.07,25.12,55.55,80.49,42.97,19.32,42.66,1.78,42.46,20.27,61.53,0.82,47.5,9.85,33.33,8.1,46.15,21.32,38.98,1.37,47.2,17.91,40.0,0.0,0.0,387.0
8565,49,179,0,0.0,0.0,0.0,0.0,0.0,0.0,0.0,0.0,0.0,0.0,0.0,0.0,0.0,0.0,0.0,0.0,0.0,0.0,0.0,0.0,0.0,0.0,0.0,0.0,0.0,0.0,0.0,0.0,0.0,0.0,0.0,0.0,0.0,0.0,0.0
8566,49,181,0,0.0,0.0,0.0,0.0,0.0,0.0,0.0,0.0,0.0,0.0,0.0,0.0,0.0,0.0,0.0,0.0,0.0,0.0,0.0,0.0,0.0,0.0,0.0,0.0,0.0,0.0,0.0,0.0,0.0,0.0,0.0,0.0,0.0,0.0,0.0
8567,49,183,0,0.0,0.0,0.0,0.0,0.0,0.0,0.0,0.0,0.0,0.0,0.0,0.0,0.0,0.0,0.0,0.0,0.0,0.0,0.0,0.0,0.0,0.0,0.0,0.0,0.0,0.0,0.0,0.0,0.0,0.0,0.0,0.0,0.0,0.0,0.0
8568,49,184,892,2.8,41.29,18.5,40.76,18.55,41.03,44.0,2.88,4.38,50.92,19.51,31.57,76.0,40.13,18.07,43.85,2.3,47.3,24.05,70.0,1.15,46.2,14.7,10.0,11.3,40.22,18.14,21.42,1.96,52.94,21.84,64.7,0.0,0.0,514.0
8569,49,185,838,2.62,42.55,17.93,51.26,19.17,40.21,55.88,4.16,3.43,48.1,24.19,53.57,79.53,41.53,17.22,41.75,1.71,38.14,11.7,71.42,0.85,32.28,24.55,14.28,9.06,42.47,18.14,20.27,1.22,46.4,21.28,20.0,0.0,0.0,466.0
8570,49,186,823,2.79,42.96,19.83,45.27,22.07,39.61,36.36,2.75,2.62,43.47,21.58,42.85,81.75,42.26,19.9,41.74,1.5,44.58,17.47,66.66,1.5,52.58,14.71,41.66,8.87,43.54,19.38,18.3,1.0,48.0,16.78,50.0,0.0,0.0,468.0
8571,49,187,822,1.94,41.84,19.02,48.22,17.45,38.8,33.33,3.34,3.72,48.8,18.07,43.33,77.04,40.67,18.83,39.77,1.86,32.13,15.12,66.66,1.24,49.3,15.54,30.0,11.29,42.29,18.96,31.86,1.48,55.5,22.4,41.66,0.0,0.0,529.0
8572,49,189,0,0.0,0.0,0.0,0.0,0.0,0.0,0.0,0.0,0.0,0.0,0.0,0.0,0.0,0.0,0.0,0.0,0.0,0.0,0.0,0.0,0.0,0.0,0.0,0.0,0.0,0.0,0.0,0.0,0.0,0.0,0.0,0.0,0.0,0.0,0.0
8573,49,193,0,0.0,0.0,0.0,0.0,0.0,0.0,0.0,0.0,0.0,0.0,0.0,0.0,0.0,0.0,0.0,0.0,0.0,0.0,0.0,0.0,0.0,0.0,0.0,0.0,0.0,0.0,0.0,0.0,0.0,0.0,0.0,0.0,0.0,0.0,0.0
8574,49,199,0,0.0,0.0,0.0,0.0,0.0,0.0,0.0,0.0,0.0,0.0,0.0,0.0,0.0,0.0,0.0,0.0,0.0,0.0,0.0,0.0,0.0,0.0,0.0,0.0,0.0,0.0,0.0,0.0,0.0,0.0,0.0,0.0,0.0,0.0,0.0
8575,49,201,0,0.0,0.0,0.0,0.0,0.0,0.0,0.0,0.0,0.0,0.0,0.0,0.0,0.0,0.0,0.0,0.0,0.0,0.0,0.0,0.0,0.0,0.0,0.0,0.0,0.0,0.0,0.0,0.0,0.0,0.0,0.0,0.0,0.0,0.0,0.0
8576,49,203,0,0.0,0.0,0.0,0.0,0.0,0.0,0.0,0.0,0.0,0.0,0.0,0.0,0.0,0.0,0.0,0.0,0.0,0.0,0.0,0.0,0.0,0.0,0.0,0.0,0.0,0.0,0.0,0.0,0.0,0.0,0.0,0.0,0.0,0.0,0.0
8577,49,205,0,0.0,0.0,0.0,0.0,0.0,0.0,0.0,0.0,0.0,0.0,0.0,0.0,0.0,0.0,0.0,0.0,0.0,0.0,0.0,0.0,0.0,0.0,0.0,0.0,0.0,0.0,0.0,0.0,0.0,0.0,0.0,0.0,0.0,0.0,0.0
8578,49,212,0,0.0,0.0,0.0,0.0,0.0,0.0,0.0,0.0,0.0,0.0,0.0,0.0,0.0,0.0,0.0,0.0,0.0,0.0,0.0,0.0,0.0,0.0,0.0,0.0,0.0,0.0,0.0,0.0,0.0,0.0,0.0,0.0,0.0,0.0,0.0
8579,49,215,0,0.0,0.0,0.0,0.0,0.0,0.0,0.0,0.0,0.0,0.0,0.0,0.0,0.0,0.0,0.0,0.0,0.0,0.0,0.0,0.0,0.0,0.0,0.0,0.0,0.0,0.0,0.0,0.0,0.0,0.0,0.0,0.0,0.0,0.0,0.0
8580,49,216,0,0.0,0.0,0.0,0.0,0.0,0.0,0.0,0.0,0.0,0.0,0.0,0.0,0.0,0.0,0.0,0.0,0.0,0.0,0.0,0.0,0.0,0.0,0.0,0.0,0.0,0.0,0.0,0.0,0.0,0.0,0.0,0.0,0.0,0.0,0.0
8581,49,218,0,0.0,0.0,0.0,0.0,0.0,0.0,0.0,0.0,0.0,0.0,0.0,0.0,0.0,0.0,0.0,0.0,0.0,0.0,0.0,0.0,0.0,0.0,0.0,0.0,0.0,0.0,0.0,0.0,0.0,0.0,0.0,0.0,0.0,0.0,0.0
8582,54,1,0,0.0,0.0,0.0,0.0,0.0,0.0,0.0,0.0,0.0,0.0,0.0,0.0,0.0,0.0,0.0,0.0,0.0,0.0,0.0,0.0,0.0,0.0,0.0,0.0,0.0,0.0,0.0,0.0,0.0,0.0,0.0,0.0,0.0,0.0,0.0
8583,54,2,0,0.0,0.0,0.0,0.0,0.0,0.0,0.0,0.0,0.0,0.0,0.0,0.0,0.0,0.0,0.0,0.0,0.0,0.0,0.0,0.0,0.0,0.0,0.0,0.0,0.0,0.0,0.0,0.0,0.0,0.0,0.0,0.0,0.0,0.0,0.0
8584,54,6,0,0.0,0.0,0.0,0.0,0.0,0.0,0.0,0.0,0.0,0.0,0.0,0.0,0.0,0.0,0.0,0.0,0.0,0.0,0.0,0.0,0.0,0.0,0.0,0.0,0.0,0.0,0.0,0.0,0.0,0.0,0.0,0.0,0.0,0.0,0.0
8585,54,7,0,0.0,0.0,0.0,0.0,0.0,0.0,0.0,0.0,0.0,0.0,0.0,0.0,0.0,0.0,0.0,0.0,0.0,0.0,0.0,0.0,0.0,0.0,0.0,0.0,0.0,0.0,0.0,0.0,0.0,0.0,0.0,0.0,0.0,0.0,0.0
8586,54,8,0,0.0,0.0,0.0,0.0,0.0,0.0,0.0,0.0,0.0,0.0,0.0,0.0,0.0,0.0,0.0,0.0,0.0,0.0,0.0,0.0,0.0,0.0,0.0,0.0,0.0,0.0,0.0,0.0,0.0,0.0,0.0,0.0,0.0,0.0,0.0
8587,54,9,0,0.0,0.0,0.0,0.0,0.0,0.0,0.0,0.0,0.0,0.0,0.0,0.0,0.0,0.0,0.0,0.0,0.0,0.0,0.0,0.0,0.0,0.0,0.0,0.0,0.0,0.0,0.0,0.0,0.0,0.0,0.0,0.0,0.0,0.0,0.0
8588,54,12,0,0.0,0.0,0.0,0.0,0.0,0.0,0.0,0.0,0.0,0.0,0.0,0.0,0.0,0.0,0.0,0.0,0.0,0.0,0.0,0.0,0.0,0.0,0.0,0.0,0.0,0.0,0.0,0.0,0.0,0.0,0.0,0.0,0.0,0.0,0.0
8589,54,14,0,0.0,0.0,0.0,0.0,0.0,0.0,0.0,0.0,0.0,0.0,0.0,0.0,0.0,0.0,0.0,0.0,0.0,0.0,0.0,0.0,0.0,0.0,0.0,0.0,0.0,0.0,0.0,0.0,0.0,0.0,0.0,0.0,0.0,0.0,0.0
8590,54,17,0,0.0,0.0,0.0,0.0,0.0,0.0,0.0,0.0,0.0,0.0,0.0,0.0,0.0,0.0,0.0,0.0,0.0,0.0,0.0,0.0,0.0,0.0,0.0,0.0,0.0,0.0,0.0,0.0,0.0,0.0,0.0,0.0,0.0,0.0,0.0
8591,54,19,0,0.0,0.0,0.0,0.0,0.0,0.0,0.0,0.0,0.0,0.0,0.0,0.0,0.0,0.0,0.0,0.0,0.0,0.0,0.0,0.0,0.0,0.0,0.0,0.0,0.0,0.0,0.0,0.0,0.0,0.0,0.0,0.0,0.0,0.0,0.0
8592,54,22,0,0.0,0.0,0.0,0.0,0.0,0.0,0.0,0.0,0.0,0.0,0.0,0.0,0.0,0.0,0.0,0.0,0.0,0.0,0.0,0.0,0.0,0.0,0.0,0.0,0.0,0.0,0.0,0.0,0.0,0.0,0.0,0.0,0.0,0.0,0.0
8593,54,23,0,0.0,0.0,0.0,0.0,0.0,0.0,0.0,0.0,0.0,0.0,0.0,0.0,0.0,0.0,0.0,0.0,0.0,0.0,0.0,0.0,0.0,0.0,0.0,0.0,0.0,0.0,0.0,0.0,0.0,0.0,0.0,0.0,0.0,0.0,0.0
8594,54,24,0,0.0,0.0,0.0,0.0,0.0,0.0,0.0,0.0,0.0,0.0,0.0,0.0,0.0,0.0,0.0,0.0,0.0,0.0,0.0,0.0,0.0,0.0,0.0,0.0,0.0,0.0,0.0,0.0,0.0,0.0,0.0,0.0,0.0,0.0,0.0
8595,54,30,0,0.0,0.0,0.0,0.0,0.0,0.0,0.0,0.0,0.0,0.0,0.0,0.0,0.0,0.0,0.0,0.0,0.0,0.0,0.0,0.0,0.0,0.0,0.0,0.0,0.0,0.0,0.0,0.0,0.0,0.0,0.0,0.0,0.0,0.0,0.0
8596,54,33,0,0.0,0.0,0.0,0.0,0.0,0.0,0.0,0.0,0.0,0.0,0.0,0.0,0.0,0.0,0.0,0.0,0.0,0.0,0.0,0.0,0.0,0.0,0.0,0.0,0.0,0.0,0.0,0.0,0.0,0.0,0.0,0.0,0.0,0.0,0.0
8597,54,34,0,0.0,0.0,0.0,0.0,0.0,0.0,0.0,0.0,0.0,0.0,0.0,0.0,0.0,0.0,0.0,0.0,0.0,0.0,0.0,0.0,0.0,0.0,0.0,0.0,0.0,0.0,0.0,0.0,0.0,0.0,0.0,0.0,0.0,0.0,0.0
8598,54,36,0,0.0,0.0,0.0,0.0,0.0,0.0,0.0,0.0,0.0,0.0,0.0,0.0,0.0,0.0,0.0,0.0,0.0,0.0,0.0,0.0,0.0,0.0,0.0,0.0,0.0,0.0,0.0,0.0,0.0,0.0,0.0,0.0,0.0,0.0,0.0
8599,54,38,0,0.0,0.0,0.0,0.0,0.0,0.0,0.0,0.0,0.0,0.0,0.0,0.0,0.0,0.0,0.0,0.0,0.0,0.0,0.0,0.0,0.0,0.0,0.0,0.0,0.0,0.0,0.0,0.0,0.0,0.0,0.0,0.0,0.0,0.0,0.0
8600,54,41,0,0.0,0.0,0.0,0.0,0.0,0.0,0.0,0.0,0.0,0.0,0.0,0.0,0.0,0.0,0.0,0.0,0.0,0.0,0.0,0.0,0.0,0.0,0.0,0.0,0.0,0.0,0.0,0.0,0.0,0.0,0.0,0.0,0.0,0.0,0.0
8601,54,42,0,0.0,0.0,0.0,0.0,0.0,0.0,0.0,0.0,0.0,0.0,0.0,0.0,0.0,0.0,0.0,0.0,0.0,0.0,0.0,0.0,0.0,0.0,0.0,0.0,0.0,0.0,0.0,0.0,0.0,0.0,0.0,0.0,0.0,0.0,0.0
8602,54,43,0,0.0,0.0,0.0,0.0,0.0,0.0,0.0,0.0,0.0,0.0,0.0,0.0,0.0,0.0,0.0,0.0,0.0,0.0,0.0,0.0,0.0,0.0,0.0,0.0,0.0,0.0,0.0,0.0,0.0,0.0,0.0,0.0,0.0,0.0,0.0
8603,54,47,0,0.0,0.0,0.0,0.0,0.0,0.0,0.0,0.0,0.0,0.0,0.0,0.0,0.0,0.0,0.0,0.0,0.0,0.0,0.0,0.0,0.0,0.0,0.0,0.0,0.0,0.0,0.0,0.0,0.0,0.0,0.0,0.0,0.0,0.0,0.0
8604,54,50,0,0.0,0.0,0.0,0.0,0.0,0.0,0.0,0.0,0.0,0.0,0.0,0.0,0.0,0.0,0.0,0.0,0.0,0.0,0.0,0.0,0.0,0.0,0.0,0.0,0.0,0.0,0.0,0.0,0.0,0.0,0.0,0.0,0.0,0.0,0.0
8605,54,52,0,0.0,0.0,0.0,0.0,0.0,0.0,0.0,0.0,0.0,0.0,0.0,0.0,0.0,0.0,0.0,0.0,0.0,0.0,0.0,0.0,0.0,0.0,0.0,0.0,0.0,0.0,0.0,0.0,0.0,0.0,0.0,0.0,0.0,0.0,0.0
8606,54,53,0,0.0,0.0,0.0,0.0,0.0,0.0,0.0,0.0,0.0,0.0,0.0,0.0,0.0,0.0,0.0,0.0,0.0,0.0,0.0,0.0,0.0,0.0,0.0,0.0,0.0,0.0,0.0,0.0,0.0,0.0,0.0,0.0,0.0,0.0,0.0
8607,54,54,0,0.0,0.0,0.0,0.0,0.0,0.0,0.0,0.0,0.0,0.0,0.0,0.0,0.0,0.0,0.0,0.0,0.0,0.0,0.0,0.0,0.0,0.0,0.0,0.0,0.0,0.0,0.0,0.0,0.0,0.0,0.0,0.0,0.0,0.0,0.0
8608,54,59,0,0.0,0.0,0.0,0.0,0.0,0.0,0.0,0.0,0.0,0.0,0.0,0.0,0.0,0.0,0.0,0.0,0.0,0.0,0.0,0.0,0.0,0.0,0.0,0.0,0.0,0.0,0.0,0.0,0.0,0.0,0.0,0.0,0.0,0.0,0.0
8609,54,60,0,0.0,0.0,0.0,0.0,0.0,0.0,0.0,0.0,0.0,0.0,0.0,0.0,0.0,0.0,0.0,0.0,0.0,0.0,0.0,0.0,0.0,0.0,0.0,0.0,0.0,0.0,0.0,0.0,0.0,0.0,0.0,0.0,0.0,0.0,0.0
8610,54,62,0,0.0,0.0,0.0,0.0,0.0,0.0,0.0,0.0,0.0,0.0,0.0,0.0,0.0,0.0,0.0,0.0,0.0,0.0,0.0,0.0,0.0,0.0,0.0,0.0,0.0,0.0,0.0,0.0,0.0,0.0,0.0,0.0,0.0,0.0,0.0
8611,54,65,0,0.0,0.0,0.0,0.0,0.0,0.0,0.0,0.0,0.0,0.0,0.0,0.0,0.0,0.0,0.0,0.0,0.0,0.0,0.0,0.0,0.0,0.0,0.0,0.0,0.0,0.0,0.0,0.0,0.0,0.0,0.0,0.0,0.0,0.0,0.0
8612,54,66,0,0.0,0.0,0.0,0.0,0.0,0.0,0.0,0.0,0.0,0.0,0.0,0.0,0.0,0.0,0.0,0.0,0.0,0.0,0.0,0.0,0.0,0.0,0.0,0.0,0.0,0.0,0.0,0.0,0.0,0.0,0.0,0.0,0.0,0.0,0.0
8613,54,67,0,0.0,0.0,0.0,0.0,0.0,0.0,0.0,0.0,0.0,0.0,0.0,0.0,0.0,0.0,0.0,0.0,0.0,0.0,0.0,0.0,0.0,0.0,0.0,0.0,0.0,0.0,0.0,0.0,0.0,0.0,0.0,0.0,0.0,0.0,0.0
8614,54,69,0,0.0,0.0,0.0,0.0,0.0,0.0,0.0,0.0,0.0,0.0,0.0,0.0,0.0,0.0,0.0,0.0,0.0,0.0,0.0,0.0,0.0,0.0,0.0,0.0,0.0,0.0,0.0,0.0,0.0,0.0,0.0,0.0,0.0,0.0,0.0
8615,54,70,0,0.0,0.0,0.0,0.0,0.0,0.0,0.0,0.0,0.0,0.0,0.0,0.0,0.0,0.0,0.0,0.0,0.0,0.0,0.0,0.0,0.0,0.0,0.0,0.0,0.0,0.0,0.0,0.0,0.0,0.0,0.0,0.0,0.0,0.0,0.0
8616,54,71,0,0.0,0.0,0.0,0.0,0.0,0.0,0.0,0.0,0.0,0.0,0.0,0.0,0.0,0.0,0.0,0.0,0.0,0.0,0.0,0.0,0.0,0.0,0.0,0.0,0.0,0.0,0.0,0.0,0.0,0.0,0.0,0.0,0.0,0.0,0.0
8617,54,74,0,0.0,0.0,0.0,0.0,0.0,0.0,0.0,0.0,0.0,0.0,0.0,0.0,0.0,0.0,0.0,0.0,0.0,0.0,0.0,0.0,0.0,0.0,0.0,0.0,0.0,0.0,0.0,0.0,0.0,0.0,0.0,0.0,0.0,0.0,0.0
8618,54,77,0,0.0,0.0,0.0,0.0,0.0,0.0,0.0,0.0,0.0,0.0,0.0,0.0,0.0,0.0,0.0,0.0,0.0,0.0,0.0,0.0,0.0,0.0,0.0,0.0,0.0,0.0,0.0,0.0,0.0,0.0,0.0,0.0,0.0,0.0,0.0
8619,54,78,0,0.0,0.0,0.0,0.0,0.0,0.0,0.0,0.0,0.0,0.0,0.0,0.0,0.0,0.0,0.0,0.0,0.0,0.0,0.0,0.0,0.0,0.0,0.0,0.0,0.0,0.0,0.0,0.0,0.0,0.0,0.0,0.0,0.0,0.0,0.0
8620,54,79,0,0.0,0.0,0.0,0.0,0.0,0.0,0.0,0.0,0.0,0.0,0.0,0.0,0.0,0.0,0.0,0.0,0.0,0.0,0.0,0.0,0.0,0.0,0.0,0.0,0.0,0.0,0.0,0.0,0.0,0.0,0.0,0.0,0.0,0.0,0.0
8621,54,81,0,0.0,0.0,0.0,0.0,0.0,0.0,0.0,0.0,0.0,0.0,0.0,0.0,0.0,0.0,0.0,0.0,0.0,0.0,0.0,0.0,0.0,0.0,0.0,0.0,0.0,0.0,0.0,0.0,0.0,0.0,0.0,0.0,0.0,0.0,0.0
8622,54,82,0,0.0,0.0,0.0,0.0,0.0,0.0,0.0,0.0,0.0,0.0,0.0,0.0,0.0,0.0,0.0,0.0,0.0,0.0,0.0,0.0,0.0,0.0,0.0,0.0,0.0,0.0,0.0,0.0,0.0,0.0,0.0,0.0,0.0,0.0,0.0
8623,54,83,0,0.0,0.0,0.0,0.0,0.0,0.0,0.0,0.0,0.0,0.0,0.0,0.0,0.0,0.0,0.0,0.0,0.0,0.0,0.0,0.0,0.0,0.0,0.0,0.0,0.0,0.0,0.0,0.0,0.0,0.0,0.0,0.0,0.0,0.0,0.0
8624,54,84,0,0.0,0.0,0.0,0.0,0.0,0.0,0.0,0.0,0.0,0.0,0.0,0.0,0.0,0.0,0.0,0.0,0.0,0.0,0.0,0.0,0.0,0.0,0.0,0.0,0.0,0.0,0.0,0.0,0.0,0.0,0.0,0.0,0.0,0.0,0.0
8625,54,89,0,0.0,0.0,0.0,0.0,0.0,0.0,0.0,0.0,0.0,0.0,0.0,0.0,0.0,0.0,0.0,0.0,0.0,0.0,0.0,0.0,0.0,0.0,0.0,0.0,0.0,0.0,0.0,0.0,0.0,0.0,0.0,0.0,0.0,0.0,0.0
8626,54,90,0,0.0,0.0,0.0,0.0,0.0,0.0,0.0,0.0,0.0,0.0,0.0,0.0,0.0,0.0,0.0,0.0,0.0,0.0,0.0,0.0,0.0,0.0,0.0,0.0,0.0,0.0,0.0,0.0,0.0,0.0,0.0,0.0,0.0,0.0,0.0
8627,54,91,0,0.0,0.0,0.0,0.0,0.0,0.0,0.0,0.0,0.0,0.0,0.0,0.0,0.0,0.0,0.0,0.0,0.0,0.0,0.0,0.0,0.0,0.0,0.0,0.0,0.0,0.0,0.0,0.0,0.0,0.0,0.0,0.0,0.0,0.0,0.0
8628,54,92,0,0.0,0.0,0.0,0.0,0.0,0.0,0.0,0.0,0.0,0.0,0.0,0.0,0.0,0.0,0.0,0.0,0.0,0.0,0.0,0.0,0.0,0.0,0.0,0.0,0.0,0.0,0.0,0.0,0.0,0.0,0.0,0.0,0.0,0.0,0.0
8629,54,95,0,0.0,0.0,0.0,0.0,0.0,0.0,0.0,0.0,0.0,0.0,0.0,0.0,0.0,0.0,0.0,0.0,0.0,0.0,0.0,0.0,0.0,0.0,0.0,0.0,0.0,0.0,0.0,0.0,0.0,0.0,0.0,0.0,0.0,0.0,0.0
8630,54,99,0,0.0,0.0,0.0,0.0,0.0,0.0,0.0,0.0,0.0,0.0,0.0,0.0,0.0,0.0,0.0,0.0,0.0,0.0,0.0,0.0,0.0,0.0,0.0,0.0,0.0,0.0,0.0,0.0,0.0,0.0,0.0,0.0,0.0,0.0,0.0
8631,54,101,0,0.0,0.0,0.0,0.0,0.0,0.0,0.0,0.0,0.0,0.0,0.0,0.0,0.0,0.0,0.0,0.0,0.0,0.0,0.0,0.0,0.0,0.0,0.0,0.0,0.0,0.0,0.0,0.0,0.0,0.0,0.0,0.0,0.0,0.0,0.0
8632,54,102,0,0.0,0.0,0.0,0.0,0.0,0.0,0.0,0.0,0.0,0.0,0.0,0.0,0.0,0.0,0.0,0.0,0.0,0.0,0.0,0.0,0.0,0.0,0.0,0.0,0.0,0.0,0.0,0.0,0.0,0.0,0.0,0.0,0.0,0.0,0.0
8633,54,103,0,0.0,0.0,0.0,0.0,0.0,0.0,0.0,0.0,0.0,0.0,0.0,0.0,0.0,0.0,0.0,0.0,0.0,0.0,0.0,0.0,0.0,0.0,0.0,0.0,0.0,0.0,0.0,0.0,0.0,0.0,0.0,0.0,0.0,0.0,0.0
8634,54,104,0,0.0,0.0,0.0,0.0,0.0,0.0,0.0,0.0,0.0,0.0,0.0,0.0,0.0,0.0,0.0,0.0,0.0,0.0,0.0,0.0,0.0,0.0,0.0,0.0,0.0,0.0,0.0,0.0,0.0,0.0,0.0,0.0,0.0,0.0,0.0
8635,54,106,0,0.0,0.0,0.0,0.0,0.0,0.0,0.0,0.0,0.0,0.0,0.0,0.0,0.0,0.0,0.0,0.0,0.0,0.0,0.0,0.0,0.0,0.0,0.0,0.0,0.0,0.0,0.0,0.0,0.0,0.0,0.0,0.0,0.0,0.0,0.0
8636,54,107,0,0.0,0.0,0.0,0.0,0.0,0.0,0.0,0.0,0.0,0.0,0.0,0.0,0.0,0.0,0.0,0.0,0.0,0.0,0.0,0.0,0.0,0.0,0.0,0.0,0.0,0.0,0.0,0.0,0.0,0.0,0.0,0.0,0.0,0.0,0.0
8637,54,108,0,0.0,0.0,0.0,0.0,0.0,0.0,0.0,0.0,0.0,0.0,0.0,0.0,0.0,0.0,0.0,0.0,0.0,0.0,0.0,0.0,0.0,0.0,0.0,0.0,0.0,0.0,0.0,0.0,0.0,0.0,0.0,0.0,0.0,0.0,0.0
8638,54,110,0,0.0,0.0,0.0,0.0,0.0,0.0,0.0,0.0,0.0,0.0,0.0,0.0,0.0,0.0,0.0,0.0,0.0,0.0,0.0,0.0,0.0,0.0,0.0,0.0,0.0,0.0,0.0,0.0,0.0,0.0,0.0,0.0,0.0,0.0,0.0
8639,54,111,0,0.0,0.0,0.0,0.0,0.0,0.0,0.0,0.0,0.0,0.0,0.0,0.0,0.0,0.0,0.0,0.0,0.0,0.0,0.0,0.0,0.0,0.0,0.0,0.0,0.0,0.0,0.0,0.0,0.0,0.0,0.0,0.0,0.0,0.0,0.0
8640,54,113,0,0.0,0.0,0.0,0.0,0.0,0.0,0.0,0.0,0.0,0.0,0.0,0.0,0.0,0.0,0.0,0.0,0.0,0.0,0.0,0.0,0.0,0.0,0.0,0.0,0.0,0.0,0.0,0.0,0.0,0.0,0.0,0.0,0.0,0.0,0.0
8641,54,115,0,0.0,0.0,0.0,0.0,0.0,0.0,0.0,0.0,0.0,0.0,0.0,0.0,0.0,0.0,0.0,0.0,0.0,0.0,0.0,0.0,0.0,0.0,0.0,0.0,0.0,0.0,0.0,0.0,0.0,0.0,0.0,0.0,0.0,0.0,0.0
8642,54,116,0,0.0,0.0,0.0,0.0,0.0,0.0,0.0,0.0,0.0,0.0,0.0,0.0,0.0,0.0,0.0,0.0,0.0,0.0,0.0,0.0,0.0,0.0,0.0,0.0,0.0,0.0,0.0,0.0,0.0,0.0,0.0,0.0,0.0,0.0,0.0
8643,54,118,0,0.0,0.0,0.0,0.0,0.0,0.0,0.0,0.0,0.0,0.0,0.0,0.0,0.0,0.0,0.0,0.0,0.0,0.0,0.0,0.0,0.0,0.0,0.0,0.0,0.0,0.0,0.0,0.0,0.0,0.0,0.0,0.0,0.0,0.0,0.0
8644,54,119,0,0.0,0.0,0.0,0.0,0.0,0.0,0.0,0.0,0.0,0.0,0.0,0.0,0.0,0.0,0.0,0.0,0.0,0.0,0.0,0.0,0.0,0.0,0.0,0.0,0.0,0.0,0.0,0.0,0.0,0.0,0.0,0.0,0.0,0.0,0.0
8645,54,123,0,0.0,0.0,0.0,0.0,0.0,0.0,0.0,0.0,0.0,0.0,0.0,0.0,0.0,0.0,0.0,0.0,0.0,0.0,0.0,0.0,0.0,0.0,0.0,0.0,0.0,0.0,0.0,0.0,0.0,0.0,0.0,0.0,0.0,0.0,0.0
8646,54,125,0,0.0,0.0,0.0,0.0,0.0,0.0,0.0,0.0,0.0,0.0,0.0,0.0,0.0,0.0,0.0,0.0,0.0,0.0,0.0,0.0,0.0,0.0,0.0,0.0,0.0,0.0,0.0,0.0,0.0,0.0,0.0,0.0,0.0,0.0,0.0
8647,54,128,0,0.0,0.0,0.0,0.0,0.0,0.0,0.0,0.0,0.0,0.0,0.0,0.0,0.0,0.0,0.0,0.0,0.0,0.0,0.0,0.0,0.0,0.0,0.0,0.0,0.0,0.0,0.0,0.0,0.0,0.0,0.0,0.0,0.0,0.0,0.0
8648,54,129,0,0.0,0.0,0.0,0.0,0.0,0.0,0.0,0.0,0.0,0.0,0.0,0.0,0.0,0.0,0.0,0.0,0.0,0.0,0.0,0.0,0.0,0.0,0.0,0.0,0.0,0.0,0.0,0.0,0.0,0.0,0.0,0.0,0.0,0.0,0.0
8649,54,130,0,0.0,0.0,0.0,0.0,0.0,0.0,0.0,0.0,0.0,0.0,0.0,0.0,0.0,0.0,0.0,0.0,0.0,0.0,0.0,0.0,0.0,0.0,0.0,0.0,0.0,0.0,0.0,0.0,0.0,0.0,0.0,0.0,0.0,0.0,0.0
8650,54,132,0,0.0,0.0,0.0,0.0,0.0,0.0,0.0,0.0,0.0,0.0,0.0,0.0,0.0,0.0,0.0,0.0,0.0,0.0,0.0,0.0,0.0,0.0,0.0,0.0,0.0,0.0,0.0,0.0,0.0,0.0,0.0,0.0,0.0,0.0,0.0
8651,54,133,0,0.0,0.0,0.0,0.0,0.0,0.0,0.0,0.0,0.0,0.0,0.0,0.0,0.0,0.0,0.0,0.0,0.0,0.0,0.0,0.0,0.0,0.0,0.0,0.0,0.0,0.0,0.0,0.0,0.0,0.0,0.0,0.0,0.0,0.0,0.0
8652,54,135,0,0.0,0.0,0.0,0.0,0.0,0.0,0.0,0.0,0.0,0.0,0.0,0.0,0.0,0.0,0.0,0.0,0.0,0.0,0.0,0.0,0.0,0.0,0.0,0.0,0.0,0.0,0.0,0.0,0.0,0.0,0.0,0.0,0.0,0.0,0.0
8653,54,139,0,0.0,0.0,0.0,0.0,0.0,0.0,0.0,0.0,0.0,0.0,0.0,0.0,0.0,0.0,0.0,0.0,0.0,0.0,0.0,0.0,0.0,0.0,0.0,0.0,0.0,0.0,0.0,0.0,0.0,0.0,0.0,0.0,0.0,0.0,0.0
8654,54,142,0,0.0,0.0,0.0,0.0,0.0,0.0,0.0,0.0,0.0,0.0,0.0,0.0,0.0,0.0,0.0,0.0,0.0,0.0,0.0,0.0,0.0,0.0,0.0,0.0,0.0,0.0,0.0,0.0,0.0,0.0,0.0,0.0,0.0,0.0,0.0
8655,54,145,0,0.0,0.0,0.0,0.0,0.0,0.0,0.0,0.0,0.0,0.0,0.0,0.0,0.0,0.0,0.0,0.0,0.0,0.0,0.0,0.0,0.0,0.0,0.0,0.0,0.0,0.0,0.0,0.0,0.0,0.0,0.0,0.0,0.0,0.0,0.0
8656,54,147,0,0.0,0.0,0.0,0.0,0.0,0.0,0.0,0.0,0.0,0.0,0.0,0.0,0.0,0.0,0.0,0.0,0.0,0.0,0.0,0.0,0.0,0.0,0.0,0.0,0.0,0.0,0.0,0.0,0.0,0.0,0.0,0.0,0.0,0.0,0.0
8657,54,148,0,0.0,0.0,0.0,0.0,0.0,0.0,0.0,0.0,0.0,0.0,0.0,0.0,0.0,0.0,0.0,0.0,0.0,0.0,0.0,0.0,0.0,0.0,0.0,0.0,0.0,0.0,0.0,0.0,0.0,0.0,0.0,0.0,0.0,0.0,0.0
8658,54,149,0,0.0,0.0,0.0,0.0,0.0,0.0,0.0,0.0,0.0,0.0,0.0,0.0,0.0,0.0,0.0,0.0,0.0,0.0,0.0,0.0,0.0,0.0,0.0,0.0,0.0,0.0,0.0,0.0,0.0,0.0,0.0,0.0,0.0,0.0,0.0
8659,54,150,0,0.0,0.0,0.0,0.0,0.0,0.0,0.0,0.0,0.0,0.0,0.0,0.0,0.0,0.0,0.0,0.0,0.0,0.0,0.0,0.0,0.0,0.0,0.0,0.0,0.0,0.0,0.0,0.0,0.0,0.0,0.0,0.0,0.0,0.0,0.0
8660,54,152,0,0.0,0.0,0.0,0.0,0.0,0.0,0.0,0.0,0.0,0.0,0.0,0.0,0.0,0.0,0.0,0.0,0.0,0.0,0.0,0.0,0.0,0.0,0.0,0.0,0.0,0.0,0.0,0.0,0.0,0.0,0.0,0.0,0.0,0.0,0.0
8661,54,153,0,0.0,0.0,0.0,0.0,0.0,0.0,0.0,0.0,0.0,0.0,0.0,0.0,0.0,0.0,0.0,0.0,0.0,0.0,0.0,0.0,0.0,0.0,0.0,0.0,0.0,0.0,0.0,0.0,0.0,0.0,0.0,0.0,0.0,0.0,0.0
8662,54,157,0,0.0,0.0,0.0,0.0,0.0,0.0,0.0,0.0,0.0,0.0,0.0,0.0,0.0,0.0,0.0,0.0,0.0,0.0,0.0,0.0,0.0,0.0,0.0,0.0,0.0,0.0,0.0,0.0,0.0,0.0,0.0,0.0,0.0,0.0,0.0
8663,54,160,0,0.0,0.0,0.0,0.0,0.0,0.0,0.0,0.0,0.0,0.0,0.0,0.0,0.0,0.0,0.0,0.0,0.0,0.0,0.0,0.0,0.0,0.0,0.0,0.0,0.0,0.0,0.0,0.0,0.0,0.0,0.0,0.0,0.0,0.0,0.0
8664,54,165,0,0.0,0.0,0.0,0.0,0.0,0.0,0.0,0.0,0.0,0.0,0.0,0.0,0.0,0.0,0.0,0.0,0.0,0.0,0.0,0.0,0.0,0.0,0.0,0.0,0.0,0.0,0.0,0.0,0.0,0.0,0.0,0.0,0.0,0.0,0.0
8665,54,168,0,0.0,0.0,0.0,0.0,0.0,0.0,0.0,0.0,0.0,0.0,0.0,0.0,0.0,0.0,0.0,0.0,0.0,0.0,0.0,0.0,0.0,0.0,0.0,0.0,0.0,0.0,0.0,0.0,0.0,0.0,0.0,0.0,0.0,0.0,0.0
8666,54,169,0,0.0,0.0,0.0,0.0,0.0,0.0,0.0,0.0,0.0,0.0,0.0,0.0,0.0,0.0,0.0,0.0,0.0,0.0,0.0,0.0,0.0,0.0,0.0,0.0,0.0,0.0,0.0,0.0,0.0,0.0,0.0,0.0,0.0,0.0,0.0
8667,54,170,0,0.0,0.0,0.0,0.0,0.0,0.0,0.0,0.0,0.0,0.0,0.0,0.0,0.0,0.0,0.0,0.0,0.0,0.0,0.0,0.0,0.0,0.0,0.0,0.0,0.0,0.0,0.0,0.0,0.0,0.0,0.0,0.0,0.0,0.0,0.0
8668,54,172,0,0.0,0.0,0.0,0.0,0.0,0.0,0.0,0.0,0.0,0.0,0.0,0.0,0.0,0.0,0.0,0.0,0.0,0.0,0.0,0.0,0.0,0.0,0.0,0.0,0.0,0.0,0.0,0.0,0.0,0.0,0.0,0.0,0.0,0.0,0.0
8669,54,173,0,0.0,0.0,0.0,0.0,0.0,0.0,0.0,0.0,0.0,0.0,0.0,0.0,0.0,0.0,0.0,0.0,0.0,0.0,0.0,0.0,0.0,0.0,0.0,0.0,0.0,0.0,0.0,0.0,0.0,0.0,0.0,0.0,0.0,0.0,0.0
8670,54,175,0,0.0,0.0,0.0,0.0,0.0,0.0,0.0,0.0,0.0,0.0,0.0,0.0,0.0,0.0,0.0,0.0,0.0,0.0,0.0,0.0,0.0,0.0,0.0,0.0,0.0,0.0,0.0,0.0,0.0,0.0,0.0,0.0,0.0,0.0,0.0
8671,54,177,0,0.0,0.0,0.0,0.0,0.0,0.0,0.0,0.0,0.0,0.0,0.0,0.0,0.0,0.0,0.0,0.0,0.0,0.0,0.0,0.0,0.0,0.0,0.0,0.0,0.0,0.0,0.0,0.0,0.0,0.0,0.0,0.0,0.0,0.0,0.0
8672,54,178,0,0.0,0.0,0.0,0.0,0.0,0.0,0.0,0.0,0.0,0.0,0.0,0.0,0.0,0.0,0.0,0.0,0.0,0.0,0.0,0.0,0.0,0.0,0.0,0.0,0.0,0.0,0.0,0.0,0.0,0.0,0.0,0.0,0.0,0.0,0.0
8673,54,179,0,0.0,0.0,0.0,0.0,0.0,0.0,0.0,0.0,0.0,0.0,0.0,0.0,0.0,0.0,0.0,0.0,0.0,0.0,0.0,0.0,0.0,0.0,0.0,0.0,0.0,0.0,0.0,0.0,0.0,0.0,0.0,0.0,0.0,0.0,0.0
8674,54,182,0,0.0,0.0,0.0,0.0,0.0,0.0,0.0,0.0,0.0,0.0,0.0,0.0,0.0,0.0,0.0,0.0,0.0,0.0,0.0,0.0,0.0,0.0,0.0,0.0,0.0,0.0,0.0,0.0,0.0,0.0,0.0,0.0,0.0,0.0,0.0
8675,54,183,0,0.0,0.0,0.0,0.0,0.0,0.0,0.0,0.0,0.0,0.0,0.0,0.0,0.0,0.0,0.0,0.0,0.0,0.0,0.0,0.0,0.0,0.0,0.0,0.0,0.0,0.0,0.0,0.0,0.0,0.0,0.0,0.0,0.0,0.0,0.0
8676,54,185,0,0.0,0.0,0.0,0.0,0.0,0.0,0.0,0.0,0.0,0.0,0.0,0.0,0.0,0.0,0.0,0.0,0.0,0.0,0.0,0.0,0.0,0.0,0.0,0.0,0.0,0.0,0.0,0.0,0.0,0.0,0.0,0.0,0.0,0.0,0.0
8677,54,187,0,0.0,0.0,0.0,0.0,0.0,0.0,0.0,0.0,0.0,0.0,0.0,0.0,0.0,0.0,0.0,0.0,0.0,0.0,0.0,0.0,0.0,0.0,0.0,0.0,0.0,0.0,0.0,0.0,0.0,0.0,0.0,0.0,0.0,0.0,0.0
8678,54,188,0,0.0,0.0,0.0,0.0,0.0,0.0,0.0,0.0,0.0,0.0,0.0,0.0,0.0,0.0,0.0,0.0,0.0,0.0,0.0,0.0,0.0,0.0,0.0,0.0,0.0,0.0,0.0,0.0,0.0,0.0,0.0,0.0,0.0,0.0,0.0
8679,54,190,0,0.0,0.0,0.0,0.0,0.0,0.0,0.0,0.0,0.0,0.0,0.0,0.0,0.0,0.0,0.0,0.0,0.0,0.0,0.0,0.0,0.0,0.0,0.0,0.0,0.0,0.0,0.0,0.0,0.0,0.0,0.0,0.0,0.0,0.0,0.0
8680,54,191,0,0.0,0.0,0.0,0.0,0.0,0.0,0.0,0.0,0.0,0.0,0.0,0.0,0.0,0.0,0.0,0.0,0.0,0.0,0.0,0.0,0.0,0.0,0.0,0.0,0.0,0.0,0.0,0.0,0.0,0.0,0.0,0.0,0.0,0.0,0.0
8681,54,192,0,0.0,0.0,0.0,0.0,0.0,0.0,0.0,0.0,0.0,0.0,0.0,0.0,0.0,0.0,0.0,0.0,0.0,0.0,0.0,0.0,0.0,0.0,0.0,0.0,0.0,0.0,0.0,0.0,0.0,0.0,0.0,0.0,0.0,0.0,0.0
8682,54,193,0,0.0,0.0,0.0,0.0,0.0,0.0,0.0,0.0,0.0,0.0,0.0,0.0,0.0,0.0,0.0,0.0,0.0,0.0,0.0,0.0,0.0,0.0,0.0,0.0,0.0,0.0,0.0,0.0,0.0,0.0,0.0,0.0,0.0,0.0,0.0
8683,54,194,0,0.0,0.0,0.0,0.0,0.0,0.0,0.0,0.0,0.0,0.0,0.0,0.0,0.0,0.0,0.0,0.0,0.0,0.0,0.0,0.0,0.0,0.0,0.0,0.0,0.0,0.0,0.0,0.0,0.0,0.0,0.0,0.0,0.0,0.0,0.0
8684,54,196,0,0.0,0.0,0.0,0.0,0.0,0.0,0.0,0.0,0.0,0.0,0.0,0.0,0.0,0.0,0.0,0.0,0.0,0.0,0.0,0.0,0.0,0.0,0.0,0.0,0.0,0.0,0.0,0.0,0.0,0.0,0.0,0.0,0.0,0.0,0.0
8685,54,199,0,0.0,0.0,0.0,0.0,0.0,0.0,0.0,0.0,0.0,0.0,0.0,0.0,0.0,0.0,0.0,0.0,0.0,0.0,0.0,0.0,0.0,0.0,0.0,0.0,0.0,0.0,0.0,0.0,0.0,0.0,0.0,0.0,0.0,0.0,0.0
8686,54,200,0,0.0,0.0,0.0,0.0,0.0,0.0,0.0,0.0,0.0,0.0,0.0,0.0,0.0,0.0,0.0,0.0,0.0,0.0,0.0,0.0,0.0,0.0,0.0,0.0,0.0,0.0,0.0,0.0,0.0,0.0,0.0,0.0,0.0,0.0,0.0
8687,54,201,0,0.0,0.0,0.0,0.0,0.0,0.0,0.0,0.0,0.0,0.0,0.0,0.0,0.0,0.0,0.0,0.0,0.0,0.0,0.0,0.0,0.0,0.0,0.0,0.0,0.0,0.0,0.0,0.0,0.0,0.0,0.0,0.0,0.0,0.0,0.0
8688,54,203,0,0.0,0.0,0.0,0.0,0.0,0.0,0.0,0.0,0.0,0.0,0.0,0.0,0.0,0.0,0.0,0.0,0.0,0.0,0.0,0.0,0.0,0.0,0.0,0.0,0.0,0.0,0.0,0.0,0.0,0.0,0.0,0.0,0.0,0.0,0.0
8689,54,207,0,0.0,0.0,0.0,0.0,0.0,0.0,0.0,0.0,0.0,0.0,0.0,0.0,0.0,0.0,0.0,0.0,0.0,0.0,0.0,0.0,0.0,0.0,0.0,0.0,0.0,0.0,0.0,0.0,0.0,0.0,0.0,0.0,0.0,0.0,0.0
8690,54,210,0,0.0,0.0,0.0,0.0,0.0,0.0,0.0,0.0,0.0,0.0,0.0,0.0,0.0,0.0,0.0,0.0,0.0,0.0,0.0,0.0,0.0,0.0,0.0,0.0,0.0,0.0,0.0,0.0,0.0,0.0,0.0,0.0,0.0,0.0,0.0
8691,54,211,0,0.0,0.0,0.0,0.0,0.0,0.0,0.0,0.0,0.0,0.0,0.0,0.0,0.0,0.0,0.0,0.0,0.0,0.0,0.0,0.0,0.0,0.0,0.0,0.0,0.0,0.0,0.0,0.0,0.0,0.0,0.0,0.0,0.0,0.0,0.0
8692,54,213,0,0.0,0.0,0.0,0.0,0.0,0.0,0.0,0.0,0.0,0.0,0.0,0.0,0.0,0.0,0.0,0.0,0.0,0.0,0.0,0.0,0.0,0.0,0.0,0.0,0.0,0.0,0.0,0.0,0.0,0.0,0.0,0.0,0.0,0.0,0.0
8693,54,219,0,0.0,0.0,0.0,0.0,0.0,0.0,0.0,0.0,0.0,0.0,0.0,0.0,0.0,0.0,0.0,0.0,0.0,0.0,0.0,0.0,0.0,0.0,0.0,0.0,0.0,0.0,0.0,0.0,0.0,0.0,0.0,0.0,0.0,0.0,0.0
8694,54,228,0,0.0,0.0,0.0,0.0,0.0,0.0,0.0,0.0,0.0,0.0,0.0,0.0,0.0,0.0,0.0,0.0,0.0,0.0,0.0,0.0,0.0,0.0,0.0,0.0,0.0,0.0,0.0,0.0,0.0,0.0,0.0,0.0,0.0,0.0,0.0
8695,54,232,0,0.0,0.0,0.0,0.0,0.0,0.0,0.0,0.0,0.0,0.0,0.0,0.0,0.0,0.0,0.0,0.0,0.0,0.0,0.0,0.0,0.0,0.0,0.0,0.0,0.0,0.0,0.0,0.0,0.0,0.0,0.0,0.0,0.0,0.0,0.0
8696,54,233,0,0.0,0.0,0.0,0.0,0.0,0.0,0.0,0.0,0.0,0.0,0.0,0.0,0.0,0.0,0.0,0.0,0.0,0.0,0.0,0.0,0.0,0.0,0.0,0.0,0.0,0.0,0.0,0.0,0.0,0.0,0.0,0.0,0.0,0.0,0.0
8697,54,238,0,0.0,0.0,0.0,0.0,0.0,0.0,0.0,0.0,0.0,0.0,0.0,0.0,0.0,0.0,0.0,0.0,0.0,0.0,0.0,0.0,0.0,0.0,0.0,0.0,0.0,0.0,0.0,0.0,0.0,0.0,0.0,0.0,0.0,0.0,0.0
8698,54,239,0,0.0,0.0,0.0,0.0,0.0,0.0,0.0,0.0,0.0,0.0,0.0,0.0,0.0,0.0,0.0,0.0,0.0,0.0,0.0,0.0,0.0,0.0,0.0,0.0,0.0,0.0,0.0,0.0,0.0,0.0,0.0,0.0,0.0,0.0,0.0
8699,54,242,0,0.0,0.0,0.0,0.0,0.0,0.0,0.0,0.0,0.0,0.0,0.0,0.0,0.0,0.0,0.0,0.0,0.0,0.0,0.0,0.0,0.0,0.0,0.0,0.0,0.0,0.0,0.0,0.0,0.0,0.0,0.0,0.0,0.0,0.0,0.0
8700,55,2,0,0.0,0.0,0.0,0.0,0.0,0.0,0.0,0.0,0.0,0.0,0.0,0.0,0.0,0.0,0.0,0.0,0.0,0.0,0.0,0.0,0.0,0.0,0.0,0.0,0.0,0.0,0.0,0.0,0.0,0.0,0.0,0.0,0.0,0.0,0.0
8701,55,4,0,0.0,0.0,0.0,0.0,0.0,0.0,0.0,0.0,0.0,0.0,0.0,0.0,0.0,0.0,0.0,0.0,0.0,0.0,0.0,0.0,0.0,0.0,0.0,0.0,0.0,0.0,0.0,0.0,0.0,0.0,0.0,0.0,0.0,0.0,0.0
8702,55,6,0,0.0,0.0,0.0,0.0,0.0,0.0,0.0,0.0,0.0,0.0,0.0,0.0,0.0,0.0,0.0,0.0,0.0,0.0,0.0,0.0,0.0,0.0,0.0,0.0,0.0,0.0,0.0,0.0,0.0,0.0,0.0,0.0,0.0,0.0,0.0
8703,55,7,0,0.0,0.0,0.0,0.0,0.0,0.0,0.0,0.0,0.0,0.0,0.0,0.0,0.0,0.0,0.0,0.0,0.0,0.0,0.0,0.0,0.0,0.0,0.0,0.0,0.0,0.0,0.0,0.0,0.0,0.0,0.0,0.0,0.0,0.0,0.0
8704,55,8,0,0.0,0.0,0.0,0.0,0.0,0.0,0.0,0.0,0.0,0.0,0.0,0.0,0.0,0.0,0.0,0.0,0.0,0.0,0.0,0.0,0.0,0.0,0.0,0.0,0.0,0.0,0.0,0.0,0.0,0.0,0.0,0.0,0.0,0.0,0.0
8705,55,9,0,0.0,0.0,0.0,0.0,0.0,0.0,0.0,0.0,0.0,0.0,0.0,0.0,0.0,0.0,0.0,0.0,0.0,0.0,0.0,0.0,0.0,0.0,0.0,0.0,0.0,0.0,0.0,0.0,0.0,0.0,0.0,0.0,0.0,0.0,0.0
8706,55,13,0,0.0,0.0,0.0,0.0,0.0,0.0,0.0,0.0,0.0,0.0,0.0,0.0,0.0,0.0,0.0,0.0,0.0,0.0,0.0,0.0,0.0,0.0,0.0,0.0,0.0,0.0,0.0,0.0,0.0,0.0,0.0,0.0,0.0,0.0,0.0
8707,55,14,0,0.0,0.0,0.0,0.0,0.0,0.0,0.0,0.0,0.0,0.0,0.0,0.0,0.0,0.0,0.0,0.0,0.0,0.0,0.0,0.0,0.0,0.0,0.0,0.0,0.0,0.0,0.0,0.0,0.0,0.0,0.0,0.0,0.0,0.0,0.0
8708,55,19,0,0.0,0.0,0.0,0.0,0.0,0.0,0.0,0.0,0.0,0.0,0.0,0.0,0.0,0.0,0.0,0.0,0.0,0.0,0.0,0.0,0.0,0.0,0.0,0.0,0.0,0.0,0.0,0.0,0.0,0.0,0.0,0.0,0.0,0.0,0.0
8709,55,20,0,0.0,0.0,0.0,0.0,0.0,0.0,0.0,0.0,0.0,0.0,0.0,0.0,0.0,0.0,0.0,0.0,0.0,0.0,0.0,0.0,0.0,0.0,0.0,0.0,0.0,0.0,0.0,0.0,0.0,0.0,0.0,0.0,0.0,0.0,0.0
8710,55,23,0,0.0,0.0,0.0,0.0,0.0,0.0,0.0,0.0,0.0,0.0,0.0,0.0,0.0,0.0,0.0,0.0,0.0,0.0,0.0,0.0,0.0,0.0,0.0,0.0,0.0,0.0,0.0,0.0,0.0,0.0,0.0,0.0,0.0,0.0,0.0
8711,55,25,0,0.0,0.0,0.0,0.0,0.0,0.0,0.0,0.0,0.0,0.0,0.0,0.0,0.0,0.0,0.0,0.0,0.0,0.0,0.0,0.0,0.0,0.0,0.0,0.0,0.0,0.0,0.0,0.0,0.0,0.0,0.0,0.0,0.0,0.0,0.0
8712,55,26,0,0.0,0.0,0.0,0.0,0.0,0.0,0.0,0.0,0.0,0.0,0.0,0.0,0.0,0.0,0.0,0.0,0.0,0.0,0.0,0.0,0.0,0.0,0.0,0.0,0.0,0.0,0.0,0.0,0.0,0.0,0.0,0.0,0.0,0.0,0.0
8713,55,27,0,0.0,0.0,0.0,0.0,0.0,0.0,0.0,0.0,0.0,0.0,0.0,0.0,0.0,0.0,0.0,0.0,0.0,0.0,0.0,0.0,0.0,0.0,0.0,0.0,0.0,0.0,0.0,0.0,0.0,0.0,0.0,0.0,0.0,0.0,0.0
8714,55,31,0,0.0,0.0,0.0,0.0,0.0,0.0,0.0,0.0,0.0,0.0,0.0,0.0,0.0,0.0,0.0,0.0,0.0,0.0,0.0,0.0,0.0,0.0,0.0,0.0,0.0,0.0,0.0,0.0,0.0,0.0,0.0,0.0,0.0,0.0,0.0
8715,55,32,0,0.0,0.0,0.0,0.0,0.0,0.0,0.0,0.0,0.0,0.0,0.0,0.0,0.0,0.0,0.0,0.0,0.0,0.0,0.0,0.0,0.0,0.0,0.0,0.0,0.0,0.0,0.0,0.0,0.0,0.0,0.0,0.0,0.0,0.0,0.0
8716,55,33,0,0.0,0.0,0.0,0.0,0.0,0.0,0.0,0.0,0.0,0.0,0.0,0.0,0.0,0.0,0.0,0.0,0.0,0.0,0.0,0.0,0.0,0.0,0.0,0.0,0.0,0.0,0.0,0.0,0.0,0.0,0.0,0.0,0.0,0.0,0.0
8717,55,37,0,0.0,0.0,0.0,0.0,0.0,0.0,0.0,0.0,0.0,0.0,0.0,0.0,0.0,0.0,0.0,0.0,0.0,0.0,0.0,0.0,0.0,0.0,0.0,0.0,0.0,0.0,0.0,0.0,0.0,0.0,0.0,0.0,0.0,0.0,0.0
8718,55,39,0,0.0,0.0,0.0,0.0,0.0,0.0,0.0,0.0,0.0,0.0,0.0,0.0,0.0,0.0,0.0,0.0,0.0,0.0,0.0,0.0,0.0,0.0,0.0,0.0,0.0,0.0,0.0,0.0,0.0,0.0,0.0,0.0,0.0,0.0,0.0
8719,55,41,0,0.0,0.0,0.0,0.0,0.0,0.0,0.0,0.0,0.0,0.0,0.0,0.0,0.0,0.0,0.0,0.0,0.0,0.0,0.0,0.0,0.0,0.0,0.0,0.0,0.0,0.0,0.0,0.0,0.0,0.0,0.0,0.0,0.0,0.0,0.0
8720,55,43,0,0.0,0.0,0.0,0.0,0.0,0.0,0.0,0.0,0.0,0.0,0.0,0.0,0.0,0.0,0.0,0.0,0.0,0.0,0.0,0.0,0.0,0.0,0.0,0.0,0.0,0.0,0.0,0.0,0.0,0.0,0.0,0.0,0.0,0.0,0.0
8721,55,44,0,0.0,0.0,0.0,0.0,0.0,0.0,0.0,0.0,0.0,0.0,0.0,0.0,0.0,0.0,0.0,0.0,0.0,0.0,0.0,0.0,0.0,0.0,0.0,0.0,0.0,0.0,0.0,0.0,0.0,0.0,0.0,0.0,0.0,0.0,0.0
8722,55,46,0,0.0,0.0,0.0,0.0,0.0,0.0,0.0,0.0,0.0,0.0,0.0,0.0,0.0,0.0,0.0,0.0,0.0,0.0,0.0,0.0,0.0,0.0,0.0,0.0,0.0,0.0,0.0,0.0,0.0,0.0,0.0,0.0,0.0,0.0,0.0
8723,55,49,0,0.0,0.0,0.0,0.0,0.0,0.0,0.0,0.0,0.0,0.0,0.0,0.0,0.0,0.0,0.0,0.0,0.0,0.0,0.0,0.0,0.0,0.0,0.0,0.0,0.0,0.0,0.0,0.0,0.0,0.0,0.0,0.0,0.0,0.0,0.0
8724,55,50,0,0.0,0.0,0.0,0.0,0.0,0.0,0.0,0.0,0.0,0.0,0.0,0.0,0.0,0.0,0.0,0.0,0.0,0.0,0.0,0.0,0.0,0.0,0.0,0.0,0.0,0.0,0.0,0.0,0.0,0.0,0.0,0.0,0.0,0.0,0.0
8725,55,51,0,0.0,0.0,0.0,0.0,0.0,0.0,0.0,0.0,0.0,0.0,0.0,0.0,0.0,0.0,0.0,0.0,0.0,0.0,0.0,0.0,0.0,0.0,0.0,0.0,0.0,0.0,0.0,0.0,0.0,0.0,0.0,0.0,0.0,0.0,0.0
8726,55,52,0,0.0,0.0,0.0,0.0,0.0,0.0,0.0,0.0,0.0,0.0,0.0,0.0,0.0,0.0,0.0,0.0,0.0,0.0,0.0,0.0,0.0,0.0,0.0,0.0,0.0,0.0,0.0,0.0,0.0,0.0,0.0,0.0,0.0,0.0,0.0
8727,55,56,0,0.0,0.0,0.0,0.0,0.0,0.0,0.0,0.0,0.0,0.0,0.0,0.0,0.0,0.0,0.0,0.0,0.0,0.0,0.0,0.0,0.0,0.0,0.0,0.0,0.0,0.0,0.0,0.0,0.0,0.0,0.0,0.0,0.0,0.0,0.0
8728,55,57,0,0.0,0.0,0.0,0.0,0.0,0.0,0.0,0.0,0.0,0.0,0.0,0.0,0.0,0.0,0.0,0.0,0.0,0.0,0.0,0.0,0.0,0.0,0.0,0.0,0.0,0.0,0.0,0.0,0.0,0.0,0.0,0.0,0.0,0.0,0.0
8729,55,60,0,0.0,0.0,0.0,0.0,0.0,0.0,0.0,0.0,0.0,0.0,0.0,0.0,0.0,0.0,0.0,0.0,0.0,0.0,0.0,0.0,0.0,0.0,0.0,0.0,0.0,0.0,0.0,0.0,0.0,0.0,0.0,0.0,0.0,0.0,0.0
8730,55,61,0,0.0,0.0,0.0,0.0,0.0,0.0,0.0,0.0,0.0,0.0,0.0,0.0,0.0,0.0,0.0,0.0,0.0,0.0,0.0,0.0,0.0,0.0,0.0,0.0,0.0,0.0,0.0,0.0,0.0,0.0,0.0,0.0,0.0,0.0,0.0
8731,55,63,0,0.0,0.0,0.0,0.0,0.0,0.0,0.0,0.0,0.0,0.0,0.0,0.0,0.0,0.0,0.0,0.0,0.0,0.0,0.0,0.0,0.0,0.0,0.0,0.0,0.0,0.0,0.0,0.0,0.0,0.0,0.0,0.0,0.0,0.0,0.0
8732,55,64,0,0.0,0.0,0.0,0.0,0.0,0.0,0.0,0.0,0.0,0.0,0.0,0.0,0.0,0.0,0.0,0.0,0.0,0.0,0.0,0.0,0.0,0.0,0.0,0.0,0.0,0.0,0.0,0.0,0.0,0.0,0.0,0.0,0.0,0.0,0.0
8733,55,65,0,0.0,0.0,0.0,0.0,0.0,0.0,0.0,0.0,0.0,0.0,0.0,0.0,0.0,0.0,0.0,0.0,0.0,0.0,0.0,0.0,0.0,0.0,0.0,0.0,0.0,0.0,0.0,0.0,0.0,0.0,0.0,0.0,0.0,0.0,0.0
8734,55,66,0,0.0,0.0,0.0,0.0,0.0,0.0,0.0,0.0,0.0,0.0,0.0,0.0,0.0,0.0,0.0,0.0,0.0,0.0,0.0,0.0,0.0,0.0,0.0,0.0,0.0,0.0,0.0,0.0,0.0,0.0,0.0,0.0,0.0,0.0,0.0
8735,55,68,0,0.0,0.0,0.0,0.0,0.0,0.0,0.0,0.0,0.0,0.0,0.0,0.0,0.0,0.0,0.0,0.0,0.0,0.0,0.0,0.0,0.0,0.0,0.0,0.0,0.0,0.0,0.0,0.0,0.0,0.0,0.0,0.0,0.0,0.0,0.0
8736,55,69,0,0.0,0.0,0.0,0.0,0.0,0.0,0.0,0.0,0.0,0.0,0.0,0.0,0.0,0.0,0.0,0.0,0.0,0.0,0.0,0.0,0.0,0.0,0.0,0.0,0.0,0.0,0.0,0.0,0.0,0.0,0.0,0.0,0.0,0.0,0.0
8737,55,71,0,0.0,0.0,0.0,0.0,0.0,0.0,0.0,0.0,0.0,0.0,0.0,0.0,0.0,0.0,0.0,0.0,0.0,0.0,0.0,0.0,0.0,0.0,0.0,0.0,0.0,0.0,0.0,0.0,0.0,0.0,0.0,0.0,0.0,0.0,0.0
8738,55,73,0,0.0,0.0,0.0,0.0,0.0,0.0,0.0,0.0,0.0,0.0,0.0,0.0,0.0,0.0,0.0,0.0,0.0,0.0,0.0,0.0,0.0,0.0,0.0,0.0,0.0,0.0,0.0,0.0,0.0,0.0,0.0,0.0,0.0,0.0,0.0
8739,55,76,0,0.0,0.0,0.0,0.0,0.0,0.0,0.0,0.0,0.0,0.0,0.0,0.0,0.0,0.0,0.0,0.0,0.0,0.0,0.0,0.0,0.0,0.0,0.0,0.0,0.0,0.0,0.0,0.0,0.0,0.0,0.0,0.0,0.0,0.0,0.0
8740,55,78,0,0.0,0.0,0.0,0.0,0.0,0.0,0.0,0.0,0.0,0.0,0.0,0.0,0.0,0.0,0.0,0.0,0.0,0.0,0.0,0.0,0.0,0.0,0.0,0.0,0.0,0.0,0.0,0.0,0.0,0.0,0.0,0.0,0.0,0.0,0.0
8741,55,80,0,0.0,0.0,0.0,0.0,0.0,0.0,0.0,0.0,0.0,0.0,0.0,0.0,0.0,0.0,0.0,0.0,0.0,0.0,0.0,0.0,0.0,0.0,0.0,0.0,0.0,0.0,0.0,0.0,0.0,0.0,0.0,0.0,0.0,0.0,0.0
8742,55,84,0,0.0,0.0,0.0,0.0,0.0,0.0,0.0,0.0,0.0,0.0,0.0,0.0,0.0,0.0,0.0,0.0,0.0,0.0,0.0,0.0,0.0,0.0,0.0,0.0,0.0,0.0,0.0,0.0,0.0,0.0,0.0,0.0,0.0,0.0,0.0
8743,55,85,0,0.0,0.0,0.0,0.0,0.0,0.0,0.0,0.0,0.0,0.0,0.0,0.0,0.0,0.0,0.0,0.0,0.0,0.0,0.0,0.0,0.0,0.0,0.0,0.0,0.0,0.0,0.0,0.0,0.0,0.0,0.0,0.0,0.0,0.0,0.0
8744,55,90,0,0.0,0.0,0.0,0.0,0.0,0.0,0.0,0.0,0.0,0.0,0.0,0.0,0.0,0.0,0.0,0.0,0.0,0.0,0.0,0.0,0.0,0.0,0.0,0.0,0.0,0.0,0.0,0.0,0.0,0.0,0.0,0.0,0.0,0.0,0.0
8745,55,94,0,0.0,0.0,0.0,0.0,0.0,0.0,0.0,0.0,0.0,0.0,0.0,0.0,0.0,0.0,0.0,0.0,0.0,0.0,0.0,0.0,0.0,0.0,0.0,0.0,0.0,0.0,0.0,0.0,0.0,0.0,0.0,0.0,0.0,0.0,0.0
8746,55,97,0,0.0,0.0,0.0,0.0,0.0,0.0,0.0,0.0,0.0,0.0,0.0,0.0,0.0,0.0,0.0,0.0,0.0,0.0,0.0,0.0,0.0,0.0,0.0,0.0,0.0,0.0,0.0,0.0,0.0,0.0,0.0,0.0,0.0,0.0,0.0
8747,55,100,0,0.0,0.0,0.0,0.0,0.0,0.0,0.0,0.0,0.0,0.0,0.0,0.0,0.0,0.0,0.0,0.0,0.0,0.0,0.0,0.0,0.0,0.0,0.0,0.0,0.0,0.0,0.0,0.0,0.0,0.0,0.0,0.0,0.0,0.0,0.0
8748,55,101,0,0.0,0.0,0.0,0.0,0.0,0.0,0.0,0.0,0.0,0.0,0.0,0.0,0.0,0.0,0.0,0.0,0.0,0.0,0.0,0.0,0.0,0.0,0.0,0.0,0.0,0.0,0.0,0.0,0.0,0.0,0.0,0.0,0.0,0.0,0.0
8749,55,104,0,0.0,0.0,0.0,0.0,0.0,0.0,0.0,0.0,0.0,0.0,0.0,0.0,0.0,0.0,0.0,0.0,0.0,0.0,0.0,0.0,0.0,0.0,0.0,0.0,0.0,0.0,0.0,0.0,0.0,0.0,0.0,0.0,0.0,0.0,0.0
8750,55,106,0,0.0,0.0,0.0,0.0,0.0,0.0,0.0,0.0,0.0,0.0,0.0,0.0,0.0,0.0,0.0,0.0,0.0,0.0,0.0,0.0,0.0,0.0,0.0,0.0,0.0,0.0,0.0,0.0,0.0,0.0,0.0,0.0,0.0,0.0,0.0
8751,55,108,0,0.0,0.0,0.0,0.0,0.0,0.0,0.0,0.0,0.0,0.0,0.0,0.0,0.0,0.0,0.0,0.0,0.0,0.0,0.0,0.0,0.0,0.0,0.0,0.0,0.0,0.0,0.0,0.0,0.0,0.0,0.0,0.0,0.0,0.0,0.0
8752,55,112,0,0.0,0.0,0.0,0.0,0.0,0.0,0.0,0.0,0.0,0.0,0.0,0.0,0.0,0.0,0.0,0.0,0.0,0.0,0.0,0.0,0.0,0.0,0.0,0.0,0.0,0.0,0.0,0.0,0.0,0.0,0.0,0.0,0.0,0.0,0.0
8753,55,114,0,0.0,0.0,0.0,0.0,0.0,0.0,0.0,0.0,0.0,0.0,0.0,0.0,0.0,0.0,0.0,0.0,0.0,0.0,0.0,0.0,0.0,0.0,0.0,0.0,0.0,0.0,0.0,0.0,0.0,0.0,0.0,0.0,0.0,0.0,0.0
8754,55,116,0,0.0,0.0,0.0,0.0,0.0,0.0,0.0,0.0,0.0,0.0,0.0,0.0,0.0,0.0,0.0,0.0,0.0,0.0,0.0,0.0,0.0,0.0,0.0,0.0,0.0,0.0,0.0,0.0,0.0,0.0,0.0,0.0,0.0,0.0,0.0
8755,55,118,0,0.0,0.0,0.0,0.0,0.0,0.0,0.0,0.0,0.0,0.0,0.0,0.0,0.0,0.0,0.0,0.0,0.0,0.0,0.0,0.0,0.0,0.0,0.0,0.0,0.0,0.0,0.0,0.0,0.0,0.0,0.0,0.0,0.0,0.0,0.0
8756,55,120,0,0.0,0.0,0.0,0.0,0.0,0.0,0.0,0.0,0.0,0.0,0.0,0.0,0.0,0.0,0.0,0.0,0.0,0.0,0.0,0.0,0.0,0.0,0.0,0.0,0.0,0.0,0.0,0.0,0.0,0.0,0.0,0.0,0.0,0.0,0.0
8757,55,130,0,0.0,0.0,0.0,0.0,0.0,0.0,0.0,0.0,0.0,0.0,0.0,0.0,0.0,0.0,0.0,0.0,0.0,0.0,0.0,0.0,0.0,0.0,0.0,0.0,0.0,0.0,0.0,0.0,0.0,0.0,0.0,0.0,0.0,0.0,0.0
8758,55,131,0,0.0,0.0,0.0,0.0,0.0,0.0,0.0,0.0,0.0,0.0,0.0,0.0,0.0,0.0,0.0,0.0,0.0,0.0,0.0,0.0,0.0,0.0,0.0,0.0,0.0,0.0,0.0,0.0,0.0,0.0,0.0,0.0,0.0,0.0,0.0
8759,55,134,0,0.0,0.0,0.0,0.0,0.0,0.0,0.0,0.0,0.0,0.0,0.0,0.0,0.0,0.0,0.0,0.0,0.0,0.0,0.0,0.0,0.0,0.0,0.0,0.0,0.0,0.0,0.0,0.0,0.0,0.0,0.0,0.0,0.0,0.0,0.0
8760,55,136,0,0.0,0.0,0.0,0.0,0.0,0.0,0.0,0.0,0.0,0.0,0.0,0.0,0.0,0.0,0.0,0.0,0.0,0.0,0.0,0.0,0.0,0.0,0.0,0.0,0.0,0.0,0.0,0.0,0.0,0.0,0.0,0.0,0.0,0.0,0.0
8761,55,138,0,0.0,0.0,0.0,0.0,0.0,0.0,0.0,0.0,0.0,0.0,0.0,0.0,0.0,0.0,0.0,0.0,0.0,0.0,0.0,0.0,0.0,0.0,0.0,0.0,0.0,0.0,0.0,0.0,0.0,0.0,0.0,0.0,0.0,0.0,0.0
8762,55,144,0,0.0,0.0,0.0,0.0,0.0,0.0,0.0,0.0,0.0,0.0,0.0,0.0,0.0,0.0,0.0,0.0,0.0,0.0,0.0,0.0,0.0,0.0,0.0,0.0,0.0,0.0,0.0,0.0,0.0,0.0,0.0,0.0,0.0,0.0,0.0
8763,55,146,0,0.0,0.0,0.0,0.0,0.0,0.0,0.0,0.0,0.0,0.0,0.0,0.0,0.0,0.0,0.0,0.0,0.0,0.0,0.0,0.0,0.0,0.0,0.0,0.0,0.0,0.0,0.0,0.0,0.0,0.0,0.0,0.0,0.0,0.0,0.0
8764,55,150,0,0.0,0.0,0.0,0.0,0.0,0.0,0.0,0.0,0.0,0.0,0.0,0.0,0.0,0.0,0.0,0.0,0.0,0.0,0.0,0.0,0.0,0.0,0.0,0.0,0.0,0.0,0.0,0.0,0.0,0.0,0.0,0.0,0.0,0.0,0.0
8765,55,151,0,0.0,0.0,0.0,0.0,0.0,0.0,0.0,0.0,0.0,0.0,0.0,0.0,0.0,0.0,0.0,0.0,0.0,0.0,0.0,0.0,0.0,0.0,0.0,0.0,0.0,0.0,0.0,0.0,0.0,0.0,0.0,0.0,0.0,0.0,0.0
8766,55,156,0,0.0,0.0,0.0,0.0,0.0,0.0,0.0,0.0,0.0,0.0,0.0,0.0,0.0,0.0,0.0,0.0,0.0,0.0,0.0,0.0,0.0,0.0,0.0,0.0,0.0,0.0,0.0,0.0,0.0,0.0,0.0,0.0,0.0,0.0,0.0
8767,55,159,0,0.0,0.0,0.0,0.0,0.0,0.0,0.0,0.0,0.0,0.0,0.0,0.0,0.0,0.0,0.0,0.0,0.0,0.0,0.0,0.0,0.0,0.0,0.0,0.0,0.0,0.0,0.0,0.0,0.0,0.0,0.0,0.0,0.0,0.0,0.0
8768,55,162,0,0.0,0.0,0.0,0.0,0.0,0.0,0.0,0.0,0.0,0.0,0.0,0.0,0.0,0.0,0.0,0.0,0.0,0.0,0.0,0.0,0.0,0.0,0.0,0.0,0.0,0.0,0.0,0.0,0.0,0.0,0.0,0.0,0.0,0.0,0.0
8769,55,163,0,0.0,0.0,0.0,0.0,0.0,0.0,0.0,0.0,0.0,0.0,0.0,0.0,0.0,0.0,0.0,0.0,0.0,0.0,0.0,0.0,0.0,0.0,0.0,0.0,0.0,0.0,0.0,0.0,0.0,0.0,0.0,0.0,0.0,0.0,0.0
8770,55,164,0,0.0,0.0,0.0,0.0,0.0,0.0,0.0,0.0,0.0,0.0,0.0,0.0,0.0,0.0,0.0,0.0,0.0,0.0,0.0,0.0,0.0,0.0,0.0,0.0,0.0,0.0,0.0,0.0,0.0,0.0,0.0,0.0,0.0,0.0,0.0
8771,55,166,0,0.0,0.0,0.0,0.0,0.0,0.0,0.0,0.0,0.0,0.0,0.0,0.0,0.0,0.0,0.0,0.0,0.0,0.0,0.0,0.0,0.0,0.0,0.0,0.0,0.0,0.0,0.0,0.0,0.0,0.0,0.0,0.0,0.0,0.0,0.0
8772,55,167,0,0.0,0.0,0.0,0.0,0.0,0.0,0.0,0.0,0.0,0.0,0.0,0.0,0.0,0.0,0.0,0.0,0.0,0.0,0.0,0.0,0.0,0.0,0.0,0.0,0.0,0.0,0.0,0.0,0.0,0.0,0.0,0.0,0.0,0.0,0.0
8773,55,168,0,0.0,0.0,0.0,0.0,0.0,0.0,0.0,0.0,0.0,0.0,0.0,0.0,0.0,0.0,0.0,0.0,0.0,0.0,0.0,0.0,0.0,0.0,0.0,0.0,0.0,0.0,0.0,0.0,0.0,0.0,0.0,0.0,0.0,0.0,0.0
8774,55,169,0,0.0,0.0,0.0,0.0,0.0,0.0,0.0,0.0,0.0,0.0,0.0,0.0,0.0,0.0,0.0,0.0,0.0,0.0,0.0,0.0,0.0,0.0,0.0,0.0,0.0,0.0,0.0,0.0,0.0,0.0,0.0,0.0,0.0,0.0,0.0
8775,55,172,0,0.0,0.0,0.0,0.0,0.0,0.0,0.0,0.0,0.0,0.0,0.0,0.0,0.0,0.0,0.0,0.0,0.0,0.0,0.0,0.0,0.0,0.0,0.0,0.0,0.0,0.0,0.0,0.0,0.0,0.0,0.0,0.0,0.0,0.0,0.0
8776,55,173,0,0.0,0.0,0.0,0.0,0.0,0.0,0.0,0.0,0.0,0.0,0.0,0.0,0.0,0.0,0.0,0.0,0.0,0.0,0.0,0.0,0.0,0.0,0.0,0.0,0.0,0.0,0.0,0.0,0.0,0.0,0.0,0.0,0.0,0.0,0.0
8777,55,175,0,0.0,0.0,0.0,0.0,0.0,0.0,0.0,0.0,0.0,0.0,0.0,0.0,0.0,0.0,0.0,0.0,0.0,0.0,0.0,0.0,0.0,0.0,0.0,0.0,0.0,0.0,0.0,0.0,0.0,0.0,0.0,0.0,0.0,0.0,0.0
8778,55,178,0,0.0,0.0,0.0,0.0,0.0,0.0,0.0,0.0,0.0,0.0,0.0,0.0,0.0,0.0,0.0,0.0,0.0,0.0,0.0,0.0,0.0,0.0,0.0,0.0,0.0,0.0,0.0,0.0,0.0,0.0,0.0,0.0,0.0,0.0,0.0
8779,55,181,0,0.0,0.0,0.0,0.0,0.0,0.0,0.0,0.0,0.0,0.0,0.0,0.0,0.0,0.0,0.0,0.0,0.0,0.0,0.0,0.0,0.0,0.0,0.0,0.0,0.0,0.0,0.0,0.0,0.0,0.0,0.0,0.0,0.0,0.0,0.0
8780,55,183,0,0.0,0.0,0.0,0.0,0.0,0.0,0.0,0.0,0.0,0.0,0.0,0.0,0.0,0.0,0.0,0.0,0.0,0.0,0.0,0.0,0.0,0.0,0.0,0.0,0.0,0.0,0.0,0.0,0.0,0.0,0.0,0.0,0.0,0.0,0.0
8781,55,184,0,0.0,0.0,0.0,0.0,0.0,0.0,0.0,0.0,0.0,0.0,0.0,0.0,0.0,0.0,0.0,0.0,0.0,0.0,0.0,0.0,0.0,0.0,0.0,0.0,0.0,0.0,0.0,0.0,0.0,0.0,0.0,0.0,0.0,0.0,0.0
8782,55,185,0,0.0,0.0,0.0,0.0,0.0,0.0,0.0,0.0,0.0,0.0,0.0,0.0,0.0,0.0,0.0,0.0,0.0,0.0,0.0,0.0,0.0,0.0,0.0,0.0,0.0,0.0,0.0,0.0,0.0,0.0,0.0,0.0,0.0,0.0,0.0
8783,55,186,0,0.0,0.0,0.0,0.0,0.0,0.0,0.0,0.0,0.0,0.0,0.0,0.0,0.0,0.0,0.0,0.0,0.0,0.0,0.0,0.0,0.0,0.0,0.0,0.0,0.0,0.0,0.0,0.0,0.0,0.0,0.0,0.0,0.0,0.0,0.0
8784,55,187,0,0.0,0.0,0.0,0.0,0.0,0.0,0.0,0.0,0.0,0.0,0.0,0.0,0.0,0.0,0.0,0.0,0.0,0.0,0.0,0.0,0.0,0.0,0.0,0.0,0.0,0.0,0.0,0.0,0.0,0.0,0.0,0.0,0.0,0.0,0.0
8785,55,190,0,0.0,0.0,0.0,0.0,0.0,0.0,0.0,0.0,0.0,0.0,0.0,0.0,0.0,0.0,0.0,0.0,0.0,0.0,0.0,0.0,0.0,0.0,0.0,0.0,0.0,0.0,0.0,0.0,0.0,0.0,0.0,0.0,0.0,0.0,0.0
8786,55,191,0,0.0,0.0,0.0,0.0,0.0,0.0,0.0,0.0,0.0,0.0,0.0,0.0,0.0,0.0,0.0,0.0,0.0,0.0,0.0,0.0,0.0,0.0,0.0,0.0,0.0,0.0,0.0,0.0,0.0,0.0,0.0,0.0,0.0,0.0,0.0
8787,55,192,0,0.0,0.0,0.0,0.0,0.0,0.0,0.0,0.0,0.0,0.0,0.0,0.0,0.0,0.0,0.0,0.0,0.0,0.0,0.0,0.0,0.0,0.0,0.0,0.0,0.0,0.0,0.0,0.0,0.0,0.0,0.0,0.0,0.0,0.0,0.0
8788,55,193,0,0.0,0.0,0.0,0.0,0.0,0.0,0.0,0.0,0.0,0.0,0.0,0.0,0.0,0.0,0.0,0.0,0.0,0.0,0.0,0.0,0.0,0.0,0.0,0.0,0.0,0.0,0.0,0.0,0.0,0.0,0.0,0.0,0.0,0.0,0.0
8789,55,194,0,0.0,0.0,0.0,0.0,0.0,0.0,0.0,0.0,0.0,0.0,0.0,0.0,0.0,0.0,0.0,0.0,0.0,0.0,0.0,0.0,0.0,0.0,0.0,0.0,0.0,0.0,0.0,0.0,0.0,0.0,0.0,0.0,0.0,0.0,0.0
8790,55,195,0,0.0,0.0,0.0,0.0,0.0,0.0,0.0,0.0,0.0,0.0,0.0,0.0,0.0,0.0,0.0,0.0,0.0,0.0,0.0,0.0,0.0,0.0,0.0,0.0,0.0,0.0,0.0,0.0,0.0,0.0,0.0,0.0,0.0,0.0,0.0
8791,55,196,0,0.0,0.0,0.0,0.0,0.0,0.0,0.0,0.0,0.0,0.0,0.0,0.0,0.0,0.0,0.0,0.0,0.0,0.0,0.0,0.0,0.0,0.0,0.0,0.0,0.0,0.0,0.0,0.0,0.0,0.0,0.0,0.0,0.0,0.0,0.0
8792,55,198,0,0.0,0.0,0.0,0.0,0.0,0.0,0.0,0.0,0.0,0.0,0.0,0.0,0.0,0.0,0.0,0.0,0.0,0.0,0.0,0.0,0.0,0.0,0.0,0.0,0.0,0.0,0.0,0.0,0.0,0.0,0.0,0.0,0.0,0.0,0.0
8793,55,202,0,0.0,0.0,0.0,0.0,0.0,0.0,0.0,0.0,0.0,0.0,0.0,0.0,0.0,0.0,0.0,0.0,0.0,0.0,0.0,0.0,0.0,0.0,0.0,0.0,0.0,0.0,0.0,0.0,0.0,0.0,0.0,0.0,0.0,0.0,0.0
8794,55,203,0,0.0,0.0,0.0,0.0,0.0,0.0,0.0,0.0,0.0,0.0,0.0,0.0,0.0,0.0,0.0,0.0,0.0,0.0,0.0,0.0,0.0,0.0,0.0,0.0,0.0,0.0,0.0,0.0,0.0,0.0,0.0,0.0,0.0,0.0,0.0
8795,55,208,0,0.0,0.0,0.0,0.0,0.0,0.0,0.0,0.0,0.0,0.0,0.0,0.0,0.0,0.0,0.0,0.0,0.0,0.0,0.0,0.0,0.0,0.0,0.0,0.0,0.0,0.0,0.0,0.0,0.0,0.0,0.0,0.0,0.0,0.0,0.0
8796,55,209,0,0.0,0.0,0.0,0.0,0.0,0.0,0.0,0.0,0.0,0.0,0.0,0.0,0.0,0.0,0.0,0.0,0.0,0.0,0.0,0.0,0.0,0.0,0.0,0.0,0.0,0.0,0.0,0.0,0.0,0.0,0.0,0.0,0.0,0.0,0.0
8797,55,210,0,0.0,0.0,0.0,0.0,0.0,0.0,0.0,0.0,0.0,0.0,0.0,0.0,0.0,0.0,0.0,0.0,0.0,0.0,0.0,0.0,0.0,0.0,0.0,0.0,0.0,0.0,0.0,0.0,0.0,0.0,0.0,0.0,0.0,0.0,0.0
8798,55,212,0,0.0,0.0,0.0,0.0,0.0,0.0,0.0,0.0,0.0,0.0,0.0,0.0,0.0,0.0,0.0,0.0,0.0,0.0,0.0,0.0,0.0,0.0,0.0,0.0,0.0,0.0,0.0,0.0,0.0,0.0,0.0,0.0,0.0,0.0,0.0
8799,55,214,0,0.0,0.0,0.0,0.0,0.0,0.0,0.0,0.0,0.0,0.0,0.0,0.0,0.0,0.0,0.0,0.0,0.0,0.0,0.0,0.0,0.0,0.0,0.0,0.0,0.0,0.0,0.0,0.0,0.0,0.0,0.0,0.0,0.0,0.0,0.0
8800,55,215,0,0.0,0.0,0.0,0.0,0.0,0.0,0.0,0.0,0.0,0.0,0.0,0.0,0.0,0.0,0.0,0.0,0.0,0.0,0.0,0.0,0.0,0.0,0.0,0.0,0.0,0.0,0.0,0.0,0.0,0.0,0.0,0.0,0.0,0.0,0.0
8801,55,216,0,0.0,0.0,0.0,0.0,0.0,0.0,0.0,0.0,0.0,0.0,0.0,0.0,0.0,0.0,0.0,0.0,0.0,0.0,0.0,0.0,0.0,0.0,0.0,0.0,0.0,0.0,0.0,0.0,0.0,0.0,0.0,0.0,0.0,0.0,0.0
8802,55,218,0,0.0,0.0,0.0,0.0,0.0,0.0,0.0,0.0,0.0,0.0,0.0,0.0,0.0,0.0,0.0,0.0,0.0,0.0,0.0,0.0,0.0,0.0,0.0,0.0,0.0,0.0,0.0,0.0,0.0,0.0,0.0,0.0,0.0,0.0,0.0
8803,55,220,0,0.0,0.0,0.0,0.0,0.0,0.0,0.0,0.0,0.0,0.0,0.0,0.0,0.0,0.0,0.0,0.0,0.0,0.0,0.0,0.0,0.0,0.0,0.0,0.0,0.0,0.0,0.0,0.0,0.0,0.0,0.0,0.0,0.0,0.0,0.0
8804,55,225,0,0.0,0.0,0.0,0.0,0.0,0.0,0.0,0.0,0.0,0.0,0.0,0.0,0.0,0.0,0.0,0.0,0.0,0.0,0.0,0.0,0.0,0.0,0.0,0.0,0.0,0.0,0.0,0.0,0.0,0.0,0.0,0.0,0.0,0.0,0.0
8805,55,226,0,0.0,0.0,0.0,0.0,0.0,0.0,0.0,0.0,0.0,0.0,0.0,0.0,0.0,0.0,0.0,0.0,0.0,0.0,0.0,0.0,0.0,0.0,0.0,0.0,0.0,0.0,0.0,0.0,0.0,0.0,0.0,0.0,0.0,0.0,0.0
8806,55,228,0,0.0,0.0,0.0,0.0,0.0,0.0,0.0,0.0,0.0,0.0,0.0,0.0,0.0,0.0,0.0,0.0,0.0,0.0,0.0,0.0,0.0,0.0,0.0,0.0,0.0,0.0,0.0,0.0,0.0,0.0,0.0,0.0,0.0,0.0,0.0
8807,55,230,0,0.0,0.0,0.0,0.0,0.0,0.0,0.0,0.0,0.0,0.0,0.0,0.0,0.0,0.0,0.0,0.0,0.0,0.0,0.0,0.0,0.0,0.0,0.0,0.0,0.0,0.0,0.0,0.0,0.0,0.0,0.0,0.0,0.0,0.0,0.0
8808,55,234,0,0.0,0.0,0.0,0.0,0.0,0.0,0.0,0.0,0.0,0.0,0.0,0.0,0.0,0.0,0.0,0.0,0.0,0.0,0.0,0.0,0.0,0.0,0.0,0.0,0.0,0.0,0.0,0.0,0.0,0.0,0.0,0.0,0.0,0.0,0.0
8809,55,235,0,0.0,0.0,0.0,0.0,0.0,0.0,0.0,0.0,0.0,0.0,0.0,0.0,0.0,0.0,0.0,0.0,0.0,0.0,0.0,0.0,0.0,0.0,0.0,0.0,0.0,0.0,0.0,0.0,0.0,0.0,0.0,0.0,0.0,0.0,0.0
8810,55,236,0,0.0,0.0,0.0,0.0,0.0,0.0,0.0,0.0,0.0,0.0,0.0,0.0,0.0,0.0,0.0,0.0,0.0,0.0,0.0,0.0,0.0,0.0,0.0,0.0,0.0,0.0,0.0,0.0,0.0,0.0,0.0,0.0,0.0,0.0,0.0
8811,55,237,0,0.0,0.0,0.0,0.0,0.0,0.0,0.0,0.0,0.0,0.0,0.0,0.0,0.0,0.0,0.0,0.0,0.0,0.0,0.0,0.0,0.0,0.0,0.0,0.0,0.0,0.0,0.0,0.0,0.0,0.0,0.0,0.0,0.0,0.0,0.0
8812,55,239,0,0.0,0.0,0.0,0.0,0.0,0.0,0.0,0.0,0.0,0.0,0.0,0.0,0.0,0.0,0.0,0.0,0.0,0.0,0.0,0.0,0.0,0.0,0.0,0.0,0.0,0.0,0.0,0.0,0.0,0.0,0.0,0.0,0.0,0.0,0.0
8813,56,1,0,0.0,0.0,0.0,0.0,0.0,0.0,0.0,0.0,0.0,0.0,0.0,0.0,0.0,0.0,0.0,0.0,0.0,0.0,0.0,0.0,0.0,0.0,0.0,0.0,0.0,0.0,0.0,0.0,0.0,0.0,0.0,0.0,0.0,0.0,0.0
8814,56,2,0,0.0,0.0,0.0,0.0,0.0,0.0,0.0,0.0,0.0,0.0,0.0,0.0,0.0,0.0,0.0,0.0,0.0,0.0,0.0,0.0,0.0,0.0,0.0,0.0,0.0,0.0,0.0,0.0,0.0,0.0,0.0,0.0,0.0,0.0,0.0
8815,56,3,0,0.0,0.0,0.0,0.0,0.0,0.0,0.0,0.0,0.0,0.0,0.0,0.0,0.0,0.0,0.0,0.0,0.0,0.0,0.0,0.0,0.0,0.0,0.0,0.0,0.0,0.0,0.0,0.0,0.0,0.0,0.0,0.0,0.0,0.0,0.0
8816,56,4,0,0.0,0.0,0.0,0.0,0.0,0.0,0.0,0.0,0.0,0.0,0.0,0.0,0.0,0.0,0.0,0.0,0.0,0.0,0.0,0.0,0.0,0.0,0.0,0.0,0.0,0.0,0.0,0.0,0.0,0.0,0.0,0.0,0.0,0.0,0.0
8817,56,5,0,0.0,0.0,0.0,0.0,0.0,0.0,0.0,0.0,0.0,0.0,0.0,0.0,0.0,0.0,0.0,0.0,0.0,0.0,0.0,0.0,0.0,0.0,0.0,0.0,0.0,0.0,0.0,0.0,0.0,0.0,0.0,0.0,0.0,0.0,0.0
8818,56,6,0,0.0,0.0,0.0,0.0,0.0,0.0,0.0,0.0,0.0,0.0,0.0,0.0,0.0,0.0,0.0,0.0,0.0,0.0,0.0,0.0,0.0,0.0,0.0,0.0,0.0,0.0,0.0,0.0,0.0,0.0,0.0,0.0,0.0,0.0,0.0
8819,56,7,0,0.0,0.0,0.0,0.0,0.0,0.0,0.0,0.0,0.0,0.0,0.0,0.0,0.0,0.0,0.0,0.0,0.0,0.0,0.0,0.0,0.0,0.0,0.0,0.0,0.0,0.0,0.0,0.0,0.0,0.0,0.0,0.0,0.0,0.0,0.0
8820,56,8,0,0.0,0.0,0.0,0.0,0.0,0.0,0.0,0.0,0.0,0.0,0.0,0.0,0.0,0.0,0.0,0.0,0.0,0.0,0.0,0.0,0.0,0.0,0.0,0.0,0.0,0.0,0.0,0.0,0.0,0.0,0.0,0.0,0.0,0.0,0.0
8821,56,9,0,0.0,0.0,0.0,0.0,0.0,0.0,0.0,0.0,0.0,0.0,0.0,0.0,0.0,0.0,0.0,0.0,0.0,0.0,0.0,0.0,0.0,0.0,0.0,0.0,0.0,0.0,0.0,0.0,0.0,0.0,0.0,0.0,0.0,0.0,0.0
8822,56,10,0,0.0,0.0,0.0,0.0,0.0,0.0,0.0,0.0,0.0,0.0,0.0,0.0,0.0,0.0,0.0,0.0,0.0,0.0,0.0,0.0,0.0,0.0,0.0,0.0,0.0,0.0,0.0,0.0,0.0,0.0,0.0,0.0,0.0,0.0,0.0
8823,56,11,0,0.0,0.0,0.0,0.0,0.0,0.0,0.0,0.0,0.0,0.0,0.0,0.0,0.0,0.0,0.0,0.0,0.0,0.0,0.0,0.0,0.0,0.0,0.0,0.0,0.0,0.0,0.0,0.0,0.0,0.0,0.0,0.0,0.0,0.0,0.0
8824,56,12,0,0.0,0.0,0.0,0.0,0.0,0.0,0.0,0.0,0.0,0.0,0.0,0.0,0.0,0.0,0.0,0.0,0.0,0.0,0.0,0.0,0.0,0.0,0.0,0.0,0.0,0.0,0.0,0.0,0.0,0.0,0.0,0.0,0.0,0.0,0.0
8825,56,13,0,0.0,0.0,0.0,0.0,0.0,0.0,0.0,0.0,0.0,0.0,0.0,0.0,0.0,0.0,0.0,0.0,0.0,0.0,0.0,0.0,0.0,0.0,0.0,0.0,0.0,0.0,0.0,0.0,0.0,0.0,0.0,0.0,0.0,0.0,0.0
8826,56,14,0,0.0,0.0,0.0,0.0,0.0,0.0,0.0,0.0,0.0,0.0,0.0,0.0,0.0,0.0,0.0,0.0,0.0,0.0,0.0,0.0,0.0,0.0,0.0,0.0,0.0,0.0,0.0,0.0,0.0,0.0,0.0,0.0,0.0,0.0,0.0
8827,56,15,0,0.0,0.0,0.0,0.0,0.0,0.0,0.0,0.0,0.0,0.0,0.0,0.0,0.0,0.0,0.0,0.0,0.0,0.0,0.0,0.0,0.0,0.0,0.0,0.0,0.0,0.0,0.0,0.0,0.0,0.0,0.0,0.0,0.0,0.0,0.0
8828,56,16,0,0.0,0.0,0.0,0.0,0.0,0.0,0.0,0.0,0.0,0.0,0.0,0.0,0.0,0.0,0.0,0.0,0.0,0.0,0.0,0.0,0.0,0.0,0.0,0.0,0.0,0.0,0.0,0.0,0.0,0.0,0.0,0.0,0.0,0.0,0.0
8829,56,17,0,0.0,0.0,0.0,0.0,0.0,0.0,0.0,0.0,0.0,0.0,0.0,0.0,0.0,0.0,0.0,0.0,0.0,0.0,0.0,0.0,0.0,0.0,0.0,0.0,0.0,0.0,0.0,0.0,0.0,0.0,0.0,0.0,0.0,0.0,0.0
8830,56,18,0,0.0,0.0,0.0,0.0,0.0,0.0,0.0,0.0,0.0,0.0,0.0,0.0,0.0,0.0,0.0,0.0,0.0,0.0,0.0,0.0,0.0,0.0,0.0,0.0,0.0,0.0,0.0,0.0,0.0,0.0,0.0,0.0,0.0,0.0,0.0
8831,56,19,0,0.0,0.0,0.0,0.0,0.0,0.0,0.0,0.0,0.0,0.0,0.0,0.0,0.0,0.0,0.0,0.0,0.0,0.0,0.0,0.0,0.0,0.0,0.0,0.0,0.0,0.0,0.0,0.0,0.0,0.0,0.0,0.0,0.0,0.0,0.0
8832,56,20,0,0.0,0.0,0.0,0.0,0.0,0.0,0.0,0.0,0.0,0.0,0.0,0.0,0.0,0.0,0.0,0.0,0.0,0.0,0.0,0.0,0.0,0.0,0.0,0.0,0.0,0.0,0.0,0.0,0.0,0.0,0.0,0.0,0.0,0.0,0.0
8833,56,21,0,0.0,0.0,0.0,0.0,0.0,0.0,0.0,0.0,0.0,0.0,0.0,0.0,0.0,0.0,0.0,0.0,0.0,0.0,0.0,0.0,0.0,0.0,0.0,0.0,0.0,0.0,0.0,0.0,0.0,0.0,0.0,0.0,0.0,0.0,0.0
8834,56,22,0,0.0,0.0,0.0,0.0,0.0,0.0,0.0,0.0,0.0,0.0,0.0,0.0,0.0,0.0,0.0,0.0,0.0,0.0,0.0,0.0,0.0,0.0,0.0,0.0,0.0,0.0,0.0,0.0,0.0,0.0,0.0,0.0,0.0,0.0,0.0
8835,56,23,0,0.0,0.0,0.0,0.0,0.0,0.0,0.0,0.0,0.0,0.0,0.0,0.0,0.0,0.0,0.0,0.0,0.0,0.0,0.0,0.0,0.0,0.0,0.0,0.0,0.0,0.0,0.0,0.0,0.0,0.0,0.0,0.0,0.0,0.0,0.0
8836,56,24,0,0.0,0.0,0.0,0.0,0.0,0.0,0.0,0.0,0.0,0.0,0.0,0.0,0.0,0.0,0.0,0.0,0.0,0.0,0.0,0.0,0.0,0.0,0.0,0.0,0.0,0.0,0.0,0.0,0.0,0.0,0.0,0.0,0.0,0.0,0.0
8837,56,25,0,0.0,0.0,0.0,0.0,0.0,0.0,0.0,0.0,0.0,0.0,0.0,0.0,0.0,0.0,0.0,0.0,0.0,0.0,0.0,0.0,0.0,0.0,0.0,0.0,0.0,0.0,0.0,0.0,0.0,0.0,0.0,0.0,0.0,0.0,0.0
8838,56,26,0,0.0,0.0,0.0,0.0,0.0,0.0,0.0,0.0,0.0,0.0,0.0,0.0,0.0,0.0,0.0,0.0,0.0,0.0,0.0,0.0,0.0,0.0,0.0,0.0,0.0,0.0,0.0,0.0,0.0,0.0,0.0,0.0,0.0,0.0,0.0
8839,56,27,0,0.0,0.0,0.0,0.0,0.0,0.0,0.0,0.0,0.0,0.0,0.0,0.0,0.0,0.0,0.0,0.0,0.0,0.0,0.0,0.0,0.0,0.0,0.0,0.0,0.0,0.0,0.0,0.0,0.0,0.0,0.0,0.0,0.0,0.0,0.0
8840,56,28,0,0.0,0.0,0.0,0.0,0.0,0.0,0.0,0.0,0.0,0.0,0.0,0.0,0.0,0.0,0.0,0.0,0.0,0.0,0.0,0.0,0.0,0.0,0.0,0.0,0.0,0.0,0.0,0.0,0.0,0.0,0.0,0.0,0.0,0.0,0.0
8841,56,29,0,0.0,0.0,0.0,0.0,0.0,0.0,0.0,0.0,0.0,0.0,0.0,0.0,0.0,0.0,0.0,0.0,0.0,0.0,0.0,0.0,0.0,0.0,0.0,0.0,0.0,0.0,0.0,0.0,0.0,0.0,0.0,0.0,0.0,0.0,0.0
8842,56,30,0,0.0,0.0,0.0,0.0,0.0,0.0,0.0,0.0,0.0,0.0,0.0,0.0,0.0,0.0,0.0,0.0,0.0,0.0,0.0,0.0,0.0,0.0,0.0,0.0,0.0,0.0,0.0,0.0,0.0,0.0,0.0,0.0,0.0,0.0,0.0
8843,56,31,0,0.0,0.0,0.0,0.0,0.0,0.0,0.0,0.0,0.0,0.0,0.0,0.0,0.0,0.0,0.0,0.0,0.0,0.0,0.0,0.0,0.0,0.0,0.0,0.0,0.0,0.0,0.0,0.0,0.0,0.0,0.0,0.0,0.0,0.0,0.0
8844,56,32,0,0.0,0.0,0.0,0.0,0.0,0.0,0.0,0.0,0.0,0.0,0.0,0.0,0.0,0.0,0.0,0.0,0.0,0.0,0.0,0.0,0.0,0.0,0.0,0.0,0.0,0.0,0.0,0.0,0.0,0.0,0.0,0.0,0.0,0.0,0.0
8845,56,33,0,0.0,0.0,0.0,0.0,0.0,0.0,0.0,0.0,0.0,0.0,0.0,0.0,0.0,0.0,0.0,0.0,0.0,0.0,0.0,0.0,0.0,0.0,0.0,0.0,0.0,0.0,0.0,0.0,0.0,0.0,0.0,0.0,0.0,0.0,0.0
8846,56,34,0,0.0,0.0,0.0,0.0,0.0,0.0,0.0,0.0,0.0,0.0,0.0,0.0,0.0,0.0,0.0,0.0,0.0,0.0,0.0,0.0,0.0,0.0,0.0,0.0,0.0,0.0,0.0,0.0,0.0,0.0,0.0,0.0,0.0,0.0,0.0
8847,56,35,0,0.0,0.0,0.0,0.0,0.0,0.0,0.0,0.0,0.0,0.0,0.0,0.0,0.0,0.0,0.0,0.0,0.0,0.0,0.0,0.0,0.0,0.0,0.0,0.0,0.0,0.0,0.0,0.0,0.0,0.0,0.0,0.0,0.0,0.0,0.0
8848,56,36,0,0.0,0.0,0.0,0.0,0.0,0.0,0.0,0.0,0.0,0.0,0.0,0.0,0.0,0.0,0.0,0.0,0.0,0.0,0.0,0.0,0.0,0.0,0.0,0.0,0.0,0.0,0.0,0.0,0.0,0.0,0.0,0.0,0.0,0.0,0.0
8849,56,37,0,0.0,0.0,0.0,0.0,0.0,0.0,0.0,0.0,0.0,0.0,0.0,0.0,0.0,0.0,0.0,0.0,0.0,0.0,0.0,0.0,0.0,0.0,0.0,0.0,0.0,0.0,0.0,0.0,0.0,0.0,0.0,0.0,0.0,0.0,0.0
8850,56,38,0,0.0,0.0,0.0,0.0,0.0,0.0,0.0,0.0,0.0,0.0,0.0,0.0,0.0,0.0,0.0,0.0,0.0,0.0,0.0,0.0,0.0,0.0,0.0,0.0,0.0,0.0,0.0,0.0,0.0,0.0,0.0,0.0,0.0,0.0,0.0
8851,56,39,0,0.0,0.0,0.0,0.0,0.0,0.0,0.0,0.0,0.0,0.0,0.0,0.0,0.0,0.0,0.0,0.0,0.0,0.0,0.0,0.0,0.0,0.0,0.0,0.0,0.0,0.0,0.0,0.0,0.0,0.0,0.0,0.0,0.0,0.0,0.0
8852,56,40,0,0.0,0.0,0.0,0.0,0.0,0.0,0.0,0.0,0.0,0.0,0.0,0.0,0.0,0.0,0.0,0.0,0.0,0.0,0.0,0.0,0.0,0.0,0.0,0.0,0.0,0.0,0.0,0.0,0.0,0.0,0.0,0.0,0.0,0.0,0.0
8853,56,41,0,0.0,0.0,0.0,0.0,0.0,0.0,0.0,0.0,0.0,0.0,0.0,0.0,0.0,0.0,0.0,0.0,0.0,0.0,0.0,0.0,0.0,0.0,0.0,0.0,0.0,0.0,0.0,0.0,0.0,0.0,0.0,0.0,0.0,0.0,0.0
8854,56,42,0,0.0,0.0,0.0,0.0,0.0,0.0,0.0,0.0,0.0,0.0,0.0,0.0,0.0,0.0,0.0,0.0,0.0,0.0,0.0,0.0,0.0,0.0,0.0,0.0,0.0,0.0,0.0,0.0,0.0,0.0,0.0,0.0,0.0,0.0,0.0
8855,56,43,0,0.0,0.0,0.0,0.0,0.0,0.0,0.0,0.0,0.0,0.0,0.0,0.0,0.0,0.0,0.0,0.0,0.0,0.0,0.0,0.0,0.0,0.0,0.0,0.0,0.0,0.0,0.0,0.0,0.0,0.0,0.0,0.0,0.0,0.0,0.0
8856,56,44,0,0.0,0.0,0.0,0.0,0.0,0.0,0.0,0.0,0.0,0.0,0.0,0.0,0.0,0.0,0.0,0.0,0.0,0.0,0.0,0.0,0.0,0.0,0.0,0.0,0.0,0.0,0.0,0.0,0.0,0.0,0.0,0.0,0.0,0.0,0.0
8857,56,45,0,0.0,0.0,0.0,0.0,0.0,0.0,0.0,0.0,0.0,0.0,0.0,0.0,0.0,0.0,0.0,0.0,0.0,0.0,0.0,0.0,0.0,0.0,0.0,0.0,0.0,0.0,0.0,0.0,0.0,0.0,0.0,0.0,0.0,0.0,0.0
8858,56,46,0,0.0,0.0,0.0,0.0,0.0,0.0,0.0,0.0,0.0,0.0,0.0,0.0,0.0,0.0,0.0,0.0,0.0,0.0,0.0,0.0,0.0,0.0,0.0,0.0,0.0,0.0,0.0,0.0,0.0,0.0,0.0,0.0,0.0,0.0,0.0
8859,56,47,0,0.0,0.0,0.0,0.0,0.0,0.0,0.0,0.0,0.0,0.0,0.0,0.0,0.0,0.0,0.0,0.0,0.0,0.0,0.0,0.0,0.0,0.0,0.0,0.0,0.0,0.0,0.0,0.0,0.0,0.0,0.0,0.0,0.0,0.0,0.0
8860,56,48,0,0.0,0.0,0.0,0.0,0.0,0.0,0.0,0.0,0.0,0.0,0.0,0.0,0.0,0.0,0.0,0.0,0.0,0.0,0.0,0.0,0.0,0.0,0.0,0.0,0.0,0.0,0.0,0.0,0.0,0.0,0.0,0.0,0.0,0.0,0.0
8861,56,49,0,0.0,0.0,0.0,0.0,0.0,0.0,0.0,0.0,0.0,0.0,0.0,0.0,0.0,0.0,0.0,0.0,0.0,0.0,0.0,0.0,0.0,0.0,0.0,0.0,0.0,0.0,0.0,0.0,0.0,0.0,0.0,0.0,0.0,0.0,0.0
8862,56,50,0,0.0,0.0,0.0,0.0,0.0,0.0,0.0,0.0,0.0,0.0,0.0,0.0,0.0,0.0,0.0,0.0,0.0,0.0,0.0,0.0,0.0,0.0,0.0,0.0,0.0,0.0,0.0,0.0,0.0,0.0,0.0,0.0,0.0,0.0,0.0
8863,56,51,0,0.0,0.0,0.0,0.0,0.0,0.0,0.0,0.0,0.0,0.0,0.0,0.0,0.0,0.0,0.0,0.0,0.0,0.0,0.0,0.0,0.0,0.0,0.0,0.0,0.0,0.0,0.0,0.0,0.0,0.0,0.0,0.0,0.0,0.0,0.0
8864,56,52,0,0.0,0.0,0.0,0.0,0.0,0.0,0.0,0.0,0.0,0.0,0.0,0.0,0.0,0.0,0.0,0.0,0.0,0.0,0.0,0.0,0.0,0.0,0.0,0.0,0.0,0.0,0.0,0.0,0.0,0.0,0.0,0.0,0.0,0.0,0.0
8865,56,53,0,0.0,0.0,0.0,0.0,0.0,0.0,0.0,0.0,0.0,0.0,0.0,0.0,0.0,0.0,0.0,0.0,0.0,0.0,0.0,0.0,0.0,0.0,0.0,0.0,0.0,0.0,0.0,0.0,0.0,0.0,0.0,0.0,0.0,0.0,0.0
8866,56,54,0,0.0,0.0,0.0,0.0,0.0,0.0,0.0,0.0,0.0,0.0,0.0,0.0,0.0,0.0,0.0,0.0,0.0,0.0,0.0,0.0,0.0,0.0,0.0,0.0,0.0,0.0,0.0,0.0,0.0,0.0,0.0,0.0,0.0,0.0,0.0
8867,56,55,0,0.0,0.0,0.0,0.0,0.0,0.0,0.0,0.0,0.0,0.0,0.0,0.0,0.0,0.0,0.0,0.0,0.0,0.0,0.0,0.0,0.0,0.0,0.0,0.0,0.0,0.0,0.0,0.0,0.0,0.0,0.0,0.0,0.0,0.0,0.0
8868,56,56,0,0.0,0.0,0.0,0.0,0.0,0.0,0.0,0.0,0.0,0.0,0.0,0.0,0.0,0.0,0.0,0.0,0.0,0.0,0.0,0.0,0.0,0.0,0.0,0.0,0.0,0.0,0.0,0.0,0.0,0.0,0.0,0.0,0.0,0.0,0.0
8869,56,57,0,0.0,0.0,0.0,0.0,0.0,0.0,0.0,0.0,0.0,0.0,0.0,0.0,0.0,0.0,0.0,0.0,0.0,0.0,0.0,0.0,0.0,0.0,0.0,0.0,0.0,0.0,0.0,0.0,0.0,0.0,0.0,0.0,0.0,0.0,0.0
8870,56,58,0,0.0,0.0,0.0,0.0,0.0,0.0,0.0,0.0,0.0,0.0,0.0,0.0,0.0,0.0,0.0,0.0,0.0,0.0,0.0,0.0,0.0,0.0,0.0,0.0,0.0,0.0,0.0,0.0,0.0,0.0,0.0,0.0,0.0,0.0,0.0
8871,56,59,0,0.0,0.0,0.0,0.0,0.0,0.0,0.0,0.0,0.0,0.0,0.0,0.0,0.0,0.0,0.0,0.0,0.0,0.0,0.0,0.0,0.0,0.0,0.0,0.0,0.0,0.0,0.0,0.0,0.0,0.0,0.0,0.0,0.0,0.0,0.0
8872,56,60,0,0.0,0.0,0.0,0.0,0.0,0.0,0.0,0.0,0.0,0.0,0.0,0.0,0.0,0.0,0.0,0.0,0.0,0.0,0.0,0.0,0.0,0.0,0.0,0.0,0.0,0.0,0.0,0.0,0.0,0.0,0.0,0.0,0.0,0.0,0.0
8873,56,61,0,0.0,0.0,0.0,0.0,0.0,0.0,0.0,0.0,0.0,0.0,0.0,0.0,0.0,0.0,0.0,0.0,0.0,0.0,0.0,0.0,0.0,0.0,0.0,0.0,0.0,0.0,0.0,0.0,0.0,0.0,0.0,0.0,0.0,0.0,0.0
8874,56,62,0,0.0,0.0,0.0,0.0,0.0,0.0,0.0,0.0,0.0,0.0,0.0,0.0,0.0,0.0,0.0,0.0,0.0,0.0,0.0,0.0,0.0,0.0,0.0,0.0,0.0,0.0,0.0,0.0,0.0,0.0,0.0,0.0,0.0,0.0,0.0
8875,56,63,0,0.0,0.0,0.0,0.0,0.0,0.0,0.0,0.0,0.0,0.0,0.0,0.0,0.0,0.0,0.0,0.0,0.0,0.0,0.0,0.0,0.0,0.0,0.0,0.0,0.0,0.0,0.0,0.0,0.0,0.0,0.0,0.0,0.0,0.0,0.0
8876,56,64,0,0.0,0.0,0.0,0.0,0.0,0.0,0.0,0.0,0.0,0.0,0.0,0.0,0.0,0.0,0.0,0.0,0.0,0.0,0.0,0.0,0.0,0.0,0.0,0.0,0.0,0.0,0.0,0.0,0.0,0.0,0.0,0.0,0.0,0.0,0.0
8877,56,65,0,0.0,0.0,0.0,0.0,0.0,0.0,0.0,0.0,0.0,0.0,0.0,0.0,0.0,0.0,0.0,0.0,0.0,0.0,0.0,0.0,0.0,0.0,0.0,0.0,0.0,0.0,0.0,0.0,0.0,0.0,0.0,0.0,0.0,0.0,0.0
8878,56,66,0,0.0,0.0,0.0,0.0,0.0,0.0,0.0,0.0,0.0,0.0,0.0,0.0,0.0,0.0,0.0,0.0,0.0,0.0,0.0,0.0,0.0,0.0,0.0,0.0,0.0,0.0,0.0,0.0,0.0,0.0,0.0,0.0,0.0,0.0,0.0
8879,56,67,0,0.0,0.0,0.0,0.0,0.0,0.0,0.0,0.0,0.0,0.0,0.0,0.0,0.0,0.0,0.0,0.0,0.0,0.0,0.0,0.0,0.0,0.0,0.0,0.0,0.0,0.0,0.0,0.0,0.0,0.0,0.0,0.0,0.0,0.0,0.0
8880,56,68,0,0.0,0.0,0.0,0.0,0.0,0.0,0.0,0.0,0.0,0.0,0.0,0.0,0.0,0.0,0.0,0.0,0.0,0.0,0.0,0.0,0.0,0.0,0.0,0.0,0.0,0.0,0.0,0.0,0.0,0.0,0.0,0.0,0.0,0.0,0.0
8881,56,69,0,0.0,0.0,0.0,0.0,0.0,0.0,0.0,0.0,0.0,0.0,0.0,0.0,0.0,0.0,0.0,0.0,0.0,0.0,0.0,0.0,0.0,0.0,0.0,0.0,0.0,0.0,0.0,0.0,0.0,0.0,0.0,0.0,0.0,0.0,0.0
8882,56,70,0,0.0,0.0,0.0,0.0,0.0,0.0,0.0,0.0,0.0,0.0,0.0,0.0,0.0,0.0,0.0,0.0,0.0,0.0,0.0,0.0,0.0,0.0,0.0,0.0,0.0,0.0,0.0,0.0,0.0,0.0,0.0,0.0,0.0,0.0,0.0
8883,56,71,0,0.0,0.0,0.0,0.0,0.0,0.0,0.0,0.0,0.0,0.0,0.0,0.0,0.0,0.0,0.0,0.0,0.0,0.0,0.0,0.0,0.0,0.0,0.0,0.0,0.0,0.0,0.0,0.0,0.0,0.0,0.0,0.0,0.0,0.0,0.0
8884,56,72,0,0.0,0.0,0.0,0.0,0.0,0.0,0.0,0.0,0.0,0.0,0.0,0.0,0.0,0.0,0.0,0.0,0.0,0.0,0.0,0.0,0.0,0.0,0.0,0.0,0.0,0.0,0.0,0.0,0.0,0.0,0.0,0.0,0.0,0.0,0.0
8885,56,73,0,0.0,0.0,0.0,0.0,0.0,0.0,0.0,0.0,0.0,0.0,0.0,0.0,0.0,0.0,0.0,0.0,0.0,0.0,0.0,0.0,0.0,0.0,0.0,0.0,0.0,0.0,0.0,0.0,0.0,0.0,0.0,0.0,0.0,0.0,0.0
8886,56,74,0,0.0,0.0,0.0,0.0,0.0,0.0,0.0,0.0,0.0,0.0,0.0,0.0,0.0,0.0,0.0,0.0,0.0,0.0,0.0,0.0,0.0,0.0,0.0,0.0,0.0,0.0,0.0,0.0,0.0,0.0,0.0,0.0,0.0,0.0,0.0
8887,56,75,0,0.0,0.0,0.0,0.0,0.0,0.0,0.0,0.0,0.0,0.0,0.0,0.0,0.0,0.0,0.0,0.0,0.0,0.0,0.0,0.0,0.0,0.0,0.0,0.0,0.0,0.0,0.0,0.0,0.0,0.0,0.0,0.0,0.0,0.0,0.0
8888,56,76,0,0.0,0.0,0.0,0.0,0.0,0.0,0.0,0.0,0.0,0.0,0.0,0.0,0.0,0.0,0.0,0.0,0.0,0.0,0.0,0.0,0.0,0.0,0.0,0.0,0.0,0.0,0.0,0.0,0.0,0.0,0.0,0.0,0.0,0.0,0.0
8889,56,77,0,0.0,0.0,0.0,0.0,0.0,0.0,0.0,0.0,0.0,0.0,0.0,0.0,0.0,0.0,0.0,0.0,0.0,0.0,0.0,0.0,0.0,0.0,0.0,0.0,0.0,0.0,0.0,0.0,0.0,0.0,0.0,0.0,0.0,0.0,0.0
8890,56,78,0,0.0,0.0,0.0,0.0,0.0,0.0,0.0,0.0,0.0,0.0,0.0,0.0,0.0,0.0,0.0,0.0,0.0,0.0,0.0,0.0,0.0,0.0,0.0,0.0,0.0,0.0,0.0,0.0,0.0,0.0,0.0,0.0,0.0,0.0,0.0
8891,56,79,0,0.0,0.0,0.0,0.0,0.0,0.0,0.0,0.0,0.0,0.0,0.0,0.0,0.0,0.0,0.0,0.0,0.0,0.0,0.0,0.0,0.0,0.0,0.0,0.0,0.0,0.0,0.0,0.0,0.0,0.0,0.0,0.0,0.0,0.0,0.0
8892,56,80,0,0.0,0.0,0.0,0.0,0.0,0.0,0.0,0.0,0.0,0.0,0.0,0.0,0.0,0.0,0.0,0.0,0.0,0.0,0.0,0.0,0.0,0.0,0.0,0.0,0.0,0.0,0.0,0.0,0.0,0.0,0.0,0.0,0.0,0.0,0.0
8893,56,81,0,0.0,0.0,0.0,0.0,0.0,0.0,0.0,0.0,0.0,0.0,0.0,0.0,0.0,0.0,0.0,0.0,0.0,0.0,0.0,0.0,0.0,0.0,0.0,0.0,0.0,0.0,0.0,0.0,0.0,0.0,0.0,0.0,0.0,0.0,0.0
8894,56,82,0,0.0,0.0,0.0,0.0,0.0,0.0,0.0,0.0,0.0,0.0,0.0,0.0,0.0,0.0,0.0,0.0,0.0,0.0,0.0,0.0,0.0,0.0,0.0,0.0,0.0,0.0,0.0,0.0,0.0,0.0,0.0,0.0,0.0,0.0,0.0
8895,56,83,0,0.0,0.0,0.0,0.0,0.0,0.0,0.0,0.0,0.0,0.0,0.0,0.0,0.0,0.0,0.0,0.0,0.0,0.0,0.0,0.0,0.0,0.0,0.0,0.0,0.0,0.0,0.0,0.0,0.0,0.0,0.0,0.0,0.0,0.0,0.0
8896,56,84,0,0.0,0.0,0.0,0.0,0.0,0.0,0.0,0.0,0.0,0.0,0.0,0.0,0.0,0.0,0.0,0.0,0.0,0.0,0.0,0.0,0.0,0.0,0.0,0.0,0.0,0.0,0.0,0.0,0.0,0.0,0.0,0.0,0.0,0.0,0.0
8897,56,85,0,0.0,0.0,0.0,0.0,0.0,0.0,0.0,0.0,0.0,0.0,0.0,0.0,0.0,0.0,0.0,0.0,0.0,0.0,0.0,0.0,0.0,0.0,0.0,0.0,0.0,0.0,0.0,0.0,0.0,0.0,0.0,0.0,0.0,0.0,0.0
8898,56,86,0,0.0,0.0,0.0,0.0,0.0,0.0,0.0,0.0,0.0,0.0,0.0,0.0,0.0,0.0,0.0,0.0,0.0,0.0,0.0,0.0,0.0,0.0,0.0,0.0,0.0,0.0,0.0,0.0,0.0,0.0,0.0,0.0,0.0,0.0,0.0
8899,56,87,0,0.0,0.0,0.0,0.0,0.0,0.0,0.0,0.0,0.0,0.0,0.0,0.0,0.0,0.0,0.0,0.0,0.0,0.0,0.0,0.0,0.0,0.0,0.0,0.0,0.0,0.0,0.0,0.0,0.0,0.0,0.0,0.0,0.0,0.0,0.0
8900,56,88,0,0.0,0.0,0.0,0.0,0.0,0.0,0.0,0.0,0.0,0.0,0.0,0.0,0.0,0.0,0.0,0.0,0.0,0.0,0.0,0.0,0.0,0.0,0.0,0.0,0.0,0.0,0.0,0.0,0.0,0.0,0.0,0.0,0.0,0.0,0.0
8901,56,89,0,0.0,0.0,0.0,0.0,0.0,0.0,0.0,0.0,0.0,0.0,0.0,0.0,0.0,0.0,0.0,0.0,0.0,0.0,0.0,0.0,0.0,0.0,0.0,0.0,0.0,0.0,0.0,0.0,0.0,0.0,0.0,0.0,0.0,0.0,0.0
8902,56,90,0,0.0,0.0,0.0,0.0,0.0,0.0,0.0,0.0,0.0,0.0,0.0,0.0,0.0,0.0,0.0,0.0,0.0,0.0,0.0,0.0,0.0,0.0,0.0,0.0,0.0,0.0,0.0,0.0,0.0,0.0,0.0,0.0,0.0,0.0,0.0
8903,56,91,0,0.0,0.0,0.0,0.0,0.0,0.0,0.0,0.0,0.0,0.0,0.0,0.0,0.0,0.0,0.0,0.0,0.0,0.0,0.0,0.0,0.0,0.0,0.0,0.0,0.0,0.0,0.0,0.0,0.0,0.0,0.0,0.0,0.0,0.0,0.0
8904,56,92,0,0.0,0.0,0.0,0.0,0.0,0.0,0.0,0.0,0.0,0.0,0.0,0.0,0.0,0.0,0.0,0.0,0.0,0.0,0.0,0.0,0.0,0.0,0.0,0.0,0.0,0.0,0.0,0.0,0.0,0.0,0.0,0.0,0.0,0.0,0.0
8905,56,93,0,0.0,0.0,0.0,0.0,0.0,0.0,0.0,0.0,0.0,0.0,0.0,0.0,0.0,0.0,0.0,0.0,0.0,0.0,0.0,0.0,0.0,0.0,0.0,0.0,0.0,0.0,0.0,0.0,0.0,0.0,0.0,0.0,0.0,0.0,0.0
8906,56,94,0,0.0,0.0,0.0,0.0,0.0,0.0,0.0,0.0,0.0,0.0,0.0,0.0,0.0,0.0,0.0,0.0,0.0,0.0,0.0,0.0,0.0,0.0,0.0,0.0,0.0,0.0,0.0,0.0,0.0,0.0,0.0,0.0,0.0,0.0,0.0
8907,56,95,0,0.0,0.0,0.0,0.0,0.0,0.0,0.0,0.0,0.0,0.0,0.0,0.0,0.0,0.0,0.0,0.0,0.0,0.0,0.0,0.0,0.0,0.0,0.0,0.0,0.0,0.0,0.0,0.0,0.0,0.0,0.0,0.0,0.0,0.0,0.0
8908,56,96,0,0.0,0.0,0.0,0.0,0.0,0.0,0.0,0.0,0.0,0.0,0.0,0.0,0.0,0.0,0.0,0.0,0.0,0.0,0.0,0.0,0.0,0.0,0.0,0.0,0.0,0.0,0.0,0.0,0.0,0.0,0.0,0.0,0.0,0.0,0.0
8909,56,97,0,0.0,0.0,0.0,0.0,0.0,0.0,0.0,0.0,0.0,0.0,0.0,0.0,0.0,0.0,0.0,0.0,0.0,0.0,0.0,0.0,0.0,0.0,0.0,0.0,0.0,0.0,0.0,0.0,0.0,0.0,0.0,0.0,0.0,0.0,0.0
8910,56,98,0,0.0,0.0,0.0,0.0,0.0,0.0,0.0,0.0,0.0,0.0,0.0,0.0,0.0,0.0,0.0,0.0,0.0,0.0,0.0,0.0,0.0,0.0,0.0,0.0,0.0,0.0,0.0,0.0,0.0,0.0,0.0,0.0,0.0,0.0,0.0
8911,56,99,0,0.0,0.0,0.0,0.0,0.0,0.0,0.0,0.0,0.0,0.0,0.0,0.0,0.0,0.0,0.0,0.0,0.0,0.0,0.0,0.0,0.0,0.0,0.0,0.0,0.0,0.0,0.0,0.0,0.0,0.0,0.0,0.0,0.0,0.0,0.0
8912,56,100,0,0.0,0.0,0.0,0.0,0.0,0.0,0.0,0.0,0.0,0.0,0.0,0.0,0.0,0.0,0.0,0.0,0.0,0.0,0.0,0.0,0.0,0.0,0.0,0.0,0.0,0.0,0.0,0.0,0.0,0.0,0.0,0.0,0.0,0.0,0.0
8913,56,101,0,0.0,0.0,0.0,0.0,0.0,0.0,0.0,0.0,0.0,0.0,0.0,0.0,0.0,0.0,0.0,0.0,0.0,0.0,0.0,0.0,0.0,0.0,0.0,0.0,0.0,0.0,0.0,0.0,0.0,0.0,0.0,0.0,0.0,0.0,0.0
8914,56,102,0,0.0,0.0,0.0,0.0,0.0,0.0,0.0,0.0,0.0,0.0,0.0,0.0,0.0,0.0,0.0,0.0,0.0,0.0,0.0,0.0,0.0,0.0,0.0,0.0,0.0,0.0,0.0,0.0,0.0,0.0,0.0,0.0,0.0,0.0,0.0
8915,56,103,0,0.0,0.0,0.0,0.0,0.0,0.0,0.0,0.0,0.0,0.0,0.0,0.0,0.0,0.0,0.0,0.0,0.0,0.0,0.0,0.0,0.0,0.0,0.0,0.0,0.0,0.0,0.0,0.0,0.0,0.0,0.0,0.0,0.0,0.0,0.0
8916,56,104,0,0.0,0.0,0.0,0.0,0.0,0.0,0.0,0.0,0.0,0.0,0.0,0.0,0.0,0.0,0.0,0.0,0.0,0.0,0.0,0.0,0.0,0.0,0.0,0.0,0.0,0.0,0.0,0.0,0.0,0.0,0.0,0.0,0.0,0.0,0.0
8917,56,105,0,0.0,0.0,0.0,0.0,0.0,0.0,0.0,0.0,0.0,0.0,0.0,0.0,0.0,0.0,0.0,0.0,0.0,0.0,0.0,0.0,0.0,0.0,0.0,0.0,0.0,0.0,0.0,0.0,0.0,0.0,0.0,0.0,0.0,0.0,0.0
8918,56,106,0,0.0,0.0,0.0,0.0,0.0,0.0,0.0,0.0,0.0,0.0,0.0,0.0,0.0,0.0,0.0,0.0,0.0,0.0,0.0,0.0,0.0,0.0,0.0,0.0,0.0,0.0,0.0,0.0,0.0,0.0,0.0,0.0,0.0,0.0,0.0
8919,56,107,0,0.0,0.0,0.0,0.0,0.0,0.0,0.0,0.0,0.0,0.0,0.0,0.0,0.0,0.0,0.0,0.0,0.0,0.0,0.0,0.0,0.0,0.0,0.0,0.0,0.0,0.0,0.0,0.0,0.0,0.0,0.0,0.0,0.0,0.0,0.0
8920,56,108,0,0.0,0.0,0.0,0.0,0.0,0.0,0.0,0.0,0.0,0.0,0.0,0.0,0.0,0.0,0.0,0.0,0.0,0.0,0.0,0.0,0.0,0.0,0.0,0.0,0.0,0.0,0.0,0.0,0.0,0.0,0.0,0.0,0.0,0.0,0.0
8921,56,109,0,0.0,0.0,0.0,0.0,0.0,0.0,0.0,0.0,0.0,0.0,0.0,0.0,0.0,0.0,0.0,0.0,0.0,0.0,0.0,0.0,0.0,0.0,0.0,0.0,0.0,0.0,0.0,0.0,0.0,0.0,0.0,0.0,0.0,0.0,0.0
8922,56,110,0,0.0,0.0,0.0,0.0,0.0,0.0,0.0,0.0,0.0,0.0,0.0,0.0,0.0,0.0,0.0,0.0,0.0,0.0,0.0,0.0,0.0,0.0,0.0,0.0,0.0,0.0,0.0,0.0,0.0,0.0,0.0,0.0,0.0,0.0,0.0
8923,56,111,0,0.0,0.0,0.0,0.0,0.0,0.0,0.0,0.0,0.0,0.0,0.0,0.0,0.0,0.0,0.0,0.0,0.0,0.0,0.0,0.0,0.0,0.0,0.0,0.0,0.0,0.0,0.0,0.0,0.0,0.0,0.0,0.0,0.0,0.0,0.0
8924,56,112,0,0.0,0.0,0.0,0.0,0.0,0.0,0.0,0.0,0.0,0.0,0.0,0.0,0.0,0.0,0.0,0.0,0.0,0.0,0.0,0.0,0.0,0.0,0.0,0.0,0.0,0.0,0.0,0.0,0.0,0.0,0.0,0.0,0.0,0.0,0.0
8925,56,113,0,0.0,0.0,0.0,0.0,0.0,0.0,0.0,0.0,0.0,0.0,0.0,0.0,0.0,0.0,0.0,0.0,0.0,0.0,0.0,0.0,0.0,0.0,0.0,0.0,0.0,0.0,0.0,0.0,0.0,0.0,0.0,0.0,0.0,0.0,0.0
8926,56,114,0,0.0,0.0,0.0,0.0,0.0,0.0,0.0,0.0,0.0,0.0,0.0,0.0,0.0,0.0,0.0,0.0,0.0,0.0,0.0,0.0,0.0,0.0,0.0,0.0,0.0,0.0,0.0,0.0,0.0,0.0,0.0,0.0,0.0,0.0,0.0
8927,56,115,0,0.0,0.0,0.0,0.0,0.0,0.0,0.0,0.0,0.0,0.0,0.0,0.0,0.0,0.0,0.0,0.0,0.0,0.0,0.0,0.0,0.0,0.0,0.0,0.0,0.0,0.0,0.0,0.0,0.0,0.0,0.0,0.0,0.0,0.0,0.0
8928,56,116,0,0.0,0.0,0.0,0.0,0.0,0.0,0.0,0.0,0.0,0.0,0.0,0.0,0.0,0.0,0.0,0.0,0.0,0.0,0.0,0.0,0.0,0.0,0.0,0.0,0.0,0.0,0.0,0.0,0.0,0.0,0.0,0.0,0.0,0.0,0.0
8929,56,117,0,0.0,0.0,0.0,0.0,0.0,0.0,0.0,0.0,0.0,0.0,0.0,0.0,0.0,0.0,0.0,0.0,0.0,0.0,0.0,0.0,0.0,0.0,0.0,0.0,0.0,0.0,0.0,0.0,0.0,0.0,0.0,0.0,0.0,0.0,0.0
8930,56,118,0,0.0,0.0,0.0,0.0,0.0,0.0,0.0,0.0,0.0,0.0,0.0,0.0,0.0,0.0,0.0,0.0,0.0,0.0,0.0,0.0,0.0,0.0,0.0,0.0,0.0,0.0,0.0,0.0,0.0,0.0,0.0,0.0,0.0,0.0,0.0
8931,56,119,0,0.0,0.0,0.0,0.0,0.0,0.0,0.0,0.0,0.0,0.0,0.0,0.0,0.0,0.0,0.0,0.0,0.0,0.0,0.0,0.0,0.0,0.0,0.0,0.0,0.0,0.0,0.0,0.0,0.0,0.0,0.0,0.0,0.0,0.0,0.0
8932,56,120,0,0.0,0.0,0.0,0.0,0.0,0.0,0.0,0.0,0.0,0.0,0.0,0.0,0.0,0.0,0.0,0.0,0.0,0.0,0.0,0.0,0.0,0.0,0.0,0.0,0.0,0.0,0.0,0.0,0.0,0.0,0.0,0.0,0.0,0.0,0.0
8933,56,121,0,0.0,0.0,0.0,0.0,0.0,0.0,0.0,0.0,0.0,0.0,0.0,0.0,0.0,0.0,0.0,0.0,0.0,0.0,0.0,0.0,0.0,0.0,0.0,0.0,0.0,0.0,0.0,0.0,0.0,0.0,0.0,0.0,0.0,0.0,0.0
8934,56,122,0,0.0,0.0,0.0,0.0,0.0,0.0,0.0,0.0,0.0,0.0,0.0,0.0,0.0,0.0,0.0,0.0,0.0,0.0,0.0,0.0,0.0,0.0,0.0,0.0,0.0,0.0,0.0,0.0,0.0,0.0,0.0,0.0,0.0,0.0,0.0
8935,56,123,0,0.0,0.0,0.0,0.0,0.0,0.0,0.0,0.0,0.0,0.0,0.0,0.0,0.0,0.0,0.0,0.0,0.0,0.0,0.0,0.0,0.0,0.0,0.0,0.0,0.0,0.0,0.0,0.0,0.0,0.0,0.0,0.0,0.0,0.0,0.0
8936,56,124,0,0.0,0.0,0.0,0.0,0.0,0.0,0.0,0.0,0.0,0.0,0.0,0.0,0.0,0.0,0.0,0.0,0.0,0.0,0.0,0.0,0.0,0.0,0.0,0.0,0.0,0.0,0.0,0.0,0.0,0.0,0.0,0.0,0.0,0.0,0.0
8937,56,125,0,0.0,0.0,0.0,0.0,0.0,0.0,0.0,0.0,0.0,0.0,0.0,0.0,0.0,0.0,0.0,0.0,0.0,0.0,0.0,0.0,0.0,0.0,0.0,0.0,0.0,0.0,0.0,0.0,0.0,0.0,0.0,0.0,0.0,0.0,0.0
8938,56,126,0,0.0,0.0,0.0,0.0,0.0,0.0,0.0,0.0,0.0,0.0,0.0,0.0,0.0,0.0,0.0,0.0,0.0,0.0,0.0,0.0,0.0,0.0,0.0,0.0,0.0,0.0,0.0,0.0,0.0,0.0,0.0,0.0,0.0,0.0,0.0
8939,56,127,0,0.0,0.0,0.0,0.0,0.0,0.0,0.0,0.0,0.0,0.0,0.0,0.0,0.0,0.0,0.0,0.0,0.0,0.0,0.0,0.0,0.0,0.0,0.0,0.0,0.0,0.0,0.0,0.0,0.0,0.0,0.0,0.0,0.0,0.0,0.0
8940,56,128,0,0.0,0.0,0.0,0.0,0.0,0.0,0.0,0.0,0.0,0.0,0.0,0.0,0.0,0.0,0.0,0.0,0.0,0.0,0.0,0.0,0.0,0.0,0.0,0.0,0.0,0.0,0.0,0.0,0.0,0.0,0.0,0.0,0.0,0.0,0.0
8941,56,129,0,0.0,0.0,0.0,0.0,0.0,0.0,0.0,0.0,0.0,0.0,0.0,0.0,0.0,0.0,0.0,0.0,0.0,0.0,0.0,0.0,0.0,0.0,0.0,0.0,0.0,0.0,0.0,0.0,0.0,0.0,0.0,0.0,0.0,0.0,0.0
8942,56,130,0,0.0,0.0,0.0,0.0,0.0,0.0,0.0,0.0,0.0,0.0,0.0,0.0,0.0,0.0,0.0,0.0,0.0,0.0,0.0,0.0,0.0,0.0,0.0,0.0,0.0,0.0,0.0,0.0,0.0,0.0,0.0,0.0,0.0,0.0,0.0
8943,56,131,0,0.0,0.0,0.0,0.0,0.0,0.0,0.0,0.0,0.0,0.0,0.0,0.0,0.0,0.0,0.0,0.0,0.0,0.0,0.0,0.0,0.0,0.0,0.0,0.0,0.0,0.0,0.0,0.0,0.0,0.0,0.0,0.0,0.0,0.0,0.0
8944,56,132,0,0.0,0.0,0.0,0.0,0.0,0.0,0.0,0.0,0.0,0.0,0.0,0.0,0.0,0.0,0.0,0.0,0.0,0.0,0.0,0.0,0.0,0.0,0.0,0.0,0.0,0.0,0.0,0.0,0.0,0.0,0.0,0.0,0.0,0.0,0.0
8945,56,133,0,0.0,0.0,0.0,0.0,0.0,0.0,0.0,0.0,0.0,0.0,0.0,0.0,0.0,0.0,0.0,0.0,0.0,0.0,0.0,0.0,0.0,0.0,0.0,0.0,0.0,0.0,0.0,0.0,0.0,0.0,0.0,0.0,0.0,0.0,0.0
8946,56,134,0,0.0,0.0,0.0,0.0,0.0,0.0,0.0,0.0,0.0,0.0,0.0,0.0,0.0,0.0,0.0,0.0,0.0,0.0,0.0,0.0,0.0,0.0,0.0,0.0,0.0,0.0,0.0,0.0,0.0,0.0,0.0,0.0,0.0,0.0,0.0
8947,56,135,0,0.0,0.0,0.0,0.0,0.0,0.0,0.0,0.0,0.0,0.0,0.0,0.0,0.0,0.0,0.0,0.0,0.0,0.0,0.0,0.0,0.0,0.0,0.0,0.0,0.0,0.0,0.0,0.0,0.0,0.0,0.0,0.0,0.0,0.0,0.0
8948,56,136,0,0.0,0.0,0.0,0.0,0.0,0.0,0.0,0.0,0.0,0.0,0.0,0.0,0.0,0.0,0.0,0.0,0.0,0.0,0.0,0.0,0.0,0.0,0.0,0.0,0.0,0.0,0.0,0.0,0.0,0.0,0.0,0.0,0.0,0.0,0.0
8949,56,137,0,0.0,0.0,0.0,0.0,0.0,0.0,0.0,0.0,0.0,0.0,0.0,0.0,0.0,0.0,0.0,0.0,0.0,0.0,0.0,0.0,0.0,0.0,0.0,0.0,0.0,0.0,0.0,0.0,0.0,0.0,0.0,0.0,0.0,0.0,0.0
8950,56,138,0,0.0,0.0,0.0,0.0,0.0,0.0,0.0,0.0,0.0,0.0,0.0,0.0,0.0,0.0,0.0,0.0,0.0,0.0,0.0,0.0,0.0,0.0,0.0,0.0,0.0,0.0,0.0,0.0,0.0,0.0,0.0,0.0,0.0,0.0,0.0
8951,56,139,0,0.0,0.0,0.0,0.0,0.0,0.0,0.0,0.0,0.0,0.0,0.0,0.0,0.0,0.0,0.0,0.0,0.0,0.0,0.0,0.0,0.0,0.0,0.0,0.0,0.0,0.0,0.0,0.0,0.0,0.0,0.0,0.0,0.0,0.0,0.0
8952,56,140,0,0.0,0.0,0.0,0.0,0.0,0.0,0.0,0.0,0.0,0.0,0.0,0.0,0.0,0.0,0.0,0.0,0.0,0.0,0.0,0.0,0.0,0.0,0.0,0.0,0.0,0.0,0.0,0.0,0.0,0.0,0.0,0.0,0.0,0.0,0.0
8953,56,141,0,0.0,0.0,0.0,0.0,0.0,0.0,0.0,0.0,0.0,0.0,0.0,0.0,0.0,0.0,0.0,0.0,0.0,0.0,0.0,0.0,0.0,0.0,0.0,0.0,0.0,0.0,0.0,0.0,0.0,0.0,0.0,0.0,0.0,0.0,0.0
8954,56,142,0,0.0,0.0,0.0,0.0,0.0,0.0,0.0,0.0,0.0,0.0,0.0,0.0,0.0,0.0,0.0,0.0,0.0,0.0,0.0,0.0,0.0,0.0,0.0,0.0,0.0,0.0,0.0,0.0,0.0,0.0,0.0,0.0,0.0,0.0,0.0
8955,56,143,0,0.0,0.0,0.0,0.0,0.0,0.0,0.0,0.0,0.0,0.0,0.0,0.0,0.0,0.0,0.0,0.0,0.0,0.0,0.0,0.0,0.0,0.0,0.0,0.0,0.0,0.0,0.0,0.0,0.0,0.0,0.0,0.0,0.0,0.0,0.0
8956,56,144,0,0.0,0.0,0.0,0.0,0.0,0.0,0.0,0.0,0.0,0.0,0.0,0.0,0.0,0.0,0.0,0.0,0.0,0.0,0.0,0.0,0.0,0.0,0.0,0.0,0.0,0.0,0.0,0.0,0.0,0.0,0.0,0.0,0.0,0.0,0.0
8957,56,145,0,0.0,0.0,0.0,0.0,0.0,0.0,0.0,0.0,0.0,0.0,0.0,0.0,0.0,0.0,0.0,0.0,0.0,0.0,0.0,0.0,0.0,0.0,0.0,0.0,0.0,0.0,0.0,0.0,0.0,0.0,0.0,0.0,0.0,0.0,0.0
8958,56,146,0,0.0,0.0,0.0,0.0,0.0,0.0,0.0,0.0,0.0,0.0,0.0,0.0,0.0,0.0,0.0,0.0,0.0,0.0,0.0,0.0,0.0,0.0,0.0,0.0,0.0,0.0,0.0,0.0,0.0,0.0,0.0,0.0,0.0,0.0,0.0
8959,56,147,0,0.0,0.0,0.0,0.0,0.0,0.0,0.0,0.0,0.0,0.0,0.0,0.0,0.0,0.0,0.0,0.0,0.0,0.0,0.0,0.0,0.0,0.0,0.0,0.0,0.0,0.0,0.0,0.0,0.0,0.0,0.0,0.0,0.0,0.0,0.0
8960,56,148,0,0.0,0.0,0.0,0.0,0.0,0.0,0.0,0.0,0.0,0.0,0.0,0.0,0.0,0.0,0.0,0.0,0.0,0.0,0.0,0.0,0.0,0.0,0.0,0.0,0.0,0.0,0.0,0.0,0.0,0.0,0.0,0.0,0.0,0.0,0.0
8961,56,149,0,0.0,0.0,0.0,0.0,0.0,0.0,0.0,0.0,0.0,0.0,0.0,0.0,0.0,0.0,0.0,0.0,0.0,0.0,0.0,0.0,0.0,0.0,0.0,0.0,0.0,0.0,0.0,0.0,0.0,0.0,0.0,0.0,0.0,0.0,0.0
8962,56,150,0,0.0,0.0,0.0,0.0,0.0,0.0,0.0,0.0,0.0,0.0,0.0,0.0,0.0,0.0,0.0,0.0,0.0,0.0,0.0,0.0,0.0,0.0,0.0,0.0,0.0,0.0,0.0,0.0,0.0,0.0,0.0,0.0,0.0,0.0,0.0
8963,56,151,0,0.0,0.0,0.0,0.0,0.0,0.0,0.0,0.0,0.0,0.0,0.0,0.0,0.0,0.0,0.0,0.0,0.0,0.0,0.0,0.0,0.0,0.0,0.0,0.0,0.0,0.0,0.0,0.0,0.0,0.0,0.0,0.0,0.0,0.0,0.0
8964,56,152,0,0.0,0.0,0.0,0.0,0.0,0.0,0.0,0.0,0.0,0.0,0.0,0.0,0.0,0.0,0.0,0.0,0.0,0.0,0.0,0.0,0.0,0.0,0.0,0.0,0.0,0.0,0.0,0.0,0.0,0.0,0.0,0.0,0.0,0.0,0.0
8965,56,153,0,0.0,0.0,0.0,0.0,0.0,0.0,0.0,0.0,0.0,0.0,0.0,0.0,0.0,0.0,0.0,0.0,0.0,0.0,0.0,0.0,0.0,0.0,0.0,0.0,0.0,0.0,0.0,0.0,0.0,0.0,0.0,0.0,0.0,0.0,0.0
8966,56,154,0,0.0,0.0,0.0,0.0,0.0,0.0,0.0,0.0,0.0,0.0,0.0,0.0,0.0,0.0,0.0,0.0,0.0,0.0,0.0,0.0,0.0,0.0,0.0,0.0,0.0,0.0,0.0,0.0,0.0,0.0,0.0,0.0,0.0,0.0,0.0
8967,56,155,0,0.0,0.0,0.0,0.0,0.0,0.0,0.0,0.0,0.0,0.0,0.0,0.0,0.0,0.0,0.0,0.0,0.0,0.0,0.0,0.0,0.0,0.0,0.0,0.0,0.0,0.0,0.0,0.0,0.0,0.0,0.0,0.0,0.0,0.0,0.0
8968,56,156,0,0.0,0.0,0.0,0.0,0.0,0.0,0.0,0.0,0.0,0.0,0.0,0.0,0.0,0.0,0.0,0.0,0.0,0.0,0.0,0.0,0.0,0.0,0.0,0.0,0.0,0.0,0.0,0.0,0.0,0.0,0.0,0.0,0.0,0.0,0.0
8969,56,157,0,0.0,0.0,0.0,0.0,0.0,0.0,0.0,0.0,0.0,0.0,0.0,0.0,0.0,0.0,0.0,0.0,0.0,0.0,0.0,0.0,0.0,0.0,0.0,0.0,0.0,0.0,0.0,0.0,0.0,0.0,0.0,0.0,0.0,0.0,0.0
8970,56,158,0,0.0,0.0,0.0,0.0,0.0,0.0,0.0,0.0,0.0,0.0,0.0,0.0,0.0,0.0,0.0,0.0,0.0,0.0,0.0,0.0,0.0,0.0,0.0,0.0,0.0,0.0,0.0,0.0,0.0,0.0,0.0,0.0,0.0,0.0,0.0
8971,56,159,0,0.0,0.0,0.0,0.0,0.0,0.0,0.0,0.0,0.0,0.0,0.0,0.0,0.0,0.0,0.0,0.0,0.0,0.0,0.0,0.0,0.0,0.0,0.0,0.0,0.0,0.0,0.0,0.0,0.0,0.0,0.0,0.0,0.0,0.0,0.0
8972,56,160,0,0.0,0.0,0.0,0.0,0.0,0.0,0.0,0.0,0.0,0.0,0.0,0.0,0.0,0.0,0.0,0.0,0.0,0.0,0.0,0.0,0.0,0.0,0.0,0.0,0.0,0.0,0.0,0.0,0.0,0.0,0.0,0.0,0.0,0.0,0.0
8973,56,161,0,0.0,0.0,0.0,0.0,0.0,0.0,0.0,0.0,0.0,0.0,0.0,0.0,0.0,0.0,0.0,0.0,0.0,0.0,0.0,0.0,0.0,0.0,0.0,0.0,0.0,0.0,0.0,0.0,0.0,0.0,0.0,0.0,0.0,0.0,0.0
8974,56,162,0,0.0,0.0,0.0,0.0,0.0,0.0,0.0,0.0,0.0,0.0,0.0,0.0,0.0,0.0,0.0,0.0,0.0,0.0,0.0,0.0,0.0,0.0,0.0,0.0,0.0,0.0,0.0,0.0,0.0,0.0,0.0,0.0,0.0,0.0,0.0
8975,56,163,0,0.0,0.0,0.0,0.0,0.0,0.0,0.0,0.0,0.0,0.0,0.0,0.0,0.0,0.0,0.0,0.0,0.0,0.0,0.0,0.0,0.0,0.0,0.0,0.0,0.0,0.0,0.0,0.0,0.0,0.0,0.0,0.0,0.0,0.0,0.0
8976,56,164,0,0.0,0.0,0.0,0.0,0.0,0.0,0.0,0.0,0.0,0.0,0.0,0.0,0.0,0.0,0.0,0.0,0.0,0.0,0.0,0.0,0.0,0.0,0.0,0.0,0.0,0.0,0.0,0.0,0.0,0.0,0.0,0.0,0.0,0.0,0.0
8977,56,165,0,0.0,0.0,0.0,0.0,0.0,0.0,0.0,0.0,0.0,0.0,0.0,0.0,0.0,0.0,0.0,0.0,0.0,0.0,0.0,0.0,0.0,0.0,0.0,0.0,0.0,0.0,0.0,0.0,0.0,0.0,0.0,0.0,0.0,0.0,0.0
8978,56,166,0,0.0,0.0,0.0,0.0,0.0,0.0,0.0,0.0,0.0,0.0,0.0,0.0,0.0,0.0,0.0,0.0,0.0,0.0,0.0,0.0,0.0,0.0,0.0,0.0,0.0,0.0,0.0,0.0,0.0,0.0,0.0,0.0,0.0,0.0,0.0
8979,56,167,0,0.0,0.0,0.0,0.0,0.0,0.0,0.0,0.0,0.0,0.0,0.0,0.0,0.0,0.0,0.0,0.0,0.0,0.0,0.0,0.0,0.0,0.0,0.0,0.0,0.0,0.0,0.0,0.0,0.0,0.0,0.0,0.0,0.0,0.0,0.0
8980,56,168,0,0.0,0.0,0.0,0.0,0.0,0.0,0.0,0.0,0.0,0.0,0.0,0.0,0.0,0.0,0.0,0.0,0.0,0.0,0.0,0.0,0.0,0.0,0.0,0.0,0.0,0.0,0.0,0.0,0.0,0.0,0.0,0.0,0.0,0.0,0.0
8981,56,169,0,0.0,0.0,0.0,0.0,0.0,0.0,0.0,0.0,0.0,0.0,0.0,0.0,0.0,0.0,0.0,0.0,0.0,0.0,0.0,0.0,0.0,0.0,0.0,0.0,0.0,0.0,0.0,0.0,0.0,0.0,0.0,0.0,0.0,0.0,0.0
8982,56,170,0,0.0,0.0,0.0,0.0,0.0,0.0,0.0,0.0,0.0,0.0,0.0,0.0,0.0,0.0,0.0,0.0,0.0,0.0,0.0,0.0,0.0,0.0,0.0,0.0,0.0,0.0,0.0,0.0,0.0,0.0,0.0,0.0,0.0,0.0,0.0
8983,56,171,0,0.0,0.0,0.0,0.0,0.0,0.0,0.0,0.0,0.0,0.0,0.0,0.0,0.0,0.0,0.0,0.0,0.0,0.0,0.0,0.0,0.0,0.0,0.0,0.0,0.0,0.0,0.0,0.0,0.0,0.0,0.0,0.0,0.0,0.0,0.0
8984,56,172,0,0.0,0.0,0.0,0.0,0.0,0.0,0.0,0.0,0.0,0.0,0.0,0.0,0.0,0.0,0.0,0.0,0.0,0.0,0.0,0.0,0.0,0.0,0.0,0.0,0.0,0.0,0.0,0.0,0.0,0.0,0.0,0.0,0.0,0.0,0.0
8985,56,173,0,0.0,0.0,0.0,0.0,0.0,0.0,0.0,0.0,0.0,0.0,0.0,0.0,0.0,0.0,0.0,0.0,0.0,0.0,0.0,0.0,0.0,0.0,0.0,0.0,0.0,0.0,0.0,0.0,0.0,0.0,0.0,0.0,0.0,0.0,0.0
8986,56,174,0,0.0,0.0,0.0,0.0,0.0,0.0,0.0,0.0,0.0,0.0,0.0,0.0,0.0,0.0,0.0,0.0,0.0,0.0,0.0,0.0,0.0,0.0,0.0,0.0,0.0,0.0,0.0,0.0,0.0,0.0,0.0,0.0,0.0,0.0,0.0
8987,56,175,0,0.0,0.0,0.0,0.0,0.0,0.0,0.0,0.0,0.0,0.0,0.0,0.0,0.0,0.0,0.0,0.0,0.0,0.0,0.0,0.0,0.0,0.0,0.0,0.0,0.0,0.0,0.0,0.0,0.0,0.0,0.0,0.0,0.0,0.0,0.0
8988,56,176,0,0.0,0.0,0.0,0.0,0.0,0.0,0.0,0.0,0.0,0.0,0.0,0.0,0.0,0.0,0.0,0.0,0.0,0.0,0.0,0.0,0.0,0.0,0.0,0.0,0.0,0.0,0.0,0.0,0.0,0.0,0.0,0.0,0.0,0.0,0.0
8989,56,177,0,0.0,0.0,0.0,0.0,0.0,0.0,0.0,0.0,0.0,0.0,0.0,0.0,0.0,0.0,0.0,0.0,0.0,0.0,0.0,0.0,0.0,0.0,0.0,0.0,0.0,0.0,0.0,0.0,0.0,0.0,0.0,0.0,0.0,0.0,0.0
8990,56,178,0,0.0,0.0,0.0,0.0,0.0,0.0,0.0,0.0,0.0,0.0,0.0,0.0,0.0,0.0,0.0,0.0,0.0,0.0,0.0,0.0,0.0,0.0,0.0,0.0,0.0,0.0,0.0,0.0,0.0,0.0,0.0,0.0,0.0,0.0,0.0
8991,56,179,0,0.0,0.0,0.0,0.0,0.0,0.0,0.0,0.0,0.0,0.0,0.0,0.0,0.0,0.0,0.0,0.0,0.0,0.0,0.0,0.0,0.0,0.0,0.0,0.0,0.0,0.0,0.0,0.0,0.0,0.0,0.0,0.0,0.0,0.0,0.0
8992,56,180,0,0.0,0.0,0.0,0.0,0.0,0.0,0.0,0.0,0.0,0.0,0.0,0.0,0.0,0.0,0.0,0.0,0.0,0.0,0.0,0.0,0.0,0.0,0.0,0.0,0.0,0.0,0.0,0.0,0.0,0.0,0.0,0.0,0.0,0.0,0.0
8993,56,181,0,0.0,0.0,0.0,0.0,0.0,0.0,0.0,0.0,0.0,0.0,0.0,0.0,0.0,0.0,0.0,0.0,0.0,0.0,0.0,0.0,0.0,0.0,0.0,0.0,0.0,0.0,0.0,0.0,0.0,0.0,0.0,0.0,0.0,0.0,0.0
8994,56,182,0,0.0,0.0,0.0,0.0,0.0,0.0,0.0,0.0,0.0,0.0,0.0,0.0,0.0,0.0,0.0,0.0,0.0,0.0,0.0,0.0,0.0,0.0,0.0,0.0,0.0,0.0,0.0,0.0,0.0,0.0,0.0,0.0,0.0,0.0,0.0
8995,56,183,0,0.0,0.0,0.0,0.0,0.0,0.0,0.0,0.0,0.0,0.0,0.0,0.0,0.0,0.0,0.0,0.0,0.0,0.0,0.0,0.0,0.0,0.0,0.0,0.0,0.0,0.0,0.0,0.0,0.0,0.0,0.0,0.0,0.0,0.0,0.0
8996,56,184,0,0.0,0.0,0.0,0.0,0.0,0.0,0.0,0.0,0.0,0.0,0.0,0.0,0.0,0.0,0.0,0.0,0.0,0.0,0.0,0.0,0.0,0.0,0.0,0.0,0.0,0.0,0.0,0.0,0.0,0.0,0.0,0.0,0.0,0.0,0.0
8997,56,185,0,0.0,0.0,0.0,0.0,0.0,0.0,0.0,0.0,0.0,0.0,0.0,0.0,0.0,0.0,0.0,0.0,0.0,0.0,0.0,0.0,0.0,0.0,0.0,0.0,0.0,0.0,0.0,0.0,0.0,0.0,0.0,0.0,0.0,0.0,0.0
8998,56,186,0,0.0,0.0,0.0,0.0,0.0,0.0,0.0,0.0,0.0,0.0,0.0,0.0,0.0,0.0,0.0,0.0,0.0,0.0,0.0,0.0,0.0,0.0,0.0,0.0,0.0,0.0,0.0,0.0,0.0,0.0,0.0,0.0,0.0,0.0,0.0
8999,56,187,0,0.0,0.0,0.0,0.0,0.0,0.0,0.0,0.0,0.0,0.0,0.0,0.0,0.0,0.0,0.0,0.0,0.0,0.0,0.0,0.0,0.0,0.0,0.0,0.0,0.0,0.0,0.0,0.0,0.0,0.0,0.0,0.0,0.0,0.0,0.0
9000,56,188,0,0.0,0.0,0.0,0.0,0.0,0.0,0.0,0.0,0.0,0.0,0.0,0.0,0.0,0.0,0.0,0.0,0.0,0.0,0.0,0.0,0.0,0.0,0.0,0.0,0.0,0.0,0.0,0.0,0.0,0.0,0.0,0.0,0.0,0.0,0.0
9001,56,189,0,0.0,0.0,0.0,0.0,0.0,0.0,0.0,0.0,0.0,0.0,0.0,0.0,0.0,0.0,0.0,0.0,0.0,0.0,0.0,0.0,0.0,0.0,0.0,0.0,0.0,0.0,0.0,0.0,0.0,0.0,0.0,0.0,0.0,0.0,0.0
9002,56,190,0,0.0,0.0,0.0,0.0,0.0,0.0,0.0,0.0,0.0,0.0,0.0,0.0,0.0,0.0,0.0,0.0,0.0,0.0,0.0,0.0,0.0,0.0,0.0,0.0,0.0,0.0,0.0,0.0,0.0,0.0,0.0,0.0,0.0,0.0,0.0
9003,56,191,0,0.0,0.0,0.0,0.0,0.0,0.0,0.0,0.0,0.0,0.0,0.0,0.0,0.0,0.0,0.0,0.0,0.0,0.0,0.0,0.0,0.0,0.0,0.0,0.0,0.0,0.0,0.0,0.0,0.0,0.0,0.0,0.0,0.0,0.0,0.0
9004,56,192,0,0.0,0.0,0.0,0.0,0.0,0.0,0.0,0.0,0.0,0.0,0.0,0.0,0.0,0.0,0.0,0.0,0.0,0.0,0.0,0.0,0.0,0.0,0.0,0.0,0.0,0.0,0.0,0.0,0.0,0.0,0.0,0.0,0.0,0.0,0.0
9005,56,193,0,0.0,0.0,0.0,0.0,0.0,0.0,0.0,0.0,0.0,0.0,0.0,0.0,0.0,0.0,0.0,0.0,0.0,0.0,0.0,0.0,0.0,0.0,0.0,0.0,0.0,0.0,0.0,0.0,0.0,0.0,0.0,0.0,0.0,0.0,0.0
9006,56,194,0,0.0,0.0,0.0,0.0,0.0,0.0,0.0,0.0,0.0,0.0,0.0,0.0,0.0,0.0,0.0,0.0,0.0,0.0,0.0,0.0,0.0,0.0,0.0,0.0,0.0,0.0,0.0,0.0,0.0,0.0,0.0,0.0,0.0,0.0,0.0
9007,56,195,0,0.0,0.0,0.0,0.0,0.0,0.0,0.0,0.0,0.0,0.0,0.0,0.0,0.0,0.0,0.0,0.0,0.0,0.0,0.0,0.0,0.0,0.0,0.0,0.0,0.0,0.0,0.0,0.0,0.0,0.0,0.0,0.0,0.0,0.0,0.0
9008,56,196,0,0.0,0.0,0.0,0.0,0.0,0.0,0.0,0.0,0.0,0.0,0.0,0.0,0.0,0.0,0.0,0.0,0.0,0.0,0.0,0.0,0.0,0.0,0.0,0.0,0.0,0.0,0.0,0.0,0.0,0.0,0.0,0.0,0.0,0.0,0.0
9009,56,197,0,0.0,0.0,0.0,0.0,0.0,0.0,0.0,0.0,0.0,0.0,0.0,0.0,0.0,0.0,0.0,0.0,0.0,0.0,0.0,0.0,0.0,0.0,0.0,0.0,0.0,0.0,0.0,0.0,0.0,0.0,0.0,0.0,0.0,0.0,0.0
9010,56,198,0,0.0,0.0,0.0,0.0,0.0,0.0,0.0,0.0,0.0,0.0,0.0,0.0,0.0,0.0,0.0,0.0,0.0,0.0,0.0,0.0,0.0,0.0,0.0,0.0,0.0,0.0,0.0,0.0,0.0,0.0,0.0,0.0,0.0,0.0,0.0
9011,56,199,0,0.0,0.0,0.0,0.0,0.0,0.0,0.0,0.0,0.0,0.0,0.0,0.0,0.0,0.0,0.0,0.0,0.0,0.0,0.0,0.0,0.0,0.0,0.0,0.0,0.0,0.0,0.0,0.0,0.0,0.0,0.0,0.0,0.0,0.0,0.0
9012,56,200,0,0.0,0.0,0.0,0.0,0.0,0.0,0.0,0.0,0.0,0.0,0.0,0.0,0.0,0.0,0.0,0.0,0.0,0.0,0.0,0.0,0.0,0.0,0.0,0.0,0.0,0.0,0.0,0.0,0.0,0.0,0.0,0.0,0.0,0.0,0.0
9013,56,201,0,0.0,0.0,0.0,0.0,0.0,0.0,0.0,0.0,0.0,0.0,0.0,0.0,0.0,0.0,0.0,0.0,0.0,0.0,0.0,0.0,0.0,0.0,0.0,0.0,0.0,0.0,0.0,0.0,0.0,0.0,0.0,0.0,0.0,0.0,0.0
9014,56,202,0,0.0,0.0,0.0,0.0,0.0,0.0,0.0,0.0,0.0,0.0,0.0,0.0,0.0,0.0,0.0,0.0,0.0,0.0,0.0,0.0,0.0,0.0,0.0,0.0,0.0,0.0,0.0,0.0,0.0,0.0,0.0,0.0,0.0,0.0,0.0
9015,56,203,0,0.0,0.0,0.0,0.0,0.0,0.0,0.0,0.0,0.0,0.0,0.0,0.0,0.0,0.0,0.0,0.0,0.0,0.0,0.0,0.0,0.0,0.0,0.0,0.0,0.0,0.0,0.0,0.0,0.0,0.0,0.0,0.0,0.0,0.0,0.0
9016,56,204,0,0.0,0.0,0.0,0.0,0.0,0.0,0.0,0.0,0.0,0.0,0.0,0.0,0.0,0.0,0.0,0.0,0.0,0.0,0.0,0.0,0.0,0.0,0.0,0.0,0.0,0.0,0.0,0.0,0.0,0.0,0.0,0.0,0.0,0.0,0.0
9017,56,205,0,0.0,0.0,0.0,0.0,0.0,0.0,0.0,0.0,0.0,0.0,0.0,0.0,0.0,0.0,0.0,0.0,0.0,0.0,0.0,0.0,0.0,0.0,0.0,0.0,0.0,0.0,0.0,0.0,0.0,0.0,0.0,0.0,0.0,0.0,0.0
9018,56,206,0,0.0,0.0,0.0,0.0,0.0,0.0,0.0,0.0,0.0,0.0,0.0,0.0,0.0,0.0,0.0,0.0,0.0,0.0,0.0,0.0,0.0,0.0,0.0,0.0,0.0,0.0,0.0,0.0,0.0,0.0,0.0,0.0,0.0,0.0,0.0
9019,56,207,0,0.0,0.0,0.0,0.0,0.0,0.0,0.0,0.0,0.0,0.0,0.0,0.0,0.0,0.0,0.0,0.0,0.0,0.0,0.0,0.0,0.0,0.0,0.0,0.0,0.0,0.0,0.0,0.0,0.0,0.0,0.0,0.0,0.0,0.0,0.0
9020,56,208,0,0.0,0.0,0.0,0.0,0.0,0.0,0.0,0.0,0.0,0.0,0.0,0.0,0.0,0.0,0.0,0.0,0.0,0.0,0.0,0.0,0.0,0.0,0.0,0.0,0.0,0.0,0.0,0.0,0.0,0.0,0.0,0.0,0.0,0.0,0.0
9021,56,209,0,0.0,0.0,0.0,0.0,0.0,0.0,0.0,0.0,0.0,0.0,0.0,0.0,0.0,0.0,0.0,0.0,0.0,0.0,0.0,0.0,0.0,0.0,0.0,0.0,0.0,0.0,0.0,0.0,0.0,0.0,0.0,0.0,0.0,0.0,0.0
9022,56,210,0,0.0,0.0,0.0,0.0,0.0,0.0,0.0,0.0,0.0,0.0,0.0,0.0,0.0,0.0,0.0,0.0,0.0,0.0,0.0,0.0,0.0,0.0,0.0,0.0,0.0,0.0,0.0,0.0,0.0,0.0,0.0,0.0,0.0,0.0,0.0
9023,56,211,0,0.0,0.0,0.0,0.0,0.0,0.0,0.0,0.0,0.0,0.0,0.0,0.0,0.0,0.0,0.0,0.0,0.0,0.0,0.0,0.0,0.0,0.0,0.0,0.0,0.0,0.0,0.0,0.0,0.0,0.0,0.0,0.0,0.0,0.0,0.0
9024,56,212,0,0.0,0.0,0.0,0.0,0.0,0.0,0.0,0.0,0.0,0.0,0.0,0.0,0.0,0.0,0.0,0.0,0.0,0.0,0.0,0.0,0.0,0.0,0.0,0.0,0.0,0.0,0.0,0.0,0.0,0.0,0.0,0.0,0.0,0.0,0.0
9025,56,213,0,0.0,0.0,0.0,0.0,0.0,0.0,0.0,0.0,0.0,0.0,0.0,0.0,0.0,0.0,0.0,0.0,0.0,0.0,0.0,0.0,0.0,0.0,0.0,0.0,0.0,0.0,0.0,0.0,0.0,0.0,0.0,0.0,0.0,0.0,0.0
9026,56,214,0,0.0,0.0,0.0,0.0,0.0,0.0,0.0,0.0,0.0,0.0,0.0,0.0,0.0,0.0,0.0,0.0,0.0,0.0,0.0,0.0,0.0,0.0,0.0,0.0,0.0,0.0,0.0,0.0,0.0,0.0,0.0,0.0,0.0,0.0,0.0
9027,56,215,0,0.0,0.0,0.0,0.0,0.0,0.0,0.0,0.0,0.0,0.0,0.0,0.0,0.0,0.0,0.0,0.0,0.0,0.0,0.0,0.0,0.0,0.0,0.0,0.0,0.0,0.0,0.0,0.0,0.0,0.0,0.0,0.0,0.0,0.0,0.0
9028,56,216,0,0.0,0.0,0.0,0.0,0.0,0.0,0.0,0.0,0.0,0.0,0.0,0.0,0.0,0.0,0.0,0.0,0.0,0.0,0.0,0.0,0.0,0.0,0.0,0.0,0.0,0.0,0.0,0.0,0.0,0.0,0.0,0.0,0.0,0.0,0.0
9029,56,217,0,0.0,0.0,0.0,0.0,0.0,0.0,0.0,0.0,0.0,0.0,0.0,0.0,0.0,0.0,0.0,0.0,0.0,0.0,0.0,0.0,0.0,0.0,0.0,0.0,0.0,0.0,0.0,0.0,0.0,0.0,0.0,0.0,0.0,0.0,0.0
9030,56,218,0,0.0,0.0,0.0,0.0,0.0,0.0,0.0,0.0,0.0,0.0,0.0,0.0,0.0,0.0,0.0,0.0,0.0,0.0,0.0,0.0,0.0,0.0,0.0,0.0,0.0,0.0,0.0,0.0,0.0,0.0,0.0,0.0,0.0,0.0,0.0
9031,56,219,0,0.0,0.0,0.0,0.0,0.0,0.0,0.0,0.0,0.0,0.0,0.0,0.0,0.0,0.0,0.0,0.0,0.0,0.0,0.0,0.0,0.0,0.0,0.0,0.0,0.0,0.0,0.0,0.0,0.0,0.0,0.0,0.0,0.0,0.0,0.0
9032,56,220,0,0.0,0.0,0.0,0.0,0.0,0.0,0.0,0.0,0.0,0.0,0.0,0.0,0.0,0.0,0.0,0.0,0.0,0.0,0.0,0.0,0.0,0.0,0.0,0.0,0.0,0.0,0.0,0.0,0.0,0.0,0.0,0.0,0.0,0.0,0.0
9033,56,221,0,0.0,0.0,0.0,0.0,0.0,0.0,0.0,0.0,0.0,0.0,0.0,0.0,0.0,0.0,0.0,0.0,0.0,0.0,0.0,0.0,0.0,0.0,0.0,0.0,0.0,0.0,0.0,0.0,0.0,0.0,0.0,0.0,0.0,0.0,0.0
9034,56,222,0,0.0,0.0,0.0,0.0,0.0,0.0,0.0,0.0,0.0,0.0,0.0,0.0,0.0,0.0,0.0,0.0,0.0,0.0,0.0,0.0,0.0,0.0,0.0,0.0,0.0,0.0,0.0,0.0,0.0,0.0,0.0,0.0,0.0,0.0,0.0
9035,56,223,0,0.0,0.0,0.0,0.0,0.0,0.0,0.0,0.0,0.0,0.0,0.0,0.0,0.0,0.0,0.0,0.0,0.0,0.0,0.0,0.0,0.0,0.0,0.0,0.0,0.0,0.0,0.0,0.0,0.0,0.0,0.0,0.0,0.0,0.0,0.0
9036,56,224,0,0.0,0.0,0.0,0.0,0.0,0.0,0.0,0.0,0.0,0.0,0.0,0.0,0.0,0.0,0.0,0.0,0.0,0.0,0.0,0.0,0.0,0.0,0.0,0.0,0.0,0.0,0.0,0.0,0.0,0.0,0.0,0.0,0.0,0.0,0.0
9037,56,225,0,0.0,0.0,0.0,0.0,0.0,0.0,0.0,0.0,0.0,0.0,0.0,0.0,0.0,0.0,0.0,0.0,0.0,0.0,0.0,0.0,0.0,0.0,0.0,0.0,0.0,0.0,0.0,0.0,0.0,0.0,0.0,0.0,0.0,0.0,0.0
9038,56,226,0,0.0,0.0,0.0,0.0,0.0,0.0,0.0,0.0,0.0,0.0,0.0,0.0,0.0,0.0,0.0,0.0,0.0,0.0,0.0,0.0,0.0,0.0,0.0,0.0,0.0,0.0,0.0,0.0,0.0,0.0,0.0,0.0,0.0,0.0,0.0
9039,56,227,0,0.0,0.0,0.0,0.0,0.0,0.0,0.0,0.0,0.0,0.0,0.0,0.0,0.0,0.0,0.0,0.0,0.0,0.0,0.0,0.0,0.0,0.0,0.0,0.0,0.0,0.0,0.0,0.0,0.0,0.0,0.0,0.0,0.0,0.0,0.0
9040,56,228,0,0.0,0.0,0.0,0.0,0.0,0.0,0.0,0.0,0.0,0.0,0.0,0.0,0.0,0.0,0.0,0.0,0.0,0.0,0.0,0.0,0.0,0.0,0.0,0.0,0.0,0.0,0.0,0.0,0.0,0.0,0.0,0.0,0.0,0.0,0.0
9041,56,229,0,0.0,0.0,0.0,0.0,0.0,0.0,0.0,0.0,0.0,0.0,0.0,0.0,0.0,0.0,0.0,0.0,0.0,0.0,0.0,0.0,0.0,0.0,0.0,0.0,0.0,0.0,0.0,0.0,0.0,0.0,0.0,0.0,0.0,0.0,0.0
9042,56,230,0,0.0,0.0,0.0,0.0,0.0,0.0,0.0,0.0,0.0,0.0,0.0,0.0,0.0,0.0,0.0,0.0,0.0,0.0,0.0,0.0,0.0,0.0,0.0,0.0,0.0,0.0,0.0,0.0,0.0,0.0,0.0,0.0,0.0,0.0,0.0
9043,56,231,0,0.0,0.0,0.0,0.0,0.0,0.0,0.0,0.0,0.0,0.0,0.0,0.0,0.0,0.0,0.0,0.0,0.0,0.0,0.0,0.0,0.0,0.0,0.0,0.0,0.0,0.0,0.0,0.0,0.0,0.0,0.0,0.0,0.0,0.0,0.0
9044,56,232,0,0.0,0.0,0.0,0.0,0.0,0.0,0.0,0.0,0.0,0.0,0.0,0.0,0.0,0.0,0.0,0.0,0.0,0.0,0.0,0.0,0.0,0.0,0.0,0.0,0.0,0.0,0.0,0.0,0.0,0.0,0.0,0.0,0.0,0.0,0.0
9045,57,1,0,0.0,0.0,0.0,0.0,0.0,0.0,0.0,0.0,0.0,0.0,0.0,0.0,0.0,0.0,0.0,0.0,0.0,0.0,0.0,0.0,0.0,0.0,0.0,0.0,0.0,0.0,0.0,0.0,0.0,0.0,0.0,0.0,0.0,0.0,0.0
9046,57,2,0,0.0,0.0,0.0,0.0,0.0,0.0,0.0,0.0,0.0,0.0,0.0,0.0,0.0,0.0,0.0,0.0,0.0,0.0,0.0,0.0,0.0,0.0,0.0,0.0,0.0,0.0,0.0,0.0,0.0,0.0,0.0,0.0,0.0,0.0,0.0
9047,57,3,0,0.0,0.0,0.0,0.0,0.0,0.0,0.0,0.0,0.0,0.0,0.0,0.0,0.0,0.0,0.0,0.0,0.0,0.0,0.0,0.0,0.0,0.0,0.0,0.0,0.0,0.0,0.0,0.0,0.0,0.0,0.0,0.0,0.0,0.0,0.0
9048,57,4,0,0.0,0.0,0.0,0.0,0.0,0.0,0.0,0.0,0.0,0.0,0.0,0.0,0.0,0.0,0.0,0.0,0.0,0.0,0.0,0.0,0.0,0.0,0.0,0.0,0.0,0.0,0.0,0.0,0.0,0.0,0.0,0.0,0.0,0.0,0.0
9049,57,6,0,0.0,0.0,0.0,0.0,0.0,0.0,0.0,0.0,0.0,0.0,0.0,0.0,0.0,0.0,0.0,0.0,0.0,0.0,0.0,0.0,0.0,0.0,0.0,0.0,0.0,0.0,0.0,0.0,0.0,0.0,0.0,0.0,0.0,0.0,0.0
9050,57,7,0,0.0,0.0,0.0,0.0,0.0,0.0,0.0,0.0,0.0,0.0,0.0,0.0,0.0,0.0,0.0,0.0,0.0,0.0,0.0,0.0,0.0,0.0,0.0,0.0,0.0,0.0,0.0,0.0,0.0,0.0,0.0,0.0,0.0,0.0,0.0
9051,57,13,0,0.0,0.0,0.0,0.0,0.0,0.0,0.0,0.0,0.0,0.0,0.0,0.0,0.0,0.0,0.0,0.0,0.0,0.0,0.0,0.0,0.0,0.0,0.0,0.0,0.0,0.0,0.0,0.0,0.0,0.0,0.0,0.0,0.0,0.0,0.0
9052,57,14,0,0.0,0.0,0.0,0.0,0.0,0.0,0.0,0.0,0.0,0.0,0.0,0.0,0.0,0.0,0.0,0.0,0.0,0.0,0.0,0.0,0.0,0.0,0.0,0.0,0.0,0.0,0.0,0.0,0.0,0.0,0.0,0.0,0.0,0.0,0.0
9053,57,15,0,0.0,0.0,0.0,0.0,0.0,0.0,0.0,0.0,0.0,0.0,0.0,0.0,0.0,0.0,0.0,0.0,0.0,0.0,0.0,0.0,0.0,0.0,0.0,0.0,0.0,0.0,0.0,0.0,0.0,0.0,0.0,0.0,0.0,0.0,0.0
9054,57,16,0,0.0,0.0,0.0,0.0,0.0,0.0,0.0,0.0,0.0,0.0,0.0,0.0,0.0,0.0,0.0,0.0,0.0,0.0,0.0,0.0,0.0,0.0,0.0,0.0,0.0,0.0,0.0,0.0,0.0,0.0,0.0,0.0,0.0,0.0,0.0
9055,57,18,0,0.0,0.0,0.0,0.0,0.0,0.0,0.0,0.0,0.0,0.0,0.0,0.0,0.0,0.0,0.0,0.0,0.0,0.0,0.0,0.0,0.0,0.0,0.0,0.0,0.0,0.0,0.0,0.0,0.0,0.0,0.0,0.0,0.0,0.0,0.0
9056,57,19,0,0.0,0.0,0.0,0.0,0.0,0.0,0.0,0.0,0.0,0.0,0.0,0.0,0.0,0.0,0.0,0.0,0.0,0.0,0.0,0.0,0.0,0.0,0.0,0.0,0.0,0.0,0.0,0.0,0.0,0.0,0.0,0.0,0.0,0.0,0.0
9057,57,20,0,0.0,0.0,0.0,0.0,0.0,0.0,0.0,0.0,0.0,0.0,0.0,0.0,0.0,0.0,0.0,0.0,0.0,0.0,0.0,0.0,0.0,0.0,0.0,0.0,0.0,0.0,0.0,0.0,0.0,0.0,0.0,0.0,0.0,0.0,0.0
9058,57,21,0,0.0,0.0,0.0,0.0,0.0,0.0,0.0,0.0,0.0,0.0,0.0,0.0,0.0,0.0,0.0,0.0,0.0,0.0,0.0,0.0,0.0,0.0,0.0,0.0,0.0,0.0,0.0,0.0,0.0,0.0,0.0,0.0,0.0,0.0,0.0
9059,57,22,0,0.0,0.0,0.0,0.0,0.0,0.0,0.0,0.0,0.0,0.0,0.0,0.0,0.0,0.0,0.0,0.0,0.0,0.0,0.0,0.0,0.0,0.0,0.0,0.0,0.0,0.0,0.0,0.0,0.0,0.0,0.0,0.0,0.0,0.0,0.0
9060,57,30,0,0.0,0.0,0.0,0.0,0.0,0.0,0.0,0.0,0.0,0.0,0.0,0.0,0.0,0.0,0.0,0.0,0.0,0.0,0.0,0.0,0.0,0.0,0.0,0.0,0.0,0.0,0.0,0.0,0.0,0.0,0.0,0.0,0.0,0.0,0.0
9061,57,31,0,0.0,0.0,0.0,0.0,0.0,0.0,0.0,0.0,0.0,0.0,0.0,0.0,0.0,0.0,0.0,0.0,0.0,0.0,0.0,0.0,0.0,0.0,0.0,0.0,0.0,0.0,0.0,0.0,0.0,0.0,0.0,0.0,0.0,0.0,0.0
9062,57,34,0,0.0,0.0,0.0,0.0,0.0,0.0,0.0,0.0,0.0,0.0,0.0,0.0,0.0,0.0,0.0,0.0,0.0,0.0,0.0,0.0,0.0,0.0,0.0,0.0,0.0,0.0,0.0,0.0,0.0,0.0,0.0,0.0,0.0,0.0,0.0
9063,57,35,0,0.0,0.0,0.0,0.0,0.0,0.0,0.0,0.0,0.0,0.0,0.0,0.0,0.0,0.0,0.0,0.0,0.0,0.0,0.0,0.0,0.0,0.0,0.0,0.0,0.0,0.0,0.0,0.0,0.0,0.0,0.0,0.0,0.0,0.0,0.0
9064,57,36,0,0.0,0.0,0.0,0.0,0.0,0.0,0.0,0.0,0.0,0.0,0.0,0.0,0.0,0.0,0.0,0.0,0.0,0.0,0.0,0.0,0.0,0.0,0.0,0.0,0.0,0.0,0.0,0.0,0.0,0.0,0.0,0.0,0.0,0.0,0.0
9065,57,37,0,0.0,0.0,0.0,0.0,0.0,0.0,0.0,0.0,0.0,0.0,0.0,0.0,0.0,0.0,0.0,0.0,0.0,0.0,0.0,0.0,0.0,0.0,0.0,0.0,0.0,0.0,0.0,0.0,0.0,0.0,0.0,0.0,0.0,0.0,0.0
9066,57,39,0,0.0,0.0,0.0,0.0,0.0,0.0,0.0,0.0,0.0,0.0,0.0,0.0,0.0,0.0,0.0,0.0,0.0,0.0,0.0,0.0,0.0,0.0,0.0,0.0,0.0,0.0,0.0,0.0,0.0,0.0,0.0,0.0,0.0,0.0,0.0
9067,57,40,0,0.0,0.0,0.0,0.0,0.0,0.0,0.0,0.0,0.0,0.0,0.0,0.0,0.0,0.0,0.0,0.0,0.0,0.0,0.0,0.0,0.0,0.0,0.0,0.0,0.0,0.0,0.0,0.0,0.0,0.0,0.0,0.0,0.0,0.0,0.0
9068,57,41,0,0.0,0.0,0.0,0.0,0.0,0.0,0.0,0.0,0.0,0.0,0.0,0.0,0.0,0.0,0.0,0.0,0.0,0.0,0.0,0.0,0.0,0.0,0.0,0.0,0.0,0.0,0.0,0.0,0.0,0.0,0.0,0.0,0.0,0.0,0.0
9069,57,44,0,0.0,0.0,0.0,0.0,0.0,0.0,0.0,0.0,0.0,0.0,0.0,0.0,0.0,0.0,0.0,0.0,0.0,0.0,0.0,0.0,0.0,0.0,0.0,0.0,0.0,0.0,0.0,0.0,0.0,0.0,0.0,0.0,0.0,0.0,0.0
9070,57,45,0,0.0,0.0,0.0,0.0,0.0,0.0,0.0,0.0,0.0,0.0,0.0,0.0,0.0,0.0,0.0,0.0,0.0,0.0,0.0,0.0,0.0,0.0,0.0,0.0,0.0,0.0,0.0,0.0,0.0,0.0,0.0,0.0,0.0,0.0,0.0
9071,57,46,0,0.0,0.0,0.0,0.0,0.0,0.0,0.0,0.0,0.0,0.0,0.0,0.0,0.0,0.0,0.0,0.0,0.0,0.0,0.0,0.0,0.0,0.0,0.0,0.0,0.0,0.0,0.0,0.0,0.0,0.0,0.0,0.0,0.0,0.0,0.0
9072,57,48,0,0.0,0.0,0.0,0.0,0.0,0.0,0.0,0.0,0.0,0.0,0.0,0.0,0.0,0.0,0.0,0.0,0.0,0.0,0.0,0.0,0.0,0.0,0.0,0.0,0.0,0.0,0.0,0.0,0.0,0.0,0.0,0.0,0.0,0.0,0.0
9073,57,49,0,0.0,0.0,0.0,0.0,0.0,0.0,0.0,0.0,0.0,0.0,0.0,0.0,0.0,0.0,0.0,0.0,0.0,0.0,0.0,0.0,0.0,0.0,0.0,0.0,0.0,0.0,0.0,0.0,0.0,0.0,0.0,0.0,0.0,0.0,0.0
9074,57,51,0,0.0,0.0,0.0,0.0,0.0,0.0,0.0,0.0,0.0,0.0,0.0,0.0,0.0,0.0,0.0,0.0,0.0,0.0,0.0,0.0,0.0,0.0,0.0,0.0,0.0,0.0,0.0,0.0,0.0,0.0,0.0,0.0,0.0,0.0,0.0
9075,57,53,0,0.0,0.0,0.0,0.0,0.0,0.0,0.0,0.0,0.0,0.0,0.0,0.0,0.0,0.0,0.0,0.0,0.0,0.0,0.0,0.0,0.0,0.0,0.0,0.0,0.0,0.0,0.0,0.0,0.0,0.0,0.0,0.0,0.0,0.0,0.0
9076,57,56,0,0.0,0.0,0.0,0.0,0.0,0.0,0.0,0.0,0.0,0.0,0.0,0.0,0.0,0.0,0.0,0.0,0.0,0.0,0.0,0.0,0.0,0.0,0.0,0.0,0.0,0.0,0.0,0.0,0.0,0.0,0.0,0.0,0.0,0.0,0.0
9077,57,57,0,0.0,0.0,0.0,0.0,0.0,0.0,0.0,0.0,0.0,0.0,0.0,0.0,0.0,0.0,0.0,0.0,0.0,0.0,0.0,0.0,0.0,0.0,0.0,0.0,0.0,0.0,0.0,0.0,0.0,0.0,0.0,0.0,0.0,0.0,0.0
9078,57,58,0,0.0,0.0,0.0,0.0,0.0,0.0,0.0,0.0,0.0,0.0,0.0,0.0,0.0,0.0,0.0,0.0,0.0,0.0,0.0,0.0,0.0,0.0,0.0,0.0,0.0,0.0,0.0,0.0,0.0,0.0,0.0,0.0,0.0,0.0,0.0
9079,57,61,0,0.0,0.0,0.0,0.0,0.0,0.0,0.0,0.0,0.0,0.0,0.0,0.0,0.0,0.0,0.0,0.0,0.0,0.0,0.0,0.0,0.0,0.0,0.0,0.0,0.0,0.0,0.0,0.0,0.0,0.0,0.0,0.0,0.0,0.0,0.0
9080,57,63,0,0.0,0.0,0.0,0.0,0.0,0.0,0.0,0.0,0.0,0.0,0.0,0.0,0.0,0.0,0.0,0.0,0.0,0.0,0.0,0.0,0.0,0.0,0.0,0.0,0.0,0.0,0.0,0.0,0.0,0.0,0.0,0.0,0.0,0.0,0.0
9081,57,64,0,0.0,0.0,0.0,0.0,0.0,0.0,0.0,0.0,0.0,0.0,0.0,0.0,0.0,0.0,0.0,0.0,0.0,0.0,0.0,0.0,0.0,0.0,0.0,0.0,0.0,0.0,0.0,0.0,0.0,0.0,0.0,0.0,0.0,0.0,0.0
9082,57,65,0,0.0,0.0,0.0,0.0,0.0,0.0,0.0,0.0,0.0,0.0,0.0,0.0,0.0,0.0,0.0,0.0,0.0,0.0,0.0,0.0,0.0,0.0,0.0,0.0,0.0,0.0,0.0,0.0,0.0,0.0,0.0,0.0,0.0,0.0,0.0
9083,57,66,0,0.0,0.0,0.0,0.0,0.0,0.0,0.0,0.0,0.0,0.0,0.0,0.0,0.0,0.0,0.0,0.0,0.0,0.0,0.0,0.0,0.0,0.0,0.0,0.0,0.0,0.0,0.0,0.0,0.0,0.0,0.0,0.0,0.0,0.0,0.0
9084,57,67,0,0.0,0.0,0.0,0.0,0.0,0.0,0.0,0.0,0.0,0.0,0.0,0.0,0.0,0.0,0.0,0.0,0.0,0.0,0.0,0.0,0.0,0.0,0.0,0.0,0.0,0.0,0.0,0.0,0.0,0.0,0.0,0.0,0.0,0.0,0.0
9085,57,71,0,0.0,0.0,0.0,0.0,0.0,0.0,0.0,0.0,0.0,0.0,0.0,0.0,0.0,0.0,0.0,0.0,0.0,0.0,0.0,0.0,0.0,0.0,0.0,0.0,0.0,0.0,0.0,0.0,0.0,0.0,0.0,0.0,0.0,0.0,0.0
9086,57,72,0,0.0,0.0,0.0,0.0,0.0,0.0,0.0,0.0,0.0,0.0,0.0,0.0,0.0,0.0,0.0,0.0,0.0,0.0,0.0,0.0,0.0,0.0,0.0,0.0,0.0,0.0,0.0,0.0,0.0,0.0,0.0,0.0,0.0,0.0,0.0
9087,57,77,0,0.0,0.0,0.0,0.0,0.0,0.0,0.0,0.0,0.0,0.0,0.0,0.0,0.0,0.0,0.0,0.0,0.0,0.0,0.0,0.0,0.0,0.0,0.0,0.0,0.0,0.0,0.0,0.0,0.0,0.0,0.0,0.0,0.0,0.0,0.0
9088,57,81,0,0.0,0.0,0.0,0.0,0.0,0.0,0.0,0.0,0.0,0.0,0.0,0.0,0.0,0.0,0.0,0.0,0.0,0.0,0.0,0.0,0.0,0.0,0.0,0.0,0.0,0.0,0.0,0.0,0.0,0.0,0.0,0.0,0.0,0.0,0.0
9089,57,83,0,0.0,0.0,0.0,0.0,0.0,0.0,0.0,0.0,0.0,0.0,0.0,0.0,0.0,0.0,0.0,0.0,0.0,0.0,0.0,0.0,0.0,0.0,0.0,0.0,0.0,0.0,0.0,0.0,0.0,0.0,0.0,0.0,0.0,0.0,0.0
9090,57,87,0,0.0,0.0,0.0,0.0,0.0,0.0,0.0,0.0,0.0,0.0,0.0,0.0,0.0,0.0,0.0,0.0,0.0,0.0,0.0,0.0,0.0,0.0,0.0,0.0,0.0,0.0,0.0,0.0,0.0,0.0,0.0,0.0,0.0,0.0,0.0
9091,57,90,0,0.0,0.0,0.0,0.0,0.0,0.0,0.0,0.0,0.0,0.0,0.0,0.0,0.0,0.0,0.0,0.0,0.0,0.0,0.0,0.0,0.0,0.0,0.0,0.0,0.0,0.0,0.0,0.0,0.0,0.0,0.0,0.0,0.0,0.0,0.0
9092,57,92,0,0.0,0.0,0.0,0.0,0.0,0.0,0.0,0.0,0.0,0.0,0.0,0.0,0.0,0.0,0.0,0.0,0.0,0.0,0.0,0.0,0.0,0.0,0.0,0.0,0.0,0.0,0.0,0.0,0.0,0.0,0.0,0.0,0.0,0.0,0.0
9093,57,94,0,0.0,0.0,0.0,0.0,0.0,0.0,0.0,0.0,0.0,0.0,0.0,0.0,0.0,0.0,0.0,0.0,0.0,0.0,0.0,0.0,0.0,0.0,0.0,0.0,0.0,0.0,0.0,0.0,0.0,0.0,0.0,0.0,0.0,0.0,0.0
9094,57,99,0,0.0,0.0,0.0,0.0,0.0,0.0,0.0,0.0,0.0,0.0,0.0,0.0,0.0,0.0,0.0,0.0,0.0,0.0,0.0,0.0,0.0,0.0,0.0,0.0,0.0,0.0,0.0,0.0,0.0,0.0,0.0,0.0,0.0,0.0,0.0
9095,57,101,0,0.0,0.0,0.0,0.0,0.0,0.0,0.0,0.0,0.0,0.0,0.0,0.0,0.0,0.0,0.0,0.0,0.0,0.0,0.0,0.0,0.0,0.0,0.0,0.0,0.0,0.0,0.0,0.0,0.0,0.0,0.0,0.0,0.0,0.0,0.0
9096,57,106,0,0.0,0.0,0.0,0.0,0.0,0.0,0.0,0.0,0.0,0.0,0.0,0.0,0.0,0.0,0.0,0.0,0.0,0.0,0.0,0.0,0.0,0.0,0.0,0.0,0.0,0.0,0.0,0.0,0.0,0.0,0.0,0.0,0.0,0.0,0.0
9097,57,107,0,0.0,0.0,0.0,0.0,0.0,0.0,0.0,0.0,0.0,0.0,0.0,0.0,0.0,0.0,0.0,0.0,0.0,0.0,0.0,0.0,0.0,0.0,0.0,0.0,0.0,0.0,0.0,0.0,0.0,0.0,0.0,0.0,0.0,0.0,0.0
9098,57,111,0,0.0,0.0,0.0,0.0,0.0,0.0,0.0,0.0,0.0,0.0,0.0,0.0,0.0,0.0,0.0,0.0,0.0,0.0,0.0,0.0,0.0,0.0,0.0,0.0,0.0,0.0,0.0,0.0,0.0,0.0,0.0,0.0,0.0,0.0,0.0
9099,57,113,0,0.0,0.0,0.0,0.0,0.0,0.0,0.0,0.0,0.0,0.0,0.0,0.0,0.0,0.0,0.0,0.0,0.0,0.0,0.0,0.0,0.0,0.0,0.0,0.0,0.0,0.0,0.0,0.0,0.0,0.0,0.0,0.0,0.0,0.0,0.0
9100,57,114,0,0.0,0.0,0.0,0.0,0.0,0.0,0.0,0.0,0.0,0.0,0.0,0.0,0.0,0.0,0.0,0.0,0.0,0.0,0.0,0.0,0.0,0.0,0.0,0.0,0.0,0.0,0.0,0.0,0.0,0.0,0.0,0.0,0.0,0.0,0.0
9101,57,115,0,0.0,0.0,0.0,0.0,0.0,0.0,0.0,0.0,0.0,0.0,0.0,0.0,0.0,0.0,0.0,0.0,0.0,0.0,0.0,0.0,0.0,0.0,0.0,0.0,0.0,0.0,0.0,0.0,0.0,0.0,0.0,0.0,0.0,0.0,0.0
9102,57,116,0,0.0,0.0,0.0,0.0,0.0,0.0,0.0,0.0,0.0,0.0,0.0,0.0,0.0,0.0,0.0,0.0,0.0,0.0,0.0,0.0,0.0,0.0,0.0,0.0,0.0,0.0,0.0,0.0,0.0,0.0,0.0,0.0,0.0,0.0,0.0
9103,57,118,0,0.0,0.0,0.0,0.0,0.0,0.0,0.0,0.0,0.0,0.0,0.0,0.0,0.0,0.0,0.0,0.0,0.0,0.0,0.0,0.0,0.0,0.0,0.0,0.0,0.0,0.0,0.0,0.0,0.0,0.0,0.0,0.0,0.0,0.0,0.0
9104,57,119,0,0.0,0.0,0.0,0.0,0.0,0.0,0.0,0.0,0.0,0.0,0.0,0.0,0.0,0.0,0.0,0.0,0.0,0.0,0.0,0.0,0.0,0.0,0.0,0.0,0.0,0.0,0.0,0.0,0.0,0.0,0.0,0.0,0.0,0.0,0.0
9105,57,120,0,0.0,0.0,0.0,0.0,0.0,0.0,0.0,0.0,0.0,0.0,0.0,0.0,0.0,0.0,0.0,0.0,0.0,0.0,0.0,0.0,0.0,0.0,0.0,0.0,0.0,0.0,0.0,0.0,0.0,0.0,0.0,0.0,0.0,0.0,0.0
9106,57,123,0,0.0,0.0,0.0,0.0,0.0,0.0,0.0,0.0,0.0,0.0,0.0,0.0,0.0,0.0,0.0,0.0,0.0,0.0,0.0,0.0,0.0,0.0,0.0,0.0,0.0,0.0,0.0,0.0,0.0,0.0,0.0,0.0,0.0,0.0,0.0
9107,57,124,0,0.0,0.0,0.0,0.0,0.0,0.0,0.0,0.0,0.0,0.0,0.0,0.0,0.0,0.0,0.0,0.0,0.0,0.0,0.0,0.0,0.0,0.0,0.0,0.0,0.0,0.0,0.0,0.0,0.0,0.0,0.0,0.0,0.0,0.0,0.0
9108,57,125,0,0.0,0.0,0.0,0.0,0.0,0.0,0.0,0.0,0.0,0.0,0.0,0.0,0.0,0.0,0.0,0.0,0.0,0.0,0.0,0.0,0.0,0.0,0.0,0.0,0.0,0.0,0.0,0.0,0.0,0.0,0.0,0.0,0.0,0.0,0.0
9109,57,126,0,0.0,0.0,0.0,0.0,0.0,0.0,0.0,0.0,0.0,0.0,0.0,0.0,0.0,0.0,0.0,0.0,0.0,0.0,0.0,0.0,0.0,0.0,0.0,0.0,0.0,0.0,0.0,0.0,0.0,0.0,0.0,0.0,0.0,0.0,0.0
9110,57,127,0,0.0,0.0,0.0,0.0,0.0,0.0,0.0,0.0,0.0,0.0,0.0,0.0,0.0,0.0,0.0,0.0,0.0,0.0,0.0,0.0,0.0,0.0,0.0,0.0,0.0,0.0,0.0,0.0,0.0,0.0,0.0,0.0,0.0,0.0,0.0
9111,57,128,0,0.0,0.0,0.0,0.0,0.0,0.0,0.0,0.0,0.0,0.0,0.0,0.0,0.0,0.0,0.0,0.0,0.0,0.0,0.0,0.0,0.0,0.0,0.0,0.0,0.0,0.0,0.0,0.0,0.0,0.0,0.0,0.0,0.0,0.0,0.0
9112,57,132,0,0.0,0.0,0.0,0.0,0.0,0.0,0.0,0.0,0.0,0.0,0.0,0.0,0.0,0.0,0.0,0.0,0.0,0.0,0.0,0.0,0.0,0.0,0.0,0.0,0.0,0.0,0.0,0.0,0.0,0.0,0.0,0.0,0.0,0.0,0.0
9113,57,135,0,0.0,0.0,0.0,0.0,0.0,0.0,0.0,0.0,0.0,0.0,0.0,0.0,0.0,0.0,0.0,0.0,0.0,0.0,0.0,0.0,0.0,0.0,0.0,0.0,0.0,0.0,0.0,0.0,0.0,0.0,0.0,0.0,0.0,0.0,0.0
9114,57,137,0,0.0,0.0,0.0,0.0,0.0,0.0,0.0,0.0,0.0,0.0,0.0,0.0,0.0,0.0,0.0,0.0,0.0,0.0,0.0,0.0,0.0,0.0,0.0,0.0,0.0,0.0,0.0,0.0,0.0,0.0,0.0,0.0,0.0,0.0,0.0
9115,57,138,0,0.0,0.0,0.0,0.0,0.0,0.0,0.0,0.0,0.0,0.0,0.0,0.0,0.0,0.0,0.0,0.0,0.0,0.0,0.0,0.0,0.0,0.0,0.0,0.0,0.0,0.0,0.0,0.0,0.0,0.0,0.0,0.0,0.0,0.0,0.0
9116,57,140,0,0.0,0.0,0.0,0.0,0.0,0.0,0.0,0.0,0.0,0.0,0.0,0.0,0.0,0.0,0.0,0.0,0.0,0.0,0.0,0.0,0.0,0.0,0.0,0.0,0.0,0.0,0.0,0.0,0.0,0.0,0.0,0.0,0.0,0.0,0.0
9117,57,142,0,0.0,0.0,0.0,0.0,0.0,0.0,0.0,0.0,0.0,0.0,0.0,0.0,0.0,0.0,0.0,0.0,0.0,0.0,0.0,0.0,0.0,0.0,0.0,0.0,0.0,0.0,0.0,0.0,0.0,0.0,0.0,0.0,0.0,0.0,0.0
9118,57,145,0,0.0,0.0,0.0,0.0,0.0,0.0,0.0,0.0,0.0,0.0,0.0,0.0,0.0,0.0,0.0,0.0,0.0,0.0,0.0,0.0,0.0,0.0,0.0,0.0,0.0,0.0,0.0,0.0,0.0,0.0,0.0,0.0,0.0,0.0,0.0
9119,57,146,0,0.0,0.0,0.0,0.0,0.0,0.0,0.0,0.0,0.0,0.0,0.0,0.0,0.0,0.0,0.0,0.0,0.0,0.0,0.0,0.0,0.0,0.0,0.0,0.0,0.0,0.0,0.0,0.0,0.0,0.0,0.0,0.0,0.0,0.0,0.0
9120,57,147,0,0.0,0.0,0.0,0.0,0.0,0.0,0.0,0.0,0.0,0.0,0.0,0.0,0.0,0.0,0.0,0.0,0.0,0.0,0.0,0.0,0.0,0.0,0.0,0.0,0.0,0.0,0.0,0.0,0.0,0.0,0.0,0.0,0.0,0.0,0.0
9121,57,148,0,0.0,0.0,0.0,0.0,0.0,0.0,0.0,0.0,0.0,0.0,0.0,0.0,0.0,0.0,0.0,0.0,0.0,0.0,0.0,0.0,0.0,0.0,0.0,0.0,0.0,0.0,0.0,0.0,0.0,0.0,0.0,0.0,0.0,0.0,0.0
9122,57,149,0,0.0,0.0,0.0,0.0,0.0,0.0,0.0,0.0,0.0,0.0,0.0,0.0,0.0,0.0,0.0,0.0,0.0,0.0,0.0,0.0,0.0,0.0,0.0,0.0,0.0,0.0,0.0,0.0,0.0,0.0,0.0,0.0,0.0,0.0,0.0
9123,57,150,0,0.0,0.0,0.0,0.0,0.0,0.0,0.0,0.0,0.0,0.0,0.0,0.0,0.0,0.0,0.0,0.0,0.0,0.0,0.0,0.0,0.0,0.0,0.0,0.0,0.0,0.0,0.0,0.0,0.0,0.0,0.0,0.0,0.0,0.0,0.0
9124,57,152,0,0.0,0.0,0.0,0.0,0.0,0.0,0.0,0.0,0.0,0.0,0.0,0.0,0.0,0.0,0.0,0.0,0.0,0.0,0.0,0.0,0.0,0.0,0.0,0.0,0.0,0.0,0.0,0.0,0.0,0.0,0.0,0.0,0.0,0.0,0.0
9125,57,153,0,0.0,0.0,0.0,0.0,0.0,0.0,0.0,0.0,0.0,0.0,0.0,0.0,0.0,0.0,0.0,0.0,0.0,0.0,0.0,0.0,0.0,0.0,0.0,0.0,0.0,0.0,0.0,0.0,0.0,0.0,0.0,0.0,0.0,0.0,0.0
9126,57,155,0,0.0,0.0,0.0,0.0,0.0,0.0,0.0,0.0,0.0,0.0,0.0,0.0,0.0,0.0,0.0,0.0,0.0,0.0,0.0,0.0,0.0,0.0,0.0,0.0,0.0,0.0,0.0,0.0,0.0,0.0,0.0,0.0,0.0,0.0,0.0
9127,57,158,0,0.0,0.0,0.0,0.0,0.0,0.0,0.0,0.0,0.0,0.0,0.0,0.0,0.0,0.0,0.0,0.0,0.0,0.0,0.0,0.0,0.0,0.0,0.0,0.0,0.0,0.0,0.0,0.0,0.0,0.0,0.0,0.0,0.0,0.0,0.0
9128,57,159,0,0.0,0.0,0.0,0.0,0.0,0.0,0.0,0.0,0.0,0.0,0.0,0.0,0.0,0.0,0.0,0.0,0.0,0.0,0.0,0.0,0.0,0.0,0.0,0.0,0.0,0.0,0.0,0.0,0.0,0.0,0.0,0.0,0.0,0.0,0.0
9129,57,161,0,0.0,0.0,0.0,0.0,0.0,0.0,0.0,0.0,0.0,0.0,0.0,0.0,0.0,0.0,0.0,0.0,0.0,0.0,0.0,0.0,0.0,0.0,0.0,0.0,0.0,0.0,0.0,0.0,0.0,0.0,0.0,0.0,0.0,0.0,0.0
9130,57,162,0,0.0,0.0,0.0,0.0,0.0,0.0,0.0,0.0,0.0,0.0,0.0,0.0,0.0,0.0,0.0,0.0,0.0,0.0,0.0,0.0,0.0,0.0,0.0,0.0,0.0,0.0,0.0,0.0,0.0,0.0,0.0,0.0,0.0,0.0,0.0
9131,57,163,0,0.0,0.0,0.0,0.0,0.0,0.0,0.0,0.0,0.0,0.0,0.0,0.0,0.0,0.0,0.0,0.0,0.0,0.0,0.0,0.0,0.0,0.0,0.0,0.0,0.0,0.0,0.0,0.0,0.0,0.0,0.0,0.0,0.0,0.0,0.0
9132,57,164,0,0.0,0.0,0.0,0.0,0.0,0.0,0.0,0.0,0.0,0.0,0.0,0.0,0.0,0.0,0.0,0.0,0.0,0.0,0.0,0.0,0.0,0.0,0.0,0.0,0.0,0.0,0.0,0.0,0.0,0.0,0.0,0.0,0.0,0.0,0.0
9133,57,165,0,0.0,0.0,0.0,0.0,0.0,0.0,0.0,0.0,0.0,0.0,0.0,0.0,0.0,0.0,0.0,0.0,0.0,0.0,0.0,0.0,0.0,0.0,0.0,0.0,0.0,0.0,0.0,0.0,0.0,0.0,0.0,0.0,0.0,0.0,0.0
9134,57,166,0,0.0,0.0,0.0,0.0,0.0,0.0,0.0,0.0,0.0,0.0,0.0,0.0,0.0,0.0,0.0,0.0,0.0,0.0,0.0,0.0,0.0,0.0,0.0,0.0,0.0,0.0,0.0,0.0,0.0,0.0,0.0,0.0,0.0,0.0,0.0
9135,57,171,0,0.0,0.0,0.0,0.0,0.0,0.0,0.0,0.0,0.0,0.0,0.0,0.0,0.0,0.0,0.0,0.0,0.0,0.0,0.0,0.0,0.0,0.0,0.0,0.0,0.0,0.0,0.0,0.0,0.0,0.0,0.0,0.0,0.0,0.0,0.0
9136,57,172,0,0.0,0.0,0.0,0.0,0.0,0.0,0.0,0.0,0.0,0.0,0.0,0.0,0.0,0.0,0.0,0.0,0.0,0.0,0.0,0.0,0.0,0.0,0.0,0.0,0.0,0.0,0.0,0.0,0.0,0.0,0.0,0.0,0.0,0.0,0.0
9137,57,174,0,0.0,0.0,0.0,0.0,0.0,0.0,0.0,0.0,0.0,0.0,0.0,0.0,0.0,0.0,0.0,0.0,0.0,0.0,0.0,0.0,0.0,0.0,0.0,0.0,0.0,0.0,0.0,0.0,0.0,0.0,0.0,0.0,0.0,0.0,0.0
9138,57,175,0,0.0,0.0,0.0,0.0,0.0,0.0,0.0,0.0,0.0,0.0,0.0,0.0,0.0,0.0,0.0,0.0,0.0,0.0,0.0,0.0,0.0,0.0,0.0,0.0,0.0,0.0,0.0,0.0,0.0,0.0,0.0,0.0,0.0,0.0,0.0
9139,57,177,0,0.0,0.0,0.0,0.0,0.0,0.0,0.0,0.0,0.0,0.0,0.0,0.0,0.0,0.0,0.0,0.0,0.0,0.0,0.0,0.0,0.0,0.0,0.0,0.0,0.0,0.0,0.0,0.0,0.0,0.0,0.0,0.0,0.0,0.0,0.0
9140,57,183,0,0.0,0.0,0.0,0.0,0.0,0.0,0.0,0.0,0.0,0.0,0.0,0.0,0.0,0.0,0.0,0.0,0.0,0.0,0.0,0.0,0.0,0.0,0.0,0.0,0.0,0.0,0.0,0.0,0.0,0.0,0.0,0.0,0.0,0.0,0.0
9141,57,184,0,0.0,0.0,0.0,0.0,0.0,0.0,0.0,0.0,0.0,0.0,0.0,0.0,0.0,0.0,0.0,0.0,0.0,0.0,0.0,0.0,0.0,0.0,0.0,0.0,0.0,0.0,0.0,0.0,0.0,0.0,0.0,0.0,0.0,0.0,0.0
9142,57,187,0,0.0,0.0,0.0,0.0,0.0,0.0,0.0,0.0,0.0,0.0,0.0,0.0,0.0,0.0,0.0,0.0,0.0,0.0,0.0,0.0,0.0,0.0,0.0,0.0,0.0,0.0,0.0,0.0,0.0,0.0,0.0,0.0,0.0,0.0,0.0
9143,57,188,0,0.0,0.0,0.0,0.0,0.0,0.0,0.0,0.0,0.0,0.0,0.0,0.0,0.0,0.0,0.0,0.0,0.0,0.0,0.0,0.0,0.0,0.0,0.0,0.0,0.0,0.0,0.0,0.0,0.0,0.0,0.0,0.0,0.0,0.0,0.0
9144,57,189,0,0.0,0.0,0.0,0.0,0.0,0.0,0.0,0.0,0.0,0.0,0.0,0.0,0.0,0.0,0.0,0.0,0.0,0.0,0.0,0.0,0.0,0.0,0.0,0.0,0.0,0.0,0.0,0.0,0.0,0.0,0.0,0.0,0.0,0.0,0.0
9145,57,190,0,0.0,0.0,0.0,0.0,0.0,0.0,0.0,0.0,0.0,0.0,0.0,0.0,0.0,0.0,0.0,0.0,0.0,0.0,0.0,0.0,0.0,0.0,0.0,0.0,0.0,0.0,0.0,0.0,0.0,0.0,0.0,0.0,0.0,0.0,0.0
9146,57,191,0,0.0,0.0,0.0,0.0,0.0,0.0,0.0,0.0,0.0,0.0,0.0,0.0,0.0,0.0,0.0,0.0,0.0,0.0,0.0,0.0,0.0,0.0,0.0,0.0,0.0,0.0,0.0,0.0,0.0,0.0,0.0,0.0,0.0,0.0,0.0
9147,57,195,0,0.0,0.0,0.0,0.0,0.0,0.0,0.0,0.0,0.0,0.0,0.0,0.0,0.0,0.0,0.0,0.0,0.0,0.0,0.0,0.0,0.0,0.0,0.0,0.0,0.0,0.0,0.0,0.0,0.0,0.0,0.0,0.0,0.0,0.0,0.0
9148,57,198,0,0.0,0.0,0.0,0.0,0.0,0.0,0.0,0.0,0.0,0.0,0.0,0.0,0.0,0.0,0.0,0.0,0.0,0.0,0.0,0.0,0.0,0.0,0.0,0.0,0.0,0.0,0.0,0.0,0.0,0.0,0.0,0.0,0.0,0.0,0.0
9149,57,202,0,0.0,0.0,0.0,0.0,0.0,0.0,0.0,0.0,0.0,0.0,0.0,0.0,0.0,0.0,0.0,0.0,0.0,0.0,0.0,0.0,0.0,0.0,0.0,0.0,0.0,0.0,0.0,0.0,0.0,0.0,0.0,0.0,0.0,0.0,0.0
9150,57,203,0,0.0,0.0,0.0,0.0,0.0,0.0,0.0,0.0,0.0,0.0,0.0,0.0,0.0,0.0,0.0,0.0,0.0,0.0,0.0,0.0,0.0,0.0,0.0,0.0,0.0,0.0,0.0,0.0,0.0,0.0,0.0,0.0,0.0,0.0,0.0
9151,57,204,0,0.0,0.0,0.0,0.0,0.0,0.0,0.0,0.0,0.0,0.0,0.0,0.0,0.0,0.0,0.0,0.0,0.0,0.0,0.0,0.0,0.0,0.0,0.0,0.0,0.0,0.0,0.0,0.0,0.0,0.0,0.0,0.0,0.0,0.0,0.0
9152,57,205,0,0.0,0.0,0.0,0.0,0.0,0.0,0.0,0.0,0.0,0.0,0.0,0.0,0.0,0.0,0.0,0.0,0.0,0.0,0.0,0.0,0.0,0.0,0.0,0.0,0.0,0.0,0.0,0.0,0.0,0.0,0.0,0.0,0.0,0.0,0.0
9153,57,206,0,0.0,0.0,0.0,0.0,0.0,0.0,0.0,0.0,0.0,0.0,0.0,0.0,0.0,0.0,0.0,0.0,0.0,0.0,0.0,0.0,0.0,0.0,0.0,0.0,0.0,0.0,0.0,0.0,0.0,0.0,0.0,0.0,0.0,0.0,0.0
9154,57,207,0,0.0,0.0,0.0,0.0,0.0,0.0,0.0,0.0,0.0,0.0,0.0,0.0,0.0,0.0,0.0,0.0,0.0,0.0,0.0,0.0,0.0,0.0,0.0,0.0,0.0,0.0,0.0,0.0,0.0,0.0,0.0,0.0,0.0,0.0,0.0
9155,57,209,0,0.0,0.0,0.0,0.0,0.0,0.0,0.0,0.0,0.0,0.0,0.0,0.0,0.0,0.0,0.0,0.0,0.0,0.0,0.0,0.0,0.0,0.0,0.0,0.0,0.0,0.0,0.0,0.0,0.0,0.0,0.0,0.0,0.0,0.0,0.0
9156,57,210,0,0.0,0.0,0.0,0.0,0.0,0.0,0.0,0.0,0.0,0.0,0.0,0.0,0.0,0.0,0.0,0.0,0.0,0.0,0.0,0.0,0.0,0.0,0.0,0.0,0.0,0.0,0.0,0.0,0.0,0.0,0.0,0.0,0.0,0.0,0.0
9157,57,211,0,0.0,0.0,0.0,0.0,0.0,0.0,0.0,0.0,0.0,0.0,0.0,0.0,0.0,0.0,0.0,0.0,0.0,0.0,0.0,0.0,0.0,0.0,0.0,0.0,0.0,0.0,0.0,0.0,0.0,0.0,0.0,0.0,0.0,0.0,0.0
9158,57,212,0,0.0,0.0,0.0,0.0,0.0,0.0,0.0,0.0,0.0,0.0,0.0,0.0,0.0,0.0,0.0,0.0,0.0,0.0,0.0,0.0,0.0,0.0,0.0,0.0,0.0,0.0,0.0,0.0,0.0,0.0,0.0,0.0,0.0,0.0,0.0
9159,57,215,107,3.73,44.41,20.03,39.0,0.0,41.12,100.0,0.97,0.0,0.0,0.0,0.0,95.14,44.48,19.79,38.77,2.91,35.0,5.0,66.66,0.0,0.0,0.0,0.0,0.97,23.0,0.0,0.0,0.0,0.0,0.0,0.0,0.0,0.0,0.0
9160,57,217,0,0.0,0.0,0.0,0.0,0.0,0.0,0.0,0.0,0.0,0.0,0.0,0.0,0.0,0.0,0.0,0.0,0.0,0.0,0.0,0.0,0.0,0.0,0.0,0.0,0.0,0.0,0.0,0.0,0.0,0.0,0.0,0.0,0.0,0.0,0.0
9161,57,218,0,0.0,0.0,0.0,0.0,0.0,0.0,0.0,0.0,0.0,0.0,0.0,0.0,0.0,0.0,0.0,0.0,0.0,0.0,0.0,0.0,0.0,0.0,0.0,0.0,0.0,0.0,0.0,0.0,0.0,0.0,0.0,0.0,0.0,0.0,0.0
9162,57,219,0,0.0,0.0,0.0,0.0,0.0,0.0,0.0,0.0,0.0,0.0,0.0,0.0,0.0,0.0,0.0,0.0,0.0,0.0,0.0,0.0,0.0,0.0,0.0,0.0,0.0,0.0,0.0,0.0,0.0,0.0,0.0,0.0,0.0,0.0,0.0
9163,57,220,0,0.0,0.0,0.0,0.0,0.0,0.0,0.0,0.0,0.0,0.0,0.0,0.0,0.0,0.0,0.0,0.0,0.0,0.0,0.0,0.0,0.0,0.0,0.0,0.0,0.0,0.0,0.0,0.0,0.0,0.0,0.0,0.0,0.0,0.0,0.0
9164,57,221,0,0.0,0.0,0.0,0.0,0.0,0.0,0.0,0.0,0.0,0.0,0.0,0.0,0.0,0.0,0.0,0.0,0.0,0.0,0.0,0.0,0.0,0.0,0.0,0.0,0.0,0.0,0.0,0.0,0.0,0.0,0.0,0.0,0.0,0.0,0.0
9165,57,224,0,0.0,0.0,0.0,0.0,0.0,0.0,0.0,0.0,0.0,0.0,0.0,0.0,0.0,0.0,0.0,0.0,0.0,0.0,0.0,0.0,0.0,0.0,0.0,0.0,0.0,0.0,0.0,0.0,0.0,0.0,0.0,0.0,0.0,0.0,0.0
9166,57,225,0,0.0,0.0,0.0,0.0,0.0,0.0,0.0,0.0,0.0,0.0,0.0,0.0,0.0,0.0,0.0,0.0,0.0,0.0,0.0,0.0,0.0,0.0,0.0,0.0,0.0,0.0,0.0,0.0,0.0,0.0,0.0,0.0,0.0,0.0,0.0
9167,58,1,0,0.0,0.0,0.0,0.0,0.0,0.0,0.0,0.0,0.0,0.0,0.0,0.0,0.0,0.0,0.0,0.0,0.0,0.0,0.0,0.0,0.0,0.0,0.0,0.0,0.0,0.0,0.0,0.0,0.0,0.0,0.0,0.0,0.0,0.0,0.0
9168,58,4,0,0.0,0.0,0.0,0.0,0.0,0.0,0.0,0.0,0.0,0.0,0.0,0.0,0.0,0.0,0.0,0.0,0.0,0.0,0.0,0.0,0.0,0.0,0.0,0.0,0.0,0.0,0.0,0.0,0.0,0.0,0.0,0.0,0.0,0.0,0.0
9169,58,6,0,0.0,0.0,0.0,0.0,0.0,0.0,0.0,0.0,0.0,0.0,0.0,0.0,0.0,0.0,0.0,0.0,0.0,0.0,0.0,0.0,0.0,0.0,0.0,0.0,0.0,0.0,0.0,0.0,0.0,0.0,0.0,0.0,0.0,0.0,0.0
9170,58,8,0,0.0,0.0,0.0,0.0,0.0,0.0,0.0,0.0,0.0,0.0,0.0,0.0,0.0,0.0,0.0,0.0,0.0,0.0,0.0,0.0,0.0,0.0,0.0,0.0,0.0,0.0,0.0,0.0,0.0,0.0,0.0,0.0,0.0,0.0,0.0
9171,58,9,0,0.0,0.0,0.0,0.0,0.0,0.0,0.0,0.0,0.0,0.0,0.0,0.0,0.0,0.0,0.0,0.0,0.0,0.0,0.0,0.0,0.0,0.0,0.0,0.0,0.0,0.0,0.0,0.0,0.0,0.0,0.0,0.0,0.0,0.0,0.0
9172,58,11,0,0.0,0.0,0.0,0.0,0.0,0.0,0.0,0.0,0.0,0.0,0.0,0.0,0.0,0.0,0.0,0.0,0.0,0.0,0.0,0.0,0.0,0.0,0.0,0.0,0.0,0.0,0.0,0.0,0.0,0.0,0.0,0.0,0.0,0.0,0.0
9173,58,12,0,0.0,0.0,0.0,0.0,0.0,0.0,0.0,0.0,0.0,0.0,0.0,0.0,0.0,0.0,0.0,0.0,0.0,0.0,0.0,0.0,0.0,0.0,0.0,0.0,0.0,0.0,0.0,0.0,0.0,0.0,0.0,0.0,0.0,0.0,0.0
9174,58,13,0,0.0,0.0,0.0,0.0,0.0,0.0,0.0,0.0,0.0,0.0,0.0,0.0,0.0,0.0,0.0,0.0,0.0,0.0,0.0,0.0,0.0,0.0,0.0,0.0,0.0,0.0,0.0,0.0,0.0,0.0,0.0,0.0,0.0,0.0,0.0
9175,58,15,0,0.0,0.0,0.0,0.0,0.0,0.0,0.0,0.0,0.0,0.0,0.0,0.0,0.0,0.0,0.0,0.0,0.0,0.0,0.0,0.0,0.0,0.0,0.0,0.0,0.0,0.0,0.0,0.0,0.0,0.0,0.0,0.0,0.0,0.0,0.0
9176,58,17,0,0.0,0.0,0.0,0.0,0.0,0.0,0.0,0.0,0.0,0.0,0.0,0.0,0.0,0.0,0.0,0.0,0.0,0.0,0.0,0.0,0.0,0.0,0.0,0.0,0.0,0.0,0.0,0.0,0.0,0.0,0.0,0.0,0.0,0.0,0.0
9177,58,18,0,0.0,0.0,0.0,0.0,0.0,0.0,0.0,0.0,0.0,0.0,0.0,0.0,0.0,0.0,0.0,0.0,0.0,0.0,0.0,0.0,0.0,0.0,0.0,0.0,0.0,0.0,0.0,0.0,0.0,0.0,0.0,0.0,0.0,0.0,0.0
9178,58,20,0,0.0,0.0,0.0,0.0,0.0,0.0,0.0,0.0,0.0,0.0,0.0,0.0,0.0,0.0,0.0,0.0,0.0,0.0,0.0,0.0,0.0,0.0,0.0,0.0,0.0,0.0,0.0,0.0,0.0,0.0,0.0,0.0,0.0,0.0,0.0
9179,58,21,0,0.0,0.0,0.0,0.0,0.0,0.0,0.0,0.0,0.0,0.0,0.0,0.0,0.0,0.0,0.0,0.0,0.0,0.0,0.0,0.0,0.0,0.0,0.0,0.0,0.0,0.0,0.0,0.0,0.0,0.0,0.0,0.0,0.0,0.0,0.0
9180,58,22,0,0.0,0.0,0.0,0.0,0.0,0.0,0.0,0.0,0.0,0.0,0.0,0.0,0.0,0.0,0.0,0.0,0.0,0.0,0.0,0.0,0.0,0.0,0.0,0.0,0.0,0.0,0.0,0.0,0.0,0.0,0.0,0.0,0.0,0.0,0.0
9181,58,27,0,0.0,0.0,0.0,0.0,0.0,0.0,0.0,0.0,0.0,0.0,0.0,0.0,0.0,0.0,0.0,0.0,0.0,0.0,0.0,0.0,0.0,0.0,0.0,0.0,0.0,0.0,0.0,0.0,0.0,0.0,0.0,0.0,0.0,0.0,0.0
9182,58,28,0,0.0,0.0,0.0,0.0,0.0,0.0,0.0,0.0,0.0,0.0,0.0,0.0,0.0,0.0,0.0,0.0,0.0,0.0,0.0,0.0,0.0,0.0,0.0,0.0,0.0,0.0,0.0,0.0,0.0,0.0,0.0,0.0,0.0,0.0,0.0
9183,58,33,0,0.0,0.0,0.0,0.0,0.0,0.0,0.0,0.0,0.0,0.0,0.0,0.0,0.0,0.0,0.0,0.0,0.0,0.0,0.0,0.0,0.0,0.0,0.0,0.0,0.0,0.0,0.0,0.0,0.0,0.0,0.0,0.0,0.0,0.0,0.0
9184,58,34,0,0.0,0.0,0.0,0.0,0.0,0.0,0.0,0.0,0.0,0.0,0.0,0.0,0.0,0.0,0.0,0.0,0.0,0.0,0.0,0.0,0.0,0.0,0.0,0.0,0.0,0.0,0.0,0.0,0.0,0.0,0.0,0.0,0.0,0.0,0.0
9185,58,36,0,0.0,0.0,0.0,0.0,0.0,0.0,0.0,0.0,0.0,0.0,0.0,0.0,0.0,0.0,0.0,0.0,0.0,0.0,0.0,0.0,0.0,0.0,0.0,0.0,0.0,0.0,0.0,0.0,0.0,0.0,0.0,0.0,0.0,0.0,0.0
9186,58,38,0,0.0,0.0,0.0,0.0,0.0,0.0,0.0,0.0,0.0,0.0,0.0,0.0,0.0,0.0,0.0,0.0,0.0,0.0,0.0,0.0,0.0,0.0,0.0,0.0,0.0,0.0,0.0,0.0,0.0,0.0,0.0,0.0,0.0,0.0,0.0
9187,58,40,0,0.0,0.0,0.0,0.0,0.0,0.0,0.0,0.0,0.0,0.0,0.0,0.0,0.0,0.0,0.0,0.0,0.0,0.0,0.0,0.0,0.0,0.0,0.0,0.0,0.0,0.0,0.0,0.0,0.0,0.0,0.0,0.0,0.0,0.0,0.0
9188,58,42,0,0.0,0.0,0.0,0.0,0.0,0.0,0.0,0.0,0.0,0.0,0.0,0.0,0.0,0.0,0.0,0.0,0.0,0.0,0.0,0.0,0.0,0.0,0.0,0.0,0.0,0.0,0.0,0.0,0.0,0.0,0.0,0.0,0.0,0.0,0.0
9189,58,44,0,0.0,0.0,0.0,0.0,0.0,0.0,0.0,0.0,0.0,0.0,0.0,0.0,0.0,0.0,0.0,0.0,0.0,0.0,0.0,0.0,0.0,0.0,0.0,0.0,0.0,0.0,0.0,0.0,0.0,0.0,0.0,0.0,0.0,0.0,0.0
9190,58,45,0,0.0,0.0,0.0,0.0,0.0,0.0,0.0,0.0,0.0,0.0,0.0,0.0,0.0,0.0,0.0,0.0,0.0,0.0,0.0,0.0,0.0,0.0,0.0,0.0,0.0,0.0,0.0,0.0,0.0,0.0,0.0,0.0,0.0,0.0,0.0
9191,58,46,0,0.0,0.0,0.0,0.0,0.0,0.0,0.0,0.0,0.0,0.0,0.0,0.0,0.0,0.0,0.0,0.0,0.0,0.0,0.0,0.0,0.0,0.0,0.0,0.0,0.0,0.0,0.0,0.0,0.0,0.0,0.0,0.0,0.0,0.0,0.0
9192,58,47,0,0.0,0.0,0.0,0.0,0.0,0.0,0.0,0.0,0.0,0.0,0.0,0.0,0.0,0.0,0.0,0.0,0.0,0.0,0.0,0.0,0.0,0.0,0.0,0.0,0.0,0.0,0.0,0.0,0.0,0.0,0.0,0.0,0.0,0.0,0.0
9193,58,48,0,0.0,0.0,0.0,0.0,0.0,0.0,0.0,0.0,0.0,0.0,0.0,0.0,0.0,0.0,0.0,0.0,0.0,0.0,0.0,0.0,0.0,0.0,0.0,0.0,0.0,0.0,0.0,0.0,0.0,0.0,0.0,0.0,0.0,0.0,0.0
9194,58,50,0,0.0,0.0,0.0,0.0,0.0,0.0,0.0,0.0,0.0,0.0,0.0,0.0,0.0,0.0,0.0,0.0,0.0,0.0,0.0,0.0,0.0,0.0,0.0,0.0,0.0,0.0,0.0,0.0,0.0,0.0,0.0,0.0,0.0,0.0,0.0
9195,58,55,0,0.0,0.0,0.0,0.0,0.0,0.0,0.0,0.0,0.0,0.0,0.0,0.0,0.0,0.0,0.0,0.0,0.0,0.0,0.0,0.0,0.0,0.0,0.0,0.0,0.0,0.0,0.0,0.0,0.0,0.0,0.0,0.0,0.0,0.0,0.0
9196,58,57,0,0.0,0.0,0.0,0.0,0.0,0.0,0.0,0.0,0.0,0.0,0.0,0.0,0.0,0.0,0.0,0.0,0.0,0.0,0.0,0.0,0.0,0.0,0.0,0.0,0.0,0.0,0.0,0.0,0.0,0.0,0.0,0.0,0.0,0.0,0.0
9197,58,62,0,0.0,0.0,0.0,0.0,0.0,0.0,0.0,0.0,0.0,0.0,0.0,0.0,0.0,0.0,0.0,0.0,0.0,0.0,0.0,0.0,0.0,0.0,0.0,0.0,0.0,0.0,0.0,0.0,0.0,0.0,0.0,0.0,0.0,0.0,0.0
9198,58,65,0,0.0,0.0,0.0,0.0,0.0,0.0,0.0,0.0,0.0,0.0,0.0,0.0,0.0,0.0,0.0,0.0,0.0,0.0,0.0,0.0,0.0,0.0,0.0,0.0,0.0,0.0,0.0,0.0,0.0,0.0,0.0,0.0,0.0,0.0,0.0
9199,58,66,0,0.0,0.0,0.0,0.0,0.0,0.0,0.0,0.0,0.0,0.0,0.0,0.0,0.0,0.0,0.0,0.0,0.0,0.0,0.0,0.0,0.0,0.0,0.0,0.0,0.0,0.0,0.0,0.0,0.0,0.0,0.0,0.0,0.0,0.0,0.0
9200,58,68,0,0.0,0.0,0.0,0.0,0.0,0.0,0.0,0.0,0.0,0.0,0.0,0.0,0.0,0.0,0.0,0.0,0.0,0.0,0.0,0.0,0.0,0.0,0.0,0.0,0.0,0.0,0.0,0.0,0.0,0.0,0.0,0.0,0.0,0.0,0.0
9201,58,69,0,0.0,0.0,0.0,0.0,0.0,0.0,0.0,0.0,0.0,0.0,0.0,0.0,0.0,0.0,0.0,0.0,0.0,0.0,0.0,0.0,0.0,0.0,0.0,0.0,0.0,0.0,0.0,0.0,0.0,0.0,0.0,0.0,0.0,0.0,0.0
9202,58,70,0,0.0,0.0,0.0,0.0,0.0,0.0,0.0,0.0,0.0,0.0,0.0,0.0,0.0,0.0,0.0,0.0,0.0,0.0,0.0,0.0,0.0,0.0,0.0,0.0,0.0,0.0,0.0,0.0,0.0,0.0,0.0,0.0,0.0,0.0,0.0
9203,58,74,0,0.0,0.0,0.0,0.0,0.0,0.0,0.0,0.0,0.0,0.0,0.0,0.0,0.0,0.0,0.0,0.0,0.0,0.0,0.0,0.0,0.0,0.0,0.0,0.0,0.0,0.0,0.0,0.0,0.0,0.0,0.0,0.0,0.0,0.0,0.0
9204,58,76,0,0.0,0.0,0.0,0.0,0.0,0.0,0.0,0.0,0.0,0.0,0.0,0.0,0.0,0.0,0.0,0.0,0.0,0.0,0.0,0.0,0.0,0.0,0.0,0.0,0.0,0.0,0.0,0.0,0.0,0.0,0.0,0.0,0.0,0.0,0.0
9205,58,77,0,0.0,0.0,0.0,0.0,0.0,0.0,0.0,0.0,0.0,0.0,0.0,0.0,0.0,0.0,0.0,0.0,0.0,0.0,0.0,0.0,0.0,0.0,0.0,0.0,0.0,0.0,0.0,0.0,0.0,0.0,0.0,0.0,0.0,0.0,0.0
9206,58,78,0,0.0,0.0,0.0,0.0,0.0,0.0,0.0,0.0,0.0,0.0,0.0,0.0,0.0,0.0,0.0,0.0,0.0,0.0,0.0,0.0,0.0,0.0,0.0,0.0,0.0,0.0,0.0,0.0,0.0,0.0,0.0,0.0,0.0,0.0,0.0
9207,58,79,0,0.0,0.0,0.0,0.0,0.0,0.0,0.0,0.0,0.0,0.0,0.0,0.0,0.0,0.0,0.0,0.0,0.0,0.0,0.0,0.0,0.0,0.0,0.0,0.0,0.0,0.0,0.0,0.0,0.0,0.0,0.0,0.0,0.0,0.0,0.0
9208,58,82,0,0.0,0.0,0.0,0.0,0.0,0.0,0.0,0.0,0.0,0.0,0.0,0.0,0.0,0.0,0.0,0.0,0.0,0.0,0.0,0.0,0.0,0.0,0.0,0.0,0.0,0.0,0.0,0.0,0.0,0.0,0.0,0.0,0.0,0.0,0.0
9209,58,84,0,0.0,0.0,0.0,0.0,0.0,0.0,0.0,0.0,0.0,0.0,0.0,0.0,0.0,0.0,0.0,0.0,0.0,0.0,0.0,0.0,0.0,0.0,0.0,0.0,0.0,0.0,0.0,0.0,0.0,0.0,0.0,0.0,0.0,0.0,0.0
9210,58,87,0,0.0,0.0,0.0,0.0,0.0,0.0,0.0,0.0,0.0,0.0,0.0,0.0,0.0,0.0,0.0,0.0,0.0,0.0,0.0,0.0,0.0,0.0,0.0,0.0,0.0,0.0,0.0,0.0,0.0,0.0,0.0,0.0,0.0,0.0,0.0
9211,58,88,0,0.0,0.0,0.0,0.0,0.0,0.0,0.0,0.0,0.0,0.0,0.0,0.0,0.0,0.0,0.0,0.0,0.0,0.0,0.0,0.0,0.0,0.0,0.0,0.0,0.0,0.0,0.0,0.0,0.0,0.0,0.0,0.0,0.0,0.0,0.0
9212,58,91,0,0.0,0.0,0.0,0.0,0.0,0.0,0.0,0.0,0.0,0.0,0.0,0.0,0.0,0.0,0.0,0.0,0.0,0.0,0.0,0.0,0.0,0.0,0.0,0.0,0.0,0.0,0.0,0.0,0.0,0.0,0.0,0.0,0.0,0.0,0.0
9213,58,92,0,0.0,0.0,0.0,0.0,0.0,0.0,0.0,0.0,0.0,0.0,0.0,0.0,0.0,0.0,0.0,0.0,0.0,0.0,0.0,0.0,0.0,0.0,0.0,0.0,0.0,0.0,0.0,0.0,0.0,0.0,0.0,0.0,0.0,0.0,0.0
9214,58,95,0,0.0,0.0,0.0,0.0,0.0,0.0,0.0,0.0,0.0,0.0,0.0,0.0,0.0,0.0,0.0,0.0,0.0,0.0,0.0,0.0,0.0,0.0,0.0,0.0,0.0,0.0,0.0,0.0,0.0,0.0,0.0,0.0,0.0,0.0,0.0
9215,58,96,0,0.0,0.0,0.0,0.0,0.0,0.0,0.0,0.0,0.0,0.0,0.0,0.0,0.0,0.0,0.0,0.0,0.0,0.0,0.0,0.0,0.0,0.0,0.0,0.0,0.0,0.0,0.0,0.0,0.0,0.0,0.0,0.0,0.0,0.0,0.0
9216,58,98,0,0.0,0.0,0.0,0.0,0.0,0.0,0.0,0.0,0.0,0.0,0.0,0.0,0.0,0.0,0.0,0.0,0.0,0.0,0.0,0.0,0.0,0.0,0.0,0.0,0.0,0.0,0.0,0.0,0.0,0.0,0.0,0.0,0.0,0.0,0.0
9217,58,99,0,0.0,0.0,0.0,0.0,0.0,0.0,0.0,0.0,0.0,0.0,0.0,0.0,0.0,0.0,0.0,0.0,0.0,0.0,0.0,0.0,0.0,0.0,0.0,0.0,0.0,0.0,0.0,0.0,0.0,0.0,0.0,0.0,0.0,0.0,0.0
9218,58,106,0,0.0,0.0,0.0,0.0,0.0,0.0,0.0,0.0,0.0,0.0,0.0,0.0,0.0,0.0,0.0,0.0,0.0,0.0,0.0,0.0,0.0,0.0,0.0,0.0,0.0,0.0,0.0,0.0,0.0,0.0,0.0,0.0,0.0,0.0,0.0
9219,58,108,0,0.0,0.0,0.0,0.0,0.0,0.0,0.0,0.0,0.0,0.0,0.0,0.0,0.0,0.0,0.0,0.0,0.0,0.0,0.0,0.0,0.0,0.0,0.0,0.0,0.0,0.0,0.0,0.0,0.0,0.0,0.0,0.0,0.0,0.0,0.0
9220,58,109,0,0.0,0.0,0.0,0.0,0.0,0.0,0.0,0.0,0.0,0.0,0.0,0.0,0.0,0.0,0.0,0.0,0.0,0.0,0.0,0.0,0.0,0.0,0.0,0.0,0.0,0.0,0.0,0.0,0.0,0.0,0.0,0.0,0.0,0.0,0.0
9221,58,114,0,0.0,0.0,0.0,0.0,0.0,0.0,0.0,0.0,0.0,0.0,0.0,0.0,0.0,0.0,0.0,0.0,0.0,0.0,0.0,0.0,0.0,0.0,0.0,0.0,0.0,0.0,0.0,0.0,0.0,0.0,0.0,0.0,0.0,0.0,0.0
9222,58,115,0,0.0,0.0,0.0,0.0,0.0,0.0,0.0,0.0,0.0,0.0,0.0,0.0,0.0,0.0,0.0,0.0,0.0,0.0,0.0,0.0,0.0,0.0,0.0,0.0,0.0,0.0,0.0,0.0,0.0,0.0,0.0,0.0,0.0,0.0,0.0
9223,58,117,0,0.0,0.0,0.0,0.0,0.0,0.0,0.0,0.0,0.0,0.0,0.0,0.0,0.0,0.0,0.0,0.0,0.0,0.0,0.0,0.0,0.0,0.0,0.0,0.0,0.0,0.0,0.0,0.0,0.0,0.0,0.0,0.0,0.0,0.0,0.0
9224,58,119,0,0.0,0.0,0.0,0.0,0.0,0.0,0.0,0.0,0.0,0.0,0.0,0.0,0.0,0.0,0.0,0.0,0.0,0.0,0.0,0.0,0.0,0.0,0.0,0.0,0.0,0.0,0.0,0.0,0.0,0.0,0.0,0.0,0.0,0.0,0.0
9225,58,121,0,0.0,0.0,0.0,0.0,0.0,0.0,0.0,0.0,0.0,0.0,0.0,0.0,0.0,0.0,0.0,0.0,0.0,0.0,0.0,0.0,0.0,0.0,0.0,0.0,0.0,0.0,0.0,0.0,0.0,0.0,0.0,0.0,0.0,0.0,0.0
9226,58,122,0,0.0,0.0,0.0,0.0,0.0,0.0,0.0,0.0,0.0,0.0,0.0,0.0,0.0,0.0,0.0,0.0,0.0,0.0,0.0,0.0,0.0,0.0,0.0,0.0,0.0,0.0,0.0,0.0,0.0,0.0,0.0,0.0,0.0,0.0,0.0
9227,58,123,0,0.0,0.0,0.0,0.0,0.0,0.0,0.0,0.0,0.0,0.0,0.0,0.0,0.0,0.0,0.0,0.0,0.0,0.0,0.0,0.0,0.0,0.0,0.0,0.0,0.0,0.0,0.0,0.0,0.0,0.0,0.0,0.0,0.0,0.0,0.0
9228,58,127,0,0.0,0.0,0.0,0.0,0.0,0.0,0.0,0.0,0.0,0.0,0.0,0.0,0.0,0.0,0.0,0.0,0.0,0.0,0.0,0.0,0.0,0.0,0.0,0.0,0.0,0.0,0.0,0.0,0.0,0.0,0.0,0.0,0.0,0.0,0.0
9229,58,128,0,0.0,0.0,0.0,0.0,0.0,0.0,0.0,0.0,0.0,0.0,0.0,0.0,0.0,0.0,0.0,0.0,0.0,0.0,0.0,0.0,0.0,0.0,0.0,0.0,0.0,0.0,0.0,0.0,0.0,0.0,0.0,0.0,0.0,0.0,0.0
9230,58,129,0,0.0,0.0,0.0,0.0,0.0,0.0,0.0,0.0,0.0,0.0,0.0,0.0,0.0,0.0,0.0,0.0,0.0,0.0,0.0,0.0,0.0,0.0,0.0,0.0,0.0,0.0,0.0,0.0,0.0,0.0,0.0,0.0,0.0,0.0,0.0
9231,58,130,0,0.0,0.0,0.0,0.0,0.0,0.0,0.0,0.0,0.0,0.0,0.0,0.0,0.0,0.0,0.0,0.0,0.0,0.0,0.0,0.0,0.0,0.0,0.0,0.0,0.0,0.0,0.0,0.0,0.0,0.0,0.0,0.0,0.0,0.0,0.0
9232,58,131,0,0.0,0.0,0.0,0.0,0.0,0.0,0.0,0.0,0.0,0.0,0.0,0.0,0.0,0.0,0.0,0.0,0.0,0.0,0.0,0.0,0.0,0.0,0.0,0.0,0.0,0.0,0.0,0.0,0.0,0.0,0.0,0.0,0.0,0.0,0.0
9233,58,133,0,0.0,0.0,0.0,0.0,0.0,0.0,0.0,0.0,0.0,0.0,0.0,0.0,0.0,0.0,0.0,0.0,0.0,0.0,0.0,0.0,0.0,0.0,0.0,0.0,0.0,0.0,0.0,0.0,0.0,0.0,0.0,0.0,0.0,0.0,0.0
9234,58,134,0,0.0,0.0,0.0,0.0,0.0,0.0,0.0,0.0,0.0,0.0,0.0,0.0,0.0,0.0,0.0,0.0,0.0,0.0,0.0,0.0,0.0,0.0,0.0,0.0,0.0,0.0,0.0,0.0,0.0,0.0,0.0,0.0,0.0,0.0,0.0
9235,58,135,0,0.0,0.0,0.0,0.0,0.0,0.0,0.0,0.0,0.0,0.0,0.0,0.0,0.0,0.0,0.0,0.0,0.0,0.0,0.0,0.0,0.0,0.0,0.0,0.0,0.0,0.0,0.0,0.0,0.0,0.0,0.0,0.0,0.0,0.0,0.0
9236,58,136,0,0.0,0.0,0.0,0.0,0.0,0.0,0.0,0.0,0.0,0.0,0.0,0.0,0.0,0.0,0.0,0.0,0.0,0.0,0.0,0.0,0.0,0.0,0.0,0.0,0.0,0.0,0.0,0.0,0.0,0.0,0.0,0.0,0.0,0.0,0.0
9237,58,137,0,0.0,0.0,0.0,0.0,0.0,0.0,0.0,0.0,0.0,0.0,0.0,0.0,0.0,0.0,0.0,0.0,0.0,0.0,0.0,0.0,0.0,0.0,0.0,0.0,0.0,0.0,0.0,0.0,0.0,0.0,0.0,0.0,0.0,0.0,0.0
9238,58,139,0,0.0,0.0,0.0,0.0,0.0,0.0,0.0,0.0,0.0,0.0,0.0,0.0,0.0,0.0,0.0,0.0,0.0,0.0,0.0,0.0,0.0,0.0,0.0,0.0,0.0,0.0,0.0,0.0,0.0,0.0,0.0,0.0,0.0,0.0,0.0
9239,58,140,0,0.0,0.0,0.0,0.0,0.0,0.0,0.0,0.0,0.0,0.0,0.0,0.0,0.0,0.0,0.0,0.0,0.0,0.0,0.0,0.0,0.0,0.0,0.0,0.0,0.0,0.0,0.0,0.0,0.0,0.0,0.0,0.0,0.0,0.0,0.0
9240,58,141,0,0.0,0.0,0.0,0.0,0.0,0.0,0.0,0.0,0.0,0.0,0.0,0.0,0.0,0.0,0.0,0.0,0.0,0.0,0.0,0.0,0.0,0.0,0.0,0.0,0.0,0.0,0.0,0.0,0.0,0.0,0.0,0.0,0.0,0.0,0.0
9241,58,142,0,0.0,0.0,0.0,0.0,0.0,0.0,0.0,0.0,0.0,0.0,0.0,0.0,0.0,0.0,0.0,0.0,0.0,0.0,0.0,0.0,0.0,0.0,0.0,0.0,0.0,0.0,0.0,0.0,0.0,0.0,0.0,0.0,0.0,0.0,0.0
9242,58,143,0,0.0,0.0,0.0,0.0,0.0,0.0,0.0,0.0,0.0,0.0,0.0,0.0,0.0,0.0,0.0,0.0,0.0,0.0,0.0,0.0,0.0,0.0,0.0,0.0,0.0,0.0,0.0,0.0,0.0,0.0,0.0,0.0,0.0,0.0,0.0
9243,58,145,0,0.0,0.0,0.0,0.0,0.0,0.0,0.0,0.0,0.0,0.0,0.0,0.0,0.0,0.0,0.0,0.0,0.0,0.0,0.0,0.0,0.0,0.0,0.0,0.0,0.0,0.0,0.0,0.0,0.0,0.0,0.0,0.0,0.0,0.0,0.0
9244,58,147,0,0.0,0.0,0.0,0.0,0.0,0.0,0.0,0.0,0.0,0.0,0.0,0.0,0.0,0.0,0.0,0.0,0.0,0.0,0.0,0.0,0.0,0.0,0.0,0.0,0.0,0.0,0.0,0.0,0.0,0.0,0.0,0.0,0.0,0.0,0.0
9245,58,148,0,0.0,0.0,0.0,0.0,0.0,0.0,0.0,0.0,0.0,0.0,0.0,0.0,0.0,0.0,0.0,0.0,0.0,0.0,0.0,0.0,0.0,0.0,0.0,0.0,0.0,0.0,0.0,0.0,0.0,0.0,0.0,0.0,0.0,0.0,0.0
9246,58,152,0,0.0,0.0,0.0,0.0,0.0,0.0,0.0,0.0,0.0,0.0,0.0,0.0,0.0,0.0,0.0,0.0,0.0,0.0,0.0,0.0,0.0,0.0,0.0,0.0,0.0,0.0,0.0,0.0,0.0,0.0,0.0,0.0,0.0,0.0,0.0
9247,58,153,0,0.0,0.0,0.0,0.0,0.0,0.0,0.0,0.0,0.0,0.0,0.0,0.0,0.0,0.0,0.0,0.0,0.0,0.0,0.0,0.0,0.0,0.0,0.0,0.0,0.0,0.0,0.0,0.0,0.0,0.0,0.0,0.0,0.0,0.0,0.0
9248,58,154,0,0.0,0.0,0.0,0.0,0.0,0.0,0.0,0.0,0.0,0.0,0.0,0.0,0.0,0.0,0.0,0.0,0.0,0.0,0.0,0.0,0.0,0.0,0.0,0.0,0.0,0.0,0.0,0.0,0.0,0.0,0.0,0.0,0.0,0.0,0.0
9249,58,157,0,0.0,0.0,0.0,0.0,0.0,0.0,0.0,0.0,0.0,0.0,0.0,0.0,0.0,0.0,0.0,0.0,0.0,0.0,0.0,0.0,0.0,0.0,0.0,0.0,0.0,0.0,0.0,0.0,0.0,0.0,0.0,0.0,0.0,0.0,0.0
9250,58,158,0,0.0,0.0,0.0,0.0,0.0,0.0,0.0,0.0,0.0,0.0,0.0,0.0,0.0,0.0,0.0,0.0,0.0,0.0,0.0,0.0,0.0,0.0,0.0,0.0,0.0,0.0,0.0,0.0,0.0,0.0,0.0,0.0,0.0,0.0,0.0
9251,58,161,0,0.0,0.0,0.0,0.0,0.0,0.0,0.0,0.0,0.0,0.0,0.0,0.0,0.0,0.0,0.0,0.0,0.0,0.0,0.0,0.0,0.0,0.0,0.0,0.0,0.0,0.0,0.0,0.0,0.0,0.0,0.0,0.0,0.0,0.0,0.0
9252,58,164,276,1.08,39.07,18.87,46.5,14.05,43.11,75.0,1.46,4.02,47.54,21.64,45.45,81.68,38.71,17.96,43.04,1.83,34.0,9.56,100.0,0.36,32.0,0.0,100.0,8.79,37.33,25.29,25.0,1.83,54.0,27.0,60.0,0.0,0.0,0.0
9253,58,165,0,0.0,0.0,0.0,0.0,0.0,0.0,0.0,0.0,0.0,0.0,0.0,0.0,0.0,0.0,0.0,0.0,0.0,0.0,0.0,0.0,0.0,0.0,0.0,0.0,0.0,0.0,0.0,0.0,0.0,0.0,0.0,0.0,0.0,0.0,0.0
9254,58,166,0,0.0,0.0,0.0,0.0,0.0,0.0,0.0,0.0,0.0,0.0,0.0,0.0,0.0,0.0,0.0,0.0,0.0,0.0,0.0,0.0,0.0,0.0,0.0,0.0,0.0,0.0,0.0,0.0,0.0,0.0,0.0,0.0,0.0,0.0,0.0
9255,58,167,0,0.0,0.0,0.0,0.0,0.0,0.0,0.0,0.0,0.0,0.0,0.0,0.0,0.0,0.0,0.0,0.0,0.0,0.0,0.0,0.0,0.0,0.0,0.0,0.0,0.0,0.0,0.0,0.0,0.0,0.0,0.0,0.0,0.0,0.0,0.0
9256,58,169,0,0.0,0.0,0.0,0.0,0.0,0.0,0.0,0.0,0.0,0.0,0.0,0.0,0.0,0.0,0.0,0.0,0.0,0.0,0.0,0.0,0.0,0.0,0.0,0.0,0.0,0.0,0.0,0.0,0.0,0.0,0.0,0.0,0.0,0.0,0.0
9257,58,174,0,0.0,0.0,0.0,0.0,0.0,0.0,0.0,0.0,0.0,0.0,0.0,0.0,0.0,0.0,0.0,0.0,0.0,0.0,0.0,0.0,0.0,0.0,0.0,0.0,0.0,0.0,0.0,0.0,0.0,0.0,0.0,0.0,0.0,0.0,0.0
9258,58,175,0,0.0,0.0,0.0,0.0,0.0,0.0,0.0,0.0,0.0,0.0,0.0,0.0,0.0,0.0,0.0,0.0,0.0,0.0,0.0,0.0,0.0,0.0,0.0,0.0,0.0,0.0,0.0,0.0,0.0,0.0,0.0,0.0,0.0,0.0,0.0
9259,58,176,0,0.0,0.0,0.0,0.0,0.0,0.0,0.0,0.0,0.0,0.0,0.0,0.0,0.0,0.0,0.0,0.0,0.0,0.0,0.0,0.0,0.0,0.0,0.0,0.0,0.0,0.0,0.0,0.0,0.0,0.0,0.0,0.0,0.0,0.0,0.0
9260,58,177,0,0.0,0.0,0.0,0.0,0.0,0.0,0.0,0.0,0.0,0.0,0.0,0.0,0.0,0.0,0.0,0.0,0.0,0.0,0.0,0.0,0.0,0.0,0.0,0.0,0.0,0.0,0.0,0.0,0.0,0.0,0.0,0.0,0.0,0.0,0.0
9261,58,178,0,0.0,0.0,0.0,0.0,0.0,0.0,0.0,0.0,0.0,0.0,0.0,0.0,0.0,0.0,0.0,0.0,0.0,0.0,0.0,0.0,0.0,0.0,0.0,0.0,0.0,0.0,0.0,0.0,0.0,0.0,0.0,0.0,0.0,0.0,0.0
9262,58,179,0,0.0,0.0,0.0,0.0,0.0,0.0,0.0,0.0,0.0,0.0,0.0,0.0,0.0,0.0,0.0,0.0,0.0,0.0,0.0,0.0,0.0,0.0,0.0,0.0,0.0,0.0,0.0,0.0,0.0,0.0,0.0,0.0,0.0,0.0,0.0
9263,58,180,0,0.0,0.0,0.0,0.0,0.0,0.0,0.0,0.0,0.0,0.0,0.0,0.0,0.0,0.0,0.0,0.0,0.0,0.0,0.0,0.0,0.0,0.0,0.0,0.0,0.0,0.0,0.0,0.0,0.0,0.0,0.0,0.0,0.0,0.0,0.0
9264,58,181,0,0.0,0.0,0.0,0.0,0.0,0.0,0.0,0.0,0.0,0.0,0.0,0.0,0.0,0.0,0.0,0.0,0.0,0.0,0.0,0.0,0.0,0.0,0.0,0.0,0.0,0.0,0.0,0.0,0.0,0.0,0.0,0.0,0.0,0.0,0.0
9265,58,182,0,0.0,0.0,0.0,0.0,0.0,0.0,0.0,0.0,0.0,0.0,0.0,0.0,0.0,0.0,0.0,0.0,0.0,0.0,0.0,0.0,0.0,0.0,0.0,0.0,0.0,0.0,0.0,0.0,0.0,0.0,0.0,0.0,0.0,0.0,0.0
9266,58,184,0,0.0,0.0,0.0,0.0,0.0,0.0,0.0,0.0,0.0,0.0,0.0,0.0,0.0,0.0,0.0,0.0,0.0,0.0,0.0,0.0,0.0,0.0,0.0,0.0,0.0,0.0,0.0,0.0,0.0,0.0,0.0,0.0,0.0,0.0,0.0
9267,58,185,0,0.0,0.0,0.0,0.0,0.0,0.0,0.0,0.0,0.0,0.0,0.0,0.0,0.0,0.0,0.0,0.0,0.0,0.0,0.0,0.0,0.0,0.0,0.0,0.0,0.0,0.0,0.0,0.0,0.0,0.0,0.0,0.0,0.0,0.0,0.0
9268,58,187,0,0.0,0.0,0.0,0.0,0.0,0.0,0.0,0.0,0.0,0.0,0.0,0.0,0.0,0.0,0.0,0.0,0.0,0.0,0.0,0.0,0.0,0.0,0.0,0.0,0.0,0.0,0.0,0.0,0.0,0.0,0.0,0.0,0.0,0.0,0.0
9269,58,188,0,0.0,0.0,0.0,0.0,0.0,0.0,0.0,0.0,0.0,0.0,0.0,0.0,0.0,0.0,0.0,0.0,0.0,0.0,0.0,0.0,0.0,0.0,0.0,0.0,0.0,0.0,0.0,0.0,0.0,0.0,0.0,0.0,0.0,0.0,0.0
9270,58,192,0,0.0,0.0,0.0,0.0,0.0,0.0,0.0,0.0,0.0,0.0,0.0,0.0,0.0,0.0,0.0,0.0,0.0,0.0,0.0,0.0,0.0,0.0,0.0,0.0,0.0,0.0,0.0,0.0,0.0,0.0,0.0,0.0,0.0,0.0,0.0
9271,58,193,0,0.0,0.0,0.0,0.0,0.0,0.0,0.0,0.0,0.0,0.0,0.0,0.0,0.0,0.0,0.0,0.0,0.0,0.0,0.0,0.0,0.0,0.0,0.0,0.0,0.0,0.0,0.0,0.0,0.0,0.0,0.0,0.0,0.0,0.0,0.0
9272,58,195,0,0.0,0.0,0.0,0.0,0.0,0.0,0.0,0.0,0.0,0.0,0.0,0.0,0.0,0.0,0.0,0.0,0.0,0.0,0.0,0.0,0.0,0.0,0.0,0.0,0.0,0.0,0.0,0.0,0.0,0.0,0.0,0.0,0.0,0.0,0.0
9273,58,196,0,0.0,0.0,0.0,0.0,0.0,0.0,0.0,0.0,0.0,0.0,0.0,0.0,0.0,0.0,0.0,0.0,0.0,0.0,0.0,0.0,0.0,0.0,0.0,0.0,0.0,0.0,0.0,0.0,0.0,0.0,0.0,0.0,0.0,0.0,0.0
9274,58,197,0,0.0,0.0,0.0,0.0,0.0,0.0,0.0,0.0,0.0,0.0,0.0,0.0,0.0,0.0,0.0,0.0,0.0,0.0,0.0,0.0,0.0,0.0,0.0,0.0,0.0,0.0,0.0,0.0,0.0,0.0,0.0,0.0,0.0,0.0,0.0
9275,58,198,0,0.0,0.0,0.0,0.0,0.0,0.0,0.0,0.0,0.0,0.0,0.0,0.0,0.0,0.0,0.0,0.0,0.0,0.0,0.0,0.0,0.0,0.0,0.0,0.0,0.0,0.0,0.0,0.0,0.0,0.0,0.0,0.0,0.0,0.0,0.0
9276,58,199,0,0.0,0.0,0.0,0.0,0.0,0.0,0.0,0.0,0.0,0.0,0.0,0.0,0.0,0.0,0.0,0.0,0.0,0.0,0.0,0.0,0.0,0.0,0.0,0.0,0.0,0.0,0.0,0.0,0.0,0.0,0.0,0.0,0.0,0.0,0.0
9277,58,201,0,0.0,0.0,0.0,0.0,0.0,0.0,0.0,0.0,0.0,0.0,0.0,0.0,0.0,0.0,0.0,0.0,0.0,0.0,0.0,0.0,0.0,0.0,0.0,0.0,0.0,0.0,0.0,0.0,0.0,0.0,0.0,0.0,0.0,0.0,0.0
9278,58,203,0,0.0,0.0,0.0,0.0,0.0,0.0,0.0,0.0,0.0,0.0,0.0,0.0,0.0,0.0,0.0,0.0,0.0,0.0,0.0,0.0,0.0,0.0,0.0,0.0,0.0,0.0,0.0,0.0,0.0,0.0,0.0,0.0,0.0,0.0,0.0
9279,58,205,0,0.0,0.0,0.0,0.0,0.0,0.0,0.0,0.0,0.0,0.0,0.0,0.0,0.0,0.0,0.0,0.0,0.0,0.0,0.0,0.0,0.0,0.0,0.0,0.0,0.0,0.0,0.0,0.0,0.0,0.0,0.0,0.0,0.0,0.0,0.0
9280,58,206,0,0.0,0.0,0.0,0.0,0.0,0.0,0.0,0.0,0.0,0.0,0.0,0.0,0.0,0.0,0.0,0.0,0.0,0.0,0.0,0.0,0.0,0.0,0.0,0.0,0.0,0.0,0.0,0.0,0.0,0.0,0.0,0.0,0.0,0.0,0.0
9281,58,207,0,0.0,0.0,0.0,0.0,0.0,0.0,0.0,0.0,0.0,0.0,0.0,0.0,0.0,0.0,0.0,0.0,0.0,0.0,0.0,0.0,0.0,0.0,0.0,0.0,0.0,0.0,0.0,0.0,0.0,0.0,0.0,0.0,0.0,0.0,0.0
9282,58,211,0,0.0,0.0,0.0,0.0,0.0,0.0,0.0,0.0,0.0,0.0,0.0,0.0,0.0,0.0,0.0,0.0,0.0,0.0,0.0,0.0,0.0,0.0,0.0,0.0,0.0,0.0,0.0,0.0,0.0,0.0,0.0,0.0,0.0,0.0,0.0
9283,58,212,0,0.0,0.0,0.0,0.0,0.0,0.0,0.0,0.0,0.0,0.0,0.0,0.0,0.0,0.0,0.0,0.0,0.0,0.0,0.0,0.0,0.0,0.0,0.0,0.0,0.0,0.0,0.0,0.0,0.0,0.0,0.0,0.0,0.0,0.0,0.0
9284,58,213,0,0.0,0.0,0.0,0.0,0.0,0.0,0.0,0.0,0.0,0.0,0.0,0.0,0.0,0.0,0.0,0.0,0.0,0.0,0.0,0.0,0.0,0.0,0.0,0.0,0.0,0.0,0.0,0.0,0.0,0.0,0.0,0.0,0.0,0.0,0.0
9285,58,214,0,0.0,0.0,0.0,0.0,0.0,0.0,0.0,0.0,0.0,0.0,0.0,0.0,0.0,0.0,0.0,0.0,0.0,0.0,0.0,0.0,0.0,0.0,0.0,0.0,0.0,0.0,0.0,0.0,0.0,0.0,0.0,0.0,0.0,0.0,0.0
9286,58,215,0,0.0,0.0,0.0,0.0,0.0,0.0,0.0,0.0,0.0,0.0,0.0,0.0,0.0,0.0,0.0,0.0,0.0,0.0,0.0,0.0,0.0,0.0,0.0,0.0,0.0,0.0,0.0,0.0,0.0,0.0,0.0,0.0,0.0,0.0,0.0
9287,58,219,0,0.0,0.0,0.0,0.0,0.0,0.0,0.0,0.0,0.0,0.0,0.0,0.0,0.0,0.0,0.0,0.0,0.0,0.0,0.0,0.0,0.0,0.0,0.0,0.0,0.0,0.0,0.0,0.0,0.0,0.0,0.0,0.0,0.0,0.0,0.0
9288,58,223,0,0.0,0.0,0.0,0.0,0.0,0.0,0.0,0.0,0.0,0.0,0.0,0.0,0.0,0.0,0.0,0.0,0.0,0.0,0.0,0.0,0.0,0.0,0.0,0.0,0.0,0.0,0.0,0.0,0.0,0.0,0.0,0.0,0.0,0.0,0.0
9289,58,224,0,0.0,0.0,0.0,0.0,0.0,0.0,0.0,0.0,0.0,0.0,0.0,0.0,0.0,0.0,0.0,0.0,0.0,0.0,0.0,0.0,0.0,0.0,0.0,0.0,0.0,0.0,0.0,0.0,0.0,0.0,0.0,0.0,0.0,0.0,0.0
9290,58,225,0,0.0,0.0,0.0,0.0,0.0,0.0,0.0,0.0,0.0,0.0,0.0,0.0,0.0,0.0,0.0,0.0,0.0,0.0,0.0,0.0,0.0,0.0,0.0,0.0,0.0,0.0,0.0,0.0,0.0,0.0,0.0,0.0,0.0,0.0,0.0
9291,58,228,0,0.0,0.0,0.0,0.0,0.0,0.0,0.0,0.0,0.0,0.0,0.0,0.0,0.0,0.0,0.0,0.0,0.0,0.0,0.0,0.0,0.0,0.0,0.0,0.0,0.0,0.0,0.0,0.0,0.0,0.0,0.0,0.0,0.0,0.0,0.0
9292,58,229,0,0.0,0.0,0.0,0.0,0.0,0.0,0.0,0.0,0.0,0.0,0.0,0.0,0.0,0.0,0.0,0.0,0.0,0.0,0.0,0.0,0.0,0.0,0.0,0.0,0.0,0.0,0.0,0.0,0.0,0.0,0.0,0.0,0.0,0.0,0.0
9293,58,230,0,0.0,0.0,0.0,0.0,0.0,0.0,0.0,0.0,0.0,0.0,0.0,0.0,0.0,0.0,0.0,0.0,0.0,0.0,0.0,0.0,0.0,0.0,0.0,0.0,0.0,0.0,0.0,0.0,0.0,0.0,0.0,0.0,0.0,0.0,0.0
9294,58,232,0,0.0,0.0,0.0,0.0,0.0,0.0,0.0,0.0,0.0,0.0,0.0,0.0,0.0,0.0,0.0,0.0,0.0,0.0,0.0,0.0,0.0,0.0,0.0,0.0,0.0,0.0,0.0,0.0,0.0,0.0,0.0,0.0,0.0,0.0,0.0
9295,58,233,0,0.0,0.0,0.0,0.0,0.0,0.0,0.0,0.0,0.0,0.0,0.0,0.0,0.0,0.0,0.0,0.0,0.0,0.0,0.0,0.0,0.0,0.0,0.0,0.0,0.0,0.0,0.0,0.0,0.0,0.0,0.0,0.0,0.0,0.0,0.0
9296,58,237,0,0.0,0.0,0.0,0.0,0.0,0.0,0.0,0.0,0.0,0.0,0.0,0.0,0.0,0.0,0.0,0.0,0.0,0.0,0.0,0.0,0.0,0.0,0.0,0.0,0.0,0.0,0.0,0.0,0.0,0.0,0.0,0.0,0.0,0.0,0.0
9297,58,238,0,0.0,0.0,0.0,0.0,0.0,0.0,0.0,0.0,0.0,0.0,0.0,0.0,0.0,0.0,0.0,0.0,0.0,0.0,0.0,0.0,0.0,0.0,0.0,0.0,0.0,0.0,0.0,0.0,0.0,0.0,0.0,0.0,0.0,0.0,0.0
9298,58,239,0,0.0,0.0,0.0,0.0,0.0,0.0,0.0,0.0,0.0,0.0,0.0,0.0,0.0,0.0,0.0,0.0,0.0,0.0,0.0,0.0,0.0,0.0,0.0,0.0,0.0,0.0,0.0,0.0,0.0,0.0,0.0,0.0,0.0,0.0,0.0
9299,58,244,0,0.0,0.0,0.0,0.0,0.0,0.0,0.0,0.0,0.0,0.0,0.0,0.0,0.0,0.0,0.0,0.0,0.0,0.0,0.0,0.0,0.0,0.0,0.0,0.0,0.0,0.0,0.0,0.0,0.0,0.0,0.0,0.0,0.0,0.0,0.0
9300,58,246,0,0.0,0.0,0.0,0.0,0.0,0.0,0.0,0.0,0.0,0.0,0.0,0.0,0.0,0.0,0.0,0.0,0.0,0.0,0.0,0.0,0.0,0.0,0.0,0.0,0.0,0.0,0.0,0.0,0.0,0.0,0.0,0.0,0.0,0.0,0.0
9301,58,248,0,0.0,0.0,0.0,0.0,0.0,0.0,0.0,0.0,0.0,0.0,0.0,0.0,0.0,0.0,0.0,0.0,0.0,0.0,0.0,0.0,0.0,0.0,0.0,0.0,0.0,0.0,0.0,0.0,0.0,0.0,0.0,0.0,0.0,0.0,0.0
9302,59,1,0,0.0,0.0,0.0,0.0,0.0,0.0,0.0,0.0,0.0,0.0,0.0,0.0,0.0,0.0,0.0,0.0,0.0,0.0,0.0,0.0,0.0,0.0,0.0,0.0,0.0,0.0,0.0,0.0,0.0,0.0,0.0,0.0,0.0,0.0,0.0
9303,59,3,0,0.0,0.0,0.0,0.0,0.0,0.0,0.0,0.0,0.0,0.0,0.0,0.0,0.0,0.0,0.0,0.0,0.0,0.0,0.0,0.0,0.0,0.0,0.0,0.0,0.0,0.0,0.0,0.0,0.0,0.0,0.0,0.0,0.0,0.0,0.0
9304,59,4,0,0.0,0.0,0.0,0.0,0.0,0.0,0.0,0.0,0.0,0.0,0.0,0.0,0.0,0.0,0.0,0.0,0.0,0.0,0.0,0.0,0.0,0.0,0.0,0.0,0.0,0.0,0.0,0.0,0.0,0.0,0.0,0.0,0.0,0.0,0.0
9305,59,5,0,0.0,0.0,0.0,0.0,0.0,0.0,0.0,0.0,0.0,0.0,0.0,0.0,0.0,0.0,0.0,0.0,0.0,0.0,0.0,0.0,0.0,0.0,0.0,0.0,0.0,0.0,0.0,0.0,0.0,0.0,0.0,0.0,0.0,0.0,0.0
9306,59,6,0,0.0,0.0,0.0,0.0,0.0,0.0,0.0,0.0,0.0,0.0,0.0,0.0,0.0,0.0,0.0,0.0,0.0,0.0,0.0,0.0,0.0,0.0,0.0,0.0,0.0,0.0,0.0,0.0,0.0,0.0,0.0,0.0,0.0,0.0,0.0
9307,59,9,0,0.0,0.0,0.0,0.0,0.0,0.0,0.0,0.0,0.0,0.0,0.0,0.0,0.0,0.0,0.0,0.0,0.0,0.0,0.0,0.0,0.0,0.0,0.0,0.0,0.0,0.0,0.0,0.0,0.0,0.0,0.0,0.0,0.0,0.0,0.0
9308,59,13,0,0.0,0.0,0.0,0.0,0.0,0.0,0.0,0.0,0.0,0.0,0.0,0.0,0.0,0.0,0.0,0.0,0.0,0.0,0.0,0.0,0.0,0.0,0.0,0.0,0.0,0.0,0.0,0.0,0.0,0.0,0.0,0.0,0.0,0.0,0.0
9309,59,14,0,0.0,0.0,0.0,0.0,0.0,0.0,0.0,0.0,0.0,0.0,0.0,0.0,0.0,0.0,0.0,0.0,0.0,0.0,0.0,0.0,0.0,0.0,0.0,0.0,0.0,0.0,0.0,0.0,0.0,0.0,0.0,0.0,0.0,0.0,0.0
9310,59,16,0,0.0,0.0,0.0,0.0,0.0,0.0,0.0,0.0,0.0,0.0,0.0,0.0,0.0,0.0,0.0,0.0,0.0,0.0,0.0,0.0,0.0,0.0,0.0,0.0,0.0,0.0,0.0,0.0,0.0,0.0,0.0,0.0,0.0,0.0,0.0
9311,59,17,0,0.0,0.0,0.0,0.0,0.0,0.0,0.0,0.0,0.0,0.0,0.0,0.0,0.0,0.0,0.0,0.0,0.0,0.0,0.0,0.0,0.0,0.0,0.0,0.0,0.0,0.0,0.0,0.0,0.0,0.0,0.0,0.0,0.0,0.0,0.0
9312,59,21,0,0.0,0.0,0.0,0.0,0.0,0.0,0.0,0.0,0.0,0.0,0.0,0.0,0.0,0.0,0.0,0.0,0.0,0.0,0.0,0.0,0.0,0.0,0.0,0.0,0.0,0.0,0.0,0.0,0.0,0.0,0.0,0.0,0.0,0.0,0.0
9313,59,25,0,0.0,0.0,0.0,0.0,0.0,0.0,0.0,0.0,0.0,0.0,0.0,0.0,0.0,0.0,0.0,0.0,0.0,0.0,0.0,0.0,0.0,0.0,0.0,0.0,0.0,0.0,0.0,0.0,0.0,0.0,0.0,0.0,0.0,0.0,0.0
9314,59,26,0,0.0,0.0,0.0,0.0,0.0,0.0,0.0,0.0,0.0,0.0,0.0,0.0,0.0,0.0,0.0,0.0,0.0,0.0,0.0,0.0,0.0,0.0,0.0,0.0,0.0,0.0,0.0,0.0,0.0,0.0,0.0,0.0,0.0,0.0,0.0
9315,59,27,0,0.0,0.0,0.0,0.0,0.0,0.0,0.0,0.0,0.0,0.0,0.0,0.0,0.0,0.0,0.0,0.0,0.0,0.0,0.0,0.0,0.0,0.0,0.0,0.0,0.0,0.0,0.0,0.0,0.0,0.0,0.0,0.0,0.0,0.0,0.0
9316,59,29,0,0.0,0.0,0.0,0.0,0.0,0.0,0.0,0.0,0.0,0.0,0.0,0.0,0.0,0.0,0.0,0.0,0.0,0.0,0.0,0.0,0.0,0.0,0.0,0.0,0.0,0.0,0.0,0.0,0.0,0.0,0.0,0.0,0.0,0.0,0.0
9317,59,32,0,0.0,0.0,0.0,0.0,0.0,0.0,0.0,0.0,0.0,0.0,0.0,0.0,0.0,0.0,0.0,0.0,0.0,0.0,0.0,0.0,0.0,0.0,0.0,0.0,0.0,0.0,0.0,0.0,0.0,0.0,0.0,0.0,0.0,0.0,0.0
9318,59,33,0,0.0,0.0,0.0,0.0,0.0,0.0,0.0,0.0,0.0,0.0,0.0,0.0,0.0,0.0,0.0,0.0,0.0,0.0,0.0,0.0,0.0,0.0,0.0,0.0,0.0,0.0,0.0,0.0,0.0,0.0,0.0,0.0,0.0,0.0,0.0
9319,59,34,0,0.0,0.0,0.0,0.0,0.0,0.0,0.0,0.0,0.0,0.0,0.0,0.0,0.0,0.0,0.0,0.0,0.0,0.0,0.0,0.0,0.0,0.0,0.0,0.0,0.0,0.0,0.0,0.0,0.0,0.0,0.0,0.0,0.0,0.0,0.0
9320,59,36,0,0.0,0.0,0.0,0.0,0.0,0.0,0.0,0.0,0.0,0.0,0.0,0.0,0.0,0.0,0.0,0.0,0.0,0.0,0.0,0.0,0.0,0.0,0.0,0.0,0.0,0.0,0.0,0.0,0.0,0.0,0.0,0.0,0.0,0.0,0.0
9321,59,38,0,0.0,0.0,0.0,0.0,0.0,0.0,0.0,0.0,0.0,0.0,0.0,0.0,0.0,0.0,0.0,0.0,0.0,0.0,0.0,0.0,0.0,0.0,0.0,0.0,0.0,0.0,0.0,0.0,0.0,0.0,0.0,0.0,0.0,0.0,0.0
9322,59,40,0,0.0,0.0,0.0,0.0,0.0,0.0,0.0,0.0,0.0,0.0,0.0,0.0,0.0,0.0,0.0,0.0,0.0,0.0,0.0,0.0,0.0,0.0,0.0,0.0,0.0,0.0,0.0,0.0,0.0,0.0,0.0,0.0,0.0,0.0,0.0
9323,59,45,0,0.0,0.0,0.0,0.0,0.0,0.0,0.0,0.0,0.0,0.0,0.0,0.0,0.0,0.0,0.0,0.0,0.0,0.0,0.0,0.0,0.0,0.0,0.0,0.0,0.0,0.0,0.0,0.0,0.0,0.0,0.0,0.0,0.0,0.0,0.0
9324,59,47,0,0.0,0.0,0.0,0.0,0.0,0.0,0.0,0.0,0.0,0.0,0.0,0.0,0.0,0.0,0.0,0.0,0.0,0.0,0.0,0.0,0.0,0.0,0.0,0.0,0.0,0.0,0.0,0.0,0.0,0.0,0.0,0.0,0.0,0.0,0.0
9325,59,53,0,0.0,0.0,0.0,0.0,0.0,0.0,0.0,0.0,0.0,0.0,0.0,0.0,0.0,0.0,0.0,0.0,0.0,0.0,0.0,0.0,0.0,0.0,0.0,0.0,0.0,0.0,0.0,0.0,0.0,0.0,0.0,0.0,0.0,0.0,0.0
9326,59,56,0,0.0,0.0,0.0,0.0,0.0,0.0,0.0,0.0,0.0,0.0,0.0,0.0,0.0,0.0,0.0,0.0,0.0,0.0,0.0,0.0,0.0,0.0,0.0,0.0,0.0,0.0,0.0,0.0,0.0,0.0,0.0,0.0,0.0,0.0,0.0
9327,59,58,0,0.0,0.0,0.0,0.0,0.0,0.0,0.0,0.0,0.0,0.0,0.0,0.0,0.0,0.0,0.0,0.0,0.0,0.0,0.0,0.0,0.0,0.0,0.0,0.0,0.0,0.0,0.0,0.0,0.0,0.0,0.0,0.0,0.0,0.0,0.0
9328,59,59,0,0.0,0.0,0.0,0.0,0.0,0.0,0.0,0.0,0.0,0.0,0.0,0.0,0.0,0.0,0.0,0.0,0.0,0.0,0.0,0.0,0.0,0.0,0.0,0.0,0.0,0.0,0.0,0.0,0.0,0.0,0.0,0.0,0.0,0.0,0.0
9329,59,60,0,0.0,0.0,0.0,0.0,0.0,0.0,0.0,0.0,0.0,0.0,0.0,0.0,0.0,0.0,0.0,0.0,0.0,0.0,0.0,0.0,0.0,0.0,0.0,0.0,0.0,0.0,0.0,0.0,0.0,0.0,0.0,0.0,0.0,0.0,0.0
9330,59,61,0,0.0,0.0,0.0,0.0,0.0,0.0,0.0,0.0,0.0,0.0,0.0,0.0,0.0,0.0,0.0,0.0,0.0,0.0,0.0,0.0,0.0,0.0,0.0,0.0,0.0,0.0,0.0,0.0,0.0,0.0,0.0,0.0,0.0,0.0,0.0
9331,59,66,0,0.0,0.0,0.0,0.0,0.0,0.0,0.0,0.0,0.0,0.0,0.0,0.0,0.0,0.0,0.0,0.0,0.0,0.0,0.0,0.0,0.0,0.0,0.0,0.0,0.0,0.0,0.0,0.0,0.0,0.0,0.0,0.0,0.0,0.0,0.0
9332,59,69,0,0.0,0.0,0.0,0.0,0.0,0.0,0.0,0.0,0.0,0.0,0.0,0.0,0.0,0.0,0.0,0.0,0.0,0.0,0.0,0.0,0.0,0.0,0.0,0.0,0.0,0.0,0.0,0.0,0.0,0.0,0.0,0.0,0.0,0.0,0.0
9333,59,72,0,0.0,0.0,0.0,0.0,0.0,0.0,0.0,0.0,0.0,0.0,0.0,0.0,0.0,0.0,0.0,0.0,0.0,0.0,0.0,0.0,0.0,0.0,0.0,0.0,0.0,0.0,0.0,0.0,0.0,0.0,0.0,0.0,0.0,0.0,0.0
9334,59,73,0,0.0,0.0,0.0,0.0,0.0,0.0,0.0,0.0,0.0,0.0,0.0,0.0,0.0,0.0,0.0,0.0,0.0,0.0,0.0,0.0,0.0,0.0,0.0,0.0,0.0,0.0,0.0,0.0,0.0,0.0,0.0,0.0,0.0,0.0,0.0
9335,59,74,0,0.0,0.0,0.0,0.0,0.0,0.0,0.0,0.0,0.0,0.0,0.0,0.0,0.0,0.0,0.0,0.0,0.0,0.0,0.0,0.0,0.0,0.0,0.0,0.0,0.0,0.0,0.0,0.0,0.0,0.0,0.0,0.0,0.0,0.0,0.0
9336,59,75,0,0.0,0.0,0.0,0.0,0.0,0.0,0.0,0.0,0.0,0.0,0.0,0.0,0.0,0.0,0.0,0.0,0.0,0.0,0.0,0.0,0.0,0.0,0.0,0.0,0.0,0.0,0.0,0.0,0.0,0.0,0.0,0.0,0.0,0.0,0.0
9337,59,76,0,0.0,0.0,0.0,0.0,0.0,0.0,0.0,0.0,0.0,0.0,0.0,0.0,0.0,0.0,0.0,0.0,0.0,0.0,0.0,0.0,0.0,0.0,0.0,0.0,0.0,0.0,0.0,0.0,0.0,0.0,0.0,0.0,0.0,0.0,0.0
9338,59,79,0,0.0,0.0,0.0,0.0,0.0,0.0,0.0,0.0,0.0,0.0,0.0,0.0,0.0,0.0,0.0,0.0,0.0,0.0,0.0,0.0,0.0,0.0,0.0,0.0,0.0,0.0,0.0,0.0,0.0,0.0,0.0,0.0,0.0,0.0,0.0
9339,59,80,0,0.0,0.0,0.0,0.0,0.0,0.0,0.0,0.0,0.0,0.0,0.0,0.0,0.0,0.0,0.0,0.0,0.0,0.0,0.0,0.0,0.0,0.0,0.0,0.0,0.0,0.0,0.0,0.0,0.0,0.0,0.0,0.0,0.0,0.0,0.0
9340,59,81,0,0.0,0.0,0.0,0.0,0.0,0.0,0.0,0.0,0.0,0.0,0.0,0.0,0.0,0.0,0.0,0.0,0.0,0.0,0.0,0.0,0.0,0.0,0.0,0.0,0.0,0.0,0.0,0.0,0.0,0.0,0.0,0.0,0.0,0.0,0.0
9341,59,83,0,0.0,0.0,0.0,0.0,0.0,0.0,0.0,0.0,0.0,0.0,0.0,0.0,0.0,0.0,0.0,0.0,0.0,0.0,0.0,0.0,0.0,0.0,0.0,0.0,0.0,0.0,0.0,0.0,0.0,0.0,0.0,0.0,0.0,0.0,0.0
9342,59,84,0,0.0,0.0,0.0,0.0,0.0,0.0,0.0,0.0,0.0,0.0,0.0,0.0,0.0,0.0,0.0,0.0,0.0,0.0,0.0,0.0,0.0,0.0,0.0,0.0,0.0,0.0,0.0,0.0,0.0,0.0,0.0,0.0,0.0,0.0,0.0
9343,59,86,0,0.0,0.0,0.0,0.0,0.0,0.0,0.0,0.0,0.0,0.0,0.0,0.0,0.0,0.0,0.0,0.0,0.0,0.0,0.0,0.0,0.0,0.0,0.0,0.0,0.0,0.0,0.0,0.0,0.0,0.0,0.0,0.0,0.0,0.0,0.0
9344,59,87,0,0.0,0.0,0.0,0.0,0.0,0.0,0.0,0.0,0.0,0.0,0.0,0.0,0.0,0.0,0.0,0.0,0.0,0.0,0.0,0.0,0.0,0.0,0.0,0.0,0.0,0.0,0.0,0.0,0.0,0.0,0.0,0.0,0.0,0.0,0.0
9345,59,89,0,0.0,0.0,0.0,0.0,0.0,0.0,0.0,0.0,0.0,0.0,0.0,0.0,0.0,0.0,0.0,0.0,0.0,0.0,0.0,0.0,0.0,0.0,0.0,0.0,0.0,0.0,0.0,0.0,0.0,0.0,0.0,0.0,0.0,0.0,0.0
9346,59,91,0,0.0,0.0,0.0,0.0,0.0,0.0,0.0,0.0,0.0,0.0,0.0,0.0,0.0,0.0,0.0,0.0,0.0,0.0,0.0,0.0,0.0,0.0,0.0,0.0,0.0,0.0,0.0,0.0,0.0,0.0,0.0,0.0,0.0,0.0,0.0
9347,59,93,0,0.0,0.0,0.0,0.0,0.0,0.0,0.0,0.0,0.0,0.0,0.0,0.0,0.0,0.0,0.0,0.0,0.0,0.0,0.0,0.0,0.0,0.0,0.0,0.0,0.0,0.0,0.0,0.0,0.0,0.0,0.0,0.0,0.0,0.0,0.0
9348,59,94,0,0.0,0.0,0.0,0.0,0.0,0.0,0.0,0.0,0.0,0.0,0.0,0.0,0.0,0.0,0.0,0.0,0.0,0.0,0.0,0.0,0.0,0.0,0.0,0.0,0.0,0.0,0.0,0.0,0.0,0.0,0.0,0.0,0.0,0.0,0.0
9349,59,96,0,0.0,0.0,0.0,0.0,0.0,0.0,0.0,0.0,0.0,0.0,0.0,0.0,0.0,0.0,0.0,0.0,0.0,0.0,0.0,0.0,0.0,0.0,0.0,0.0,0.0,0.0,0.0,0.0,0.0,0.0,0.0,0.0,0.0,0.0,0.0
9350,59,99,0,0.0,0.0,0.0,0.0,0.0,0.0,0.0,0.0,0.0,0.0,0.0,0.0,0.0,0.0,0.0,0.0,0.0,0.0,0.0,0.0,0.0,0.0,0.0,0.0,0.0,0.0,0.0,0.0,0.0,0.0,0.0,0.0,0.0,0.0,0.0
9351,59,102,0,0.0,0.0,0.0,0.0,0.0,0.0,0.0,0.0,0.0,0.0,0.0,0.0,0.0,0.0,0.0,0.0,0.0,0.0,0.0,0.0,0.0,0.0,0.0,0.0,0.0,0.0,0.0,0.0,0.0,0.0,0.0,0.0,0.0,0.0,0.0
9352,59,103,0,0.0,0.0,0.0,0.0,0.0,0.0,0.0,0.0,0.0,0.0,0.0,0.0,0.0,0.0,0.0,0.0,0.0,0.0,0.0,0.0,0.0,0.0,0.0,0.0,0.0,0.0,0.0,0.0,0.0,0.0,0.0,0.0,0.0,0.0,0.0
9353,59,104,0,0.0,0.0,0.0,0.0,0.0,0.0,0.0,0.0,0.0,0.0,0.0,0.0,0.0,0.0,0.0,0.0,0.0,0.0,0.0,0.0,0.0,0.0,0.0,0.0,0.0,0.0,0.0,0.0,0.0,0.0,0.0,0.0,0.0,0.0,0.0
9354,59,105,0,0.0,0.0,0.0,0.0,0.0,0.0,0.0,0.0,0.0,0.0,0.0,0.0,0.0,0.0,0.0,0.0,0.0,0.0,0.0,0.0,0.0,0.0,0.0,0.0,0.0,0.0,0.0,0.0,0.0,0.0,0.0,0.0,0.0,0.0,0.0
9355,59,106,0,0.0,0.0,0.0,0.0,0.0,0.0,0.0,0.0,0.0,0.0,0.0,0.0,0.0,0.0,0.0,0.0,0.0,0.0,0.0,0.0,0.0,0.0,0.0,0.0,0.0,0.0,0.0,0.0,0.0,0.0,0.0,0.0,0.0,0.0,0.0
9356,59,107,0,0.0,0.0,0.0,0.0,0.0,0.0,0.0,0.0,0.0,0.0,0.0,0.0,0.0,0.0,0.0,0.0,0.0,0.0,0.0,0.0,0.0,0.0,0.0,0.0,0.0,0.0,0.0,0.0,0.0,0.0,0.0,0.0,0.0,0.0,0.0
9357,59,109,0,0.0,0.0,0.0,0.0,0.0,0.0,0.0,0.0,0.0,0.0,0.0,0.0,0.0,0.0,0.0,0.0,0.0,0.0,0.0,0.0,0.0,0.0,0.0,0.0,0.0,0.0,0.0,0.0,0.0,0.0,0.0,0.0,0.0,0.0,0.0
9358,59,112,0,0.0,0.0,0.0,0.0,0.0,0.0,0.0,0.0,0.0,0.0,0.0,0.0,0.0,0.0,0.0,0.0,0.0,0.0,0.0,0.0,0.0,0.0,0.0,0.0,0.0,0.0,0.0,0.0,0.0,0.0,0.0,0.0,0.0,0.0,0.0
9359,59,114,0,0.0,0.0,0.0,0.0,0.0,0.0,0.0,0.0,0.0,0.0,0.0,0.0,0.0,0.0,0.0,0.0,0.0,0.0,0.0,0.0,0.0,0.0,0.0,0.0,0.0,0.0,0.0,0.0,0.0,0.0,0.0,0.0,0.0,0.0,0.0
9360,59,116,0,0.0,0.0,0.0,0.0,0.0,0.0,0.0,0.0,0.0,0.0,0.0,0.0,0.0,0.0,0.0,0.0,0.0,0.0,0.0,0.0,0.0,0.0,0.0,0.0,0.0,0.0,0.0,0.0,0.0,0.0,0.0,0.0,0.0,0.0,0.0
9361,59,118,0,0.0,0.0,0.0,0.0,0.0,0.0,0.0,0.0,0.0,0.0,0.0,0.0,0.0,0.0,0.0,0.0,0.0,0.0,0.0,0.0,0.0,0.0,0.0,0.0,0.0,0.0,0.0,0.0,0.0,0.0,0.0,0.0,0.0,0.0,0.0
9362,59,119,0,0.0,0.0,0.0,0.0,0.0,0.0,0.0,0.0,0.0,0.0,0.0,0.0,0.0,0.0,0.0,0.0,0.0,0.0,0.0,0.0,0.0,0.0,0.0,0.0,0.0,0.0,0.0,0.0,0.0,0.0,0.0,0.0,0.0,0.0,0.0
9363,59,122,0,0.0,0.0,0.0,0.0,0.0,0.0,0.0,0.0,0.0,0.0,0.0,0.0,0.0,0.0,0.0,0.0,0.0,0.0,0.0,0.0,0.0,0.0,0.0,0.0,0.0,0.0,0.0,0.0,0.0,0.0,0.0,0.0,0.0,0.0,0.0
9364,59,125,0,0.0,0.0,0.0,0.0,0.0,0.0,0.0,0.0,0.0,0.0,0.0,0.0,0.0,0.0,0.0,0.0,0.0,0.0,0.0,0.0,0.0,0.0,0.0,0.0,0.0,0.0,0.0,0.0,0.0,0.0,0.0,0.0,0.0,0.0,0.0
9365,59,126,0,0.0,0.0,0.0,0.0,0.0,0.0,0.0,0.0,0.0,0.0,0.0,0.0,0.0,0.0,0.0,0.0,0.0,0.0,0.0,0.0,0.0,0.0,0.0,0.0,0.0,0.0,0.0,0.0,0.0,0.0,0.0,0.0,0.0,0.0,0.0
9366,59,127,0,0.0,0.0,0.0,0.0,0.0,0.0,0.0,0.0,0.0,0.0,0.0,0.0,0.0,0.0,0.0,0.0,0.0,0.0,0.0,0.0,0.0,0.0,0.0,0.0,0.0,0.0,0.0,0.0,0.0,0.0,0.0,0.0,0.0,0.0,0.0
9367,59,128,0,0.0,0.0,0.0,0.0,0.0,0.0,0.0,0.0,0.0,0.0,0.0,0.0,0.0,0.0,0.0,0.0,0.0,0.0,0.0,0.0,0.0,0.0,0.0,0.0,0.0,0.0,0.0,0.0,0.0,0.0,0.0,0.0,0.0,0.0,0.0
9368,59,130,0,0.0,0.0,0.0,0.0,0.0,0.0,0.0,0.0,0.0,0.0,0.0,0.0,0.0,0.0,0.0,0.0,0.0,0.0,0.0,0.0,0.0,0.0,0.0,0.0,0.0,0.0,0.0,0.0,0.0,0.0,0.0,0.0,0.0,0.0,0.0
9369,59,138,0,0.0,0.0,0.0,0.0,0.0,0.0,0.0,0.0,0.0,0.0,0.0,0.0,0.0,0.0,0.0,0.0,0.0,0.0,0.0,0.0,0.0,0.0,0.0,0.0,0.0,0.0,0.0,0.0,0.0,0.0,0.0,0.0,0.0,0.0,0.0
9370,59,141,0,0.0,0.0,0.0,0.0,0.0,0.0,0.0,0.0,0.0,0.0,0.0,0.0,0.0,0.0,0.0,0.0,0.0,0.0,0.0,0.0,0.0,0.0,0.0,0.0,0.0,0.0,0.0,0.0,0.0,0.0,0.0,0.0,0.0,0.0,0.0
9371,59,143,0,0.0,0.0,0.0,0.0,0.0,0.0,0.0,0.0,0.0,0.0,0.0,0.0,0.0,0.0,0.0,0.0,0.0,0.0,0.0,0.0,0.0,0.0,0.0,0.0,0.0,0.0,0.0,0.0,0.0,0.0,0.0,0.0,0.0,0.0,0.0
9372,59,146,0,0.0,0.0,0.0,0.0,0.0,0.0,0.0,0.0,0.0,0.0,0.0,0.0,0.0,0.0,0.0,0.0,0.0,0.0,0.0,0.0,0.0,0.0,0.0,0.0,0.0,0.0,0.0,0.0,0.0,0.0,0.0,0.0,0.0,0.0,0.0
9373,59,147,0,0.0,0.0,0.0,0.0,0.0,0.0,0.0,0.0,0.0,0.0,0.0,0.0,0.0,0.0,0.0,0.0,0.0,0.0,0.0,0.0,0.0,0.0,0.0,0.0,0.0,0.0,0.0,0.0,0.0,0.0,0.0,0.0,0.0,0.0,0.0
9374,59,148,0,0.0,0.0,0.0,0.0,0.0,0.0,0.0,0.0,0.0,0.0,0.0,0.0,0.0,0.0,0.0,0.0,0.0,0.0,0.0,0.0,0.0,0.0,0.0,0.0,0.0,0.0,0.0,0.0,0.0,0.0,0.0,0.0,0.0,0.0,0.0
9375,59,149,0,0.0,0.0,0.0,0.0,0.0,0.0,0.0,0.0,0.0,0.0,0.0,0.0,0.0,0.0,0.0,0.0,0.0,0.0,0.0,0.0,0.0,0.0,0.0,0.0,0.0,0.0,0.0,0.0,0.0,0.0,0.0,0.0,0.0,0.0,0.0
9376,59,150,0,0.0,0.0,0.0,0.0,0.0,0.0,0.0,0.0,0.0,0.0,0.0,0.0,0.0,0.0,0.0,0.0,0.0,0.0,0.0,0.0,0.0,0.0,0.0,0.0,0.0,0.0,0.0,0.0,0.0,0.0,0.0,0.0,0.0,0.0,0.0
9377,59,151,0,0.0,0.0,0.0,0.0,0.0,0.0,0.0,0.0,0.0,0.0,0.0,0.0,0.0,0.0,0.0,0.0,0.0,0.0,0.0,0.0,0.0,0.0,0.0,0.0,0.0,0.0,0.0,0.0,0.0,0.0,0.0,0.0,0.0,0.0,0.0
9378,59,152,0,0.0,0.0,0.0,0.0,0.0,0.0,0.0,0.0,0.0,0.0,0.0,0.0,0.0,0.0,0.0,0.0,0.0,0.0,0.0,0.0,0.0,0.0,0.0,0.0,0.0,0.0,0.0,0.0,0.0,0.0,0.0,0.0,0.0,0.0,0.0
9379,59,153,0,0.0,0.0,0.0,0.0,0.0,0.0,0.0,0.0,0.0,0.0,0.0,0.0,0.0,0.0,0.0,0.0,0.0,0.0,0.0,0.0,0.0,0.0,0.0,0.0,0.0,0.0,0.0,0.0,0.0,0.0,0.0,0.0,0.0,0.0,0.0
9380,59,154,0,0.0,0.0,0.0,0.0,0.0,0.0,0.0,0.0,0.0,0.0,0.0,0.0,0.0,0.0,0.0,0.0,0.0,0.0,0.0,0.0,0.0,0.0,0.0,0.0,0.0,0.0,0.0,0.0,0.0,0.0,0.0,0.0,0.0,0.0,0.0
9381,59,155,0,0.0,0.0,0.0,0.0,0.0,0.0,0.0,0.0,0.0,0.0,0.0,0.0,0.0,0.0,0.0,0.0,0.0,0.0,0.0,0.0,0.0,0.0,0.0,0.0,0.0,0.0,0.0,0.0,0.0,0.0,0.0,0.0,0.0,0.0,0.0
9382,59,156,0,0.0,0.0,0.0,0.0,0.0,0.0,0.0,0.0,0.0,0.0,0.0,0.0,0.0,0.0,0.0,0.0,0.0,0.0,0.0,0.0,0.0,0.0,0.0,0.0,0.0,0.0,0.0,0.0,0.0,0.0,0.0,0.0,0.0,0.0,0.0
9383,59,158,0,0.0,0.0,0.0,0.0,0.0,0.0,0.0,0.0,0.0,0.0,0.0,0.0,0.0,0.0,0.0,0.0,0.0,0.0,0.0,0.0,0.0,0.0,0.0,0.0,0.0,0.0,0.0,0.0,0.0,0.0,0.0,0.0,0.0,0.0,0.0
9384,59,159,0,0.0,0.0,0.0,0.0,0.0,0.0,0.0,0.0,0.0,0.0,0.0,0.0,0.0,0.0,0.0,0.0,0.0,0.0,0.0,0.0,0.0,0.0,0.0,0.0,0.0,0.0,0.0,0.0,0.0,0.0,0.0,0.0,0.0,0.0,0.0
9385,59,166,0,0.0,0.0,0.0,0.0,0.0,0.0,0.0,0.0,0.0,0.0,0.0,0.0,0.0,0.0,0.0,0.0,0.0,0.0,0.0,0.0,0.0,0.0,0.0,0.0,0.0,0.0,0.0,0.0,0.0,0.0,0.0,0.0,0.0,0.0,0.0
9386,59,167,0,0.0,0.0,0.0,0.0,0.0,0.0,0.0,0.0,0.0,0.0,0.0,0.0,0.0,0.0,0.0,0.0,0.0,0.0,0.0,0.0,0.0,0.0,0.0,0.0,0.0,0.0,0.0,0.0,0.0,0.0,0.0,0.0,0.0,0.0,0.0
9387,59,169,0,0.0,0.0,0.0,0.0,0.0,0.0,0.0,0.0,0.0,0.0,0.0,0.0,0.0,0.0,0.0,0.0,0.0,0.0,0.0,0.0,0.0,0.0,0.0,0.0,0.0,0.0,0.0,0.0,0.0,0.0,0.0,0.0,0.0,0.0,0.0
9388,59,172,0,0.0,0.0,0.0,0.0,0.0,0.0,0.0,0.0,0.0,0.0,0.0,0.0,0.0,0.0,0.0,0.0,0.0,0.0,0.0,0.0,0.0,0.0,0.0,0.0,0.0,0.0,0.0,0.0,0.0,0.0,0.0,0.0,0.0,0.0,0.0
9389,59,173,0,0.0,0.0,0.0,0.0,0.0,0.0,0.0,0.0,0.0,0.0,0.0,0.0,0.0,0.0,0.0,0.0,0.0,0.0,0.0,0.0,0.0,0.0,0.0,0.0,0.0,0.0,0.0,0.0,0.0,0.0,0.0,0.0,0.0,0.0,0.0
9390,59,177,0,0.0,0.0,0.0,0.0,0.0,0.0,0.0,0.0,0.0,0.0,0.0,0.0,0.0,0.0,0.0,0.0,0.0,0.0,0.0,0.0,0.0,0.0,0.0,0.0,0.0,0.0,0.0,0.0,0.0,0.0,0.0,0.0,0.0,0.0,0.0
9391,59,179,0,0.0,0.0,0.0,0.0,0.0,0.0,0.0,0.0,0.0,0.0,0.0,0.0,0.0,0.0,0.0,0.0,0.0,0.0,0.0,0.0,0.0,0.0,0.0,0.0,0.0,0.0,0.0,0.0,0.0,0.0,0.0,0.0,0.0,0.0,0.0
9392,59,180,0,0.0,0.0,0.0,0.0,0.0,0.0,0.0,0.0,0.0,0.0,0.0,0.0,0.0,0.0,0.0,0.0,0.0,0.0,0.0,0.0,0.0,0.0,0.0,0.0,0.0,0.0,0.0,0.0,0.0,0.0,0.0,0.0,0.0,0.0,0.0
9393,59,183,0,0.0,0.0,0.0,0.0,0.0,0.0,0.0,0.0,0.0,0.0,0.0,0.0,0.0,0.0,0.0,0.0,0.0,0.0,0.0,0.0,0.0,0.0,0.0,0.0,0.0,0.0,0.0,0.0,0.0,0.0,0.0,0.0,0.0,0.0,0.0
9394,59,185,0,0.0,0.0,0.0,0.0,0.0,0.0,0.0,0.0,0.0,0.0,0.0,0.0,0.0,0.0,0.0,0.0,0.0,0.0,0.0,0.0,0.0,0.0,0.0,0.0,0.0,0.0,0.0,0.0,0.0,0.0,0.0,0.0,0.0,0.0,0.0
9395,59,186,0,0.0,0.0,0.0,0.0,0.0,0.0,0.0,0.0,0.0,0.0,0.0,0.0,0.0,0.0,0.0,0.0,0.0,0.0,0.0,0.0,0.0,0.0,0.0,0.0,0.0,0.0,0.0,0.0,0.0,0.0,0.0,0.0,0.0,0.0,0.0
9396,59,188,0,0.0,0.0,0.0,0.0,0.0,0.0,0.0,0.0,0.0,0.0,0.0,0.0,0.0,0.0,0.0,0.0,0.0,0.0,0.0,0.0,0.0,0.0,0.0,0.0,0.0,0.0,0.0,0.0,0.0,0.0,0.0,0.0,0.0,0.0,0.0
9397,59,189,0,0.0,0.0,0.0,0.0,0.0,0.0,0.0,0.0,0.0,0.0,0.0,0.0,0.0,0.0,0.0,0.0,0.0,0.0,0.0,0.0,0.0,0.0,0.0,0.0,0.0,0.0,0.0,0.0,0.0,0.0,0.0,0.0,0.0,0.0,0.0
9398,59,190,0,0.0,0.0,0.0,0.0,0.0,0.0,0.0,0.0,0.0,0.0,0.0,0.0,0.0,0.0,0.0,0.0,0.0,0.0,0.0,0.0,0.0,0.0,0.0,0.0,0.0,0.0,0.0,0.0,0.0,0.0,0.0,0.0,0.0,0.0,0.0
9399,59,193,0,0.0,0.0,0.0,0.0,0.0,0.0,0.0,0.0,0.0,0.0,0.0,0.0,0.0,0.0,0.0,0.0,0.0,0.0,0.0,0.0,0.0,0.0,0.0,0.0,0.0,0.0,0.0,0.0,0.0,0.0,0.0,0.0,0.0,0.0,0.0
9400,59,200,0,0.0,0.0,0.0,0.0,0.0,0.0,0.0,0.0,0.0,0.0,0.0,0.0,0.0,0.0,0.0,0.0,0.0,0.0,0.0,0.0,0.0,0.0,0.0,0.0,0.0,0.0,0.0,0.0,0.0,0.0,0.0,0.0,0.0,0.0,0.0
9401,59,204,0,0.0,0.0,0.0,0.0,0.0,0.0,0.0,0.0,0.0,0.0,0.0,0.0,0.0,0.0,0.0,0.0,0.0,0.0,0.0,0.0,0.0,0.0,0.0,0.0,0.0,0.0,0.0,0.0,0.0,0.0,0.0,0.0,0.0,0.0,0.0
9402,59,205,0,0.0,0.0,0.0,0.0,0.0,0.0,0.0,0.0,0.0,0.0,0.0,0.0,0.0,0.0,0.0,0.0,0.0,0.0,0.0,0.0,0.0,0.0,0.0,0.0,0.0,0.0,0.0,0.0,0.0,0.0,0.0,0.0,0.0,0.0,0.0
9403,59,206,0,0.0,0.0,0.0,0.0,0.0,0.0,0.0,0.0,0.0,0.0,0.0,0.0,0.0,0.0,0.0,0.0,0.0,0.0,0.0,0.0,0.0,0.0,0.0,0.0,0.0,0.0,0.0,0.0,0.0,0.0,0.0,0.0,0.0,0.0,0.0
9404,59,208,0,0.0,0.0,0.0,0.0,0.0,0.0,0.0,0.0,0.0,0.0,0.0,0.0,0.0,0.0,0.0,0.0,0.0,0.0,0.0,0.0,0.0,0.0,0.0,0.0,0.0,0.0,0.0,0.0,0.0,0.0,0.0,0.0,0.0,0.0,0.0
9405,59,209,0,0.0,0.0,0.0,0.0,0.0,0.0,0.0,0.0,0.0,0.0,0.0,0.0,0.0,0.0,0.0,0.0,0.0,0.0,0.0,0.0,0.0,0.0,0.0,0.0,0.0,0.0,0.0,0.0,0.0,0.0,0.0,0.0,0.0,0.0,0.0
9406,59,211,0,0.0,0.0,0.0,0.0,0.0,0.0,0.0,0.0,0.0,0.0,0.0,0.0,0.0,0.0,0.0,0.0,0.0,0.0,0.0,0.0,0.0,0.0,0.0,0.0,0.0,0.0,0.0,0.0,0.0,0.0,0.0,0.0,0.0,0.0,0.0
9407,59,212,0,0.0,0.0,0.0,0.0,0.0,0.0,0.0,0.0,0.0,0.0,0.0,0.0,0.0,0.0,0.0,0.0,0.0,0.0,0.0,0.0,0.0,0.0,0.0,0.0,0.0,0.0,0.0,0.0,0.0,0.0,0.0,0.0,0.0,0.0,0.0
9408,59,213,0,0.0,0.0,0.0,0.0,0.0,0.0,0.0,0.0,0.0,0.0,0.0,0.0,0.0,0.0,0.0,0.0,0.0,0.0,0.0,0.0,0.0,0.0,0.0,0.0,0.0,0.0,0.0,0.0,0.0,0.0,0.0,0.0,0.0,0.0,0.0
9409,59,214,0,0.0,0.0,0.0,0.0,0.0,0.0,0.0,0.0,0.0,0.0,0.0,0.0,0.0,0.0,0.0,0.0,0.0,0.0,0.0,0.0,0.0,0.0,0.0,0.0,0.0,0.0,0.0,0.0,0.0,0.0,0.0,0.0,0.0,0.0,0.0
9410,59,215,0,0.0,0.0,0.0,0.0,0.0,0.0,0.0,0.0,0.0,0.0,0.0,0.0,0.0,0.0,0.0,0.0,0.0,0.0,0.0,0.0,0.0,0.0,0.0,0.0,0.0,0.0,0.0,0.0,0.0,0.0,0.0,0.0,0.0,0.0,0.0
9411,59,221,0,0.0,0.0,0.0,0.0,0.0,0.0,0.0,0.0,0.0,0.0,0.0,0.0,0.0,0.0,0.0,0.0,0.0,0.0,0.0,0.0,0.0,0.0,0.0,0.0,0.0,0.0,0.0,0.0,0.0,0.0,0.0,0.0,0.0,0.0,0.0
9412,59,225,0,0.0,0.0,0.0,0.0,0.0,0.0,0.0,0.0,0.0,0.0,0.0,0.0,0.0,0.0,0.0,0.0,0.0,0.0,0.0,0.0,0.0,0.0,0.0,0.0,0.0,0.0,0.0,0.0,0.0,0.0,0.0,0.0,0.0,0.0,0.0
9413,59,226,0,0.0,0.0,0.0,0.0,0.0,0.0,0.0,0.0,0.0,0.0,0.0,0.0,0.0,0.0,0.0,0.0,0.0,0.0,0.0,0.0,0.0,0.0,0.0,0.0,0.0,0.0,0.0,0.0,0.0,0.0,0.0,0.0,0.0,0.0,0.0
9414,59,227,0,0.0,0.0,0.0,0.0,0.0,0.0,0.0,0.0,0.0,0.0,0.0,0.0,0.0,0.0,0.0,0.0,0.0,0.0,0.0,0.0,0.0,0.0,0.0,0.0,0.0,0.0,0.0,0.0,0.0,0.0,0.0,0.0,0.0,0.0,0.0
9415,59,229,0,0.0,0.0,0.0,0.0,0.0,0.0,0.0,0.0,0.0,0.0,0.0,0.0,0.0,0.0,0.0,0.0,0.0,0.0,0.0,0.0,0.0,0.0,0.0,0.0,0.0,0.0,0.0,0.0,0.0,0.0,0.0,0.0,0.0,0.0,0.0
9416,59,231,0,0.0,0.0,0.0,0.0,0.0,0.0,0.0,0.0,0.0,0.0,0.0,0.0,0.0,0.0,0.0,0.0,0.0,0.0,0.0,0.0,0.0,0.0,0.0,0.0,0.0,0.0,0.0,0.0,0.0,0.0,0.0,0.0,0.0,0.0,0.0
9417,59,232,0,0.0,0.0,0.0,0.0,0.0,0.0,0.0,0.0,0.0,0.0,0.0,0.0,0.0,0.0,0.0,0.0,0.0,0.0,0.0,0.0,0.0,0.0,0.0,0.0,0.0,0.0,0.0,0.0,0.0,0.0,0.0,0.0,0.0,0.0,0.0
9418,59,233,0,0.0,0.0,0.0,0.0,0.0,0.0,0.0,0.0,0.0,0.0,0.0,0.0,0.0,0.0,0.0,0.0,0.0,0.0,0.0,0.0,0.0,0.0,0.0,0.0,0.0,0.0,0.0,0.0,0.0,0.0,0.0,0.0,0.0,0.0,0.0
9419,60,1,0,0.0,0.0,0.0,0.0,0.0,0.0,0.0,0.0,0.0,0.0,0.0,0.0,0.0,0.0,0.0,0.0,0.0,0.0,0.0,0.0,0.0,0.0,0.0,0.0,0.0,0.0,0.0,0.0,0.0,0.0,0.0,0.0,0.0,0.0,0.0
9420,60,2,0,0.0,0.0,0.0,0.0,0.0,0.0,0.0,0.0,0.0,0.0,0.0,0.0,0.0,0.0,0.0,0.0,0.0,0.0,0.0,0.0,0.0,0.0,0.0,0.0,0.0,0.0,0.0,0.0,0.0,0.0,0.0,0.0,0.0,0.0,0.0
9421,60,3,0,0.0,0.0,0.0,0.0,0.0,0.0,0.0,0.0,0.0,0.0,0.0,0.0,0.0,0.0,0.0,0.0,0.0,0.0,0.0,0.0,0.0,0.0,0.0,0.0,0.0,0.0,0.0,0.0,0.0,0.0,0.0,0.0,0.0,0.0,0.0
9422,60,4,0,0.0,0.0,0.0,0.0,0.0,0.0,0.0,0.0,0.0,0.0,0.0,0.0,0.0,0.0,0.0,0.0,0.0,0.0,0.0,0.0,0.0,0.0,0.0,0.0,0.0,0.0,0.0,0.0,0.0,0.0,0.0,0.0,0.0,0.0,0.0
9423,60,5,0,0.0,0.0,0.0,0.0,0.0,0.0,0.0,0.0,0.0,0.0,0.0,0.0,0.0,0.0,0.0,0.0,0.0,0.0,0.0,0.0,0.0,0.0,0.0,0.0,0.0,0.0,0.0,0.0,0.0,0.0,0.0,0.0,0.0,0.0,0.0
9424,60,7,0,0.0,0.0,0.0,0.0,0.0,0.0,0.0,0.0,0.0,0.0,0.0,0.0,0.0,0.0,0.0,0.0,0.0,0.0,0.0,0.0,0.0,0.0,0.0,0.0,0.0,0.0,0.0,0.0,0.0,0.0,0.0,0.0,0.0,0.0,0.0
9425,60,8,0,0.0,0.0,0.0,0.0,0.0,0.0,0.0,0.0,0.0,0.0,0.0,0.0,0.0,0.0,0.0,0.0,0.0,0.0,0.0,0.0,0.0,0.0,0.0,0.0,0.0,0.0,0.0,0.0,0.0,0.0,0.0,0.0,0.0,0.0,0.0
9426,60,9,0,0.0,0.0,0.0,0.0,0.0,0.0,0.0,0.0,0.0,0.0,0.0,0.0,0.0,0.0,0.0,0.0,0.0,0.0,0.0,0.0,0.0,0.0,0.0,0.0,0.0,0.0,0.0,0.0,0.0,0.0,0.0,0.0,0.0,0.0,0.0
9427,60,10,0,0.0,0.0,0.0,0.0,0.0,0.0,0.0,0.0,0.0,0.0,0.0,0.0,0.0,0.0,0.0,0.0,0.0,0.0,0.0,0.0,0.0,0.0,0.0,0.0,0.0,0.0,0.0,0.0,0.0,0.0,0.0,0.0,0.0,0.0,0.0
9428,60,12,0,0.0,0.0,0.0,0.0,0.0,0.0,0.0,0.0,0.0,0.0,0.0,0.0,0.0,0.0,0.0,0.0,0.0,0.0,0.0,0.0,0.0,0.0,0.0,0.0,0.0,0.0,0.0,0.0,0.0,0.0,0.0,0.0,0.0,0.0,0.0
9429,60,13,0,0.0,0.0,0.0,0.0,0.0,0.0,0.0,0.0,0.0,0.0,0.0,0.0,0.0,0.0,0.0,0.0,0.0,0.0,0.0,0.0,0.0,0.0,0.0,0.0,0.0,0.0,0.0,0.0,0.0,0.0,0.0,0.0,0.0,0.0,0.0
9430,60,14,0,0.0,0.0,0.0,0.0,0.0,0.0,0.0,0.0,0.0,0.0,0.0,0.0,0.0,0.0,0.0,0.0,0.0,0.0,0.0,0.0,0.0,0.0,0.0,0.0,0.0,0.0,0.0,0.0,0.0,0.0,0.0,0.0,0.0,0.0,0.0
9431,60,16,0,0.0,0.0,0.0,0.0,0.0,0.0,0.0,0.0,0.0,0.0,0.0,0.0,0.0,0.0,0.0,0.0,0.0,0.0,0.0,0.0,0.0,0.0,0.0,0.0,0.0,0.0,0.0,0.0,0.0,0.0,0.0,0.0,0.0,0.0,0.0
9432,60,19,0,0.0,0.0,0.0,0.0,0.0,0.0,0.0,0.0,0.0,0.0,0.0,0.0,0.0,0.0,0.0,0.0,0.0,0.0,0.0,0.0,0.0,0.0,0.0,0.0,0.0,0.0,0.0,0.0,0.0,0.0,0.0,0.0,0.0,0.0,0.0
9433,60,21,0,0.0,0.0,0.0,0.0,0.0,0.0,0.0,0.0,0.0,0.0,0.0,0.0,0.0,0.0,0.0,0.0,0.0,0.0,0.0,0.0,0.0,0.0,0.0,0.0,0.0,0.0,0.0,0.0,0.0,0.0,0.0,0.0,0.0,0.0,0.0
9434,60,22,0,0.0,0.0,0.0,0.0,0.0,0.0,0.0,0.0,0.0,0.0,0.0,0.0,0.0,0.0,0.0,0.0,0.0,0.0,0.0,0.0,0.0,0.0,0.0,0.0,0.0,0.0,0.0,0.0,0.0,0.0,0.0,0.0,0.0,0.0,0.0
9435,60,23,0,0.0,0.0,0.0,0.0,0.0,0.0,0.0,0.0,0.0,0.0,0.0,0.0,0.0,0.0,0.0,0.0,0.0,0.0,0.0,0.0,0.0,0.0,0.0,0.0,0.0,0.0,0.0,0.0,0.0,0.0,0.0,0.0,0.0,0.0,0.0
9436,60,24,0,0.0,0.0,0.0,0.0,0.0,0.0,0.0,0.0,0.0,0.0,0.0,0.0,0.0,0.0,0.0,0.0,0.0,0.0,0.0,0.0,0.0,0.0,0.0,0.0,0.0,0.0,0.0,0.0,0.0,0.0,0.0,0.0,0.0,0.0,0.0
9437,60,25,0,0.0,0.0,0.0,0.0,0.0,0.0,0.0,0.0,0.0,0.0,0.0,0.0,0.0,0.0,0.0,0.0,0.0,0.0,0.0,0.0,0.0,0.0,0.0,0.0,0.0,0.0,0.0,0.0,0.0,0.0,0.0,0.0,0.0,0.0,0.0
9438,60,26,0,0.0,0.0,0.0,0.0,0.0,0.0,0.0,0.0,0.0,0.0,0.0,0.0,0.0,0.0,0.0,0.0,0.0,0.0,0.0,0.0,0.0,0.0,0.0,0.0,0.0,0.0,0.0,0.0,0.0,0.0,0.0,0.0,0.0,0.0,0.0
9439,60,27,0,0.0,0.0,0.0,0.0,0.0,0.0,0.0,0.0,0.0,0.0,0.0,0.0,0.0,0.0,0.0,0.0,0.0,0.0,0.0,0.0,0.0,0.0,0.0,0.0,0.0,0.0,0.0,0.0,0.0,0.0,0.0,0.0,0.0,0.0,0.0
9440,60,28,0,0.0,0.0,0.0,0.0,0.0,0.0,0.0,0.0,0.0,0.0,0.0,0.0,0.0,0.0,0.0,0.0,0.0,0.0,0.0,0.0,0.0,0.0,0.0,0.0,0.0,0.0,0.0,0.0,0.0,0.0,0.0,0.0,0.0,0.0,0.0
9441,60,29,0,0.0,0.0,0.0,0.0,0.0,0.0,0.0,0.0,0.0,0.0,0.0,0.0,0.0,0.0,0.0,0.0,0.0,0.0,0.0,0.0,0.0,0.0,0.0,0.0,0.0,0.0,0.0,0.0,0.0,0.0,0.0,0.0,0.0,0.0,0.0
9442,60,31,0,0.0,0.0,0.0,0.0,0.0,0.0,0.0,0.0,0.0,0.0,0.0,0.0,0.0,0.0,0.0,0.0,0.0,0.0,0.0,0.0,0.0,0.0,0.0,0.0,0.0,0.0,0.0,0.0,0.0,0.0,0.0,0.0,0.0,0.0,0.0
9443,60,34,0,0.0,0.0,0.0,0.0,0.0,0.0,0.0,0.0,0.0,0.0,0.0,0.0,0.0,0.0,0.0,0.0,0.0,0.0,0.0,0.0,0.0,0.0,0.0,0.0,0.0,0.0,0.0,0.0,0.0,0.0,0.0,0.0,0.0,0.0,0.0
9444,60,35,0,0.0,0.0,0.0,0.0,0.0,0.0,0.0,0.0,0.0,0.0,0.0,0.0,0.0,0.0,0.0,0.0,0.0,0.0,0.0,0.0,0.0,0.0,0.0,0.0,0.0,0.0,0.0,0.0,0.0,0.0,0.0,0.0,0.0,0.0,0.0
9445,60,38,0,0.0,0.0,0.0,0.0,0.0,0.0,0.0,0.0,0.0,0.0,0.0,0.0,0.0,0.0,0.0,0.0,0.0,0.0,0.0,0.0,0.0,0.0,0.0,0.0,0.0,0.0,0.0,0.0,0.0,0.0,0.0,0.0,0.0,0.0,0.0
9446,60,39,0,0.0,0.0,0.0,0.0,0.0,0.0,0.0,0.0,0.0,0.0,0.0,0.0,0.0,0.0,0.0,0.0,0.0,0.0,0.0,0.0,0.0,0.0,0.0,0.0,0.0,0.0,0.0,0.0,0.0,0.0,0.0,0.0,0.0,0.0,0.0
9447,60,40,0,0.0,0.0,0.0,0.0,0.0,0.0,0.0,0.0,0.0,0.0,0.0,0.0,0.0,0.0,0.0,0.0,0.0,0.0,0.0,0.0,0.0,0.0,0.0,0.0,0.0,0.0,0.0,0.0,0.0,0.0,0.0,0.0,0.0,0.0,0.0
9448,60,41,0,0.0,0.0,0.0,0.0,0.0,0.0,0.0,0.0,0.0,0.0,0.0,0.0,0.0,0.0,0.0,0.0,0.0,0.0,0.0,0.0,0.0,0.0,0.0,0.0,0.0,0.0,0.0,0.0,0.0,0.0,0.0,0.0,0.0,0.0,0.0
9449,60,44,0,0.0,0.0,0.0,0.0,0.0,0.0,0.0,0.0,0.0,0.0,0.0,0.0,0.0,0.0,0.0,0.0,0.0,0.0,0.0,0.0,0.0,0.0,0.0,0.0,0.0,0.0,0.0,0.0,0.0,0.0,0.0,0.0,0.0,0.0,0.0
9450,60,45,0,0.0,0.0,0.0,0.0,0.0,0.0,0.0,0.0,0.0,0.0,0.0,0.0,0.0,0.0,0.0,0.0,0.0,0.0,0.0,0.0,0.0,0.0,0.0,0.0,0.0,0.0,0.0,0.0,0.0,0.0,0.0,0.0,0.0,0.0,0.0
9451,60,46,0,0.0,0.0,0.0,0.0,0.0,0.0,0.0,0.0,0.0,0.0,0.0,0.0,0.0,0.0,0.0,0.0,0.0,0.0,0.0,0.0,0.0,0.0,0.0,0.0,0.0,0.0,0.0,0.0,0.0,0.0,0.0,0.0,0.0,0.0,0.0
9452,60,47,0,0.0,0.0,0.0,0.0,0.0,0.0,0.0,0.0,0.0,0.0,0.0,0.0,0.0,0.0,0.0,0.0,0.0,0.0,0.0,0.0,0.0,0.0,0.0,0.0,0.0,0.0,0.0,0.0,0.0,0.0,0.0,0.0,0.0,0.0,0.0
9453,60,50,0,0.0,0.0,0.0,0.0,0.0,0.0,0.0,0.0,0.0,0.0,0.0,0.0,0.0,0.0,0.0,0.0,0.0,0.0,0.0,0.0,0.0,0.0,0.0,0.0,0.0,0.0,0.0,0.0,0.0,0.0,0.0,0.0,0.0,0.0,0.0
9454,60,51,0,0.0,0.0,0.0,0.0,0.0,0.0,0.0,0.0,0.0,0.0,0.0,0.0,0.0,0.0,0.0,0.0,0.0,0.0,0.0,0.0,0.0,0.0,0.0,0.0,0.0,0.0,0.0,0.0,0.0,0.0,0.0,0.0,0.0,0.0,0.0
9455,60,52,0,0.0,0.0,0.0,0.0,0.0,0.0,0.0,0.0,0.0,0.0,0.0,0.0,0.0,0.0,0.0,0.0,0.0,0.0,0.0,0.0,0.0,0.0,0.0,0.0,0.0,0.0,0.0,0.0,0.0,0.0,0.0,0.0,0.0,0.0,0.0
9456,60,53,0,0.0,0.0,0.0,0.0,0.0,0.0,0.0,0.0,0.0,0.0,0.0,0.0,0.0,0.0,0.0,0.0,0.0,0.0,0.0,0.0,0.0,0.0,0.0,0.0,0.0,0.0,0.0,0.0,0.0,0.0,0.0,0.0,0.0,0.0,0.0
9457,60,55,0,0.0,0.0,0.0,0.0,0.0,0.0,0.0,0.0,0.0,0.0,0.0,0.0,0.0,0.0,0.0,0.0,0.0,0.0,0.0,0.0,0.0,0.0,0.0,0.0,0.0,0.0,0.0,0.0,0.0,0.0,0.0,0.0,0.0,0.0,0.0
9458,60,56,0,0.0,0.0,0.0,0.0,0.0,0.0,0.0,0.0,0.0,0.0,0.0,0.0,0.0,0.0,0.0,0.0,0.0,0.0,0.0,0.0,0.0,0.0,0.0,0.0,0.0,0.0,0.0,0.0,0.0,0.0,0.0,0.0,0.0,0.0,0.0
9459,60,57,0,0.0,0.0,0.0,0.0,0.0,0.0,0.0,0.0,0.0,0.0,0.0,0.0,0.0,0.0,0.0,0.0,0.0,0.0,0.0,0.0,0.0,0.0,0.0,0.0,0.0,0.0,0.0,0.0,0.0,0.0,0.0,0.0,0.0,0.0,0.0
9460,60,58,0,0.0,0.0,0.0,0.0,0.0,0.0,0.0,0.0,0.0,0.0,0.0,0.0,0.0,0.0,0.0,0.0,0.0,0.0,0.0,0.0,0.0,0.0,0.0,0.0,0.0,0.0,0.0,0.0,0.0,0.0,0.0,0.0,0.0,0.0,0.0
9461,60,59,0,0.0,0.0,0.0,0.0,0.0,0.0,0.0,0.0,0.0,0.0,0.0,0.0,0.0,0.0,0.0,0.0,0.0,0.0,0.0,0.0,0.0,0.0,0.0,0.0,0.0,0.0,0.0,0.0,0.0,0.0,0.0,0.0,0.0,0.0,0.0
9462,60,60,0,0.0,0.0,0.0,0.0,0.0,0.0,0.0,0.0,0.0,0.0,0.0,0.0,0.0,0.0,0.0,0.0,0.0,0.0,0.0,0.0,0.0,0.0,0.0,0.0,0.0,0.0,0.0,0.0,0.0,0.0,0.0,0.0,0.0,0.0,0.0
9463,60,62,0,0.0,0.0,0.0,0.0,0.0,0.0,0.0,0.0,0.0,0.0,0.0,0.0,0.0,0.0,0.0,0.0,0.0,0.0,0.0,0.0,0.0,0.0,0.0,0.0,0.0,0.0,0.0,0.0,0.0,0.0,0.0,0.0,0.0,0.0,0.0
9464,60,64,0,0.0,0.0,0.0,0.0,0.0,0.0,0.0,0.0,0.0,0.0,0.0,0.0,0.0,0.0,0.0,0.0,0.0,0.0,0.0,0.0,0.0,0.0,0.0,0.0,0.0,0.0,0.0,0.0,0.0,0.0,0.0,0.0,0.0,0.0,0.0
9465,60,65,0,0.0,0.0,0.0,0.0,0.0,0.0,0.0,0.0,0.0,0.0,0.0,0.0,0.0,0.0,0.0,0.0,0.0,0.0,0.0,0.0,0.0,0.0,0.0,0.0,0.0,0.0,0.0,0.0,0.0,0.0,0.0,0.0,0.0,0.0,0.0
9466,60,66,0,0.0,0.0,0.0,0.0,0.0,0.0,0.0,0.0,0.0,0.0,0.0,0.0,0.0,0.0,0.0,0.0,0.0,0.0,0.0,0.0,0.0,0.0,0.0,0.0,0.0,0.0,0.0,0.0,0.0,0.0,0.0,0.0,0.0,0.0,0.0
9467,60,68,0,0.0,0.0,0.0,0.0,0.0,0.0,0.0,0.0,0.0,0.0,0.0,0.0,0.0,0.0,0.0,0.0,0.0,0.0,0.0,0.0,0.0,0.0,0.0,0.0,0.0,0.0,0.0,0.0,0.0,0.0,0.0,0.0,0.0,0.0,0.0
9468,60,69,0,0.0,0.0,0.0,0.0,0.0,0.0,0.0,0.0,0.0,0.0,0.0,0.0,0.0,0.0,0.0,0.0,0.0,0.0,0.0,0.0,0.0,0.0,0.0,0.0,0.0,0.0,0.0,0.0,0.0,0.0,0.0,0.0,0.0,0.0,0.0
9469,60,71,0,0.0,0.0,0.0,0.0,0.0,0.0,0.0,0.0,0.0,0.0,0.0,0.0,0.0,0.0,0.0,0.0,0.0,0.0,0.0,0.0,0.0,0.0,0.0,0.0,0.0,0.0,0.0,0.0,0.0,0.0,0.0,0.0,0.0,0.0,0.0
9470,60,72,0,0.0,0.0,0.0,0.0,0.0,0.0,0.0,0.0,0.0,0.0,0.0,0.0,0.0,0.0,0.0,0.0,0.0,0.0,0.0,0.0,0.0,0.0,0.0,0.0,0.0,0.0,0.0,0.0,0.0,0.0,0.0,0.0,0.0,0.0,0.0
9471,60,74,161,5.59,44.69,21.16,40.0,25.45,40.99,50.0,1.31,0.0,0.0,0.0,0.0,90.13,43.95,20.58,42.33,1.31,36.0,2.82,100.0,0.0,0.0,0.0,0.0,5.92,35.66,12.59,22.22,1.31,75.5,24.74,50.0,0.0,0.0,0.0
9472,60,75,0,0.0,0.0,0.0,0.0,0.0,0.0,0.0,0.0,0.0,0.0,0.0,0.0,0.0,0.0,0.0,0.0,0.0,0.0,0.0,0.0,0.0,0.0,0.0,0.0,0.0,0.0,0.0,0.0,0.0,0.0,0.0,0.0,0.0,0.0,0.0
9473,60,76,0,0.0,0.0,0.0,0.0,0.0,0.0,0.0,0.0,0.0,0.0,0.0,0.0,0.0,0.0,0.0,0.0,0.0,0.0,0.0,0.0,0.0,0.0,0.0,0.0,0.0,0.0,0.0,0.0,0.0,0.0,0.0,0.0,0.0,0.0,0.0
9474,60,78,0,0.0,0.0,0.0,0.0,0.0,0.0,0.0,0.0,0.0,0.0,0.0,0.0,0.0,0.0,0.0,0.0,0.0,0.0,0.0,0.0,0.0,0.0,0.0,0.0,0.0,0.0,0.0,0.0,0.0,0.0,0.0,0.0,0.0,0.0,0.0
9475,60,79,0,0.0,0.0,0.0,0.0,0.0,0.0,0.0,0.0,0.0,0.0,0.0,0.0,0.0,0.0,0.0,0.0,0.0,0.0,0.0,0.0,0.0,0.0,0.0,0.0,0.0,0.0,0.0,0.0,0.0,0.0,0.0,0.0,0.0,0.0,0.0
9476,60,80,0,0.0,0.0,0.0,0.0,0.0,0.0,0.0,0.0,0.0,0.0,0.0,0.0,0.0,0.0,0.0,0.0,0.0,0.0,0.0,0.0,0.0,0.0,0.0,0.0,0.0,0.0,0.0,0.0,0.0,0.0,0.0,0.0,0.0,0.0,0.0
9477,60,83,0,0.0,0.0,0.0,0.0,0.0,0.0,0.0,0.0,0.0,0.0,0.0,0.0,0.0,0.0,0.0,0.0,0.0,0.0,0.0,0.0,0.0,0.0,0.0,0.0,0.0,0.0,0.0,0.0,0.0,0.0,0.0,0.0,0.0,0.0,0.0
9478,60,84,0,0.0,0.0,0.0,0.0,0.0,0.0,0.0,0.0,0.0,0.0,0.0,0.0,0.0,0.0,0.0,0.0,0.0,0.0,0.0,0.0,0.0,0.0,0.0,0.0,0.0,0.0,0.0,0.0,0.0,0.0,0.0,0.0,0.0,0.0,0.0
9479,60,85,0,0.0,0.0,0.0,0.0,0.0,0.0,0.0,0.0,0.0,0.0,0.0,0.0,0.0,0.0,0.0,0.0,0.0,0.0,0.0,0.0,0.0,0.0,0.0,0.0,0.0,0.0,0.0,0.0,0.0,0.0,0.0,0.0,0.0,0.0,0.0
9480,60,87,0,0.0,0.0,0.0,0.0,0.0,0.0,0.0,0.0,0.0,0.0,0.0,0.0,0.0,0.0,0.0,0.0,0.0,0.0,0.0,0.0,0.0,0.0,0.0,0.0,0.0,0.0,0.0,0.0,0.0,0.0,0.0,0.0,0.0,0.0,0.0
9481,60,88,0,0.0,0.0,0.0,0.0,0.0,0.0,0.0,0.0,0.0,0.0,0.0,0.0,0.0,0.0,0.0,0.0,0.0,0.0,0.0,0.0,0.0,0.0,0.0,0.0,0.0,0.0,0.0,0.0,0.0,0.0,0.0,0.0,0.0,0.0,0.0
9482,60,89,0,0.0,0.0,0.0,0.0,0.0,0.0,0.0,0.0,0.0,0.0,0.0,0.0,0.0,0.0,0.0,0.0,0.0,0.0,0.0,0.0,0.0,0.0,0.0,0.0,0.0,0.0,0.0,0.0,0.0,0.0,0.0,0.0,0.0,0.0,0.0
9483,60,90,0,0.0,0.0,0.0,0.0,0.0,0.0,0.0,0.0,0.0,0.0,0.0,0.0,0.0,0.0,0.0,0.0,0.0,0.0,0.0,0.0,0.0,0.0,0.0,0.0,0.0,0.0,0.0,0.0,0.0,0.0,0.0,0.0,0.0,0.0,0.0
9484,60,92,0,0.0,0.0,0.0,0.0,0.0,0.0,0.0,0.0,0.0,0.0,0.0,0.0,0.0,0.0,0.0,0.0,0.0,0.0,0.0,0.0,0.0,0.0,0.0,0.0,0.0,0.0,0.0,0.0,0.0,0.0,0.0,0.0,0.0,0.0,0.0
9485,60,94,0,0.0,0.0,0.0,0.0,0.0,0.0,0.0,0.0,0.0,0.0,0.0,0.0,0.0,0.0,0.0,0.0,0.0,0.0,0.0,0.0,0.0,0.0,0.0,0.0,0.0,0.0,0.0,0.0,0.0,0.0,0.0,0.0,0.0,0.0,0.0
9486,60,95,0,0.0,0.0,0.0,0.0,0.0,0.0,0.0,0.0,0.0,0.0,0.0,0.0,0.0,0.0,0.0,0.0,0.0,0.0,0.0,0.0,0.0,0.0,0.0,0.0,0.0,0.0,0.0,0.0,0.0,0.0,0.0,0.0,0.0,0.0,0.0
9487,60,98,0,0.0,0.0,0.0,0.0,0.0,0.0,0.0,0.0,0.0,0.0,0.0,0.0,0.0,0.0,0.0,0.0,0.0,0.0,0.0,0.0,0.0,0.0,0.0,0.0,0.0,0.0,0.0,0.0,0.0,0.0,0.0,0.0,0.0,0.0,0.0
9488,60,99,0,0.0,0.0,0.0,0.0,0.0,0.0,0.0,0.0,0.0,0.0,0.0,0.0,0.0,0.0,0.0,0.0,0.0,0.0,0.0,0.0,0.0,0.0,0.0,0.0,0.0,0.0,0.0,0.0,0.0,0.0,0.0,0.0,0.0,0.0,0.0
9489,60,100,0,0.0,0.0,0.0,0.0,0.0,0.0,0.0,0.0,0.0,0.0,0.0,0.0,0.0,0.0,0.0,0.0,0.0,0.0,0.0,0.0,0.0,0.0,0.0,0.0,0.0,0.0,0.0,0.0,0.0,0.0,0.0,0.0,0.0,0.0,0.0
9490,60,101,0,0.0,0.0,0.0,0.0,0.0,0.0,0.0,0.0,0.0,0.0,0.0,0.0,0.0,0.0,0.0,0.0,0.0,0.0,0.0,0.0,0.0,0.0,0.0,0.0,0.0,0.0,0.0,0.0,0.0,0.0,0.0,0.0,0.0,0.0,0.0
9491,60,102,0,0.0,0.0,0.0,0.0,0.0,0.0,0.0,0.0,0.0,0.0,0.0,0.0,0.0,0.0,0.0,0.0,0.0,0.0,0.0,0.0,0.0,0.0,0.0,0.0,0.0,0.0,0.0,0.0,0.0,0.0,0.0,0.0,0.0,0.0,0.0
9492,60,103,0,0.0,0.0,0.0,0.0,0.0,0.0,0.0,0.0,0.0,0.0,0.0,0.0,0.0,0.0,0.0,0.0,0.0,0.0,0.0,0.0,0.0,0.0,0.0,0.0,0.0,0.0,0.0,0.0,0.0,0.0,0.0,0.0,0.0,0.0,0.0
9493,60,104,0,0.0,0.0,0.0,0.0,0.0,0.0,0.0,0.0,0.0,0.0,0.0,0.0,0.0,0.0,0.0,0.0,0.0,0.0,0.0,0.0,0.0,0.0,0.0,0.0,0.0,0.0,0.0,0.0,0.0,0.0,0.0,0.0,0.0,0.0,0.0
9494,60,106,0,0.0,0.0,0.0,0.0,0.0,0.0,0.0,0.0,0.0,0.0,0.0,0.0,0.0,0.0,0.0,0.0,0.0,0.0,0.0,0.0,0.0,0.0,0.0,0.0,0.0,0.0,0.0,0.0,0.0,0.0,0.0,0.0,0.0,0.0,0.0
9495,60,108,0,0.0,0.0,0.0,0.0,0.0,0.0,0.0,0.0,0.0,0.0,0.0,0.0,0.0,0.0,0.0,0.0,0.0,0.0,0.0,0.0,0.0,0.0,0.0,0.0,0.0,0.0,0.0,0.0,0.0,0.0,0.0,0.0,0.0,0.0,0.0
9496,60,109,0,0.0,0.0,0.0,0.0,0.0,0.0,0.0,0.0,0.0,0.0,0.0,0.0,0.0,0.0,0.0,0.0,0.0,0.0,0.0,0.0,0.0,0.0,0.0,0.0,0.0,0.0,0.0,0.0,0.0,0.0,0.0,0.0,0.0,0.0,0.0
9497,60,110,0,0.0,0.0,0.0,0.0,0.0,0.0,0.0,0.0,0.0,0.0,0.0,0.0,0.0,0.0,0.0,0.0,0.0,0.0,0.0,0.0,0.0,0.0,0.0,0.0,0.0,0.0,0.0,0.0,0.0,0.0,0.0,0.0,0.0,0.0,0.0
9498,60,111,0,0.0,0.0,0.0,0.0,0.0,0.0,0.0,0.0,0.0,0.0,0.0,0.0,0.0,0.0,0.0,0.0,0.0,0.0,0.0,0.0,0.0,0.0,0.0,0.0,0.0,0.0,0.0,0.0,0.0,0.0,0.0,0.0,0.0,0.0,0.0
9499,60,112,0,0.0,0.0,0.0,0.0,0.0,0.0,0.0,0.0,0.0,0.0,0.0,0.0,0.0,0.0,0.0,0.0,0.0,0.0,0.0,0.0,0.0,0.0,0.0,0.0,0.0,0.0,0.0,0.0,0.0,0.0,0.0,0.0,0.0,0.0,0.0
9500,60,113,0,0.0,0.0,0.0,0.0,0.0,0.0,0.0,0.0,0.0,0.0,0.0,0.0,0.0,0.0,0.0,0.0,0.0,0.0,0.0,0.0,0.0,0.0,0.0,0.0,0.0,0.0,0.0,0.0,0.0,0.0,0.0,0.0,0.0,0.0,0.0
9501,60,114,0,0.0,0.0,0.0,0.0,0.0,0.0,0.0,0.0,0.0,0.0,0.0,0.0,0.0,0.0,0.0,0.0,0.0,0.0,0.0,0.0,0.0,0.0,0.0,0.0,0.0,0.0,0.0,0.0,0.0,0.0,0.0,0.0,0.0,0.0,0.0
9502,60,115,0,0.0,0.0,0.0,0.0,0.0,0.0,0.0,0.0,0.0,0.0,0.0,0.0,0.0,0.0,0.0,0.0,0.0,0.0,0.0,0.0,0.0,0.0,0.0,0.0,0.0,0.0,0.0,0.0,0.0,0.0,0.0,0.0,0.0,0.0,0.0
9503,60,116,0,0.0,0.0,0.0,0.0,0.0,0.0,0.0,0.0,0.0,0.0,0.0,0.0,0.0,0.0,0.0,0.0,0.0,0.0,0.0,0.0,0.0,0.0,0.0,0.0,0.0,0.0,0.0,0.0,0.0,0.0,0.0,0.0,0.0,0.0,0.0
9504,60,119,0,0.0,0.0,0.0,0.0,0.0,0.0,0.0,0.0,0.0,0.0,0.0,0.0,0.0,0.0,0.0,0.0,0.0,0.0,0.0,0.0,0.0,0.0,0.0,0.0,0.0,0.0,0.0,0.0,0.0,0.0,0.0,0.0,0.0,0.0,0.0
9505,60,122,0,0.0,0.0,0.0,0.0,0.0,0.0,0.0,0.0,0.0,0.0,0.0,0.0,0.0,0.0,0.0,0.0,0.0,0.0,0.0,0.0,0.0,0.0,0.0,0.0,0.0,0.0,0.0,0.0,0.0,0.0,0.0,0.0,0.0,0.0,0.0
9506,60,124,0,0.0,0.0,0.0,0.0,0.0,0.0,0.0,0.0,0.0,0.0,0.0,0.0,0.0,0.0,0.0,0.0,0.0,0.0,0.0,0.0,0.0,0.0,0.0,0.0,0.0,0.0,0.0,0.0,0.0,0.0,0.0,0.0,0.0,0.0,0.0
9507,60,125,0,0.0,0.0,0.0,0.0,0.0,0.0,0.0,0.0,0.0,0.0,0.0,0.0,0.0,0.0,0.0,0.0,0.0,0.0,0.0,0.0,0.0,0.0,0.0,0.0,0.0,0.0,0.0,0.0,0.0,0.0,0.0,0.0,0.0,0.0,0.0
9508,60,126,0,0.0,0.0,0.0,0.0,0.0,0.0,0.0,0.0,0.0,0.0,0.0,0.0,0.0,0.0,0.0,0.0,0.0,0.0,0.0,0.0,0.0,0.0,0.0,0.0,0.0,0.0,0.0,0.0,0.0,0.0,0.0,0.0,0.0,0.0,0.0
9509,60,128,0,0.0,0.0,0.0,0.0,0.0,0.0,0.0,0.0,0.0,0.0,0.0,0.0,0.0,0.0,0.0,0.0,0.0,0.0,0.0,0.0,0.0,0.0,0.0,0.0,0.0,0.0,0.0,0.0,0.0,0.0,0.0,0.0,0.0,0.0,0.0
9510,60,129,0,0.0,0.0,0.0,0.0,0.0,0.0,0.0,0.0,0.0,0.0,0.0,0.0,0.0,0.0,0.0,0.0,0.0,0.0,0.0,0.0,0.0,0.0,0.0,0.0,0.0,0.0,0.0,0.0,0.0,0.0,0.0,0.0,0.0,0.0,0.0
9511,60,130,0,0.0,0.0,0.0,0.0,0.0,0.0,0.0,0.0,0.0,0.0,0.0,0.0,0.0,0.0,0.0,0.0,0.0,0.0,0.0,0.0,0.0,0.0,0.0,0.0,0.0,0.0,0.0,0.0,0.0,0.0,0.0,0.0,0.0,0.0,0.0
9512,60,131,0,0.0,0.0,0.0,0.0,0.0,0.0,0.0,0.0,0.0,0.0,0.0,0.0,0.0,0.0,0.0,0.0,0.0,0.0,0.0,0.0,0.0,0.0,0.0,0.0,0.0,0.0,0.0,0.0,0.0,0.0,0.0,0.0,0.0,0.0,0.0
9513,60,132,0,0.0,0.0,0.0,0.0,0.0,0.0,0.0,0.0,0.0,0.0,0.0,0.0,0.0,0.0,0.0,0.0,0.0,0.0,0.0,0.0,0.0,0.0,0.0,0.0,0.0,0.0,0.0,0.0,0.0,0.0,0.0,0.0,0.0,0.0,0.0
9514,60,133,0,0.0,0.0,0.0,0.0,0.0,0.0,0.0,0.0,0.0,0.0,0.0,0.0,0.0,0.0,0.0,0.0,0.0,0.0,0.0,0.0,0.0,0.0,0.0,0.0,0.0,0.0,0.0,0.0,0.0,0.0,0.0,0.0,0.0,0.0,0.0
9515,60,134,0,0.0,0.0,0.0,0.0,0.0,0.0,0.0,0.0,0.0,0.0,0.0,0.0,0.0,0.0,0.0,0.0,0.0,0.0,0.0,0.0,0.0,0.0,0.0,0.0,0.0,0.0,0.0,0.0,0.0,0.0,0.0,0.0,0.0,0.0,0.0
9516,60,136,0,0.0,0.0,0.0,0.0,0.0,0.0,0.0,0.0,0.0,0.0,0.0,0.0,0.0,0.0,0.0,0.0,0.0,0.0,0.0,0.0,0.0,0.0,0.0,0.0,0.0,0.0,0.0,0.0,0.0,0.0,0.0,0.0,0.0,0.0,0.0
9517,60,137,0,0.0,0.0,0.0,0.0,0.0,0.0,0.0,0.0,0.0,0.0,0.0,0.0,0.0,0.0,0.0,0.0,0.0,0.0,0.0,0.0,0.0,0.0,0.0,0.0,0.0,0.0,0.0,0.0,0.0,0.0,0.0,0.0,0.0,0.0,0.0
9518,60,138,0,0.0,0.0,0.0,0.0,0.0,0.0,0.0,0.0,0.0,0.0,0.0,0.0,0.0,0.0,0.0,0.0,0.0,0.0,0.0,0.0,0.0,0.0,0.0,0.0,0.0,0.0,0.0,0.0,0.0,0.0,0.0,0.0,0.0,0.0,0.0
9519,60,139,0,0.0,0.0,0.0,0.0,0.0,0.0,0.0,0.0,0.0,0.0,0.0,0.0,0.0,0.0,0.0,0.0,0.0,0.0,0.0,0.0,0.0,0.0,0.0,0.0,0.0,0.0,0.0,0.0,0.0,0.0,0.0,0.0,0.0,0.0,0.0
9520,60,140,0,0.0,0.0,0.0,0.0,0.0,0.0,0.0,0.0,0.0,0.0,0.0,0.0,0.0,0.0,0.0,0.0,0.0,0.0,0.0,0.0,0.0,0.0,0.0,0.0,0.0,0.0,0.0,0.0,0.0,0.0,0.0,0.0,0.0,0.0,0.0
9521,60,142,0,0.0,0.0,0.0,0.0,0.0,0.0,0.0,0.0,0.0,0.0,0.0,0.0,0.0,0.0,0.0,0.0,0.0,0.0,0.0,0.0,0.0,0.0,0.0,0.0,0.0,0.0,0.0,0.0,0.0,0.0,0.0,0.0,0.0,0.0,0.0
9522,60,143,0,0.0,0.0,0.0,0.0,0.0,0.0,0.0,0.0,0.0,0.0,0.0,0.0,0.0,0.0,0.0,0.0,0.0,0.0,0.0,0.0,0.0,0.0,0.0,0.0,0.0,0.0,0.0,0.0,0.0,0.0,0.0,0.0,0.0,0.0,0.0
9523,60,144,0,0.0,0.0,0.0,0.0,0.0,0.0,0.0,0.0,0.0,0.0,0.0,0.0,0.0,0.0,0.0,0.0,0.0,0.0,0.0,0.0,0.0,0.0,0.0,0.0,0.0,0.0,0.0,0.0,0.0,0.0,0.0,0.0,0.0,0.0,0.0
9524,60,145,0,0.0,0.0,0.0,0.0,0.0,0.0,0.0,0.0,0.0,0.0,0.0,0.0,0.0,0.0,0.0,0.0,0.0,0.0,0.0,0.0,0.0,0.0,0.0,0.0,0.0,0.0,0.0,0.0,0.0,0.0,0.0,0.0,0.0,0.0,0.0
9525,60,146,0,0.0,0.0,0.0,0.0,0.0,0.0,0.0,0.0,0.0,0.0,0.0,0.0,0.0,0.0,0.0,0.0,0.0,0.0,0.0,0.0,0.0,0.0,0.0,0.0,0.0,0.0,0.0,0.0,0.0,0.0,0.0,0.0,0.0,0.0,0.0
9526,60,147,0,0.0,0.0,0.0,0.0,0.0,0.0,0.0,0.0,0.0,0.0,0.0,0.0,0.0,0.0,0.0,0.0,0.0,0.0,0.0,0.0,0.0,0.0,0.0,0.0,0.0,0.0,0.0,0.0,0.0,0.0,0.0,0.0,0.0,0.0,0.0
9527,60,148,0,0.0,0.0,0.0,0.0,0.0,0.0,0.0,0.0,0.0,0.0,0.0,0.0,0.0,0.0,0.0,0.0,0.0,0.0,0.0,0.0,0.0,0.0,0.0,0.0,0.0,0.0,0.0,0.0,0.0,0.0,0.0,0.0,0.0,0.0,0.0
9528,60,149,0,0.0,0.0,0.0,0.0,0.0,0.0,0.0,0.0,0.0,0.0,0.0,0.0,0.0,0.0,0.0,0.0,0.0,0.0,0.0,0.0,0.0,0.0,0.0,0.0,0.0,0.0,0.0,0.0,0.0,0.0,0.0,0.0,0.0,0.0,0.0
9529,60,150,0,0.0,0.0,0.0,0.0,0.0,0.0,0.0,0.0,0.0,0.0,0.0,0.0,0.0,0.0,0.0,0.0,0.0,0.0,0.0,0.0,0.0,0.0,0.0,0.0,0.0,0.0,0.0,0.0,0.0,0.0,0.0,0.0,0.0,0.0,0.0
9530,60,151,0,0.0,0.0,0.0,0.0,0.0,0.0,0.0,0.0,0.0,0.0,0.0,0.0,0.0,0.0,0.0,0.0,0.0,0.0,0.0,0.0,0.0,0.0,0.0,0.0,0.0,0.0,0.0,0.0,0.0,0.0,0.0,0.0,0.0,0.0,0.0
9531,60,153,0,0.0,0.0,0.0,0.0,0.0,0.0,0.0,0.0,0.0,0.0,0.0,0.0,0.0,0.0,0.0,0.0,0.0,0.0,0.0,0.0,0.0,0.0,0.0,0.0,0.0,0.0,0.0,0.0,0.0,0.0,0.0,0.0,0.0,0.0,0.0
9532,60,154,0,0.0,0.0,0.0,0.0,0.0,0.0,0.0,0.0,0.0,0.0,0.0,0.0,0.0,0.0,0.0,0.0,0.0,0.0,0.0,0.0,0.0,0.0,0.0,0.0,0.0,0.0,0.0,0.0,0.0,0.0,0.0,0.0,0.0,0.0,0.0
9533,60,156,0,0.0,0.0,0.0,0.0,0.0,0.0,0.0,0.0,0.0,0.0,0.0,0.0,0.0,0.0,0.0,0.0,0.0,0.0,0.0,0.0,0.0,0.0,0.0,0.0,0.0,0.0,0.0,0.0,0.0,0.0,0.0,0.0,0.0,0.0,0.0
9534,60,157,0,0.0,0.0,0.0,0.0,0.0,0.0,0.0,0.0,0.0,0.0,0.0,0.0,0.0,0.0,0.0,0.0,0.0,0.0,0.0,0.0,0.0,0.0,0.0,0.0,0.0,0.0,0.0,0.0,0.0,0.0,0.0,0.0,0.0,0.0,0.0
9535,60,158,162,6.17,41.32,16.73,49.66,21.76,45.06,41.66,7.89,0.0,0.0,0.0,0.0,76.97,38.22,15.42,47.86,2.63,41.5,15.17,75.0,0.0,0.0,0.0,0.0,7.89,43.33,11.73,33.33,4.6,55.28,18.48,28.57,0.0,0.0,0.0
9536,60,160,0,0.0,0.0,0.0,0.0,0.0,0.0,0.0,0.0,0.0,0.0,0.0,0.0,0.0,0.0,0.0,0.0,0.0,0.0,0.0,0.0,0.0,0.0,0.0,0.0,0.0,0.0,0.0,0.0,0.0,0.0,0.0,0.0,0.0,0.0,0.0
9537,60,161,0,0.0,0.0,0.0,0.0,0.0,0.0,0.0,0.0,0.0,0.0,0.0,0.0,0.0,0.0,0.0,0.0,0.0,0.0,0.0,0.0,0.0,0.0,0.0,0.0,0.0,0.0,0.0,0.0,0.0,0.0,0.0,0.0,0.0,0.0,0.0
9538,60,162,0,0.0,0.0,0.0,0.0,0.0,0.0,0.0,0.0,0.0,0.0,0.0,0.0,0.0,0.0,0.0,0.0,0.0,0.0,0.0,0.0,0.0,0.0,0.0,0.0,0.0,0.0,0.0,0.0,0.0,0.0,0.0,0.0,0.0,0.0,0.0
9539,60,164,0,0.0,0.0,0.0,0.0,0.0,0.0,0.0,0.0,0.0,0.0,0.0,0.0,0.0,0.0,0.0,0.0,0.0,0.0,0.0,0.0,0.0,0.0,0.0,0.0,0.0,0.0,0.0,0.0,0.0,0.0,0.0,0.0,0.0,0.0,0.0
9540,60,165,0,0.0,0.0,0.0,0.0,0.0,0.0,0.0,0.0,0.0,0.0,0.0,0.0,0.0,0.0,0.0,0.0,0.0,0.0,0.0,0.0,0.0,0.0,0.0,0.0,0.0,0.0,0.0,0.0,0.0,0.0,0.0,0.0,0.0,0.0,0.0
9541,60,166,0,0.0,0.0,0.0,0.0,0.0,0.0,0.0,0.0,0.0,0.0,0.0,0.0,0.0,0.0,0.0,0.0,0.0,0.0,0.0,0.0,0.0,0.0,0.0,0.0,0.0,0.0,0.0,0.0,0.0,0.0,0.0,0.0,0.0,0.0,0.0
9542,60,167,0,0.0,0.0,0.0,0.0,0.0,0.0,0.0,0.0,0.0,0.0,0.0,0.0,0.0,0.0,0.0,0.0,0.0,0.0,0.0,0.0,0.0,0.0,0.0,0.0,0.0,0.0,0.0,0.0,0.0,0.0,0.0,0.0,0.0,0.0,0.0
9543,60,168,0,0.0,0.0,0.0,0.0,0.0,0.0,0.0,0.0,0.0,0.0,0.0,0.0,0.0,0.0,0.0,0.0,0.0,0.0,0.0,0.0,0.0,0.0,0.0,0.0,0.0,0.0,0.0,0.0,0.0,0.0,0.0,0.0,0.0,0.0,0.0
9544,60,169,0,0.0,0.0,0.0,0.0,0.0,0.0,0.0,0.0,0.0,0.0,0.0,0.0,0.0,0.0,0.0,0.0,0.0,0.0,0.0,0.0,0.0,0.0,0.0,0.0,0.0,0.0,0.0,0.0,0.0,0.0,0.0,0.0,0.0,0.0,0.0
9545,60,170,0,0.0,0.0,0.0,0.0,0.0,0.0,0.0,0.0,0.0,0.0,0.0,0.0,0.0,0.0,0.0,0.0,0.0,0.0,0.0,0.0,0.0,0.0,0.0,0.0,0.0,0.0,0.0,0.0,0.0,0.0,0.0,0.0,0.0,0.0,0.0
9546,60,171,0,0.0,0.0,0.0,0.0,0.0,0.0,0.0,0.0,0.0,0.0,0.0,0.0,0.0,0.0,0.0,0.0,0.0,0.0,0.0,0.0,0.0,0.0,0.0,0.0,0.0,0.0,0.0,0.0,0.0,0.0,0.0,0.0,0.0,0.0,0.0
9547,60,172,0,0.0,0.0,0.0,0.0,0.0,0.0,0.0,0.0,0.0,0.0,0.0,0.0,0.0,0.0,0.0,0.0,0.0,0.0,0.0,0.0,0.0,0.0,0.0,0.0,0.0,0.0,0.0,0.0,0.0,0.0,0.0,0.0,0.0,0.0,0.0
9548,60,174,0,0.0,0.0,0.0,0.0,0.0,0.0,0.0,0.0,0.0,0.0,0.0,0.0,0.0,0.0,0.0,0.0,0.0,0.0,0.0,0.0,0.0,0.0,0.0,0.0,0.0,0.0,0.0,0.0,0.0,0.0,0.0,0.0,0.0,0.0,0.0
9549,60,175,0,0.0,0.0,0.0,0.0,0.0,0.0,0.0,0.0,0.0,0.0,0.0,0.0,0.0,0.0,0.0,0.0,0.0,0.0,0.0,0.0,0.0,0.0,0.0,0.0,0.0,0.0,0.0,0.0,0.0,0.0,0.0,0.0,0.0,0.0,0.0
9550,60,177,0,0.0,0.0,0.0,0.0,0.0,0.0,0.0,0.0,0.0,0.0,0.0,0.0,0.0,0.0,0.0,0.0,0.0,0.0,0.0,0.0,0.0,0.0,0.0,0.0,0.0,0.0,0.0,0.0,0.0,0.0,0.0,0.0,0.0,0.0,0.0
9551,60,178,0,0.0,0.0,0.0,0.0,0.0,0.0,0.0,0.0,0.0,0.0,0.0,0.0,0.0,0.0,0.0,0.0,0.0,0.0,0.0,0.0,0.0,0.0,0.0,0.0,0.0,0.0,0.0,0.0,0.0,0.0,0.0,0.0,0.0,0.0,0.0
9552,60,181,0,0.0,0.0,0.0,0.0,0.0,0.0,0.0,0.0,0.0,0.0,0.0,0.0,0.0,0.0,0.0,0.0,0.0,0.0,0.0,0.0,0.0,0.0,0.0,0.0,0.0,0.0,0.0,0.0,0.0,0.0,0.0,0.0,0.0,0.0,0.0
9553,60,182,0,0.0,0.0,0.0,0.0,0.0,0.0,0.0,0.0,0.0,0.0,0.0,0.0,0.0,0.0,0.0,0.0,0.0,0.0,0.0,0.0,0.0,0.0,0.0,0.0,0.0,0.0,0.0,0.0,0.0,0.0,0.0,0.0,0.0,0.0,0.0
9554,60,183,0,0.0,0.0,0.0,0.0,0.0,0.0,0.0,0.0,0.0,0.0,0.0,0.0,0.0,0.0,0.0,0.0,0.0,0.0,0.0,0.0,0.0,0.0,0.0,0.0,0.0,0.0,0.0,0.0,0.0,0.0,0.0,0.0,0.0,0.0,0.0
9555,60,185,0,0.0,0.0,0.0,0.0,0.0,0.0,0.0,0.0,0.0,0.0,0.0,0.0,0.0,0.0,0.0,0.0,0.0,0.0,0.0,0.0,0.0,0.0,0.0,0.0,0.0,0.0,0.0,0.0,0.0,0.0,0.0,0.0,0.0,0.0,0.0
9556,60,187,0,0.0,0.0,0.0,0.0,0.0,0.0,0.0,0.0,0.0,0.0,0.0,0.0,0.0,0.0,0.0,0.0,0.0,0.0,0.0,0.0,0.0,0.0,0.0,0.0,0.0,0.0,0.0,0.0,0.0,0.0,0.0,0.0,0.0,0.0,0.0
9557,60,188,0,0.0,0.0,0.0,0.0,0.0,0.0,0.0,0.0,0.0,0.0,0.0,0.0,0.0,0.0,0.0,0.0,0.0,0.0,0.0,0.0,0.0,0.0,0.0,0.0,0.0,0.0,0.0,0.0,0.0,0.0,0.0,0.0,0.0,0.0,0.0
9558,60,192,0,0.0,0.0,0.0,0.0,0.0,0.0,0.0,0.0,0.0,0.0,0.0,0.0,0.0,0.0,0.0,0.0,0.0,0.0,0.0,0.0,0.0,0.0,0.0,0.0,0.0,0.0,0.0,0.0,0.0,0.0,0.0,0.0,0.0,0.0,0.0
9559,60,194,0,0.0,0.0,0.0,0.0,0.0,0.0,0.0,0.0,0.0,0.0,0.0,0.0,0.0,0.0,0.0,0.0,0.0,0.0,0.0,0.0,0.0,0.0,0.0,0.0,0.0,0.0,0.0,0.0,0.0,0.0,0.0,0.0,0.0,0.0,0.0
9560,60,196,0,0.0,0.0,0.0,0.0,0.0,0.0,0.0,0.0,0.0,0.0,0.0,0.0,0.0,0.0,0.0,0.0,0.0,0.0,0.0,0.0,0.0,0.0,0.0,0.0,0.0,0.0,0.0,0.0,0.0,0.0,0.0,0.0,0.0,0.0,0.0
9561,60,197,0,0.0,0.0,0.0,0.0,0.0,0.0,0.0,0.0,0.0,0.0,0.0,0.0,0.0,0.0,0.0,0.0,0.0,0.0,0.0,0.0,0.0,0.0,0.0,0.0,0.0,0.0,0.0,0.0,0.0,0.0,0.0,0.0,0.0,0.0,0.0
9562,60,198,0,0.0,0.0,0.0,0.0,0.0,0.0,0.0,0.0,0.0,0.0,0.0,0.0,0.0,0.0,0.0,0.0,0.0,0.0,0.0,0.0,0.0,0.0,0.0,0.0,0.0,0.0,0.0,0.0,0.0,0.0,0.0,0.0,0.0,0.0,0.0
9563,60,199,0,0.0,0.0,0.0,0.0,0.0,0.0,0.0,0.0,0.0,0.0,0.0,0.0,0.0,0.0,0.0,0.0,0.0,0.0,0.0,0.0,0.0,0.0,0.0,0.0,0.0,0.0,0.0,0.0,0.0,0.0,0.0,0.0,0.0,0.0,0.0
9564,60,200,0,0.0,0.0,0.0,0.0,0.0,0.0,0.0,0.0,0.0,0.0,0.0,0.0,0.0,0.0,0.0,0.0,0.0,0.0,0.0,0.0,0.0,0.0,0.0,0.0,0.0,0.0,0.0,0.0,0.0,0.0,0.0,0.0,0.0,0.0,0.0
9565,60,201,0,0.0,0.0,0.0,0.0,0.0,0.0,0.0,0.0,0.0,0.0,0.0,0.0,0.0,0.0,0.0,0.0,0.0,0.0,0.0,0.0,0.0,0.0,0.0,0.0,0.0,0.0,0.0,0.0,0.0,0.0,0.0,0.0,0.0,0.0,0.0
9566,60,202,0,0.0,0.0,0.0,0.0,0.0,0.0,0.0,0.0,0.0,0.0,0.0,0.0,0.0,0.0,0.0,0.0,0.0,0.0,0.0,0.0,0.0,0.0,0.0,0.0,0.0,0.0,0.0,0.0,0.0,0.0,0.0,0.0,0.0,0.0,0.0
9567,60,203,0,0.0,0.0,0.0,0.0,0.0,0.0,0.0,0.0,0.0,0.0,0.0,0.0,0.0,0.0,0.0,0.0,0.0,0.0,0.0,0.0,0.0,0.0,0.0,0.0,0.0,0.0,0.0,0.0,0.0,0.0,0.0,0.0,0.0,0.0,0.0
9568,60,204,0,0.0,0.0,0.0,0.0,0.0,0.0,0.0,0.0,0.0,0.0,0.0,0.0,0.0,0.0,0.0,0.0,0.0,0.0,0.0,0.0,0.0,0.0,0.0,0.0,0.0,0.0,0.0,0.0,0.0,0.0,0.0,0.0,0.0,0.0,0.0
9569,60,206,0,0.0,0.0,0.0,0.0,0.0,0.0,0.0,0.0,0.0,0.0,0.0,0.0,0.0,0.0,0.0,0.0,0.0,0.0,0.0,0.0,0.0,0.0,0.0,0.0,0.0,0.0,0.0,0.0,0.0,0.0,0.0,0.0,0.0,0.0,0.0
9570,60,207,0,0.0,0.0,0.0,0.0,0.0,0.0,0.0,0.0,0.0,0.0,0.0,0.0,0.0,0.0,0.0,0.0,0.0,0.0,0.0,0.0,0.0,0.0,0.0,0.0,0.0,0.0,0.0,0.0,0.0,0.0,0.0,0.0,0.0,0.0,0.0
9571,60,208,0,0.0,0.0,0.0,0.0,0.0,0.0,0.0,0.0,0.0,0.0,0.0,0.0,0.0,0.0,0.0,0.0,0.0,0.0,0.0,0.0,0.0,0.0,0.0,0.0,0.0,0.0,0.0,0.0,0.0,0.0,0.0,0.0,0.0,0.0,0.0
9572,60,209,0,0.0,0.0,0.0,0.0,0.0,0.0,0.0,0.0,0.0,0.0,0.0,0.0,0.0,0.0,0.0,0.0,0.0,0.0,0.0,0.0,0.0,0.0,0.0,0.0,0.0,0.0,0.0,0.0,0.0,0.0,0.0,0.0,0.0,0.0,0.0
9573,60,210,0,0.0,0.0,0.0,0.0,0.0,0.0,0.0,0.0,0.0,0.0,0.0,0.0,0.0,0.0,0.0,0.0,0.0,0.0,0.0,0.0,0.0,0.0,0.0,0.0,0.0,0.0,0.0,0.0,0.0,0.0,0.0,0.0,0.0,0.0,0.0
9574,60,213,0,0.0,0.0,0.0,0.0,0.0,0.0,0.0,0.0,0.0,0.0,0.0,0.0,0.0,0.0,0.0,0.0,0.0,0.0,0.0,0.0,0.0,0.0,0.0,0.0,0.0,0.0,0.0,0.0,0.0,0.0,0.0,0.0,0.0,0.0,0.0
9575,60,214,0,0.0,0.0,0.0,0.0,0.0,0.0,0.0,0.0,0.0,0.0,0.0,0.0,0.0,0.0,0.0,0.0,0.0,0.0,0.0,0.0,0.0,0.0,0.0,0.0,0.0,0.0,0.0,0.0,0.0,0.0,0.0,0.0,0.0,0.0,0.0
9576,60,215,0,0.0,0.0,0.0,0.0,0.0,0.0,0.0,0.0,0.0,0.0,0.0,0.0,0.0,0.0,0.0,0.0,0.0,0.0,0.0,0.0,0.0,0.0,0.0,0.0,0.0,0.0,0.0,0.0,0.0,0.0,0.0,0.0,0.0,0.0,0.0
9577,60,216,0,0.0,0.0,0.0,0.0,0.0,0.0,0.0,0.0,0.0,0.0,0.0,0.0,0.0,0.0,0.0,0.0,0.0,0.0,0.0,0.0,0.0,0.0,0.0,0.0,0.0,0.0,0.0,0.0,0.0,0.0,0.0,0.0,0.0,0.0,0.0
9578,60,217,0,0.0,0.0,0.0,0.0,0.0,0.0,0.0,0.0,0.0,0.0,0.0,0.0,0.0,0.0,0.0,0.0,0.0,0.0,0.0,0.0,0.0,0.0,0.0,0.0,0.0,0.0,0.0,0.0,0.0,0.0,0.0,0.0,0.0,0.0,0.0
9579,61,1,0,0.0,0.0,0.0,0.0,0.0,0.0,0.0,0.0,0.0,0.0,0.0,0.0,0.0,0.0,0.0,0.0,0.0,0.0,0.0,0.0,0.0,0.0,0.0,0.0,0.0,0.0,0.0,0.0,0.0,0.0,0.0,0.0,0.0,0.0,0.0
9580,61,3,0,0.0,0.0,0.0,0.0,0.0,0.0,0.0,0.0,0.0,0.0,0.0,0.0,0.0,0.0,0.0,0.0,0.0,0.0,0.0,0.0,0.0,0.0,0.0,0.0,0.0,0.0,0.0,0.0,0.0,0.0,0.0,0.0,0.0,0.0,0.0
9581,61,4,0,0.0,0.0,0.0,0.0,0.0,0.0,0.0,0.0,0.0,0.0,0.0,0.0,0.0,0.0,0.0,0.0,0.0,0.0,0.0,0.0,0.0,0.0,0.0,0.0,0.0,0.0,0.0,0.0,0.0,0.0,0.0,0.0,0.0,0.0,0.0
9582,61,5,0,0.0,0.0,0.0,0.0,0.0,0.0,0.0,0.0,0.0,0.0,0.0,0.0,0.0,0.0,0.0,0.0,0.0,0.0,0.0,0.0,0.0,0.0,0.0,0.0,0.0,0.0,0.0,0.0,0.0,0.0,0.0,0.0,0.0,0.0,0.0
9583,61,6,0,0.0,0.0,0.0,0.0,0.0,0.0,0.0,0.0,0.0,0.0,0.0,0.0,0.0,0.0,0.0,0.0,0.0,0.0,0.0,0.0,0.0,0.0,0.0,0.0,0.0,0.0,0.0,0.0,0.0,0.0,0.0,0.0,0.0,0.0,0.0
9584,61,8,0,0.0,0.0,0.0,0.0,0.0,0.0,0.0,0.0,0.0,0.0,0.0,0.0,0.0,0.0,0.0,0.0,0.0,0.0,0.0,0.0,0.0,0.0,0.0,0.0,0.0,0.0,0.0,0.0,0.0,0.0,0.0,0.0,0.0,0.0,0.0
9585,61,9,0,0.0,0.0,0.0,0.0,0.0,0.0,0.0,0.0,0.0,0.0,0.0,0.0,0.0,0.0,0.0,0.0,0.0,0.0,0.0,0.0,0.0,0.0,0.0,0.0,0.0,0.0,0.0,0.0,0.0,0.0,0.0,0.0,0.0,0.0,0.0
9586,61,10,0,0.0,0.0,0.0,0.0,0.0,0.0,0.0,0.0,0.0,0.0,0.0,0.0,0.0,0.0,0.0,0.0,0.0,0.0,0.0,0.0,0.0,0.0,0.0,0.0,0.0,0.0,0.0,0.0,0.0,0.0,0.0,0.0,0.0,0.0,0.0
9587,61,11,0,0.0,0.0,0.0,0.0,0.0,0.0,0.0,0.0,0.0,0.0,0.0,0.0,0.0,0.0,0.0,0.0,0.0,0.0,0.0,0.0,0.0,0.0,0.0,0.0,0.0,0.0,0.0,0.0,0.0,0.0,0.0,0.0,0.0,0.0,0.0
9588,61,12,0,0.0,0.0,0.0,0.0,0.0,0.0,0.0,0.0,0.0,0.0,0.0,0.0,0.0,0.0,0.0,0.0,0.0,0.0,0.0,0.0,0.0,0.0,0.0,0.0,0.0,0.0,0.0,0.0,0.0,0.0,0.0,0.0,0.0,0.0,0.0
9589,61,14,0,0.0,0.0,0.0,0.0,0.0,0.0,0.0,0.0,0.0,0.0,0.0,0.0,0.0,0.0,0.0,0.0,0.0,0.0,0.0,0.0,0.0,0.0,0.0,0.0,0.0,0.0,0.0,0.0,0.0,0.0,0.0,0.0,0.0,0.0,0.0
9590,61,16,0,0.0,0.0,0.0,0.0,0.0,0.0,0.0,0.0,0.0,0.0,0.0,0.0,0.0,0.0,0.0,0.0,0.0,0.0,0.0,0.0,0.0,0.0,0.0,0.0,0.0,0.0,0.0,0.0,0.0,0.0,0.0,0.0,0.0,0.0,0.0
9591,61,18,0,0.0,0.0,0.0,0.0,0.0,0.0,0.0,0.0,0.0,0.0,0.0,0.0,0.0,0.0,0.0,0.0,0.0,0.0,0.0,0.0,0.0,0.0,0.0,0.0,0.0,0.0,0.0,0.0,0.0,0.0,0.0,0.0,0.0,0.0,0.0
9592,61,20,0,0.0,0.0,0.0,0.0,0.0,0.0,0.0,0.0,0.0,0.0,0.0,0.0,0.0,0.0,0.0,0.0,0.0,0.0,0.0,0.0,0.0,0.0,0.0,0.0,0.0,0.0,0.0,0.0,0.0,0.0,0.0,0.0,0.0,0.0,0.0
9593,61,21,0,0.0,0.0,0.0,0.0,0.0,0.0,0.0,0.0,0.0,0.0,0.0,0.0,0.0,0.0,0.0,0.0,0.0,0.0,0.0,0.0,0.0,0.0,0.0,0.0,0.0,0.0,0.0,0.0,0.0,0.0,0.0,0.0,0.0,0.0,0.0
9594,61,22,0,0.0,0.0,0.0,0.0,0.0,0.0,0.0,0.0,0.0,0.0,0.0,0.0,0.0,0.0,0.0,0.0,0.0,0.0,0.0,0.0,0.0,0.0,0.0,0.0,0.0,0.0,0.0,0.0,0.0,0.0,0.0,0.0,0.0,0.0,0.0
9595,61,23,0,0.0,0.0,0.0,0.0,0.0,0.0,0.0,0.0,0.0,0.0,0.0,0.0,0.0,0.0,0.0,0.0,0.0,0.0,0.0,0.0,0.0,0.0,0.0,0.0,0.0,0.0,0.0,0.0,0.0,0.0,0.0,0.0,0.0,0.0,0.0
9596,61,24,0,0.0,0.0,0.0,0.0,0.0,0.0,0.0,0.0,0.0,0.0,0.0,0.0,0.0,0.0,0.0,0.0,0.0,0.0,0.0,0.0,0.0,0.0,0.0,0.0,0.0,0.0,0.0,0.0,0.0,0.0,0.0,0.0,0.0,0.0,0.0
9597,61,25,0,0.0,0.0,0.0,0.0,0.0,0.0,0.0,0.0,0.0,0.0,0.0,0.0,0.0,0.0,0.0,0.0,0.0,0.0,0.0,0.0,0.0,0.0,0.0,0.0,0.0,0.0,0.0,0.0,0.0,0.0,0.0,0.0,0.0,0.0,0.0
9598,61,27,0,0.0,0.0,0.0,0.0,0.0,0.0,0.0,0.0,0.0,0.0,0.0,0.0,0.0,0.0,0.0,0.0,0.0,0.0,0.0,0.0,0.0,0.0,0.0,0.0,0.0,0.0,0.0,0.0,0.0,0.0,0.0,0.0,0.0,0.0,0.0
9599,61,28,0,0.0,0.0,0.0,0.0,0.0,0.0,0.0,0.0,0.0,0.0,0.0,0.0,0.0,0.0,0.0,0.0,0.0,0.0,0.0,0.0,0.0,0.0,0.0,0.0,0.0,0.0,0.0,0.0,0.0,0.0,0.0,0.0,0.0,0.0,0.0
9600,61,30,0,0.0,0.0,0.0,0.0,0.0,0.0,0.0,0.0,0.0,0.0,0.0,0.0,0.0,0.0,0.0,0.0,0.0,0.0,0.0,0.0,0.0,0.0,0.0,0.0,0.0,0.0,0.0,0.0,0.0,0.0,0.0,0.0,0.0,0.0,0.0
9601,61,31,0,0.0,0.0,0.0,0.0,0.0,0.0,0.0,0.0,0.0,0.0,0.0,0.0,0.0,0.0,0.0,0.0,0.0,0.0,0.0,0.0,0.0,0.0,0.0,0.0,0.0,0.0,0.0,0.0,0.0,0.0,0.0,0.0,0.0,0.0,0.0
9602,61,32,0,0.0,0.0,0.0,0.0,0.0,0.0,0.0,0.0,0.0,0.0,0.0,0.0,0.0,0.0,0.0,0.0,0.0,0.0,0.0,0.0,0.0,0.0,0.0,0.0,0.0,0.0,0.0,0.0,0.0,0.0,0.0,0.0,0.0,0.0,0.0
9603,61,33,0,0.0,0.0,0.0,0.0,0.0,0.0,0.0,0.0,0.0,0.0,0.0,0.0,0.0,0.0,0.0,0.0,0.0,0.0,0.0,0.0,0.0,0.0,0.0,0.0,0.0,0.0,0.0,0.0,0.0,0.0,0.0,0.0,0.0,0.0,0.0
9604,61,35,0,0.0,0.0,0.0,0.0,0.0,0.0,0.0,0.0,0.0,0.0,0.0,0.0,0.0,0.0,0.0,0.0,0.0,0.0,0.0,0.0,0.0,0.0,0.0,0.0,0.0,0.0,0.0,0.0,0.0,0.0,0.0,0.0,0.0,0.0,0.0
9605,61,36,0,0.0,0.0,0.0,0.0,0.0,0.0,0.0,0.0,0.0,0.0,0.0,0.0,0.0,0.0,0.0,0.0,0.0,0.0,0.0,0.0,0.0,0.0,0.0,0.0,0.0,0.0,0.0,0.0,0.0,0.0,0.0,0.0,0.0,0.0,0.0
9606,61,37,0,0.0,0.0,0.0,0.0,0.0,0.0,0.0,0.0,0.0,0.0,0.0,0.0,0.0,0.0,0.0,0.0,0.0,0.0,0.0,0.0,0.0,0.0,0.0,0.0,0.0,0.0,0.0,0.0,0.0,0.0,0.0,0.0,0.0,0.0,0.0
9607,61,38,0,0.0,0.0,0.0,0.0,0.0,0.0,0.0,0.0,0.0,0.0,0.0,0.0,0.0,0.0,0.0,0.0,0.0,0.0,0.0,0.0,0.0,0.0,0.0,0.0,0.0,0.0,0.0,0.0,0.0,0.0,0.0,0.0,0.0,0.0,0.0
9608,61,39,0,0.0,0.0,0.0,0.0,0.0,0.0,0.0,0.0,0.0,0.0,0.0,0.0,0.0,0.0,0.0,0.0,0.0,0.0,0.0,0.0,0.0,0.0,0.0,0.0,0.0,0.0,0.0,0.0,0.0,0.0,0.0,0.0,0.0,0.0,0.0
9609,61,40,0,0.0,0.0,0.0,0.0,0.0,0.0,0.0,0.0,0.0,0.0,0.0,0.0,0.0,0.0,0.0,0.0,0.0,0.0,0.0,0.0,0.0,0.0,0.0,0.0,0.0,0.0,0.0,0.0,0.0,0.0,0.0,0.0,0.0,0.0,0.0
9610,61,41,0,0.0,0.0,0.0,0.0,0.0,0.0,0.0,0.0,0.0,0.0,0.0,0.0,0.0,0.0,0.0,0.0,0.0,0.0,0.0,0.0,0.0,0.0,0.0,0.0,0.0,0.0,0.0,0.0,0.0,0.0,0.0,0.0,0.0,0.0,0.0
9611,61,43,0,0.0,0.0,0.0,0.0,0.0,0.0,0.0,0.0,0.0,0.0,0.0,0.0,0.0,0.0,0.0,0.0,0.0,0.0,0.0,0.0,0.0,0.0,0.0,0.0,0.0,0.0,0.0,0.0,0.0,0.0,0.0,0.0,0.0,0.0,0.0
9612,61,44,0,0.0,0.0,0.0,0.0,0.0,0.0,0.0,0.0,0.0,0.0,0.0,0.0,0.0,0.0,0.0,0.0,0.0,0.0,0.0,0.0,0.0,0.0,0.0,0.0,0.0,0.0,0.0,0.0,0.0,0.0,0.0,0.0,0.0,0.0,0.0
9613,61,45,0,0.0,0.0,0.0,0.0,0.0,0.0,0.0,0.0,0.0,0.0,0.0,0.0,0.0,0.0,0.0,0.0,0.0,0.0,0.0,0.0,0.0,0.0,0.0,0.0,0.0,0.0,0.0,0.0,0.0,0.0,0.0,0.0,0.0,0.0,0.0
9614,61,47,0,0.0,0.0,0.0,0.0,0.0,0.0,0.0,0.0,0.0,0.0,0.0,0.0,0.0,0.0,0.0,0.0,0.0,0.0,0.0,0.0,0.0,0.0,0.0,0.0,0.0,0.0,0.0,0.0,0.0,0.0,0.0,0.0,0.0,0.0,0.0
9615,61,48,0,0.0,0.0,0.0,0.0,0.0,0.0,0.0,0.0,0.0,0.0,0.0,0.0,0.0,0.0,0.0,0.0,0.0,0.0,0.0,0.0,0.0,0.0,0.0,0.0,0.0,0.0,0.0,0.0,0.0,0.0,0.0,0.0,0.0,0.0,0.0
9616,61,50,0,0.0,0.0,0.0,0.0,0.0,0.0,0.0,0.0,0.0,0.0,0.0,0.0,0.0,0.0,0.0,0.0,0.0,0.0,0.0,0.0,0.0,0.0,0.0,0.0,0.0,0.0,0.0,0.0,0.0,0.0,0.0,0.0,0.0,0.0,0.0
9617,61,51,0,0.0,0.0,0.0,0.0,0.0,0.0,0.0,0.0,0.0,0.0,0.0,0.0,0.0,0.0,0.0,0.0,0.0,0.0,0.0,0.0,0.0,0.0,0.0,0.0,0.0,0.0,0.0,0.0,0.0,0.0,0.0,0.0,0.0,0.0,0.0
9618,61,52,0,0.0,0.0,0.0,0.0,0.0,0.0,0.0,0.0,0.0,0.0,0.0,0.0,0.0,0.0,0.0,0.0,0.0,0.0,0.0,0.0,0.0,0.0,0.0,0.0,0.0,0.0,0.0,0.0,0.0,0.0,0.0,0.0,0.0,0.0,0.0
9619,61,53,0,0.0,0.0,0.0,0.0,0.0,0.0,0.0,0.0,0.0,0.0,0.0,0.0,0.0,0.0,0.0,0.0,0.0,0.0,0.0,0.0,0.0,0.0,0.0,0.0,0.0,0.0,0.0,0.0,0.0,0.0,0.0,0.0,0.0,0.0,0.0
9620,61,54,0,0.0,0.0,0.0,0.0,0.0,0.0,0.0,0.0,0.0,0.0,0.0,0.0,0.0,0.0,0.0,0.0,0.0,0.0,0.0,0.0,0.0,0.0,0.0,0.0,0.0,0.0,0.0,0.0,0.0,0.0,0.0,0.0,0.0,0.0,0.0
9621,61,57,0,0.0,0.0,0.0,0.0,0.0,0.0,0.0,0.0,0.0,0.0,0.0,0.0,0.0,0.0,0.0,0.0,0.0,0.0,0.0,0.0,0.0,0.0,0.0,0.0,0.0,0.0,0.0,0.0,0.0,0.0,0.0,0.0,0.0,0.0,0.0
9622,61,58,0,0.0,0.0,0.0,0.0,0.0,0.0,0.0,0.0,0.0,0.0,0.0,0.0,0.0,0.0,0.0,0.0,0.0,0.0,0.0,0.0,0.0,0.0,0.0,0.0,0.0,0.0,0.0,0.0,0.0,0.0,0.0,0.0,0.0,0.0,0.0
9623,61,59,0,0.0,0.0,0.0,0.0,0.0,0.0,0.0,0.0,0.0,0.0,0.0,0.0,0.0,0.0,0.0,0.0,0.0,0.0,0.0,0.0,0.0,0.0,0.0,0.0,0.0,0.0,0.0,0.0,0.0,0.0,0.0,0.0,0.0,0.0,0.0
9624,61,60,0,0.0,0.0,0.0,0.0,0.0,0.0,0.0,0.0,0.0,0.0,0.0,0.0,0.0,0.0,0.0,0.0,0.0,0.0,0.0,0.0,0.0,0.0,0.0,0.0,0.0,0.0,0.0,0.0,0.0,0.0,0.0,0.0,0.0,0.0,0.0
9625,61,61,0,0.0,0.0,0.0,0.0,0.0,0.0,0.0,0.0,0.0,0.0,0.0,0.0,0.0,0.0,0.0,0.0,0.0,0.0,0.0,0.0,0.0,0.0,0.0,0.0,0.0,0.0,0.0,0.0,0.0,0.0,0.0,0.0,0.0,0.0,0.0
9626,61,62,0,0.0,0.0,0.0,0.0,0.0,0.0,0.0,0.0,0.0,0.0,0.0,0.0,0.0,0.0,0.0,0.0,0.0,0.0,0.0,0.0,0.0,0.0,0.0,0.0,0.0,0.0,0.0,0.0,0.0,0.0,0.0,0.0,0.0,0.0,0.0
9627,61,63,0,0.0,0.0,0.0,0.0,0.0,0.0,0.0,0.0,0.0,0.0,0.0,0.0,0.0,0.0,0.0,0.0,0.0,0.0,0.0,0.0,0.0,0.0,0.0,0.0,0.0,0.0,0.0,0.0,0.0,0.0,0.0,0.0,0.0,0.0,0.0
9628,61,64,0,0.0,0.0,0.0,0.0,0.0,0.0,0.0,0.0,0.0,0.0,0.0,0.0,0.0,0.0,0.0,0.0,0.0,0.0,0.0,0.0,0.0,0.0,0.0,0.0,0.0,0.0,0.0,0.0,0.0,0.0,0.0,0.0,0.0,0.0,0.0
9629,61,65,0,0.0,0.0,0.0,0.0,0.0,0.0,0.0,0.0,0.0,0.0,0.0,0.0,0.0,0.0,0.0,0.0,0.0,0.0,0.0,0.0,0.0,0.0,0.0,0.0,0.0,0.0,0.0,0.0,0.0,0.0,0.0,0.0,0.0,0.0,0.0
9630,61,66,0,0.0,0.0,0.0,0.0,0.0,0.0,0.0,0.0,0.0,0.0,0.0,0.0,0.0,0.0,0.0,0.0,0.0,0.0,0.0,0.0,0.0,0.0,0.0,0.0,0.0,0.0,0.0,0.0,0.0,0.0,0.0,0.0,0.0,0.0,0.0
9631,61,67,0,0.0,0.0,0.0,0.0,0.0,0.0,0.0,0.0,0.0,0.0,0.0,0.0,0.0,0.0,0.0,0.0,0.0,0.0,0.0,0.0,0.0,0.0,0.0,0.0,0.0,0.0,0.0,0.0,0.0,0.0,0.0,0.0,0.0,0.0,0.0
9632,61,68,0,0.0,0.0,0.0,0.0,0.0,0.0,0.0,0.0,0.0,0.0,0.0,0.0,0.0,0.0,0.0,0.0,0.0,0.0,0.0,0.0,0.0,0.0,0.0,0.0,0.0,0.0,0.0,0.0,0.0,0.0,0.0,0.0,0.0,0.0,0.0
9633,61,69,0,0.0,0.0,0.0,0.0,0.0,0.0,0.0,0.0,0.0,0.0,0.0,0.0,0.0,0.0,0.0,0.0,0.0,0.0,0.0,0.0,0.0,0.0,0.0,0.0,0.0,0.0,0.0,0.0,0.0,0.0,0.0,0.0,0.0,0.0,0.0
9634,61,71,0,0.0,0.0,0.0,0.0,0.0,0.0,0.0,0.0,0.0,0.0,0.0,0.0,0.0,0.0,0.0,0.0,0.0,0.0,0.0,0.0,0.0,0.0,0.0,0.0,0.0,0.0,0.0,0.0,0.0,0.0,0.0,0.0,0.0,0.0,0.0
9635,61,72,0,0.0,0.0,0.0,0.0,0.0,0.0,0.0,0.0,0.0,0.0,0.0,0.0,0.0,0.0,0.0,0.0,0.0,0.0,0.0,0.0,0.0,0.0,0.0,0.0,0.0,0.0,0.0,0.0,0.0,0.0,0.0,0.0,0.0,0.0,0.0
9636,61,73,0,0.0,0.0,0.0,0.0,0.0,0.0,0.0,0.0,0.0,0.0,0.0,0.0,0.0,0.0,0.0,0.0,0.0,0.0,0.0,0.0,0.0,0.0,0.0,0.0,0.0,0.0,0.0,0.0,0.0,0.0,0.0,0.0,0.0,0.0,0.0
9637,61,74,0,0.0,0.0,0.0,0.0,0.0,0.0,0.0,0.0,0.0,0.0,0.0,0.0,0.0,0.0,0.0,0.0,0.0,0.0,0.0,0.0,0.0,0.0,0.0,0.0,0.0,0.0,0.0,0.0,0.0,0.0,0.0,0.0,0.0,0.0,0.0
9638,61,75,0,0.0,0.0,0.0,0.0,0.0,0.0,0.0,0.0,0.0,0.0,0.0,0.0,0.0,0.0,0.0,0.0,0.0,0.0,0.0,0.0,0.0,0.0,0.0,0.0,0.0,0.0,0.0,0.0,0.0,0.0,0.0,0.0,0.0,0.0,0.0
9639,61,76,0,0.0,0.0,0.0,0.0,0.0,0.0,0.0,0.0,0.0,0.0,0.0,0.0,0.0,0.0,0.0,0.0,0.0,0.0,0.0,0.0,0.0,0.0,0.0,0.0,0.0,0.0,0.0,0.0,0.0,0.0,0.0,0.0,0.0,0.0,0.0
9640,61,77,0,0.0,0.0,0.0,0.0,0.0,0.0,0.0,0.0,0.0,0.0,0.0,0.0,0.0,0.0,0.0,0.0,0.0,0.0,0.0,0.0,0.0,0.0,0.0,0.0,0.0,0.0,0.0,0.0,0.0,0.0,0.0,0.0,0.0,0.0,0.0
9641,61,78,0,0.0,0.0,0.0,0.0,0.0,0.0,0.0,0.0,0.0,0.0,0.0,0.0,0.0,0.0,0.0,0.0,0.0,0.0,0.0,0.0,0.0,0.0,0.0,0.0,0.0,0.0,0.0,0.0,0.0,0.0,0.0,0.0,0.0,0.0,0.0
9642,61,81,0,0.0,0.0,0.0,0.0,0.0,0.0,0.0,0.0,0.0,0.0,0.0,0.0,0.0,0.0,0.0,0.0,0.0,0.0,0.0,0.0,0.0,0.0,0.0,0.0,0.0,0.0,0.0,0.0,0.0,0.0,0.0,0.0,0.0,0.0,0.0
9643,61,83,0,0.0,0.0,0.0,0.0,0.0,0.0,0.0,0.0,0.0,0.0,0.0,0.0,0.0,0.0,0.0,0.0,0.0,0.0,0.0,0.0,0.0,0.0,0.0,0.0,0.0,0.0,0.0,0.0,0.0,0.0,0.0,0.0,0.0,0.0,0.0
9644,61,84,0,0.0,0.0,0.0,0.0,0.0,0.0,0.0,0.0,0.0,0.0,0.0,0.0,0.0,0.0,0.0,0.0,0.0,0.0,0.0,0.0,0.0,0.0,0.0,0.0,0.0,0.0,0.0,0.0,0.0,0.0,0.0,0.0,0.0,0.0,0.0
9645,61,85,0,0.0,0.0,0.0,0.0,0.0,0.0,0.0,0.0,0.0,0.0,0.0,0.0,0.0,0.0,0.0,0.0,0.0,0.0,0.0,0.0,0.0,0.0,0.0,0.0,0.0,0.0,0.0,0.0,0.0,0.0,0.0,0.0,0.0,0.0,0.0
9646,61,86,0,0.0,0.0,0.0,0.0,0.0,0.0,0.0,0.0,0.0,0.0,0.0,0.0,0.0,0.0,0.0,0.0,0.0,0.0,0.0,0.0,0.0,0.0,0.0,0.0,0.0,0.0,0.0,0.0,0.0,0.0,0.0,0.0,0.0,0.0,0.0
9647,61,87,0,0.0,0.0,0.0,0.0,0.0,0.0,0.0,0.0,0.0,0.0,0.0,0.0,0.0,0.0,0.0,0.0,0.0,0.0,0.0,0.0,0.0,0.0,0.0,0.0,0.0,0.0,0.0,0.0,0.0,0.0,0.0,0.0,0.0,0.0,0.0
9648,61,88,0,0.0,0.0,0.0,0.0,0.0,0.0,0.0,0.0,0.0,0.0,0.0,0.0,0.0,0.0,0.0,0.0,0.0,0.0,0.0,0.0,0.0,0.0,0.0,0.0,0.0,0.0,0.0,0.0,0.0,0.0,0.0,0.0,0.0,0.0,0.0
9649,61,89,0,0.0,0.0,0.0,0.0,0.0,0.0,0.0,0.0,0.0,0.0,0.0,0.0,0.0,0.0,0.0,0.0,0.0,0.0,0.0,0.0,0.0,0.0,0.0,0.0,0.0,0.0,0.0,0.0,0.0,0.0,0.0,0.0,0.0,0.0,0.0
9650,61,90,0,0.0,0.0,0.0,0.0,0.0,0.0,0.0,0.0,0.0,0.0,0.0,0.0,0.0,0.0,0.0,0.0,0.0,0.0,0.0,0.0,0.0,0.0,0.0,0.0,0.0,0.0,0.0,0.0,0.0,0.0,0.0,0.0,0.0,0.0,0.0
9651,61,91,0,0.0,0.0,0.0,0.0,0.0,0.0,0.0,0.0,0.0,0.0,0.0,0.0,0.0,0.0,0.0,0.0,0.0,0.0,0.0,0.0,0.0,0.0,0.0,0.0,0.0,0.0,0.0,0.0,0.0,0.0,0.0,0.0,0.0,0.0,0.0
9652,61,95,0,0.0,0.0,0.0,0.0,0.0,0.0,0.0,0.0,0.0,0.0,0.0,0.0,0.0,0.0,0.0,0.0,0.0,0.0,0.0,0.0,0.0,0.0,0.0,0.0,0.0,0.0,0.0,0.0,0.0,0.0,0.0,0.0,0.0,0.0,0.0
9653,61,96,0,0.0,0.0,0.0,0.0,0.0,0.0,0.0,0.0,0.0,0.0,0.0,0.0,0.0,0.0,0.0,0.0,0.0,0.0,0.0,0.0,0.0,0.0,0.0,0.0,0.0,0.0,0.0,0.0,0.0,0.0,0.0,0.0,0.0,0.0,0.0
9654,61,97,0,0.0,0.0,0.0,0.0,0.0,0.0,0.0,0.0,0.0,0.0,0.0,0.0,0.0,0.0,0.0,0.0,0.0,0.0,0.0,0.0,0.0,0.0,0.0,0.0,0.0,0.0,0.0,0.0,0.0,0.0,0.0,0.0,0.0,0.0,0.0
9655,61,98,0,0.0,0.0,0.0,0.0,0.0,0.0,0.0,0.0,0.0,0.0,0.0,0.0,0.0,0.0,0.0,0.0,0.0,0.0,0.0,0.0,0.0,0.0,0.0,0.0,0.0,0.0,0.0,0.0,0.0,0.0,0.0,0.0,0.0,0.0,0.0
9656,61,99,0,0.0,0.0,0.0,0.0,0.0,0.0,0.0,0.0,0.0,0.0,0.0,0.0,0.0,0.0,0.0,0.0,0.0,0.0,0.0,0.0,0.0,0.0,0.0,0.0,0.0,0.0,0.0,0.0,0.0,0.0,0.0,0.0,0.0,0.0,0.0
9657,61,100,0,0.0,0.0,0.0,0.0,0.0,0.0,0.0,0.0,0.0,0.0,0.0,0.0,0.0,0.0,0.0,0.0,0.0,0.0,0.0,0.0,0.0,0.0,0.0,0.0,0.0,0.0,0.0,0.0,0.0,0.0,0.0,0.0,0.0,0.0,0.0
9658,61,101,0,0.0,0.0,0.0,0.0,0.0,0.0,0.0,0.0,0.0,0.0,0.0,0.0,0.0,0.0,0.0,0.0,0.0,0.0,0.0,0.0,0.0,0.0,0.0,0.0,0.0,0.0,0.0,0.0,0.0,0.0,0.0,0.0,0.0,0.0,0.0
9659,61,104,0,0.0,0.0,0.0,0.0,0.0,0.0,0.0,0.0,0.0,0.0,0.0,0.0,0.0,0.0,0.0,0.0,0.0,0.0,0.0,0.0,0.0,0.0,0.0,0.0,0.0,0.0,0.0,0.0,0.0,0.0,0.0,0.0,0.0,0.0,0.0
9660,61,105,0,0.0,0.0,0.0,0.0,0.0,0.0,0.0,0.0,0.0,0.0,0.0,0.0,0.0,0.0,0.0,0.0,0.0,0.0,0.0,0.0,0.0,0.0,0.0,0.0,0.0,0.0,0.0,0.0,0.0,0.0,0.0,0.0,0.0,0.0,0.0
9661,61,107,0,0.0,0.0,0.0,0.0,0.0,0.0,0.0,0.0,0.0,0.0,0.0,0.0,0.0,0.0,0.0,0.0,0.0,0.0,0.0,0.0,0.0,0.0,0.0,0.0,0.0,0.0,0.0,0.0,0.0,0.0,0.0,0.0,0.0,0.0,0.0
9662,61,108,0,0.0,0.0,0.0,0.0,0.0,0.0,0.0,0.0,0.0,0.0,0.0,0.0,0.0,0.0,0.0,0.0,0.0,0.0,0.0,0.0,0.0,0.0,0.0,0.0,0.0,0.0,0.0,0.0,0.0,0.0,0.0,0.0,0.0,0.0,0.0
9663,61,109,0,0.0,0.0,0.0,0.0,0.0,0.0,0.0,0.0,0.0,0.0,0.0,0.0,0.0,0.0,0.0,0.0,0.0,0.0,0.0,0.0,0.0,0.0,0.0,0.0,0.0,0.0,0.0,0.0,0.0,0.0,0.0,0.0,0.0,0.0,0.0
9664,61,110,0,0.0,0.0,0.0,0.0,0.0,0.0,0.0,0.0,0.0,0.0,0.0,0.0,0.0,0.0,0.0,0.0,0.0,0.0,0.0,0.0,0.0,0.0,0.0,0.0,0.0,0.0,0.0,0.0,0.0,0.0,0.0,0.0,0.0,0.0,0.0
9665,61,111,0,0.0,0.0,0.0,0.0,0.0,0.0,0.0,0.0,0.0,0.0,0.0,0.0,0.0,0.0,0.0,0.0,0.0,0.0,0.0,0.0,0.0,0.0,0.0,0.0,0.0,0.0,0.0,0.0,0.0,0.0,0.0,0.0,0.0,0.0,0.0
9666,61,112,0,0.0,0.0,0.0,0.0,0.0,0.0,0.0,0.0,0.0,0.0,0.0,0.0,0.0,0.0,0.0,0.0,0.0,0.0,0.0,0.0,0.0,0.0,0.0,0.0,0.0,0.0,0.0,0.0,0.0,0.0,0.0,0.0,0.0,0.0,0.0
9667,61,113,0,0.0,0.0,0.0,0.0,0.0,0.0,0.0,0.0,0.0,0.0,0.0,0.0,0.0,0.0,0.0,0.0,0.0,0.0,0.0,0.0,0.0,0.0,0.0,0.0,0.0,0.0,0.0,0.0,0.0,0.0,0.0,0.0,0.0,0.0,0.0
9668,61,114,0,0.0,0.0,0.0,0.0,0.0,0.0,0.0,0.0,0.0,0.0,0.0,0.0,0.0,0.0,0.0,0.0,0.0,0.0,0.0,0.0,0.0,0.0,0.0,0.0,0.0,0.0,0.0,0.0,0.0,0.0,0.0,0.0,0.0,0.0,0.0
9669,61,115,0,0.0,0.0,0.0,0.0,0.0,0.0,0.0,0.0,0.0,0.0,0.0,0.0,0.0,0.0,0.0,0.0,0.0,0.0,0.0,0.0,0.0,0.0,0.0,0.0,0.0,0.0,0.0,0.0,0.0,0.0,0.0,0.0,0.0,0.0,0.0
9670,61,116,0,0.0,0.0,0.0,0.0,0.0,0.0,0.0,0.0,0.0,0.0,0.0,0.0,0.0,0.0,0.0,0.0,0.0,0.0,0.0,0.0,0.0,0.0,0.0,0.0,0.0,0.0,0.0,0.0,0.0,0.0,0.0,0.0,0.0,0.0,0.0
9671,61,118,0,0.0,0.0,0.0,0.0,0.0,0.0,0.0,0.0,0.0,0.0,0.0,0.0,0.0,0.0,0.0,0.0,0.0,0.0,0.0,0.0,0.0,0.0,0.0,0.0,0.0,0.0,0.0,0.0,0.0,0.0,0.0,0.0,0.0,0.0,0.0
9672,61,119,0,0.0,0.0,0.0,0.0,0.0,0.0,0.0,0.0,0.0,0.0,0.0,0.0,0.0,0.0,0.0,0.0,0.0,0.0,0.0,0.0,0.0,0.0,0.0,0.0,0.0,0.0,0.0,0.0,0.0,0.0,0.0,0.0,0.0,0.0,0.0
9673,61,120,0,0.0,0.0,0.0,0.0,0.0,0.0,0.0,0.0,0.0,0.0,0.0,0.0,0.0,0.0,0.0,0.0,0.0,0.0,0.0,0.0,0.0,0.0,0.0,0.0,0.0,0.0,0.0,0.0,0.0,0.0,0.0,0.0,0.0,0.0,0.0
9674,61,121,0,0.0,0.0,0.0,0.0,0.0,0.0,0.0,0.0,0.0,0.0,0.0,0.0,0.0,0.0,0.0,0.0,0.0,0.0,0.0,0.0,0.0,0.0,0.0,0.0,0.0,0.0,0.0,0.0,0.0,0.0,0.0,0.0,0.0,0.0,0.0
9675,61,123,0,0.0,0.0,0.0,0.0,0.0,0.0,0.0,0.0,0.0,0.0,0.0,0.0,0.0,0.0,0.0,0.0,0.0,0.0,0.0,0.0,0.0,0.0,0.0,0.0,0.0,0.0,0.0,0.0,0.0,0.0,0.0,0.0,0.0,0.0,0.0
9676,61,124,0,0.0,0.0,0.0,0.0,0.0,0.0,0.0,0.0,0.0,0.0,0.0,0.0,0.0,0.0,0.0,0.0,0.0,0.0,0.0,0.0,0.0,0.0,0.0,0.0,0.0,0.0,0.0,0.0,0.0,0.0,0.0,0.0,0.0,0.0,0.0
9677,61,125,0,0.0,0.0,0.0,0.0,0.0,0.0,0.0,0.0,0.0,0.0,0.0,0.0,0.0,0.0,0.0,0.0,0.0,0.0,0.0,0.0,0.0,0.0,0.0,0.0,0.0,0.0,0.0,0.0,0.0,0.0,0.0,0.0,0.0,0.0,0.0
9678,61,127,0,0.0,0.0,0.0,0.0,0.0,0.0,0.0,0.0,0.0,0.0,0.0,0.0,0.0,0.0,0.0,0.0,0.0,0.0,0.0,0.0,0.0,0.0,0.0,0.0,0.0,0.0,0.0,0.0,0.0,0.0,0.0,0.0,0.0,0.0,0.0
9679,61,129,0,0.0,0.0,0.0,0.0,0.0,0.0,0.0,0.0,0.0,0.0,0.0,0.0,0.0,0.0,0.0,0.0,0.0,0.0,0.0,0.0,0.0,0.0,0.0,0.0,0.0,0.0,0.0,0.0,0.0,0.0,0.0,0.0,0.0,0.0,0.0
9680,61,130,0,0.0,0.0,0.0,0.0,0.0,0.0,0.0,0.0,0.0,0.0,0.0,0.0,0.0,0.0,0.0,0.0,0.0,0.0,0.0,0.0,0.0,0.0,0.0,0.0,0.0,0.0,0.0,0.0,0.0,0.0,0.0,0.0,0.0,0.0,0.0
9681,61,131,0,0.0,0.0,0.0,0.0,0.0,0.0,0.0,0.0,0.0,0.0,0.0,0.0,0.0,0.0,0.0,0.0,0.0,0.0,0.0,0.0,0.0,0.0,0.0,0.0,0.0,0.0,0.0,0.0,0.0,0.0,0.0,0.0,0.0,0.0,0.0
9682,61,132,0,0.0,0.0,0.0,0.0,0.0,0.0,0.0,0.0,0.0,0.0,0.0,0.0,0.0,0.0,0.0,0.0,0.0,0.0,0.0,0.0,0.0,0.0,0.0,0.0,0.0,0.0,0.0,0.0,0.0,0.0,0.0,0.0,0.0,0.0,0.0
9683,61,133,0,0.0,0.0,0.0,0.0,0.0,0.0,0.0,0.0,0.0,0.0,0.0,0.0,0.0,0.0,0.0,0.0,0.0,0.0,0.0,0.0,0.0,0.0,0.0,0.0,0.0,0.0,0.0,0.0,0.0,0.0,0.0,0.0,0.0,0.0,0.0
9684,61,134,0,0.0,0.0,0.0,0.0,0.0,0.0,0.0,0.0,0.0,0.0,0.0,0.0,0.0,0.0,0.0,0.0,0.0,0.0,0.0,0.0,0.0,0.0,0.0,0.0,0.0,0.0,0.0,0.0,0.0,0.0,0.0,0.0,0.0,0.0,0.0
9685,61,135,0,0.0,0.0,0.0,0.0,0.0,0.0,0.0,0.0,0.0,0.0,0.0,0.0,0.0,0.0,0.0,0.0,0.0,0.0,0.0,0.0,0.0,0.0,0.0,0.0,0.0,0.0,0.0,0.0,0.0,0.0,0.0,0.0,0.0,0.0,0.0
9686,61,136,0,0.0,0.0,0.0,0.0,0.0,0.0,0.0,0.0,0.0,0.0,0.0,0.0,0.0,0.0,0.0,0.0,0.0,0.0,0.0,0.0,0.0,0.0,0.0,0.0,0.0,0.0,0.0,0.0,0.0,0.0,0.0,0.0,0.0,0.0,0.0
9687,61,137,0,0.0,0.0,0.0,0.0,0.0,0.0,0.0,0.0,0.0,0.0,0.0,0.0,0.0,0.0,0.0,0.0,0.0,0.0,0.0,0.0,0.0,0.0,0.0,0.0,0.0,0.0,0.0,0.0,0.0,0.0,0.0,0.0,0.0,0.0,0.0
9688,61,138,0,0.0,0.0,0.0,0.0,0.0,0.0,0.0,0.0,0.0,0.0,0.0,0.0,0.0,0.0,0.0,0.0,0.0,0.0,0.0,0.0,0.0,0.0,0.0,0.0,0.0,0.0,0.0,0.0,0.0,0.0,0.0,0.0,0.0,0.0,0.0
9689,61,140,0,0.0,0.0,0.0,0.0,0.0,0.0,0.0,0.0,0.0,0.0,0.0,0.0,0.0,0.0,0.0,0.0,0.0,0.0,0.0,0.0,0.0,0.0,0.0,0.0,0.0,0.0,0.0,0.0,0.0,0.0,0.0,0.0,0.0,0.0,0.0
9690,61,141,0,0.0,0.0,0.0,0.0,0.0,0.0,0.0,0.0,0.0,0.0,0.0,0.0,0.0,0.0,0.0,0.0,0.0,0.0,0.0,0.0,0.0,0.0,0.0,0.0,0.0,0.0,0.0,0.0,0.0,0.0,0.0,0.0,0.0,0.0,0.0
9691,61,142,0,0.0,0.0,0.0,0.0,0.0,0.0,0.0,0.0,0.0,0.0,0.0,0.0,0.0,0.0,0.0,0.0,0.0,0.0,0.0,0.0,0.0,0.0,0.0,0.0,0.0,0.0,0.0,0.0,0.0,0.0,0.0,0.0,0.0,0.0,0.0
9692,61,143,0,0.0,0.0,0.0,0.0,0.0,0.0,0.0,0.0,0.0,0.0,0.0,0.0,0.0,0.0,0.0,0.0,0.0,0.0,0.0,0.0,0.0,0.0,0.0,0.0,0.0,0.0,0.0,0.0,0.0,0.0,0.0,0.0,0.0,0.0,0.0
9693,61,147,0,0.0,0.0,0.0,0.0,0.0,0.0,0.0,0.0,0.0,0.0,0.0,0.0,0.0,0.0,0.0,0.0,0.0,0.0,0.0,0.0,0.0,0.0,0.0,0.0,0.0,0.0,0.0,0.0,0.0,0.0,0.0,0.0,0.0,0.0,0.0
9694,61,148,0,0.0,0.0,0.0,0.0,0.0,0.0,0.0,0.0,0.0,0.0,0.0,0.0,0.0,0.0,0.0,0.0,0.0,0.0,0.0,0.0,0.0,0.0,0.0,0.0,0.0,0.0,0.0,0.0,0.0,0.0,0.0,0.0,0.0,0.0,0.0
9695,61,150,0,0.0,0.0,0.0,0.0,0.0,0.0,0.0,0.0,0.0,0.0,0.0,0.0,0.0,0.0,0.0,0.0,0.0,0.0,0.0,0.0,0.0,0.0,0.0,0.0,0.0,0.0,0.0,0.0,0.0,0.0,0.0,0.0,0.0,0.0,0.0
9696,61,151,0,0.0,0.0,0.0,0.0,0.0,0.0,0.0,0.0,0.0,0.0,0.0,0.0,0.0,0.0,0.0,0.0,0.0,0.0,0.0,0.0,0.0,0.0,0.0,0.0,0.0,0.0,0.0,0.0,0.0,0.0,0.0,0.0,0.0,0.0,0.0
9697,61,152,0,0.0,0.0,0.0,0.0,0.0,0.0,0.0,0.0,0.0,0.0,0.0,0.0,0.0,0.0,0.0,0.0,0.0,0.0,0.0,0.0,0.0,0.0,0.0,0.0,0.0,0.0,0.0,0.0,0.0,0.0,0.0,0.0,0.0,0.0,0.0
9698,61,153,0,0.0,0.0,0.0,0.0,0.0,0.0,0.0,0.0,0.0,0.0,0.0,0.0,0.0,0.0,0.0,0.0,0.0,0.0,0.0,0.0,0.0,0.0,0.0,0.0,0.0,0.0,0.0,0.0,0.0,0.0,0.0,0.0,0.0,0.0,0.0
9699,61,154,0,0.0,0.0,0.0,0.0,0.0,0.0,0.0,0.0,0.0,0.0,0.0,0.0,0.0,0.0,0.0,0.0,0.0,0.0,0.0,0.0,0.0,0.0,0.0,0.0,0.0,0.0,0.0,0.0,0.0,0.0,0.0,0.0,0.0,0.0,0.0
9700,61,155,0,0.0,0.0,0.0,0.0,0.0,0.0,0.0,0.0,0.0,0.0,0.0,0.0,0.0,0.0,0.0,0.0,0.0,0.0,0.0,0.0,0.0,0.0,0.0,0.0,0.0,0.0,0.0,0.0,0.0,0.0,0.0,0.0,0.0,0.0,0.0
9701,61,156,0,0.0,0.0,0.0,0.0,0.0,0.0,0.0,0.0,0.0,0.0,0.0,0.0,0.0,0.0,0.0,0.0,0.0,0.0,0.0,0.0,0.0,0.0,0.0,0.0,0.0,0.0,0.0,0.0,0.0,0.0,0.0,0.0,0.0,0.0,0.0
9702,61,157,0,0.0,0.0,0.0,0.0,0.0,0.0,0.0,0.0,0.0,0.0,0.0,0.0,0.0,0.0,0.0,0.0,0.0,0.0,0.0,0.0,0.0,0.0,0.0,0.0,0.0,0.0,0.0,0.0,0.0,0.0,0.0,0.0,0.0,0.0,0.0
9703,61,158,0,0.0,0.0,0.0,0.0,0.0,0.0,0.0,0.0,0.0,0.0,0.0,0.0,0.0,0.0,0.0,0.0,0.0,0.0,0.0,0.0,0.0,0.0,0.0,0.0,0.0,0.0,0.0,0.0,0.0,0.0,0.0,0.0,0.0,0.0,0.0
9704,61,160,0,0.0,0.0,0.0,0.0,0.0,0.0,0.0,0.0,0.0,0.0,0.0,0.0,0.0,0.0,0.0,0.0,0.0,0.0,0.0,0.0,0.0,0.0,0.0,0.0,0.0,0.0,0.0,0.0,0.0,0.0,0.0,0.0,0.0,0.0,0.0
9705,61,161,0,0.0,0.0,0.0,0.0,0.0,0.0,0.0,0.0,0.0,0.0,0.0,0.0,0.0,0.0,0.0,0.0,0.0,0.0,0.0,0.0,0.0,0.0,0.0,0.0,0.0,0.0,0.0,0.0,0.0,0.0,0.0,0.0,0.0,0.0,0.0
9706,61,164,0,0.0,0.0,0.0,0.0,0.0,0.0,0.0,0.0,0.0,0.0,0.0,0.0,0.0,0.0,0.0,0.0,0.0,0.0,0.0,0.0,0.0,0.0,0.0,0.0,0.0,0.0,0.0,0.0,0.0,0.0,0.0,0.0,0.0,0.0,0.0
9707,61,165,0,0.0,0.0,0.0,0.0,0.0,0.0,0.0,0.0,0.0,0.0,0.0,0.0,0.0,0.0,0.0,0.0,0.0,0.0,0.0,0.0,0.0,0.0,0.0,0.0,0.0,0.0,0.0,0.0,0.0,0.0,0.0,0.0,0.0,0.0,0.0
9708,61,166,0,0.0,0.0,0.0,0.0,0.0,0.0,0.0,0.0,0.0,0.0,0.0,0.0,0.0,0.0,0.0,0.0,0.0,0.0,0.0,0.0,0.0,0.0,0.0,0.0,0.0,0.0,0.0,0.0,0.0,0.0,0.0,0.0,0.0,0.0,0.0
9709,61,172,0,0.0,0.0,0.0,0.0,0.0,0.0,0.0,0.0,0.0,0.0,0.0,0.0,0.0,0.0,0.0,0.0,0.0,0.0,0.0,0.0,0.0,0.0,0.0,0.0,0.0,0.0,0.0,0.0,0.0,0.0,0.0,0.0,0.0,0.0,0.0
9710,61,174,0,0.0,0.0,0.0,0.0,0.0,0.0,0.0,0.0,0.0,0.0,0.0,0.0,0.0,0.0,0.0,0.0,0.0,0.0,0.0,0.0,0.0,0.0,0.0,0.0,0.0,0.0,0.0,0.0,0.0,0.0,0.0,0.0,0.0,0.0,0.0
9711,61,176,0,0.0,0.0,0.0,0.0,0.0,0.0,0.0,0.0,0.0,0.0,0.0,0.0,0.0,0.0,0.0,0.0,0.0,0.0,0.0,0.0,0.0,0.0,0.0,0.0,0.0,0.0,0.0,0.0,0.0,0.0,0.0,0.0,0.0,0.0,0.0
9712,61,177,0,0.0,0.0,0.0,0.0,0.0,0.0,0.0,0.0,0.0,0.0,0.0,0.0,0.0,0.0,0.0,0.0,0.0,0.0,0.0,0.0,0.0,0.0,0.0,0.0,0.0,0.0,0.0,0.0,0.0,0.0,0.0,0.0,0.0,0.0,0.0
9713,61,178,0,0.0,0.0,0.0,0.0,0.0,0.0,0.0,0.0,0.0,0.0,0.0,0.0,0.0,0.0,0.0,0.0,0.0,0.0,0.0,0.0,0.0,0.0,0.0,0.0,0.0,0.0,0.0,0.0,0.0,0.0,0.0,0.0,0.0,0.0,0.0
9714,61,179,0,0.0,0.0,0.0,0.0,0.0,0.0,0.0,0.0,0.0,0.0,0.0,0.0,0.0,0.0,0.0,0.0,0.0,0.0,0.0,0.0,0.0,0.0,0.0,0.0,0.0,0.0,0.0,0.0,0.0,0.0,0.0,0.0,0.0,0.0,0.0
9715,61,180,0,0.0,0.0,0.0,0.0,0.0,0.0,0.0,0.0,0.0,0.0,0.0,0.0,0.0,0.0,0.0,0.0,0.0,0.0,0.0,0.0,0.0,0.0,0.0,0.0,0.0,0.0,0.0,0.0,0.0,0.0,0.0,0.0,0.0,0.0,0.0
9716,61,181,0,0.0,0.0,0.0,0.0,0.0,0.0,0.0,0.0,0.0,0.0,0.0,0.0,0.0,0.0,0.0,0.0,0.0,0.0,0.0,0.0,0.0,0.0,0.0,0.0,0.0,0.0,0.0,0.0,0.0,0.0,0.0,0.0,0.0,0.0,0.0
9717,61,182,0,0.0,0.0,0.0,0.0,0.0,0.0,0.0,0.0,0.0,0.0,0.0,0.0,0.0,0.0,0.0,0.0,0.0,0.0,0.0,0.0,0.0,0.0,0.0,0.0,0.0,0.0,0.0,0.0,0.0,0.0,0.0,0.0,0.0,0.0,0.0
9718,61,183,0,0.0,0.0,0.0,0.0,0.0,0.0,0.0,0.0,0.0,0.0,0.0,0.0,0.0,0.0,0.0,0.0,0.0,0.0,0.0,0.0,0.0,0.0,0.0,0.0,0.0,0.0,0.0,0.0,0.0,0.0,0.0,0.0,0.0,0.0,0.0
9719,61,184,0,0.0,0.0,0.0,0.0,0.0,0.0,0.0,0.0,0.0,0.0,0.0,0.0,0.0,0.0,0.0,0.0,0.0,0.0,0.0,0.0,0.0,0.0,0.0,0.0,0.0,0.0,0.0,0.0,0.0,0.0,0.0,0.0,0.0,0.0,0.0
9720,61,185,0,0.0,0.0,0.0,0.0,0.0,0.0,0.0,0.0,0.0,0.0,0.0,0.0,0.0,0.0,0.0,0.0,0.0,0.0,0.0,0.0,0.0,0.0,0.0,0.0,0.0,0.0,0.0,0.0,0.0,0.0,0.0,0.0,0.0,0.0,0.0
9721,61,186,0,0.0,0.0,0.0,0.0,0.0,0.0,0.0,0.0,0.0,0.0,0.0,0.0,0.0,0.0,0.0,0.0,0.0,0.0,0.0,0.0,0.0,0.0,0.0,0.0,0.0,0.0,0.0,0.0,0.0,0.0,0.0,0.0,0.0,0.0,0.0
9722,61,187,0,0.0,0.0,0.0,0.0,0.0,0.0,0.0,0.0,0.0,0.0,0.0,0.0,0.0,0.0,0.0,0.0,0.0,0.0,0.0,0.0,0.0,0.0,0.0,0.0,0.0,0.0,0.0,0.0,0.0,0.0,0.0,0.0,0.0,0.0,0.0
9723,61,189,0,0.0,0.0,0.0,0.0,0.0,0.0,0.0,0.0,0.0,0.0,0.0,0.0,0.0,0.0,0.0,0.0,0.0,0.0,0.0,0.0,0.0,0.0,0.0,0.0,0.0,0.0,0.0,0.0,0.0,0.0,0.0,0.0,0.0,0.0,0.0
9724,61,191,0,0.0,0.0,0.0,0.0,0.0,0.0,0.0,0.0,0.0,0.0,0.0,0.0,0.0,0.0,0.0,0.0,0.0,0.0,0.0,0.0,0.0,0.0,0.0,0.0,0.0,0.0,0.0,0.0,0.0,0.0,0.0,0.0,0.0,0.0,0.0
9725,61,193,0,0.0,0.0,0.0,0.0,0.0,0.0,0.0,0.0,0.0,0.0,0.0,0.0,0.0,0.0,0.0,0.0,0.0,0.0,0.0,0.0,0.0,0.0,0.0,0.0,0.0,0.0,0.0,0.0,0.0,0.0,0.0,0.0,0.0,0.0,0.0
9726,61,194,0,0.0,0.0,0.0,0.0,0.0,0.0,0.0,0.0,0.0,0.0,0.0,0.0,0.0,0.0,0.0,0.0,0.0,0.0,0.0,0.0,0.0,0.0,0.0,0.0,0.0,0.0,0.0,0.0,0.0,0.0,0.0,0.0,0.0,0.0,0.0
9727,61,195,0,0.0,0.0,0.0,0.0,0.0,0.0,0.0,0.0,0.0,0.0,0.0,0.0,0.0,0.0,0.0,0.0,0.0,0.0,0.0,0.0,0.0,0.0,0.0,0.0,0.0,0.0,0.0,0.0,0.0,0.0,0.0,0.0,0.0,0.0,0.0
9728,61,196,0,0.0,0.0,0.0,0.0,0.0,0.0,0.0,0.0,0.0,0.0,0.0,0.0,0.0,0.0,0.0,0.0,0.0,0.0,0.0,0.0,0.0,0.0,0.0,0.0,0.0,0.0,0.0,0.0,0.0,0.0,0.0,0.0,0.0,0.0,0.0
9729,61,197,0,0.0,0.0,0.0,0.0,0.0,0.0,0.0,0.0,0.0,0.0,0.0,0.0,0.0,0.0,0.0,0.0,0.0,0.0,0.0,0.0,0.0,0.0,0.0,0.0,0.0,0.0,0.0,0.0,0.0,0.0,0.0,0.0,0.0,0.0,0.0
9730,61,198,0,0.0,0.0,0.0,0.0,0.0,0.0,0.0,0.0,0.0,0.0,0.0,0.0,0.0,0.0,0.0,0.0,0.0,0.0,0.0,0.0,0.0,0.0,0.0,0.0,0.0,0.0,0.0,0.0,0.0,0.0,0.0,0.0,0.0,0.0,0.0
9731,61,199,0,0.0,0.0,0.0,0.0,0.0,0.0,0.0,0.0,0.0,0.0,0.0,0.0,0.0,0.0,0.0,0.0,0.0,0.0,0.0,0.0,0.0,0.0,0.0,0.0,0.0,0.0,0.0,0.0,0.0,0.0,0.0,0.0,0.0,0.0,0.0
9732,61,200,0,0.0,0.0,0.0,0.0,0.0,0.0,0.0,0.0,0.0,0.0,0.0,0.0,0.0,0.0,0.0,0.0,0.0,0.0,0.0,0.0,0.0,0.0,0.0,0.0,0.0,0.0,0.0,0.0,0.0,0.0,0.0,0.0,0.0,0.0,0.0
9733,61,202,0,0.0,0.0,0.0,0.0,0.0,0.0,0.0,0.0,0.0,0.0,0.0,0.0,0.0,0.0,0.0,0.0,0.0,0.0,0.0,0.0,0.0,0.0,0.0,0.0,0.0,0.0,0.0,0.0,0.0,0.0,0.0,0.0,0.0,0.0,0.0
9734,61,210,0,0.0,0.0,0.0,0.0,0.0,0.0,0.0,0.0,0.0,0.0,0.0,0.0,0.0,0.0,0.0,0.0,0.0,0.0,0.0,0.0,0.0,0.0,0.0,0.0,0.0,0.0,0.0,0.0,0.0,0.0,0.0,0.0,0.0,0.0,0.0
9735,61,213,0,0.0,0.0,0.0,0.0,0.0,0.0,0.0,0.0,0.0,0.0,0.0,0.0,0.0,0.0,0.0,0.0,0.0,0.0,0.0,0.0,0.0,0.0,0.0,0.0,0.0,0.0,0.0,0.0,0.0,0.0,0.0,0.0,0.0,0.0,0.0
9736,61,214,0,0.0,0.0,0.0,0.0,0.0,0.0,0.0,0.0,0.0,0.0,0.0,0.0,0.0,0.0,0.0,0.0,0.0,0.0,0.0,0.0,0.0,0.0,0.0,0.0,0.0,0.0,0.0,0.0,0.0,0.0,0.0,0.0,0.0,0.0,0.0
9737,61,215,0,0.0,0.0,0.0,0.0,0.0,0.0,0.0,0.0,0.0,0.0,0.0,0.0,0.0,0.0,0.0,0.0,0.0,0.0,0.0,0.0,0.0,0.0,0.0,0.0,0.0,0.0,0.0,0.0,0.0,0.0,0.0,0.0,0.0,0.0,0.0
9738,61,217,0,0.0,0.0,0.0,0.0,0.0,0.0,0.0,0.0,0.0,0.0,0.0,0.0,0.0,0.0,0.0,0.0,0.0,0.0,0.0,0.0,0.0,0.0,0.0,0.0,0.0,0.0,0.0,0.0,0.0,0.0,0.0,0.0,0.0,0.0,0.0
9739,61,218,0,0.0,0.0,0.0,0.0,0.0,0.0,0.0,0.0,0.0,0.0,0.0,0.0,0.0,0.0,0.0,0.0,0.0,0.0,0.0,0.0,0.0,0.0,0.0,0.0,0.0,0.0,0.0,0.0,0.0,0.0,0.0,0.0,0.0,0.0,0.0
9740,61,219,0,0.0,0.0,0.0,0.0,0.0,0.0,0.0,0.0,0.0,0.0,0.0,0.0,0.0,0.0,0.0,0.0,0.0,0.0,0.0,0.0,0.0,0.0,0.0,0.0,0.0,0.0,0.0,0.0,0.0,0.0,0.0,0.0,0.0,0.0,0.0
9741,61,220,0,0.0,0.0,0.0,0.0,0.0,0.0,0.0,0.0,0.0,0.0,0.0,0.0,0.0,0.0,0.0,0.0,0.0,0.0,0.0,0.0,0.0,0.0,0.0,0.0,0.0,0.0,0.0,0.0,0.0,0.0,0.0,0.0,0.0,0.0,0.0
9742,61,221,0,0.0,0.0,0.0,0.0,0.0,0.0,0.0,0.0,0.0,0.0,0.0,0.0,0.0,0.0,0.0,0.0,0.0,0.0,0.0,0.0,0.0,0.0,0.0,0.0,0.0,0.0,0.0,0.0,0.0,0.0,0.0,0.0,0.0,0.0,0.0
9743,61,222,0,0.0,0.0,0.0,0.0,0.0,0.0,0.0,0.0,0.0,0.0,0.0,0.0,0.0,0.0,0.0,0.0,0.0,0.0,0.0,0.0,0.0,0.0,0.0,0.0,0.0,0.0,0.0,0.0,0.0,0.0,0.0,0.0,0.0,0.0,0.0
9744,61,223,0,0.0,0.0,0.0,0.0,0.0,0.0,0.0,0.0,0.0,0.0,0.0,0.0,0.0,0.0,0.0,0.0,0.0,0.0,0.0,0.0,0.0,0.0,0.0,0.0,0.0,0.0,0.0,0.0,0.0,0.0,0.0,0.0,0.0,0.0,0.0
9745,61,224,0,0.0,0.0,0.0,0.0,0.0,0.0,0.0,0.0,0.0,0.0,0.0,0.0,0.0,0.0,0.0,0.0,0.0,0.0,0.0,0.0,0.0,0.0,0.0,0.0,0.0,0.0,0.0,0.0,0.0,0.0,0.0,0.0,0.0,0.0,0.0
9746,63,2,0,0.0,0.0,0.0,0.0,0.0,0.0,0.0,0.0,0.0,0.0,0.0,0.0,0.0,0.0,0.0,0.0,0.0,0.0,0.0,0.0,0.0,0.0,0.0,0.0,0.0,0.0,0.0,0.0,0.0,0.0,0.0,0.0,0.0,0.0,0.0
9747,63,4,0,0.0,0.0,0.0,0.0,0.0,0.0,0.0,0.0,0.0,0.0,0.0,0.0,0.0,0.0,0.0,0.0,0.0,0.0,0.0,0.0,0.0,0.0,0.0,0.0,0.0,0.0,0.0,0.0,0.0,0.0,0.0,0.0,0.0,0.0,0.0
9748,63,5,0,0.0,0.0,0.0,0.0,0.0,0.0,0.0,0.0,0.0,0.0,0.0,0.0,0.0,0.0,0.0,0.0,0.0,0.0,0.0,0.0,0.0,0.0,0.0,0.0,0.0,0.0,0.0,0.0,0.0,0.0,0.0,0.0,0.0,0.0,0.0
9749,63,8,0,0.0,0.0,0.0,0.0,0.0,0.0,0.0,0.0,0.0,0.0,0.0,0.0,0.0,0.0,0.0,0.0,0.0,0.0,0.0,0.0,0.0,0.0,0.0,0.0,0.0,0.0,0.0,0.0,0.0,0.0,0.0,0.0,0.0,0.0,0.0
9750,63,11,0,0.0,0.0,0.0,0.0,0.0,0.0,0.0,0.0,0.0,0.0,0.0,0.0,0.0,0.0,0.0,0.0,0.0,0.0,0.0,0.0,0.0,0.0,0.0,0.0,0.0,0.0,0.0,0.0,0.0,0.0,0.0,0.0,0.0,0.0,0.0
9751,63,13,0,0.0,0.0,0.0,0.0,0.0,0.0,0.0,0.0,0.0,0.0,0.0,0.0,0.0,0.0,0.0,0.0,0.0,0.0,0.0,0.0,0.0,0.0,0.0,0.0,0.0,0.0,0.0,0.0,0.0,0.0,0.0,0.0,0.0,0.0,0.0
9752,63,14,0,0.0,0.0,0.0,0.0,0.0,0.0,0.0,0.0,0.0,0.0,0.0,0.0,0.0,0.0,0.0,0.0,0.0,0.0,0.0,0.0,0.0,0.0,0.0,0.0,0.0,0.0,0.0,0.0,0.0,0.0,0.0,0.0,0.0,0.0,0.0
9753,63,15,0,0.0,0.0,0.0,0.0,0.0,0.0,0.0,0.0,0.0,0.0,0.0,0.0,0.0,0.0,0.0,0.0,0.0,0.0,0.0,0.0,0.0,0.0,0.0,0.0,0.0,0.0,0.0,0.0,0.0,0.0,0.0,0.0,0.0,0.0,0.0
9754,63,17,0,0.0,0.0,0.0,0.0,0.0,0.0,0.0,0.0,0.0,0.0,0.0,0.0,0.0,0.0,0.0,0.0,0.0,0.0,0.0,0.0,0.0,0.0,0.0,0.0,0.0,0.0,0.0,0.0,0.0,0.0,0.0,0.0,0.0,0.0,0.0
9755,63,19,0,0.0,0.0,0.0,0.0,0.0,0.0,0.0,0.0,0.0,0.0,0.0,0.0,0.0,0.0,0.0,0.0,0.0,0.0,0.0,0.0,0.0,0.0,0.0,0.0,0.0,0.0,0.0,0.0,0.0,0.0,0.0,0.0,0.0,0.0,0.0
9756,63,20,0,0.0,0.0,0.0,0.0,0.0,0.0,0.0,0.0,0.0,0.0,0.0,0.0,0.0,0.0,0.0,0.0,0.0,0.0,0.0,0.0,0.0,0.0,0.0,0.0,0.0,0.0,0.0,0.0,0.0,0.0,0.0,0.0,0.0,0.0,0.0
9757,63,23,0,0.0,0.0,0.0,0.0,0.0,0.0,0.0,0.0,0.0,0.0,0.0,0.0,0.0,0.0,0.0,0.0,0.0,0.0,0.0,0.0,0.0,0.0,0.0,0.0,0.0,0.0,0.0,0.0,0.0,0.0,0.0,0.0,0.0,0.0,0.0
9758,63,27,0,0.0,0.0,0.0,0.0,0.0,0.0,0.0,0.0,0.0,0.0,0.0,0.0,0.0,0.0,0.0,0.0,0.0,0.0,0.0,0.0,0.0,0.0,0.0,0.0,0.0,0.0,0.0,0.0,0.0,0.0,0.0,0.0,0.0,0.0,0.0
9759,63,28,0,0.0,0.0,0.0,0.0,0.0,0.0,0.0,0.0,0.0,0.0,0.0,0.0,0.0,0.0,0.0,0.0,0.0,0.0,0.0,0.0,0.0,0.0,0.0,0.0,0.0,0.0,0.0,0.0,0.0,0.0,0.0,0.0,0.0,0.0,0.0
9760,63,30,0,0.0,0.0,0.0,0.0,0.0,0.0,0.0,0.0,0.0,0.0,0.0,0.0,0.0,0.0,0.0,0.0,0.0,0.0,0.0,0.0,0.0,0.0,0.0,0.0,0.0,0.0,0.0,0.0,0.0,0.0,0.0,0.0,0.0,0.0,0.0
9761,63,32,0,0.0,0.0,0.0,0.0,0.0,0.0,0.0,0.0,0.0,0.0,0.0,0.0,0.0,0.0,0.0,0.0,0.0,0.0,0.0,0.0,0.0,0.0,0.0,0.0,0.0,0.0,0.0,0.0,0.0,0.0,0.0,0.0,0.0,0.0,0.0
9762,63,33,0,0.0,0.0,0.0,0.0,0.0,0.0,0.0,0.0,0.0,0.0,0.0,0.0,0.0,0.0,0.0,0.0,0.0,0.0,0.0,0.0,0.0,0.0,0.0,0.0,0.0,0.0,0.0,0.0,0.0,0.0,0.0,0.0,0.0,0.0,0.0
9763,63,34,0,0.0,0.0,0.0,0.0,0.0,0.0,0.0,0.0,0.0,0.0,0.0,0.0,0.0,0.0,0.0,0.0,0.0,0.0,0.0,0.0,0.0,0.0,0.0,0.0,0.0,0.0,0.0,0.0,0.0,0.0,0.0,0.0,0.0,0.0,0.0
9764,63,38,0,0.0,0.0,0.0,0.0,0.0,0.0,0.0,0.0,0.0,0.0,0.0,0.0,0.0,0.0,0.0,0.0,0.0,0.0,0.0,0.0,0.0,0.0,0.0,0.0,0.0,0.0,0.0,0.0,0.0,0.0,0.0,0.0,0.0,0.0,0.0
9765,63,43,0,0.0,0.0,0.0,0.0,0.0,0.0,0.0,0.0,0.0,0.0,0.0,0.0,0.0,0.0,0.0,0.0,0.0,0.0,0.0,0.0,0.0,0.0,0.0,0.0,0.0,0.0,0.0,0.0,0.0,0.0,0.0,0.0,0.0,0.0,0.0
9766,63,47,0,0.0,0.0,0.0,0.0,0.0,0.0,0.0,0.0,0.0,0.0,0.0,0.0,0.0,0.0,0.0,0.0,0.0,0.0,0.0,0.0,0.0,0.0,0.0,0.0,0.0,0.0,0.0,0.0,0.0,0.0,0.0,0.0,0.0,0.0,0.0
9767,63,48,0,0.0,0.0,0.0,0.0,0.0,0.0,0.0,0.0,0.0,0.0,0.0,0.0,0.0,0.0,0.0,0.0,0.0,0.0,0.0,0.0,0.0,0.0,0.0,0.0,0.0,0.0,0.0,0.0,0.0,0.0,0.0,0.0,0.0,0.0,0.0
9768,63,49,0,0.0,0.0,0.0,0.0,0.0,0.0,0.0,0.0,0.0,0.0,0.0,0.0,0.0,0.0,0.0,0.0,0.0,0.0,0.0,0.0,0.0,0.0,0.0,0.0,0.0,0.0,0.0,0.0,0.0,0.0,0.0,0.0,0.0,0.0,0.0
9769,63,51,0,0.0,0.0,0.0,0.0,0.0,0.0,0.0,0.0,0.0,0.0,0.0,0.0,0.0,0.0,0.0,0.0,0.0,0.0,0.0,0.0,0.0,0.0,0.0,0.0,0.0,0.0,0.0,0.0,0.0,0.0,0.0,0.0,0.0,0.0,0.0
9770,63,52,0,0.0,0.0,0.0,0.0,0.0,0.0,0.0,0.0,0.0,0.0,0.0,0.0,0.0,0.0,0.0,0.0,0.0,0.0,0.0,0.0,0.0,0.0,0.0,0.0,0.0,0.0,0.0,0.0,0.0,0.0,0.0,0.0,0.0,0.0,0.0
9771,63,53,0,0.0,0.0,0.0,0.0,0.0,0.0,0.0,0.0,0.0,0.0,0.0,0.0,0.0,0.0,0.0,0.0,0.0,0.0,0.0,0.0,0.0,0.0,0.0,0.0,0.0,0.0,0.0,0.0,0.0,0.0,0.0,0.0,0.0,0.0,0.0
9772,63,54,0,0.0,0.0,0.0,0.0,0.0,0.0,0.0,0.0,0.0,0.0,0.0,0.0,0.0,0.0,0.0,0.0,0.0,0.0,0.0,0.0,0.0,0.0,0.0,0.0,0.0,0.0,0.0,0.0,0.0,0.0,0.0,0.0,0.0,0.0,0.0
9773,63,57,0,0.0,0.0,0.0,0.0,0.0,0.0,0.0,0.0,0.0,0.0,0.0,0.0,0.0,0.0,0.0,0.0,0.0,0.0,0.0,0.0,0.0,0.0,0.0,0.0,0.0,0.0,0.0,0.0,0.0,0.0,0.0,0.0,0.0,0.0,0.0
9774,63,59,0,0.0,0.0,0.0,0.0,0.0,0.0,0.0,0.0,0.0,0.0,0.0,0.0,0.0,0.0,0.0,0.0,0.0,0.0,0.0,0.0,0.0,0.0,0.0,0.0,0.0,0.0,0.0,0.0,0.0,0.0,0.0,0.0,0.0,0.0,0.0
9775,63,61,0,0.0,0.0,0.0,0.0,0.0,0.0,0.0,0.0,0.0,0.0,0.0,0.0,0.0,0.0,0.0,0.0,0.0,0.0,0.0,0.0,0.0,0.0,0.0,0.0,0.0,0.0,0.0,0.0,0.0,0.0,0.0,0.0,0.0,0.0,0.0
9776,63,63,0,0.0,0.0,0.0,0.0,0.0,0.0,0.0,0.0,0.0,0.0,0.0,0.0,0.0,0.0,0.0,0.0,0.0,0.0,0.0,0.0,0.0,0.0,0.0,0.0,0.0,0.0,0.0,0.0,0.0,0.0,0.0,0.0,0.0,0.0,0.0
9777,63,64,0,0.0,0.0,0.0,0.0,0.0,0.0,0.0,0.0,0.0,0.0,0.0,0.0,0.0,0.0,0.0,0.0,0.0,0.0,0.0,0.0,0.0,0.0,0.0,0.0,0.0,0.0,0.0,0.0,0.0,0.0,0.0,0.0,0.0,0.0,0.0
9778,63,66,0,0.0,0.0,0.0,0.0,0.0,0.0,0.0,0.0,0.0,0.0,0.0,0.0,0.0,0.0,0.0,0.0,0.0,0.0,0.0,0.0,0.0,0.0,0.0,0.0,0.0,0.0,0.0,0.0,0.0,0.0,0.0,0.0,0.0,0.0,0.0
9779,63,67,0,0.0,0.0,0.0,0.0,0.0,0.0,0.0,0.0,0.0,0.0,0.0,0.0,0.0,0.0,0.0,0.0,0.0,0.0,0.0,0.0,0.0,0.0,0.0,0.0,0.0,0.0,0.0,0.0,0.0,0.0,0.0,0.0,0.0,0.0,0.0
9780,63,70,0,0.0,0.0,0.0,0.0,0.0,0.0,0.0,0.0,0.0,0.0,0.0,0.0,0.0,0.0,0.0,0.0,0.0,0.0,0.0,0.0,0.0,0.0,0.0,0.0,0.0,0.0,0.0,0.0,0.0,0.0,0.0,0.0,0.0,0.0,0.0
9781,63,71,0,0.0,0.0,0.0,0.0,0.0,0.0,0.0,0.0,0.0,0.0,0.0,0.0,0.0,0.0,0.0,0.0,0.0,0.0,0.0,0.0,0.0,0.0,0.0,0.0,0.0,0.0,0.0,0.0,0.0,0.0,0.0,0.0,0.0,0.0,0.0
9782,63,72,0,0.0,0.0,0.0,0.0,0.0,0.0,0.0,0.0,0.0,0.0,0.0,0.0,0.0,0.0,0.0,0.0,0.0,0.0,0.0,0.0,0.0,0.0,0.0,0.0,0.0,0.0,0.0,0.0,0.0,0.0,0.0,0.0,0.0,0.0,0.0
9783,63,73,0,0.0,0.0,0.0,0.0,0.0,0.0,0.0,0.0,0.0,0.0,0.0,0.0,0.0,0.0,0.0,0.0,0.0,0.0,0.0,0.0,0.0,0.0,0.0,0.0,0.0,0.0,0.0,0.0,0.0,0.0,0.0,0.0,0.0,0.0,0.0
9784,63,74,0,0.0,0.0,0.0,0.0,0.0,0.0,0.0,0.0,0.0,0.0,0.0,0.0,0.0,0.0,0.0,0.0,0.0,0.0,0.0,0.0,0.0,0.0,0.0,0.0,0.0,0.0,0.0,0.0,0.0,0.0,0.0,0.0,0.0,0.0,0.0
9785,63,75,0,0.0,0.0,0.0,0.0,0.0,0.0,0.0,0.0,0.0,0.0,0.0,0.0,0.0,0.0,0.0,0.0,0.0,0.0,0.0,0.0,0.0,0.0,0.0,0.0,0.0,0.0,0.0,0.0,0.0,0.0,0.0,0.0,0.0,0.0,0.0
9786,63,78,0,0.0,0.0,0.0,0.0,0.0,0.0,0.0,0.0,0.0,0.0,0.0,0.0,0.0,0.0,0.0,0.0,0.0,0.0,0.0,0.0,0.0,0.0,0.0,0.0,0.0,0.0,0.0,0.0,0.0,0.0,0.0,0.0,0.0,0.0,0.0
9787,63,79,0,0.0,0.0,0.0,0.0,0.0,0.0,0.0,0.0,0.0,0.0,0.0,0.0,0.0,0.0,0.0,0.0,0.0,0.0,0.0,0.0,0.0,0.0,0.0,0.0,0.0,0.0,0.0,0.0,0.0,0.0,0.0,0.0,0.0,0.0,0.0
9788,63,81,0,0.0,0.0,0.0,0.0,0.0,0.0,0.0,0.0,0.0,0.0,0.0,0.0,0.0,0.0,0.0,0.0,0.0,0.0,0.0,0.0,0.0,0.0,0.0,0.0,0.0,0.0,0.0,0.0,0.0,0.0,0.0,0.0,0.0,0.0,0.0
9789,63,82,0,0.0,0.0,0.0,0.0,0.0,0.0,0.0,0.0,0.0,0.0,0.0,0.0,0.0,0.0,0.0,0.0,0.0,0.0,0.0,0.0,0.0,0.0,0.0,0.0,0.0,0.0,0.0,0.0,0.0,0.0,0.0,0.0,0.0,0.0,0.0
9790,63,88,0,0.0,0.0,0.0,0.0,0.0,0.0,0.0,0.0,0.0,0.0,0.0,0.0,0.0,0.0,0.0,0.0,0.0,0.0,0.0,0.0,0.0,0.0,0.0,0.0,0.0,0.0,0.0,0.0,0.0,0.0,0.0,0.0,0.0,0.0,0.0
9791,63,90,0,0.0,0.0,0.0,0.0,0.0,0.0,0.0,0.0,0.0,0.0,0.0,0.0,0.0,0.0,0.0,0.0,0.0,0.0,0.0,0.0,0.0,0.0,0.0,0.0,0.0,0.0,0.0,0.0,0.0,0.0,0.0,0.0,0.0,0.0,0.0
9792,63,97,0,0.0,0.0,0.0,0.0,0.0,0.0,0.0,0.0,0.0,0.0,0.0,0.0,0.0,0.0,0.0,0.0,0.0,0.0,0.0,0.0,0.0,0.0,0.0,0.0,0.0,0.0,0.0,0.0,0.0,0.0,0.0,0.0,0.0,0.0,0.0
9793,63,99,0,0.0,0.0,0.0,0.0,0.0,0.0,0.0,0.0,0.0,0.0,0.0,0.0,0.0,0.0,0.0,0.0,0.0,0.0,0.0,0.0,0.0,0.0,0.0,0.0,0.0,0.0,0.0,0.0,0.0,0.0,0.0,0.0,0.0,0.0,0.0
9794,63,100,0,0.0,0.0,0.0,0.0,0.0,0.0,0.0,0.0,0.0,0.0,0.0,0.0,0.0,0.0,0.0,0.0,0.0,0.0,0.0,0.0,0.0,0.0,0.0,0.0,0.0,0.0,0.0,0.0,0.0,0.0,0.0,0.0,0.0,0.0,0.0
9795,63,101,0,0.0,0.0,0.0,0.0,0.0,0.0,0.0,0.0,0.0,0.0,0.0,0.0,0.0,0.0,0.0,0.0,0.0,0.0,0.0,0.0,0.0,0.0,0.0,0.0,0.0,0.0,0.0,0.0,0.0,0.0,0.0,0.0,0.0,0.0,0.0
9796,63,105,0,0.0,0.0,0.0,0.0,0.0,0.0,0.0,0.0,0.0,0.0,0.0,0.0,0.0,0.0,0.0,0.0,0.0,0.0,0.0,0.0,0.0,0.0,0.0,0.0,0.0,0.0,0.0,0.0,0.0,0.0,0.0,0.0,0.0,0.0,0.0
9797,63,107,0,0.0,0.0,0.0,0.0,0.0,0.0,0.0,0.0,0.0,0.0,0.0,0.0,0.0,0.0,0.0,0.0,0.0,0.0,0.0,0.0,0.0,0.0,0.0,0.0,0.0,0.0,0.0,0.0,0.0,0.0,0.0,0.0,0.0,0.0,0.0
9798,63,108,0,0.0,0.0,0.0,0.0,0.0,0.0,0.0,0.0,0.0,0.0,0.0,0.0,0.0,0.0,0.0,0.0,0.0,0.0,0.0,0.0,0.0,0.0,0.0,0.0,0.0,0.0,0.0,0.0,0.0,0.0,0.0,0.0,0.0,0.0,0.0
9799,63,110,0,0.0,0.0,0.0,0.0,0.0,0.0,0.0,0.0,0.0,0.0,0.0,0.0,0.0,0.0,0.0,0.0,0.0,0.0,0.0,0.0,0.0,0.0,0.0,0.0,0.0,0.0,0.0,0.0,0.0,0.0,0.0,0.0,0.0,0.0,0.0
9800,63,111,0,0.0,0.0,0.0,0.0,0.0,0.0,0.0,0.0,0.0,0.0,0.0,0.0,0.0,0.0,0.0,0.0,0.0,0.0,0.0,0.0,0.0,0.0,0.0,0.0,0.0,0.0,0.0,0.0,0.0,0.0,0.0,0.0,0.0,0.0,0.0
9801,63,114,0,0.0,0.0,0.0,0.0,0.0,0.0,0.0,0.0,0.0,0.0,0.0,0.0,0.0,0.0,0.0,0.0,0.0,0.0,0.0,0.0,0.0,0.0,0.0,0.0,0.0,0.0,0.0,0.0,0.0,0.0,0.0,0.0,0.0,0.0,0.0
9802,63,115,0,0.0,0.0,0.0,0.0,0.0,0.0,0.0,0.0,0.0,0.0,0.0,0.0,0.0,0.0,0.0,0.0,0.0,0.0,0.0,0.0,0.0,0.0,0.0,0.0,0.0,0.0,0.0,0.0,0.0,0.0,0.0,0.0,0.0,0.0,0.0
9803,63,117,0,0.0,0.0,0.0,0.0,0.0,0.0,0.0,0.0,0.0,0.0,0.0,0.0,0.0,0.0,0.0,0.0,0.0,0.0,0.0,0.0,0.0,0.0,0.0,0.0,0.0,0.0,0.0,0.0,0.0,0.0,0.0,0.0,0.0,0.0,0.0
9804,63,118,0,0.0,0.0,0.0,0.0,0.0,0.0,0.0,0.0,0.0,0.0,0.0,0.0,0.0,0.0,0.0,0.0,0.0,0.0,0.0,0.0,0.0,0.0,0.0,0.0,0.0,0.0,0.0,0.0,0.0,0.0,0.0,0.0,0.0,0.0,0.0
9805,63,119,0,0.0,0.0,0.0,0.0,0.0,0.0,0.0,0.0,0.0,0.0,0.0,0.0,0.0,0.0,0.0,0.0,0.0,0.0,0.0,0.0,0.0,0.0,0.0,0.0,0.0,0.0,0.0,0.0,0.0,0.0,0.0,0.0,0.0,0.0,0.0
9806,63,120,0,0.0,0.0,0.0,0.0,0.0,0.0,0.0,0.0,0.0,0.0,0.0,0.0,0.0,0.0,0.0,0.0,0.0,0.0,0.0,0.0,0.0,0.0,0.0,0.0,0.0,0.0,0.0,0.0,0.0,0.0,0.0,0.0,0.0,0.0,0.0
9807,63,121,0,0.0,0.0,0.0,0.0,0.0,0.0,0.0,0.0,0.0,0.0,0.0,0.0,0.0,0.0,0.0,0.0,0.0,0.0,0.0,0.0,0.0,0.0,0.0,0.0,0.0,0.0,0.0,0.0,0.0,0.0,0.0,0.0,0.0,0.0,0.0
9808,63,122,0,0.0,0.0,0.0,0.0,0.0,0.0,0.0,0.0,0.0,0.0,0.0,0.0,0.0,0.0,0.0,0.0,0.0,0.0,0.0,0.0,0.0,0.0,0.0,0.0,0.0,0.0,0.0,0.0,0.0,0.0,0.0,0.0,0.0,0.0,0.0
9809,63,125,0,0.0,0.0,0.0,0.0,0.0,0.0,0.0,0.0,0.0,0.0,0.0,0.0,0.0,0.0,0.0,0.0,0.0,0.0,0.0,0.0,0.0,0.0,0.0,0.0,0.0,0.0,0.0,0.0,0.0,0.0,0.0,0.0,0.0,0.0,0.0
9810,63,132,0,0.0,0.0,0.0,0.0,0.0,0.0,0.0,0.0,0.0,0.0,0.0,0.0,0.0,0.0,0.0,0.0,0.0,0.0,0.0,0.0,0.0,0.0,0.0,0.0,0.0,0.0,0.0,0.0,0.0,0.0,0.0,0.0,0.0,0.0,0.0
9811,63,133,0,0.0,0.0,0.0,0.0,0.0,0.0,0.0,0.0,0.0,0.0,0.0,0.0,0.0,0.0,0.0,0.0,0.0,0.0,0.0,0.0,0.0,0.0,0.0,0.0,0.0,0.0,0.0,0.0,0.0,0.0,0.0,0.0,0.0,0.0,0.0
9812,63,139,0,0.0,0.0,0.0,0.0,0.0,0.0,0.0,0.0,0.0,0.0,0.0,0.0,0.0,0.0,0.0,0.0,0.0,0.0,0.0,0.0,0.0,0.0,0.0,0.0,0.0,0.0,0.0,0.0,0.0,0.0,0.0,0.0,0.0,0.0,0.0
9813,63,140,0,0.0,0.0,0.0,0.0,0.0,0.0,0.0,0.0,0.0,0.0,0.0,0.0,0.0,0.0,0.0,0.0,0.0,0.0,0.0,0.0,0.0,0.0,0.0,0.0,0.0,0.0,0.0,0.0,0.0,0.0,0.0,0.0,0.0,0.0,0.0
9814,63,143,0,0.0,0.0,0.0,0.0,0.0,0.0,0.0,0.0,0.0,0.0,0.0,0.0,0.0,0.0,0.0,0.0,0.0,0.0,0.0,0.0,0.0,0.0,0.0,0.0,0.0,0.0,0.0,0.0,0.0,0.0,0.0,0.0,0.0,0.0,0.0
9815,63,144,0,0.0,0.0,0.0,0.0,0.0,0.0,0.0,0.0,0.0,0.0,0.0,0.0,0.0,0.0,0.0,0.0,0.0,0.0,0.0,0.0,0.0,0.0,0.0,0.0,0.0,0.0,0.0,0.0,0.0,0.0,0.0,0.0,0.0,0.0,0.0
9816,63,146,0,0.0,0.0,0.0,0.0,0.0,0.0,0.0,0.0,0.0,0.0,0.0,0.0,0.0,0.0,0.0,0.0,0.0,0.0,0.0,0.0,0.0,0.0,0.0,0.0,0.0,0.0,0.0,0.0,0.0,0.0,0.0,0.0,0.0,0.0,0.0
9817,63,147,0,0.0,0.0,0.0,0.0,0.0,0.0,0.0,0.0,0.0,0.0,0.0,0.0,0.0,0.0,0.0,0.0,0.0,0.0,0.0,0.0,0.0,0.0,0.0,0.0,0.0,0.0,0.0,0.0,0.0,0.0,0.0,0.0,0.0,0.0,0.0
9818,63,150,0,0.0,0.0,0.0,0.0,0.0,0.0,0.0,0.0,0.0,0.0,0.0,0.0,0.0,0.0,0.0,0.0,0.0,0.0,0.0,0.0,0.0,0.0,0.0,0.0,0.0,0.0,0.0,0.0,0.0,0.0,0.0,0.0,0.0,0.0,0.0
9819,63,151,0,0.0,0.0,0.0,0.0,0.0,0.0,0.0,0.0,0.0,0.0,0.0,0.0,0.0,0.0,0.0,0.0,0.0,0.0,0.0,0.0,0.0,0.0,0.0,0.0,0.0,0.0,0.0,0.0,0.0,0.0,0.0,0.0,0.0,0.0,0.0
9820,63,152,0,0.0,0.0,0.0,0.0,0.0,0.0,0.0,0.0,0.0,0.0,0.0,0.0,0.0,0.0,0.0,0.0,0.0,0.0,0.0,0.0,0.0,0.0,0.0,0.0,0.0,0.0,0.0,0.0,0.0,0.0,0.0,0.0,0.0,0.0,0.0
9821,63,153,0,0.0,0.0,0.0,0.0,0.0,0.0,0.0,0.0,0.0,0.0,0.0,0.0,0.0,0.0,0.0,0.0,0.0,0.0,0.0,0.0,0.0,0.0,0.0,0.0,0.0,0.0,0.0,0.0,0.0,0.0,0.0,0.0,0.0,0.0,0.0
9822,63,154,0,0.0,0.0,0.0,0.0,0.0,0.0,0.0,0.0,0.0,0.0,0.0,0.0,0.0,0.0,0.0,0.0,0.0,0.0,0.0,0.0,0.0,0.0,0.0,0.0,0.0,0.0,0.0,0.0,0.0,0.0,0.0,0.0,0.0,0.0,0.0
9823,63,155,0,0.0,0.0,0.0,0.0,0.0,0.0,0.0,0.0,0.0,0.0,0.0,0.0,0.0,0.0,0.0,0.0,0.0,0.0,0.0,0.0,0.0,0.0,0.0,0.0,0.0,0.0,0.0,0.0,0.0,0.0,0.0,0.0,0.0,0.0,0.0
9824,63,157,0,0.0,0.0,0.0,0.0,0.0,0.0,0.0,0.0,0.0,0.0,0.0,0.0,0.0,0.0,0.0,0.0,0.0,0.0,0.0,0.0,0.0,0.0,0.0,0.0,0.0,0.0,0.0,0.0,0.0,0.0,0.0,0.0,0.0,0.0,0.0
9825,63,158,0,0.0,0.0,0.0,0.0,0.0,0.0,0.0,0.0,0.0,0.0,0.0,0.0,0.0,0.0,0.0,0.0,0.0,0.0,0.0,0.0,0.0,0.0,0.0,0.0,0.0,0.0,0.0,0.0,0.0,0.0,0.0,0.0,0.0,0.0,0.0
9826,63,159,0,0.0,0.0,0.0,0.0,0.0,0.0,0.0,0.0,0.0,0.0,0.0,0.0,0.0,0.0,0.0,0.0,0.0,0.0,0.0,0.0,0.0,0.0,0.0,0.0,0.0,0.0,0.0,0.0,0.0,0.0,0.0,0.0,0.0,0.0,0.0
9827,63,161,0,0.0,0.0,0.0,0.0,0.0,0.0,0.0,0.0,0.0,0.0,0.0,0.0,0.0,0.0,0.0,0.0,0.0,0.0,0.0,0.0,0.0,0.0,0.0,0.0,0.0,0.0,0.0,0.0,0.0,0.0,0.0,0.0,0.0,0.0,0.0
9828,63,163,0,0.0,0.0,0.0,0.0,0.0,0.0,0.0,0.0,0.0,0.0,0.0,0.0,0.0,0.0,0.0,0.0,0.0,0.0,0.0,0.0,0.0,0.0,0.0,0.0,0.0,0.0,0.0,0.0,0.0,0.0,0.0,0.0,0.0,0.0,0.0
9829,63,164,0,0.0,0.0,0.0,0.0,0.0,0.0,0.0,0.0,0.0,0.0,0.0,0.0,0.0,0.0,0.0,0.0,0.0,0.0,0.0,0.0,0.0,0.0,0.0,0.0,0.0,0.0,0.0,0.0,0.0,0.0,0.0,0.0,0.0,0.0,0.0
9830,63,167,0,0.0,0.0,0.0,0.0,0.0,0.0,0.0,0.0,0.0,0.0,0.0,0.0,0.0,0.0,0.0,0.0,0.0,0.0,0.0,0.0,0.0,0.0,0.0,0.0,0.0,0.0,0.0,0.0,0.0,0.0,0.0,0.0,0.0,0.0,0.0
9831,63,168,0,0.0,0.0,0.0,0.0,0.0,0.0,0.0,0.0,0.0,0.0,0.0,0.0,0.0,0.0,0.0,0.0,0.0,0.0,0.0,0.0,0.0,0.0,0.0,0.0,0.0,0.0,0.0,0.0,0.0,0.0,0.0,0.0,0.0,0.0,0.0
9832,63,169,0,0.0,0.0,0.0,0.0,0.0,0.0,0.0,0.0,0.0,0.0,0.0,0.0,0.0,0.0,0.0,0.0,0.0,0.0,0.0,0.0,0.0,0.0,0.0,0.0,0.0,0.0,0.0,0.0,0.0,0.0,0.0,0.0,0.0,0.0,0.0
9833,63,177,0,0.0,0.0,0.0,0.0,0.0,0.0,0.0,0.0,0.0,0.0,0.0,0.0,0.0,0.0,0.0,0.0,0.0,0.0,0.0,0.0,0.0,0.0,0.0,0.0,0.0,0.0,0.0,0.0,0.0,0.0,0.0,0.0,0.0,0.0,0.0
9834,63,178,0,0.0,0.0,0.0,0.0,0.0,0.0,0.0,0.0,0.0,0.0,0.0,0.0,0.0,0.0,0.0,0.0,0.0,0.0,0.0,0.0,0.0,0.0,0.0,0.0,0.0,0.0,0.0,0.0,0.0,0.0,0.0,0.0,0.0,0.0,0.0
9835,63,180,0,0.0,0.0,0.0,0.0,0.0,0.0,0.0,0.0,0.0,0.0,0.0,0.0,0.0,0.0,0.0,0.0,0.0,0.0,0.0,0.0,0.0,0.0,0.0,0.0,0.0,0.0,0.0,0.0,0.0,0.0,0.0,0.0,0.0,0.0,0.0
9836,63,181,0,0.0,0.0,0.0,0.0,0.0,0.0,0.0,0.0,0.0,0.0,0.0,0.0,0.0,0.0,0.0,0.0,0.0,0.0,0.0,0.0,0.0,0.0,0.0,0.0,0.0,0.0,0.0,0.0,0.0,0.0,0.0,0.0,0.0,0.0,0.0
9837,63,186,0,0.0,0.0,0.0,0.0,0.0,0.0,0.0,0.0,0.0,0.0,0.0,0.0,0.0,0.0,0.0,0.0,0.0,0.0,0.0,0.0,0.0,0.0,0.0,0.0,0.0,0.0,0.0,0.0,0.0,0.0,0.0,0.0,0.0,0.0,0.0
9838,63,187,0,0.0,0.0,0.0,0.0,0.0,0.0,0.0,0.0,0.0,0.0,0.0,0.0,0.0,0.0,0.0,0.0,0.0,0.0,0.0,0.0,0.0,0.0,0.0,0.0,0.0,0.0,0.0,0.0,0.0,0.0,0.0,0.0,0.0,0.0,0.0
9839,63,190,0,0.0,0.0,0.0,0.0,0.0,0.0,0.0,0.0,0.0,0.0,0.0,0.0,0.0,0.0,0.0,0.0,0.0,0.0,0.0,0.0,0.0,0.0,0.0,0.0,0.0,0.0,0.0,0.0,0.0,0.0,0.0,0.0,0.0,0.0,0.0
9840,63,196,0,0.0,0.0,0.0,0.0,0.0,0.0,0.0,0.0,0.0,0.0,0.0,0.0,0.0,0.0,0.0,0.0,0.0,0.0,0.0,0.0,0.0,0.0,0.0,0.0,0.0,0.0,0.0,0.0,0.0,0.0,0.0,0.0,0.0,0.0,0.0
9841,63,199,0,0.0,0.0,0.0,0.0,0.0,0.0,0.0,0.0,0.0,0.0,0.0,0.0,0.0,0.0,0.0,0.0,0.0,0.0,0.0,0.0,0.0,0.0,0.0,0.0,0.0,0.0,0.0,0.0,0.0,0.0,0.0,0.0,0.0,0.0,0.0
9842,63,200,0,0.0,0.0,0.0,0.0,0.0,0.0,0.0,0.0,0.0,0.0,0.0,0.0,0.0,0.0,0.0,0.0,0.0,0.0,0.0,0.0,0.0,0.0,0.0,0.0,0.0,0.0,0.0,0.0,0.0,0.0,0.0,0.0,0.0,0.0,0.0
9843,63,202,0,0.0,0.0,0.0,0.0,0.0,0.0,0.0,0.0,0.0,0.0,0.0,0.0,0.0,0.0,0.0,0.0,0.0,0.0,0.0,0.0,0.0,0.0,0.0,0.0,0.0,0.0,0.0,0.0,0.0,0.0,0.0,0.0,0.0,0.0,0.0
9844,64,1,0,0.0,0.0,0.0,0.0,0.0,0.0,0.0,0.0,0.0,0.0,0.0,0.0,0.0,0.0,0.0,0.0,0.0,0.0,0.0,0.0,0.0,0.0,0.0,0.0,0.0,0.0,0.0,0.0,0.0,0.0,0.0,0.0,0.0,0.0,0.0
9845,64,2,0,0.0,0.0,0.0,0.0,0.0,0.0,0.0,0.0,0.0,0.0,0.0,0.0,0.0,0.0,0.0,0.0,0.0,0.0,0.0,0.0,0.0,0.0,0.0,0.0,0.0,0.0,0.0,0.0,0.0,0.0,0.0,0.0,0.0,0.0,0.0
9846,64,4,0,0.0,0.0,0.0,0.0,0.0,0.0,0.0,0.0,0.0,0.0,0.0,0.0,0.0,0.0,0.0,0.0,0.0,0.0,0.0,0.0,0.0,0.0,0.0,0.0,0.0,0.0,0.0,0.0,0.0,0.0,0.0,0.0,0.0,0.0,0.0
9847,64,5,0,0.0,0.0,0.0,0.0,0.0,0.0,0.0,0.0,0.0,0.0,0.0,0.0,0.0,0.0,0.0,0.0,0.0,0.0,0.0,0.0,0.0,0.0,0.0,0.0,0.0,0.0,0.0,0.0,0.0,0.0,0.0,0.0,0.0,0.0,0.0
9848,64,7,0,0.0,0.0,0.0,0.0,0.0,0.0,0.0,0.0,0.0,0.0,0.0,0.0,0.0,0.0,0.0,0.0,0.0,0.0,0.0,0.0,0.0,0.0,0.0,0.0,0.0,0.0,0.0,0.0,0.0,0.0,0.0,0.0,0.0,0.0,0.0
9849,64,9,0,0.0,0.0,0.0,0.0,0.0,0.0,0.0,0.0,0.0,0.0,0.0,0.0,0.0,0.0,0.0,0.0,0.0,0.0,0.0,0.0,0.0,0.0,0.0,0.0,0.0,0.0,0.0,0.0,0.0,0.0,0.0,0.0,0.0,0.0,0.0
9850,64,10,0,0.0,0.0,0.0,0.0,0.0,0.0,0.0,0.0,0.0,0.0,0.0,0.0,0.0,0.0,0.0,0.0,0.0,0.0,0.0,0.0,0.0,0.0,0.0,0.0,0.0,0.0,0.0,0.0,0.0,0.0,0.0,0.0,0.0,0.0,0.0
9851,64,12,0,0.0,0.0,0.0,0.0,0.0,0.0,0.0,0.0,0.0,0.0,0.0,0.0,0.0,0.0,0.0,0.0,0.0,0.0,0.0,0.0,0.0,0.0,0.0,0.0,0.0,0.0,0.0,0.0,0.0,0.0,0.0,0.0,0.0,0.0,0.0
9852,64,15,0,0.0,0.0,0.0,0.0,0.0,0.0,0.0,0.0,0.0,0.0,0.0,0.0,0.0,0.0,0.0,0.0,0.0,0.0,0.0,0.0,0.0,0.0,0.0,0.0,0.0,0.0,0.0,0.0,0.0,0.0,0.0,0.0,0.0,0.0,0.0
9853,64,16,0,0.0,0.0,0.0,0.0,0.0,0.0,0.0,0.0,0.0,0.0,0.0,0.0,0.0,0.0,0.0,0.0,0.0,0.0,0.0,0.0,0.0,0.0,0.0,0.0,0.0,0.0,0.0,0.0,0.0,0.0,0.0,0.0,0.0,0.0,0.0
9854,64,18,0,0.0,0.0,0.0,0.0,0.0,0.0,0.0,0.0,0.0,0.0,0.0,0.0,0.0,0.0,0.0,0.0,0.0,0.0,0.0,0.0,0.0,0.0,0.0,0.0,0.0,0.0,0.0,0.0,0.0,0.0,0.0,0.0,0.0,0.0,0.0
9855,64,19,0,0.0,0.0,0.0,0.0,0.0,0.0,0.0,0.0,0.0,0.0,0.0,0.0,0.0,0.0,0.0,0.0,0.0,0.0,0.0,0.0,0.0,0.0,0.0,0.0,0.0,0.0,0.0,0.0,0.0,0.0,0.0,0.0,0.0,0.0,0.0
9856,64,21,0,0.0,0.0,0.0,0.0,0.0,0.0,0.0,0.0,0.0,0.0,0.0,0.0,0.0,0.0,0.0,0.0,0.0,0.0,0.0,0.0,0.0,0.0,0.0,0.0,0.0,0.0,0.0,0.0,0.0,0.0,0.0,0.0,0.0,0.0,0.0
9857,64,22,0,0.0,0.0,0.0,0.0,0.0,0.0,0.0,0.0,0.0,0.0,0.0,0.0,0.0,0.0,0.0,0.0,0.0,0.0,0.0,0.0,0.0,0.0,0.0,0.0,0.0,0.0,0.0,0.0,0.0,0.0,0.0,0.0,0.0,0.0,0.0
9858,64,23,0,0.0,0.0,0.0,0.0,0.0,0.0,0.0,0.0,0.0,0.0,0.0,0.0,0.0,0.0,0.0,0.0,0.0,0.0,0.0,0.0,0.0,0.0,0.0,0.0,0.0,0.0,0.0,0.0,0.0,0.0,0.0,0.0,0.0,0.0,0.0
9859,64,24,0,0.0,0.0,0.0,0.0,0.0,0.0,0.0,0.0,0.0,0.0,0.0,0.0,0.0,0.0,0.0,0.0,0.0,0.0,0.0,0.0,0.0,0.0,0.0,0.0,0.0,0.0,0.0,0.0,0.0,0.0,0.0,0.0,0.0,0.0,0.0
9860,64,25,0,0.0,0.0,0.0,0.0,0.0,0.0,0.0,0.0,0.0,0.0,0.0,0.0,0.0,0.0,0.0,0.0,0.0,0.0,0.0,0.0,0.0,0.0,0.0,0.0,0.0,0.0,0.0,0.0,0.0,0.0,0.0,0.0,0.0,0.0,0.0
9861,64,26,0,0.0,0.0,0.0,0.0,0.0,0.0,0.0,0.0,0.0,0.0,0.0,0.0,0.0,0.0,0.0,0.0,0.0,0.0,0.0,0.0,0.0,0.0,0.0,0.0,0.0,0.0,0.0,0.0,0.0,0.0,0.0,0.0,0.0,0.0,0.0
9862,64,27,0,0.0,0.0,0.0,0.0,0.0,0.0,0.0,0.0,0.0,0.0,0.0,0.0,0.0,0.0,0.0,0.0,0.0,0.0,0.0,0.0,0.0,0.0,0.0,0.0,0.0,0.0,0.0,0.0,0.0,0.0,0.0,0.0,0.0,0.0,0.0
9863,64,29,0,0.0,0.0,0.0,0.0,0.0,0.0,0.0,0.0,0.0,0.0,0.0,0.0,0.0,0.0,0.0,0.0,0.0,0.0,0.0,0.0,0.0,0.0,0.0,0.0,0.0,0.0,0.0,0.0,0.0,0.0,0.0,0.0,0.0,0.0,0.0
9864,64,30,0,0.0,0.0,0.0,0.0,0.0,0.0,0.0,0.0,0.0,0.0,0.0,0.0,0.0,0.0,0.0,0.0,0.0,0.0,0.0,0.0,0.0,0.0,0.0,0.0,0.0,0.0,0.0,0.0,0.0,0.0,0.0,0.0,0.0,0.0,0.0
9865,64,31,0,0.0,0.0,0.0,0.0,0.0,0.0,0.0,0.0,0.0,0.0,0.0,0.0,0.0,0.0,0.0,0.0,0.0,0.0,0.0,0.0,0.0,0.0,0.0,0.0,0.0,0.0,0.0,0.0,0.0,0.0,0.0,0.0,0.0,0.0,0.0
9866,64,32,0,0.0,0.0,0.0,0.0,0.0,0.0,0.0,0.0,0.0,0.0,0.0,0.0,0.0,0.0,0.0,0.0,0.0,0.0,0.0,0.0,0.0,0.0,0.0,0.0,0.0,0.0,0.0,0.0,0.0,0.0,0.0,0.0,0.0,0.0,0.0
9867,64,33,0,0.0,0.0,0.0,0.0,0.0,0.0,0.0,0.0,0.0,0.0,0.0,0.0,0.0,0.0,0.0,0.0,0.0,0.0,0.0,0.0,0.0,0.0,0.0,0.0,0.0,0.0,0.0,0.0,0.0,0.0,0.0,0.0,0.0,0.0,0.0
9868,64,35,0,0.0,0.0,0.0,0.0,0.0,0.0,0.0,0.0,0.0,0.0,0.0,0.0,0.0,0.0,0.0,0.0,0.0,0.0,0.0,0.0,0.0,0.0,0.0,0.0,0.0,0.0,0.0,0.0,0.0,0.0,0.0,0.0,0.0,0.0,0.0
9869,64,36,0,0.0,0.0,0.0,0.0,0.0,0.0,0.0,0.0,0.0,0.0,0.0,0.0,0.0,0.0,0.0,0.0,0.0,0.0,0.0,0.0,0.0,0.0,0.0,0.0,0.0,0.0,0.0,0.0,0.0,0.0,0.0,0.0,0.0,0.0,0.0
9870,64,37,0,0.0,0.0,0.0,0.0,0.0,0.0,0.0,0.0,0.0,0.0,0.0,0.0,0.0,0.0,0.0,0.0,0.0,0.0,0.0,0.0,0.0,0.0,0.0,0.0,0.0,0.0,0.0,0.0,0.0,0.0,0.0,0.0,0.0,0.0,0.0
9871,64,38,0,0.0,0.0,0.0,0.0,0.0,0.0,0.0,0.0,0.0,0.0,0.0,0.0,0.0,0.0,0.0,0.0,0.0,0.0,0.0,0.0,0.0,0.0,0.0,0.0,0.0,0.0,0.0,0.0,0.0,0.0,0.0,0.0,0.0,0.0,0.0
9872,64,39,0,0.0,0.0,0.0,0.0,0.0,0.0,0.0,0.0,0.0,0.0,0.0,0.0,0.0,0.0,0.0,0.0,0.0,0.0,0.0,0.0,0.0,0.0,0.0,0.0,0.0,0.0,0.0,0.0,0.0,0.0,0.0,0.0,0.0,0.0,0.0
9873,64,41,0,0.0,0.0,0.0,0.0,0.0,0.0,0.0,0.0,0.0,0.0,0.0,0.0,0.0,0.0,0.0,0.0,0.0,0.0,0.0,0.0,0.0,0.0,0.0,0.0,0.0,0.0,0.0,0.0,0.0,0.0,0.0,0.0,0.0,0.0,0.0
9874,64,42,0,0.0,0.0,0.0,0.0,0.0,0.0,0.0,0.0,0.0,0.0,0.0,0.0,0.0,0.0,0.0,0.0,0.0,0.0,0.0,0.0,0.0,0.0,0.0,0.0,0.0,0.0,0.0,0.0,0.0,0.0,0.0,0.0,0.0,0.0,0.0
9875,64,43,0,0.0,0.0,0.0,0.0,0.0,0.0,0.0,0.0,0.0,0.0,0.0,0.0,0.0,0.0,0.0,0.0,0.0,0.0,0.0,0.0,0.0,0.0,0.0,0.0,0.0,0.0,0.0,0.0,0.0,0.0,0.0,0.0,0.0,0.0,0.0
9876,64,44,0,0.0,0.0,0.0,0.0,0.0,0.0,0.0,0.0,0.0,0.0,0.0,0.0,0.0,0.0,0.0,0.0,0.0,0.0,0.0,0.0,0.0,0.0,0.0,0.0,0.0,0.0,0.0,0.0,0.0,0.0,0.0,0.0,0.0,0.0,0.0
9877,64,45,0,0.0,0.0,0.0,0.0,0.0,0.0,0.0,0.0,0.0,0.0,0.0,0.0,0.0,0.0,0.0,0.0,0.0,0.0,0.0,0.0,0.0,0.0,0.0,0.0,0.0,0.0,0.0,0.0,0.0,0.0,0.0,0.0,0.0,0.0,0.0
9878,64,46,0,0.0,0.0,0.0,0.0,0.0,0.0,0.0,0.0,0.0,0.0,0.0,0.0,0.0,0.0,0.0,0.0,0.0,0.0,0.0,0.0,0.0,0.0,0.0,0.0,0.0,0.0,0.0,0.0,0.0,0.0,0.0,0.0,0.0,0.0,0.0
9879,64,47,0,0.0,0.0,0.0,0.0,0.0,0.0,0.0,0.0,0.0,0.0,0.0,0.0,0.0,0.0,0.0,0.0,0.0,0.0,0.0,0.0,0.0,0.0,0.0,0.0,0.0,0.0,0.0,0.0,0.0,0.0,0.0,0.0,0.0,0.0,0.0
9880,64,48,0,0.0,0.0,0.0,0.0,0.0,0.0,0.0,0.0,0.0,0.0,0.0,0.0,0.0,0.0,0.0,0.0,0.0,0.0,0.0,0.0,0.0,0.0,0.0,0.0,0.0,0.0,0.0,0.0,0.0,0.0,0.0,0.0,0.0,0.0,0.0
9881,64,49,0,0.0,0.0,0.0,0.0,0.0,0.0,0.0,0.0,0.0,0.0,0.0,0.0,0.0,0.0,0.0,0.0,0.0,0.0,0.0,0.0,0.0,0.0,0.0,0.0,0.0,0.0,0.0,0.0,0.0,0.0,0.0,0.0,0.0,0.0,0.0
9882,64,52,0,0.0,0.0,0.0,0.0,0.0,0.0,0.0,0.0,0.0,0.0,0.0,0.0,0.0,0.0,0.0,0.0,0.0,0.0,0.0,0.0,0.0,0.0,0.0,0.0,0.0,0.0,0.0,0.0,0.0,0.0,0.0,0.0,0.0,0.0,0.0
9883,64,55,0,0.0,0.0,0.0,0.0,0.0,0.0,0.0,0.0,0.0,0.0,0.0,0.0,0.0,0.0,0.0,0.0,0.0,0.0,0.0,0.0,0.0,0.0,0.0,0.0,0.0,0.0,0.0,0.0,0.0,0.0,0.0,0.0,0.0,0.0,0.0
9884,64,57,0,0.0,0.0,0.0,0.0,0.0,0.0,0.0,0.0,0.0,0.0,0.0,0.0,0.0,0.0,0.0,0.0,0.0,0.0,0.0,0.0,0.0,0.0,0.0,0.0,0.0,0.0,0.0,0.0,0.0,0.0,0.0,0.0,0.0,0.0,0.0
9885,64,58,0,0.0,0.0,0.0,0.0,0.0,0.0,0.0,0.0,0.0,0.0,0.0,0.0,0.0,0.0,0.0,0.0,0.0,0.0,0.0,0.0,0.0,0.0,0.0,0.0,0.0,0.0,0.0,0.0,0.0,0.0,0.0,0.0,0.0,0.0,0.0
9886,64,59,0,0.0,0.0,0.0,0.0,0.0,0.0,0.0,0.0,0.0,0.0,0.0,0.0,0.0,0.0,0.0,0.0,0.0,0.0,0.0,0.0,0.0,0.0,0.0,0.0,0.0,0.0,0.0,0.0,0.0,0.0,0.0,0.0,0.0,0.0,0.0
9887,64,60,0,0.0,0.0,0.0,0.0,0.0,0.0,0.0,0.0,0.0,0.0,0.0,0.0,0.0,0.0,0.0,0.0,0.0,0.0,0.0,0.0,0.0,0.0,0.0,0.0,0.0,0.0,0.0,0.0,0.0,0.0,0.0,0.0,0.0,0.0,0.0
9888,64,61,0,0.0,0.0,0.0,0.0,0.0,0.0,0.0,0.0,0.0,0.0,0.0,0.0,0.0,0.0,0.0,0.0,0.0,0.0,0.0,0.0,0.0,0.0,0.0,0.0,0.0,0.0,0.0,0.0,0.0,0.0,0.0,0.0,0.0,0.0,0.0
9889,64,63,0,0.0,0.0,0.0,0.0,0.0,0.0,0.0,0.0,0.0,0.0,0.0,0.0,0.0,0.0,0.0,0.0,0.0,0.0,0.0,0.0,0.0,0.0,0.0,0.0,0.0,0.0,0.0,0.0,0.0,0.0,0.0,0.0,0.0,0.0,0.0
9890,64,65,0,0.0,0.0,0.0,0.0,0.0,0.0,0.0,0.0,0.0,0.0,0.0,0.0,0.0,0.0,0.0,0.0,0.0,0.0,0.0,0.0,0.0,0.0,0.0,0.0,0.0,0.0,0.0,0.0,0.0,0.0,0.0,0.0,0.0,0.0,0.0
9891,64,66,0,0.0,0.0,0.0,0.0,0.0,0.0,0.0,0.0,0.0,0.0,0.0,0.0,0.0,0.0,0.0,0.0,0.0,0.0,0.0,0.0,0.0,0.0,0.0,0.0,0.0,0.0,0.0,0.0,0.0,0.0,0.0,0.0,0.0,0.0,0.0
9892,64,68,0,0.0,0.0,0.0,0.0,0.0,0.0,0.0,0.0,0.0,0.0,0.0,0.0,0.0,0.0,0.0,0.0,0.0,0.0,0.0,0.0,0.0,0.0,0.0,0.0,0.0,0.0,0.0,0.0,0.0,0.0,0.0,0.0,0.0,0.0,0.0
9893,64,69,0,0.0,0.0,0.0,0.0,0.0,0.0,0.0,0.0,0.0,0.0,0.0,0.0,0.0,0.0,0.0,0.0,0.0,0.0,0.0,0.0,0.0,0.0,0.0,0.0,0.0,0.0,0.0,0.0,0.0,0.0,0.0,0.0,0.0,0.0,0.0
9894,64,70,0,0.0,0.0,0.0,0.0,0.0,0.0,0.0,0.0,0.0,0.0,0.0,0.0,0.0,0.0,0.0,0.0,0.0,0.0,0.0,0.0,0.0,0.0,0.0,0.0,0.0,0.0,0.0,0.0,0.0,0.0,0.0,0.0,0.0,0.0,0.0
9895,64,71,0,0.0,0.0,0.0,0.0,0.0,0.0,0.0,0.0,0.0,0.0,0.0,0.0,0.0,0.0,0.0,0.0,0.0,0.0,0.0,0.0,0.0,0.0,0.0,0.0,0.0,0.0,0.0,0.0,0.0,0.0,0.0,0.0,0.0,0.0,0.0
9896,64,72,0,0.0,0.0,0.0,0.0,0.0,0.0,0.0,0.0,0.0,0.0,0.0,0.0,0.0,0.0,0.0,0.0,0.0,0.0,0.0,0.0,0.0,0.0,0.0,0.0,0.0,0.0,0.0,0.0,0.0,0.0,0.0,0.0,0.0,0.0,0.0
9897,64,73,0,0.0,0.0,0.0,0.0,0.0,0.0,0.0,0.0,0.0,0.0,0.0,0.0,0.0,0.0,0.0,0.0,0.0,0.0,0.0,0.0,0.0,0.0,0.0,0.0,0.0,0.0,0.0,0.0,0.0,0.0,0.0,0.0,0.0,0.0,0.0
9898,64,75,0,0.0,0.0,0.0,0.0,0.0,0.0,0.0,0.0,0.0,0.0,0.0,0.0,0.0,0.0,0.0,0.0,0.0,0.0,0.0,0.0,0.0,0.0,0.0,0.0,0.0,0.0,0.0,0.0,0.0,0.0,0.0,0.0,0.0,0.0,0.0
9899,64,76,0,0.0,0.0,0.0,0.0,0.0,0.0,0.0,0.0,0.0,0.0,0.0,0.0,0.0,0.0,0.0,0.0,0.0,0.0,0.0,0.0,0.0,0.0,0.0,0.0,0.0,0.0,0.0,0.0,0.0,0.0,0.0,0.0,0.0,0.0,0.0
9900,64,77,0,0.0,0.0,0.0,0.0,0.0,0.0,0.0,0.0,0.0,0.0,0.0,0.0,0.0,0.0,0.0,0.0,0.0,0.0,0.0,0.0,0.0,0.0,0.0,0.0,0.0,0.0,0.0,0.0,0.0,0.0,0.0,0.0,0.0,0.0,0.0
9901,64,78,0,0.0,0.0,0.0,0.0,0.0,0.0,0.0,0.0,0.0,0.0,0.0,0.0,0.0,0.0,0.0,0.0,0.0,0.0,0.0,0.0,0.0,0.0,0.0,0.0,0.0,0.0,0.0,0.0,0.0,0.0,0.0,0.0,0.0,0.0,0.0
9902,64,79,0,0.0,0.0,0.0,0.0,0.0,0.0,0.0,0.0,0.0,0.0,0.0,0.0,0.0,0.0,0.0,0.0,0.0,0.0,0.0,0.0,0.0,0.0,0.0,0.0,0.0,0.0,0.0,0.0,0.0,0.0,0.0,0.0,0.0,0.0,0.0
9903,64,80,0,0.0,0.0,0.0,0.0,0.0,0.0,0.0,0.0,0.0,0.0,0.0,0.0,0.0,0.0,0.0,0.0,0.0,0.0,0.0,0.0,0.0,0.0,0.0,0.0,0.0,0.0,0.0,0.0,0.0,0.0,0.0,0.0,0.0,0.0,0.0
9904,64,81,0,0.0,0.0,0.0,0.0,0.0,0.0,0.0,0.0,0.0,0.0,0.0,0.0,0.0,0.0,0.0,0.0,0.0,0.0,0.0,0.0,0.0,0.0,0.0,0.0,0.0,0.0,0.0,0.0,0.0,0.0,0.0,0.0,0.0,0.0,0.0
9905,64,82,0,0.0,0.0,0.0,0.0,0.0,0.0,0.0,0.0,0.0,0.0,0.0,0.0,0.0,0.0,0.0,0.0,0.0,0.0,0.0,0.0,0.0,0.0,0.0,0.0,0.0,0.0,0.0,0.0,0.0,0.0,0.0,0.0,0.0,0.0,0.0
9906,64,83,0,0.0,0.0,0.0,0.0,0.0,0.0,0.0,0.0,0.0,0.0,0.0,0.0,0.0,0.0,0.0,0.0,0.0,0.0,0.0,0.0,0.0,0.0,0.0,0.0,0.0,0.0,0.0,0.0,0.0,0.0,0.0,0.0,0.0,0.0,0.0
9907,64,84,0,0.0,0.0,0.0,0.0,0.0,0.0,0.0,0.0,0.0,0.0,0.0,0.0,0.0,0.0,0.0,0.0,0.0,0.0,0.0,0.0,0.0,0.0,0.0,0.0,0.0,0.0,0.0,0.0,0.0,0.0,0.0,0.0,0.0,0.0,0.0
9908,64,86,0,0.0,0.0,0.0,0.0,0.0,0.0,0.0,0.0,0.0,0.0,0.0,0.0,0.0,0.0,0.0,0.0,0.0,0.0,0.0,0.0,0.0,0.0,0.0,0.0,0.0,0.0,0.0,0.0,0.0,0.0,0.0,0.0,0.0,0.0,0.0
9909,64,88,0,0.0,0.0,0.0,0.0,0.0,0.0,0.0,0.0,0.0,0.0,0.0,0.0,0.0,0.0,0.0,0.0,0.0,0.0,0.0,0.0,0.0,0.0,0.0,0.0,0.0,0.0,0.0,0.0,0.0,0.0,0.0,0.0,0.0,0.0,0.0
9910,64,89,0,0.0,0.0,0.0,0.0,0.0,0.0,0.0,0.0,0.0,0.0,0.0,0.0,0.0,0.0,0.0,0.0,0.0,0.0,0.0,0.0,0.0,0.0,0.0,0.0,0.0,0.0,0.0,0.0,0.0,0.0,0.0,0.0,0.0,0.0,0.0
9911,64,90,0,0.0,0.0,0.0,0.0,0.0,0.0,0.0,0.0,0.0,0.0,0.0,0.0,0.0,0.0,0.0,0.0,0.0,0.0,0.0,0.0,0.0,0.0,0.0,0.0,0.0,0.0,0.0,0.0,0.0,0.0,0.0,0.0,0.0,0.0,0.0
9912,64,92,0,0.0,0.0,0.0,0.0,0.0,0.0,0.0,0.0,0.0,0.0,0.0,0.0,0.0,0.0,0.0,0.0,0.0,0.0,0.0,0.0,0.0,0.0,0.0,0.0,0.0,0.0,0.0,0.0,0.0,0.0,0.0,0.0,0.0,0.0,0.0
9913,64,93,0,0.0,0.0,0.0,0.0,0.0,0.0,0.0,0.0,0.0,0.0,0.0,0.0,0.0,0.0,0.0,0.0,0.0,0.0,0.0,0.0,0.0,0.0,0.0,0.0,0.0,0.0,0.0,0.0,0.0,0.0,0.0,0.0,0.0,0.0,0.0
9914,64,96,0,0.0,0.0,0.0,0.0,0.0,0.0,0.0,0.0,0.0,0.0,0.0,0.0,0.0,0.0,0.0,0.0,0.0,0.0,0.0,0.0,0.0,0.0,0.0,0.0,0.0,0.0,0.0,0.0,0.0,0.0,0.0,0.0,0.0,0.0,0.0
9915,64,98,0,0.0,0.0,0.0,0.0,0.0,0.0,0.0,0.0,0.0,0.0,0.0,0.0,0.0,0.0,0.0,0.0,0.0,0.0,0.0,0.0,0.0,0.0,0.0,0.0,0.0,0.0,0.0,0.0,0.0,0.0,0.0,0.0,0.0,0.0,0.0
9916,64,100,0,0.0,0.0,0.0,0.0,0.0,0.0,0.0,0.0,0.0,0.0,0.0,0.0,0.0,0.0,0.0,0.0,0.0,0.0,0.0,0.0,0.0,0.0,0.0,0.0,0.0,0.0,0.0,0.0,0.0,0.0,0.0,0.0,0.0,0.0,0.0
9917,64,101,0,0.0,0.0,0.0,0.0,0.0,0.0,0.0,0.0,0.0,0.0,0.0,0.0,0.0,0.0,0.0,0.0,0.0,0.0,0.0,0.0,0.0,0.0,0.0,0.0,0.0,0.0,0.0,0.0,0.0,0.0,0.0,0.0,0.0,0.0,0.0
9918,64,102,0,0.0,0.0,0.0,0.0,0.0,0.0,0.0,0.0,0.0,0.0,0.0,0.0,0.0,0.0,0.0,0.0,0.0,0.0,0.0,0.0,0.0,0.0,0.0,0.0,0.0,0.0,0.0,0.0,0.0,0.0,0.0,0.0,0.0,0.0,0.0
9919,64,103,0,0.0,0.0,0.0,0.0,0.0,0.0,0.0,0.0,0.0,0.0,0.0,0.0,0.0,0.0,0.0,0.0,0.0,0.0,0.0,0.0,0.0,0.0,0.0,0.0,0.0,0.0,0.0,0.0,0.0,0.0,0.0,0.0,0.0,0.0,0.0
9920,64,105,0,0.0,0.0,0.0,0.0,0.0,0.0,0.0,0.0,0.0,0.0,0.0,0.0,0.0,0.0,0.0,0.0,0.0,0.0,0.0,0.0,0.0,0.0,0.0,0.0,0.0,0.0,0.0,0.0,0.0,0.0,0.0,0.0,0.0,0.0,0.0
9921,64,106,0,0.0,0.0,0.0,0.0,0.0,0.0,0.0,0.0,0.0,0.0,0.0,0.0,0.0,0.0,0.0,0.0,0.0,0.0,0.0,0.0,0.0,0.0,0.0,0.0,0.0,0.0,0.0,0.0,0.0,0.0,0.0,0.0,0.0,0.0,0.0
9922,64,107,0,0.0,0.0,0.0,0.0,0.0,0.0,0.0,0.0,0.0,0.0,0.0,0.0,0.0,0.0,0.0,0.0,0.0,0.0,0.0,0.0,0.0,0.0,0.0,0.0,0.0,0.0,0.0,0.0,0.0,0.0,0.0,0.0,0.0,0.0,0.0
9923,64,109,0,0.0,0.0,0.0,0.0,0.0,0.0,0.0,0.0,0.0,0.0,0.0,0.0,0.0,0.0,0.0,0.0,0.0,0.0,0.0,0.0,0.0,0.0,0.0,0.0,0.0,0.0,0.0,0.0,0.0,0.0,0.0,0.0,0.0,0.0,0.0
9924,64,110,0,0.0,0.0,0.0,0.0,0.0,0.0,0.0,0.0,0.0,0.0,0.0,0.0,0.0,0.0,0.0,0.0,0.0,0.0,0.0,0.0,0.0,0.0,0.0,0.0,0.0,0.0,0.0,0.0,0.0,0.0,0.0,0.0,0.0,0.0,0.0
9925,64,111,0,0.0,0.0,0.0,0.0,0.0,0.0,0.0,0.0,0.0,0.0,0.0,0.0,0.0,0.0,0.0,0.0,0.0,0.0,0.0,0.0,0.0,0.0,0.0,0.0,0.0,0.0,0.0,0.0,0.0,0.0,0.0,0.0,0.0,0.0,0.0
9926,64,113,0,0.0,0.0,0.0,0.0,0.0,0.0,0.0,0.0,0.0,0.0,0.0,0.0,0.0,0.0,0.0,0.0,0.0,0.0,0.0,0.0,0.0,0.0,0.0,0.0,0.0,0.0,0.0,0.0,0.0,0.0,0.0,0.0,0.0,0.0,0.0
9927,64,114,0,0.0,0.0,0.0,0.0,0.0,0.0,0.0,0.0,0.0,0.0,0.0,0.0,0.0,0.0,0.0,0.0,0.0,0.0,0.0,0.0,0.0,0.0,0.0,0.0,0.0,0.0,0.0,0.0,0.0,0.0,0.0,0.0,0.0,0.0,0.0
9928,64,115,0,0.0,0.0,0.0,0.0,0.0,0.0,0.0,0.0,0.0,0.0,0.0,0.0,0.0,0.0,0.0,0.0,0.0,0.0,0.0,0.0,0.0,0.0,0.0,0.0,0.0,0.0,0.0,0.0,0.0,0.0,0.0,0.0,0.0,0.0,0.0
9929,64,116,0,0.0,0.0,0.0,0.0,0.0,0.0,0.0,0.0,0.0,0.0,0.0,0.0,0.0,0.0,0.0,0.0,0.0,0.0,0.0,0.0,0.0,0.0,0.0,0.0,0.0,0.0,0.0,0.0,0.0,0.0,0.0,0.0,0.0,0.0,0.0
9930,64,117,0,0.0,0.0,0.0,0.0,0.0,0.0,0.0,0.0,0.0,0.0,0.0,0.0,0.0,0.0,0.0,0.0,0.0,0.0,0.0,0.0,0.0,0.0,0.0,0.0,0.0,0.0,0.0,0.0,0.0,0.0,0.0,0.0,0.0,0.0,0.0
9931,64,120,0,0.0,0.0,0.0,0.0,0.0,0.0,0.0,0.0,0.0,0.0,0.0,0.0,0.0,0.0,0.0,0.0,0.0,0.0,0.0,0.0,0.0,0.0,0.0,0.0,0.0,0.0,0.0,0.0,0.0,0.0,0.0,0.0,0.0,0.0,0.0
9932,64,121,0,0.0,0.0,0.0,0.0,0.0,0.0,0.0,0.0,0.0,0.0,0.0,0.0,0.0,0.0,0.0,0.0,0.0,0.0,0.0,0.0,0.0,0.0,0.0,0.0,0.0,0.0,0.0,0.0,0.0,0.0,0.0,0.0,0.0,0.0,0.0
9933,64,122,0,0.0,0.0,0.0,0.0,0.0,0.0,0.0,0.0,0.0,0.0,0.0,0.0,0.0,0.0,0.0,0.0,0.0,0.0,0.0,0.0,0.0,0.0,0.0,0.0,0.0,0.0,0.0,0.0,0.0,0.0,0.0,0.0,0.0,0.0,0.0
9934,64,124,0,0.0,0.0,0.0,0.0,0.0,0.0,0.0,0.0,0.0,0.0,0.0,0.0,0.0,0.0,0.0,0.0,0.0,0.0,0.0,0.0,0.0,0.0,0.0,0.0,0.0,0.0,0.0,0.0,0.0,0.0,0.0,0.0,0.0,0.0,0.0
9935,64,125,0,0.0,0.0,0.0,0.0,0.0,0.0,0.0,0.0,0.0,0.0,0.0,0.0,0.0,0.0,0.0,0.0,0.0,0.0,0.0,0.0,0.0,0.0,0.0,0.0,0.0,0.0,0.0,0.0,0.0,0.0,0.0,0.0,0.0,0.0,0.0
9936,64,126,0,0.0,0.0,0.0,0.0,0.0,0.0,0.0,0.0,0.0,0.0,0.0,0.0,0.0,0.0,0.0,0.0,0.0,0.0,0.0,0.0,0.0,0.0,0.0,0.0,0.0,0.0,0.0,0.0,0.0,0.0,0.0,0.0,0.0,0.0,0.0
9937,64,127,0,0.0,0.0,0.0,0.0,0.0,0.0,0.0,0.0,0.0,0.0,0.0,0.0,0.0,0.0,0.0,0.0,0.0,0.0,0.0,0.0,0.0,0.0,0.0,0.0,0.0,0.0,0.0,0.0,0.0,0.0,0.0,0.0,0.0,0.0,0.0
9938,64,128,0,0.0,0.0,0.0,0.0,0.0,0.0,0.0,0.0,0.0,0.0,0.0,0.0,0.0,0.0,0.0,0.0,0.0,0.0,0.0,0.0,0.0,0.0,0.0,0.0,0.0,0.0,0.0,0.0,0.0,0.0,0.0,0.0,0.0,0.0,0.0
9939,64,129,0,0.0,0.0,0.0,0.0,0.0,0.0,0.0,0.0,0.0,0.0,0.0,0.0,0.0,0.0,0.0,0.0,0.0,0.0,0.0,0.0,0.0,0.0,0.0,0.0,0.0,0.0,0.0,0.0,0.0,0.0,0.0,0.0,0.0,0.0,0.0
9940,64,130,0,0.0,0.0,0.0,0.0,0.0,0.0,0.0,0.0,0.0,0.0,0.0,0.0,0.0,0.0,0.0,0.0,0.0,0.0,0.0,0.0,0.0,0.0,0.0,0.0,0.0,0.0,0.0,0.0,0.0,0.0,0.0,0.0,0.0,0.0,0.0
9941,64,135,0,0.0,0.0,0.0,0.0,0.0,0.0,0.0,0.0,0.0,0.0,0.0,0.0,0.0,0.0,0.0,0.0,0.0,0.0,0.0,0.0,0.0,0.0,0.0,0.0,0.0,0.0,0.0,0.0,0.0,0.0,0.0,0.0,0.0,0.0,0.0
9942,64,137,0,0.0,0.0,0.0,0.0,0.0,0.0,0.0,0.0,0.0,0.0,0.0,0.0,0.0,0.0,0.0,0.0,0.0,0.0,0.0,0.0,0.0,0.0,0.0,0.0,0.0,0.0,0.0,0.0,0.0,0.0,0.0,0.0,0.0,0.0,0.0
9943,64,138,0,0.0,0.0,0.0,0.0,0.0,0.0,0.0,0.0,0.0,0.0,0.0,0.0,0.0,0.0,0.0,0.0,0.0,0.0,0.0,0.0,0.0,0.0,0.0,0.0,0.0,0.0,0.0,0.0,0.0,0.0,0.0,0.0,0.0,0.0,0.0
9944,64,140,0,0.0,0.0,0.0,0.0,0.0,0.0,0.0,0.0,0.0,0.0,0.0,0.0,0.0,0.0,0.0,0.0,0.0,0.0,0.0,0.0,0.0,0.0,0.0,0.0,0.0,0.0,0.0,0.0,0.0,0.0,0.0,0.0,0.0,0.0,0.0
9945,64,141,0,0.0,0.0,0.0,0.0,0.0,0.0,0.0,0.0,0.0,0.0,0.0,0.0,0.0,0.0,0.0,0.0,0.0,0.0,0.0,0.0,0.0,0.0,0.0,0.0,0.0,0.0,0.0,0.0,0.0,0.0,0.0,0.0,0.0,0.0,0.0
9946,64,142,0,0.0,0.0,0.0,0.0,0.0,0.0,0.0,0.0,0.0,0.0,0.0,0.0,0.0,0.0,0.0,0.0,0.0,0.0,0.0,0.0,0.0,0.0,0.0,0.0,0.0,0.0,0.0,0.0,0.0,0.0,0.0,0.0,0.0,0.0,0.0
9947,64,144,0,0.0,0.0,0.0,0.0,0.0,0.0,0.0,0.0,0.0,0.0,0.0,0.0,0.0,0.0,0.0,0.0,0.0,0.0,0.0,0.0,0.0,0.0,0.0,0.0,0.0,0.0,0.0,0.0,0.0,0.0,0.0,0.0,0.0,0.0,0.0
9948,64,145,0,0.0,0.0,0.0,0.0,0.0,0.0,0.0,0.0,0.0,0.0,0.0,0.0,0.0,0.0,0.0,0.0,0.0,0.0,0.0,0.0,0.0,0.0,0.0,0.0,0.0,0.0,0.0,0.0,0.0,0.0,0.0,0.0,0.0,0.0,0.0
9949,64,147,0,0.0,0.0,0.0,0.0,0.0,0.0,0.0,0.0,0.0,0.0,0.0,0.0,0.0,0.0,0.0,0.0,0.0,0.0,0.0,0.0,0.0,0.0,0.0,0.0,0.0,0.0,0.0,0.0,0.0,0.0,0.0,0.0,0.0,0.0,0.0
9950,64,148,0,0.0,0.0,0.0,0.0,0.0,0.0,0.0,0.0,0.0,0.0,0.0,0.0,0.0,0.0,0.0,0.0,0.0,0.0,0.0,0.0,0.0,0.0,0.0,0.0,0.0,0.0,0.0,0.0,0.0,0.0,0.0,0.0,0.0,0.0,0.0
9951,64,149,0,0.0,0.0,0.0,0.0,0.0,0.0,0.0,0.0,0.0,0.0,0.0,0.0,0.0,0.0,0.0,0.0,0.0,0.0,0.0,0.0,0.0,0.0,0.0,0.0,0.0,0.0,0.0,0.0,0.0,0.0,0.0,0.0,0.0,0.0,0.0
9952,64,150,0,0.0,0.0,0.0,0.0,0.0,0.0,0.0,0.0,0.0,0.0,0.0,0.0,0.0,0.0,0.0,0.0,0.0,0.0,0.0,0.0,0.0,0.0,0.0,0.0,0.0,0.0,0.0,0.0,0.0,0.0,0.0,0.0,0.0,0.0,0.0
9953,64,151,0,0.0,0.0,0.0,0.0,0.0,0.0,0.0,0.0,0.0,0.0,0.0,0.0,0.0,0.0,0.0,0.0,0.0,0.0,0.0,0.0,0.0,0.0,0.0,0.0,0.0,0.0,0.0,0.0,0.0,0.0,0.0,0.0,0.0,0.0,0.0
9954,64,152,0,0.0,0.0,0.0,0.0,0.0,0.0,0.0,0.0,0.0,0.0,0.0,0.0,0.0,0.0,0.0,0.0,0.0,0.0,0.0,0.0,0.0,0.0,0.0,0.0,0.0,0.0,0.0,0.0,0.0,0.0,0.0,0.0,0.0,0.0,0.0
9955,64,153,0,0.0,0.0,0.0,0.0,0.0,0.0,0.0,0.0,0.0,0.0,0.0,0.0,0.0,0.0,0.0,0.0,0.0,0.0,0.0,0.0,0.0,0.0,0.0,0.0,0.0,0.0,0.0,0.0,0.0,0.0,0.0,0.0,0.0,0.0,0.0
9956,64,154,0,0.0,0.0,0.0,0.0,0.0,0.0,0.0,0.0,0.0,0.0,0.0,0.0,0.0,0.0,0.0,0.0,0.0,0.0,0.0,0.0,0.0,0.0,0.0,0.0,0.0,0.0,0.0,0.0,0.0,0.0,0.0,0.0,0.0,0.0,0.0
9957,64,155,0,0.0,0.0,0.0,0.0,0.0,0.0,0.0,0.0,0.0,0.0,0.0,0.0,0.0,0.0,0.0,0.0,0.0,0.0,0.0,0.0,0.0,0.0,0.0,0.0,0.0,0.0,0.0,0.0,0.0,0.0,0.0,0.0,0.0,0.0,0.0
9958,64,158,0,0.0,0.0,0.0,0.0,0.0,0.0,0.0,0.0,0.0,0.0,0.0,0.0,0.0,0.0,0.0,0.0,0.0,0.0,0.0,0.0,0.0,0.0,0.0,0.0,0.0,0.0,0.0,0.0,0.0,0.0,0.0,0.0,0.0,0.0,0.0
9959,64,159,0,0.0,0.0,0.0,0.0,0.0,0.0,0.0,0.0,0.0,0.0,0.0,0.0,0.0,0.0,0.0,0.0,0.0,0.0,0.0,0.0,0.0,0.0,0.0,0.0,0.0,0.0,0.0,0.0,0.0,0.0,0.0,0.0,0.0,0.0,0.0
9960,64,162,0,0.0,0.0,0.0,0.0,0.0,0.0,0.0,0.0,0.0,0.0,0.0,0.0,0.0,0.0,0.0,0.0,0.0,0.0,0.0,0.0,0.0,0.0,0.0,0.0,0.0,0.0,0.0,0.0,0.0,0.0,0.0,0.0,0.0,0.0,0.0
9961,64,165,0,0.0,0.0,0.0,0.0,0.0,0.0,0.0,0.0,0.0,0.0,0.0,0.0,0.0,0.0,0.0,0.0,0.0,0.0,0.0,0.0,0.0,0.0,0.0,0.0,0.0,0.0,0.0,0.0,0.0,0.0,0.0,0.0,0.0,0.0,0.0
9962,64,166,0,0.0,0.0,0.0,0.0,0.0,0.0,0.0,0.0,0.0,0.0,0.0,0.0,0.0,0.0,0.0,0.0,0.0,0.0,0.0,0.0,0.0,0.0,0.0,0.0,0.0,0.0,0.0,0.0,0.0,0.0,0.0,0.0,0.0,0.0,0.0
9963,64,167,0,0.0,0.0,0.0,0.0,0.0,0.0,0.0,0.0,0.0,0.0,0.0,0.0,0.0,0.0,0.0,0.0,0.0,0.0,0.0,0.0,0.0,0.0,0.0,0.0,0.0,0.0,0.0,0.0,0.0,0.0,0.0,0.0,0.0,0.0,0.0
9964,64,168,0,0.0,0.0,0.0,0.0,0.0,0.0,0.0,0.0,0.0,0.0,0.0,0.0,0.0,0.0,0.0,0.0,0.0,0.0,0.0,0.0,0.0,0.0,0.0,0.0,0.0,0.0,0.0,0.0,0.0,0.0,0.0,0.0,0.0,0.0,0.0
9965,64,169,0,0.0,0.0,0.0,0.0,0.0,0.0,0.0,0.0,0.0,0.0,0.0,0.0,0.0,0.0,0.0,0.0,0.0,0.0,0.0,0.0,0.0,0.0,0.0,0.0,0.0,0.0,0.0,0.0,0.0,0.0,0.0,0.0,0.0,0.0,0.0
9966,64,170,0,0.0,0.0,0.0,0.0,0.0,0.0,0.0,0.0,0.0,0.0,0.0,0.0,0.0,0.0,0.0,0.0,0.0,0.0,0.0,0.0,0.0,0.0,0.0,0.0,0.0,0.0,0.0,0.0,0.0,0.0,0.0,0.0,0.0,0.0,0.0
9967,64,171,0,0.0,0.0,0.0,0.0,0.0,0.0,0.0,0.0,0.0,0.0,0.0,0.0,0.0,0.0,0.0,0.0,0.0,0.0,0.0,0.0,0.0,0.0,0.0,0.0,0.0,0.0,0.0,0.0,0.0,0.0,0.0,0.0,0.0,0.0,0.0
9968,64,172,0,0.0,0.0,0.0,0.0,0.0,0.0,0.0,0.0,0.0,0.0,0.0,0.0,0.0,0.0,0.0,0.0,0.0,0.0,0.0,0.0,0.0,0.0,0.0,0.0,0.0,0.0,0.0,0.0,0.0,0.0,0.0,0.0,0.0,0.0,0.0
9969,64,174,0,0.0,0.0,0.0,0.0,0.0,0.0,0.0,0.0,0.0,0.0,0.0,0.0,0.0,0.0,0.0,0.0,0.0,0.0,0.0,0.0,0.0,0.0,0.0,0.0,0.0,0.0,0.0,0.0,0.0,0.0,0.0,0.0,0.0,0.0,0.0
9970,64,175,0,0.0,0.0,0.0,0.0,0.0,0.0,0.0,0.0,0.0,0.0,0.0,0.0,0.0,0.0,0.0,0.0,0.0,0.0,0.0,0.0,0.0,0.0,0.0,0.0,0.0,0.0,0.0,0.0,0.0,0.0,0.0,0.0,0.0,0.0,0.0
9971,64,176,0,0.0,0.0,0.0,0.0,0.0,0.0,0.0,0.0,0.0,0.0,0.0,0.0,0.0,0.0,0.0,0.0,0.0,0.0,0.0,0.0,0.0,0.0,0.0,0.0,0.0,0.0,0.0,0.0,0.0,0.0,0.0,0.0,0.0,0.0,0.0
9972,64,177,0,0.0,0.0,0.0,0.0,0.0,0.0,0.0,0.0,0.0,0.0,0.0,0.0,0.0,0.0,0.0,0.0,0.0,0.0,0.0,0.0,0.0,0.0,0.0,0.0,0.0,0.0,0.0,0.0,0.0,0.0,0.0,0.0,0.0,0.0,0.0
9973,64,178,0,0.0,0.0,0.0,0.0,0.0,0.0,0.0,0.0,0.0,0.0,0.0,0.0,0.0,0.0,0.0,0.0,0.0,0.0,0.0,0.0,0.0,0.0,0.0,0.0,0.0,0.0,0.0,0.0,0.0,0.0,0.0,0.0,0.0,0.0,0.0
9974,64,179,0,0.0,0.0,0.0,0.0,0.0,0.0,0.0,0.0,0.0,0.0,0.0,0.0,0.0,0.0,0.0,0.0,0.0,0.0,0.0,0.0,0.0,0.0,0.0,0.0,0.0,0.0,0.0,0.0,0.0,0.0,0.0,0.0,0.0,0.0,0.0
9975,64,181,0,0.0,0.0,0.0,0.0,0.0,0.0,0.0,0.0,0.0,0.0,0.0,0.0,0.0,0.0,0.0,0.0,0.0,0.0,0.0,0.0,0.0,0.0,0.0,0.0,0.0,0.0,0.0,0.0,0.0,0.0,0.0,0.0,0.0,0.0,0.0
9976,64,182,0,0.0,0.0,0.0,0.0,0.0,0.0,0.0,0.0,0.0,0.0,0.0,0.0,0.0,0.0,0.0,0.0,0.0,0.0,0.0,0.0,0.0,0.0,0.0,0.0,0.0,0.0,0.0,0.0,0.0,0.0,0.0,0.0,0.0,0.0,0.0
9977,64,183,0,0.0,0.0,0.0,0.0,0.0,0.0,0.0,0.0,0.0,0.0,0.0,0.0,0.0,0.0,0.0,0.0,0.0,0.0,0.0,0.0,0.0,0.0,0.0,0.0,0.0,0.0,0.0,0.0,0.0,0.0,0.0,0.0,0.0,0.0,0.0
9978,64,184,0,0.0,0.0,0.0,0.0,0.0,0.0,0.0,0.0,0.0,0.0,0.0,0.0,0.0,0.0,0.0,0.0,0.0,0.0,0.0,0.0,0.0,0.0,0.0,0.0,0.0,0.0,0.0,0.0,0.0,0.0,0.0,0.0,0.0,0.0,0.0
9979,64,185,0,0.0,0.0,0.0,0.0,0.0,0.0,0.0,0.0,0.0,0.0,0.0,0.0,0.0,0.0,0.0,0.0,0.0,0.0,0.0,0.0,0.0,0.0,0.0,0.0,0.0,0.0,0.0,0.0,0.0,0.0,0.0,0.0,0.0,0.0,0.0
9980,64,188,0,0.0,0.0,0.0,0.0,0.0,0.0,0.0,0.0,0.0,0.0,0.0,0.0,0.0,0.0,0.0,0.0,0.0,0.0,0.0,0.0,0.0,0.0,0.0,0.0,0.0,0.0,0.0,0.0,0.0,0.0,0.0,0.0,0.0,0.0,0.0
9981,64,189,0,0.0,0.0,0.0,0.0,0.0,0.0,0.0,0.0,0.0,0.0,0.0,0.0,0.0,0.0,0.0,0.0,0.0,0.0,0.0,0.0,0.0,0.0,0.0,0.0,0.0,0.0,0.0,0.0,0.0,0.0,0.0,0.0,0.0,0.0,0.0
9982,64,190,0,0.0,0.0,0.0,0.0,0.0,0.0,0.0,0.0,0.0,0.0,0.0,0.0,0.0,0.0,0.0,0.0,0.0,0.0,0.0,0.0,0.0,0.0,0.0,0.0,0.0,0.0,0.0,0.0,0.0,0.0,0.0,0.0,0.0,0.0,0.0
9983,64,191,0,0.0,0.0,0.0,0.0,0.0,0.0,0.0,0.0,0.0,0.0,0.0,0.0,0.0,0.0,0.0,0.0,0.0,0.0,0.0,0.0,0.0,0.0,0.0,0.0,0.0,0.0,0.0,0.0,0.0,0.0,0.0,0.0,0.0,0.0,0.0
9984,64,194,0,0.0,0.0,0.0,0.0,0.0,0.0,0.0,0.0,0.0,0.0,0.0,0.0,0.0,0.0,0.0,0.0,0.0,0.0,0.0,0.0,0.0,0.0,0.0,0.0,0.0,0.0,0.0,0.0,0.0,0.0,0.0,0.0,0.0,0.0,0.0
9985,64,195,0,0.0,0.0,0.0,0.0,0.0,0.0,0.0,0.0,0.0,0.0,0.0,0.0,0.0,0.0,0.0,0.0,0.0,0.0,0.0,0.0,0.0,0.0,0.0,0.0,0.0,0.0,0.0,0.0,0.0,0.0,0.0,0.0,0.0,0.0,0.0
9986,64,196,0,0.0,0.0,0.0,0.0,0.0,0.0,0.0,0.0,0.0,0.0,0.0,0.0,0.0,0.0,0.0,0.0,0.0,0.0,0.0,0.0,0.0,0.0,0.0,0.0,0.0,0.0,0.0,0.0,0.0,0.0,0.0,0.0,0.0,0.0,0.0
9987,64,197,0,0.0,0.0,0.0,0.0,0.0,0.0,0.0,0.0,0.0,0.0,0.0,0.0,0.0,0.0,0.0,0.0,0.0,0.0,0.0,0.0,0.0,0.0,0.0,0.0,0.0,0.0,0.0,0.0,0.0,0.0,0.0,0.0,0.0,0.0,0.0
9988,64,198,0,0.0,0.0,0.0,0.0,0.0,0.0,0.0,0.0,0.0,0.0,0.0,0.0,0.0,0.0,0.0,0.0,0.0,0.0,0.0,0.0,0.0,0.0,0.0,0.0,0.0,0.0,0.0,0.0,0.0,0.0,0.0,0.0,0.0,0.0,0.0
9989,64,201,0,0.0,0.0,0.0,0.0,0.0,0.0,0.0,0.0,0.0,0.0,0.0,0.0,0.0,0.0,0.0,0.0,0.0,0.0,0.0,0.0,0.0,0.0,0.0,0.0,0.0,0.0,0.0,0.0,0.0,0.0,0.0,0.0,0.0,0.0,0.0
9990,64,202,0,0.0,0.0,0.0,0.0,0.0,0.0,0.0,0.0,0.0,0.0,0.0,0.0,0.0,0.0,0.0,0.0,0.0,0.0,0.0,0.0,0.0,0.0,0.0,0.0,0.0,0.0,0.0,0.0,0.0,0.0,0.0,0.0,0.0,0.0,0.0
9991,64,203,0,0.0,0.0,0.0,0.0,0.0,0.0,0.0,0.0,0.0,0.0,0.0,0.0,0.0,0.0,0.0,0.0,0.0,0.0,0.0,0.0,0.0,0.0,0.0,0.0,0.0,0.0,0.0,0.0,0.0,0.0,0.0,0.0,0.0,0.0,0.0
9992,64,204,0,0.0,0.0,0.0,0.0,0.0,0.0,0.0,0.0,0.0,0.0,0.0,0.0,0.0,0.0,0.0,0.0,0.0,0.0,0.0,0.0,0.0,0.0,0.0,0.0,0.0,0.0,0.0,0.0,0.0,0.0,0.0,0.0,0.0,0.0,0.0
9993,64,205,0,0.0,0.0,0.0,0.0,0.0,0.0,0.0,0.0,0.0,0.0,0.0,0.0,0.0,0.0,0.0,0.0,0.0,0.0,0.0,0.0,0.0,0.0,0.0,0.0,0.0,0.0,0.0,0.0,0.0,0.0,0.0,0.0,0.0,0.0,0.0
9994,64,206,0,0.0,0.0,0.0,0.0,0.0,0.0,0.0,0.0,0.0,0.0,0.0,0.0,0.0,0.0,0.0,0.0,0.0,0.0,0.0,0.0,0.0,0.0,0.0,0.0,0.0,0.0,0.0,0.0,0.0,0.0,0.0,0.0,0.0,0.0,0.0
9995,64,207,0,0.0,0.0,0.0,0.0,0.0,0.0,0.0,0.0,0.0,0.0,0.0,0.0,0.0,0.0,0.0,0.0,0.0,0.0,0.0,0.0,0.0,0.0,0.0,0.0,0.0,0.0,0.0,0.0,0.0,0.0,0.0,0.0,0.0,0.0,0.0
9996,64,208,0,0.0,0.0,0.0,0.0,0.0,0.0,0.0,0.0,0.0,0.0,0.0,0.0,0.0,0.0,0.0,0.0,0.0,0.0,0.0,0.0,0.0,0.0,0.0,0.0,0.0,0.0,0.0,0.0,0.0,0.0,0.0,0.0,0.0,0.0,0.0
9997,64,209,0,0.0,0.0,0.0,0.0,0.0,0.0,0.0,0.0,0.0,0.0,0.0,0.0,0.0,0.0,0.0,0.0,0.0,0.0,0.0,0.0,0.0,0.0,0.0,0.0,0.0,0.0,0.0,0.0,0.0,0.0,0.0,0.0,0.0,0.0,0.0
9998,64,210,0,0.0,0.0,0.0,0.0,0.0,0.0,0.0,0.0,0.0,0.0,0.0,0.0,0.0,0.0,0.0,0.0,0.0,0.0,0.0,0.0,0.0,0.0,0.0,0.0,0.0,0.0,0.0,0.0,0.0,0.0,0.0,0.0,0.0,0.0,0.0
9999,64,211,0,0.0,0.0,0.0,0.0,0.0,0.0,0.0,0.0,0.0,0.0,0.0,0.0,0.0,0.0,0.0,0.0,0.0,0.0,0.0,0.0,0.0,0.0,0.0,0.0,0.0,0.0,0.0,0.0,0.0,0.0,0.0,0.0,0.0,0.0,0.0
10000,64,212,0,0.0,0.0,0.0,0.0,0.0,0.0,0.0,0.0,0.0,0.0,0.0,0.0,0.0,0.0,0.0,0.0,0.0,0.0,0.0,0.0,0.0,0.0,0.0,0.0,0.0,0.0,0.0,0.0,0.0,0.0,0.0,0.0,0.0,0.0,0.0
10001,64,213,0,0.0,0.0,0.0,0.0,0.0,0.0,0.0,0.0,0.0,0.0,0.0,0.0,0.0,0.0,0.0,0.0,0.0,0.0,0.0,0.0,0.0,0.0,0.0,0.0,0.0,0.0,0.0,0.0,0.0,0.0,0.0,0.0,0.0,0.0,0.0
10002,64,214,0,0.0,0.0,0.0,0.0,0.0,0.0,0.0,0.0,0.0,0.0,0.0,0.0,0.0,0.0,0.0,0.0,0.0,0.0,0.0,0.0,0.0,0.0,0.0,0.0,0.0,0.0,0.0,0.0,0.0,0.0,0.0,0.0,0.0,0.0,0.0
10003,64,215,0,0.0,0.0,0.0,0.0,0.0,0.0,0.0,0.0,0.0,0.0,0.0,0.0,0.0,0.0,0.0,0.0,0.0,0.0,0.0,0.0,0.0,0.0,0.0,0.0,0.0,0.0,0.0,0.0,0.0,0.0,0.0,0.0,0.0,0.0,0.0
10004,64,216,0,0.0,0.0,0.0,0.0,0.0,0.0,0.0,0.0,0.0,0.0,0.0,0.0,0.0,0.0,0.0,0.0,0.0,0.0,0.0,0.0,0.0,0.0,0.0,0.0,0.0,0.0,0.0,0.0,0.0,0.0,0.0,0.0,0.0,0.0,0.0
10005,64,217,0,0.0,0.0,0.0,0.0,0.0,0.0,0.0,0.0,0.0,0.0,0.0,0.0,0.0,0.0,0.0,0.0,0.0,0.0,0.0,0.0,0.0,0.0,0.0,0.0,0.0,0.0,0.0,0.0,0.0,0.0,0.0,0.0,0.0,0.0,0.0
10006,64,219,0,0.0,0.0,0.0,0.0,0.0,0.0,0.0,0.0,0.0,0.0,0.0,0.0,0.0,0.0,0.0,0.0,0.0,0.0,0.0,0.0,0.0,0.0,0.0,0.0,0.0,0.0,0.0,0.0,0.0,0.0,0.0,0.0,0.0,0.0,0.0
10007,64,220,0,0.0,0.0,0.0,0.0,0.0,0.0,0.0,0.0,0.0,0.0,0.0,0.0,0.0,0.0,0.0,0.0,0.0,0.0,0.0,0.0,0.0,0.0,0.0,0.0,0.0,0.0,0.0,0.0,0.0,0.0,0.0,0.0,0.0,0.0,0.0
10008,64,221,0,0.0,0.0,0.0,0.0,0.0,0.0,0.0,0.0,0.0,0.0,0.0,0.0,0.0,0.0,0.0,0.0,0.0,0.0,0.0,0.0,0.0,0.0,0.0,0.0,0.0,0.0,0.0,0.0,0.0,0.0,0.0,0.0,0.0,0.0,0.0
10009,64,222,0,0.0,0.0,0.0,0.0,0.0,0.0,0.0,0.0,0.0,0.0,0.0,0.0,0.0,0.0,0.0,0.0,0.0,0.0,0.0,0.0,0.0,0.0,0.0,0.0,0.0,0.0,0.0,0.0,0.0,0.0,0.0,0.0,0.0,0.0,0.0
10010,64,224,0,0.0,0.0,0.0,0.0,0.0,0.0,0.0,0.0,0.0,0.0,0.0,0.0,0.0,0.0,0.0,0.0,0.0,0.0,0.0,0.0,0.0,0.0,0.0,0.0,0.0,0.0,0.0,0.0,0.0,0.0,0.0,0.0,0.0,0.0,0.0
10011,64,225,0,0.0,0.0,0.0,0.0,0.0,0.0,0.0,0.0,0.0,0.0,0.0,0.0,0.0,0.0,0.0,0.0,0.0,0.0,0.0,0.0,0.0,0.0,0.0,0.0,0.0,0.0,0.0,0.0,0.0,0.0,0.0,0.0,0.0,0.0,0.0
10012,64,226,0,0.0,0.0,0.0,0.0,0.0,0.0,0.0,0.0,0.0,0.0,0.0,0.0,0.0,0.0,0.0,0.0,0.0,0.0,0.0,0.0,0.0,0.0,0.0,0.0,0.0,0.0,0.0,0.0,0.0,0.0,0.0,0.0,0.0,0.0,0.0
10013,64,227,0,0.0,0.0,0.0,0.0,0.0,0.0,0.0,0.0,0.0,0.0,0.0,0.0,0.0,0.0,0.0,0.0,0.0,0.0,0.0,0.0,0.0,0.0,0.0,0.0,0.0,0.0,0.0,0.0,0.0,0.0,0.0,0.0,0.0,0.0,0.0
10014,64,228,0,0.0,0.0,0.0,0.0,0.0,0.0,0.0,0.0,0.0,0.0,0.0,0.0,0.0,0.0,0.0,0.0,0.0,0.0,0.0,0.0,0.0,0.0,0.0,0.0,0.0,0.0,0.0,0.0,0.0,0.0,0.0,0.0,0.0,0.0,0.0
10015,65,1,0,0.0,0.0,0.0,0.0,0.0,0.0,0.0,0.0,0.0,0.0,0.0,0.0,0.0,0.0,0.0,0.0,0.0,0.0,0.0,0.0,0.0,0.0,0.0,0.0,0.0,0.0,0.0,0.0,0.0,0.0,0.0,0.0,0.0,0.0,0.0
10016,65,2,0,0.0,0.0,0.0,0.0,0.0,0.0,0.0,0.0,0.0,0.0,0.0,0.0,0.0,0.0,0.0,0.0,0.0,0.0,0.0,0.0,0.0,0.0,0.0,0.0,0.0,0.0,0.0,0.0,0.0,0.0,0.0,0.0,0.0,0.0,0.0
10017,65,3,0,0.0,0.0,0.0,0.0,0.0,0.0,0.0,0.0,0.0,0.0,0.0,0.0,0.0,0.0,0.0,0.0,0.0,0.0,0.0,0.0,0.0,0.0,0.0,0.0,0.0,0.0,0.0,0.0,0.0,0.0,0.0,0.0,0.0,0.0,0.0
10018,65,5,0,0.0,0.0,0.0,0.0,0.0,0.0,0.0,0.0,0.0,0.0,0.0,0.0,0.0,0.0,0.0,0.0,0.0,0.0,0.0,0.0,0.0,0.0,0.0,0.0,0.0,0.0,0.0,0.0,0.0,0.0,0.0,0.0,0.0,0.0,0.0
10019,65,6,0,0.0,0.0,0.0,0.0,0.0,0.0,0.0,0.0,0.0,0.0,0.0,0.0,0.0,0.0,0.0,0.0,0.0,0.0,0.0,0.0,0.0,0.0,0.0,0.0,0.0,0.0,0.0,0.0,0.0,0.0,0.0,0.0,0.0,0.0,0.0
10020,65,7,0,0.0,0.0,0.0,0.0,0.0,0.0,0.0,0.0,0.0,0.0,0.0,0.0,0.0,0.0,0.0,0.0,0.0,0.0,0.0,0.0,0.0,0.0,0.0,0.0,0.0,0.0,0.0,0.0,0.0,0.0,0.0,0.0,0.0,0.0,0.0
10021,65,8,0,0.0,0.0,0.0,0.0,0.0,0.0,0.0,0.0,0.0,0.0,0.0,0.0,0.0,0.0,0.0,0.0,0.0,0.0,0.0,0.0,0.0,0.0,0.0,0.0,0.0,0.0,0.0,0.0,0.0,0.0,0.0,0.0,0.0,0.0,0.0
10022,65,10,0,0.0,0.0,0.0,0.0,0.0,0.0,0.0,0.0,0.0,0.0,0.0,0.0,0.0,0.0,0.0,0.0,0.0,0.0,0.0,0.0,0.0,0.0,0.0,0.0,0.0,0.0,0.0,0.0,0.0,0.0,0.0,0.0,0.0,0.0,0.0
10023,65,11,0,0.0,0.0,0.0,0.0,0.0,0.0,0.0,0.0,0.0,0.0,0.0,0.0,0.0,0.0,0.0,0.0,0.0,0.0,0.0,0.0,0.0,0.0,0.0,0.0,0.0,0.0,0.0,0.0,0.0,0.0,0.0,0.0,0.0,0.0,0.0
10024,65,12,0,0.0,0.0,0.0,0.0,0.0,0.0,0.0,0.0,0.0,0.0,0.0,0.0,0.0,0.0,0.0,0.0,0.0,0.0,0.0,0.0,0.0,0.0,0.0,0.0,0.0,0.0,0.0,0.0,0.0,0.0,0.0,0.0,0.0,0.0,0.0
10025,65,13,0,0.0,0.0,0.0,0.0,0.0,0.0,0.0,0.0,0.0,0.0,0.0,0.0,0.0,0.0,0.0,0.0,0.0,0.0,0.0,0.0,0.0,0.0,0.0,0.0,0.0,0.0,0.0,0.0,0.0,0.0,0.0,0.0,0.0,0.0,0.0
10026,65,14,0,0.0,0.0,0.0,0.0,0.0,0.0,0.0,0.0,0.0,0.0,0.0,0.0,0.0,0.0,0.0,0.0,0.0,0.0,0.0,0.0,0.0,0.0,0.0,0.0,0.0,0.0,0.0,0.0,0.0,0.0,0.0,0.0,0.0,0.0,0.0
10027,65,15,0,0.0,0.0,0.0,0.0,0.0,0.0,0.0,0.0,0.0,0.0,0.0,0.0,0.0,0.0,0.0,0.0,0.0,0.0,0.0,0.0,0.0,0.0,0.0,0.0,0.0,0.0,0.0,0.0,0.0,0.0,0.0,0.0,0.0,0.0,0.0
10028,65,16,0,0.0,0.0,0.0,0.0,0.0,0.0,0.0,0.0,0.0,0.0,0.0,0.0,0.0,0.0,0.0,0.0,0.0,0.0,0.0,0.0,0.0,0.0,0.0,0.0,0.0,0.0,0.0,0.0,0.0,0.0,0.0,0.0,0.0,0.0,0.0
10029,65,18,0,0.0,0.0,0.0,0.0,0.0,0.0,0.0,0.0,0.0,0.0,0.0,0.0,0.0,0.0,0.0,0.0,0.0,0.0,0.0,0.0,0.0,0.0,0.0,0.0,0.0,0.0,0.0,0.0,0.0,0.0,0.0,0.0,0.0,0.0,0.0
10030,65,19,0,0.0,0.0,0.0,0.0,0.0,0.0,0.0,0.0,0.0,0.0,0.0,0.0,0.0,0.0,0.0,0.0,0.0,0.0,0.0,0.0,0.0,0.0,0.0,0.0,0.0,0.0,0.0,0.0,0.0,0.0,0.0,0.0,0.0,0.0,0.0
10031,65,20,0,0.0,0.0,0.0,0.0,0.0,0.0,0.0,0.0,0.0,0.0,0.0,0.0,0.0,0.0,0.0,0.0,0.0,0.0,0.0,0.0,0.0,0.0,0.0,0.0,0.0,0.0,0.0,0.0,0.0,0.0,0.0,0.0,0.0,0.0,0.0
10032,65,22,0,0.0,0.0,0.0,0.0,0.0,0.0,0.0,0.0,0.0,0.0,0.0,0.0,0.0,0.0,0.0,0.0,0.0,0.0,0.0,0.0,0.0,0.0,0.0,0.0,0.0,0.0,0.0,0.0,0.0,0.0,0.0,0.0,0.0,0.0,0.0
10033,65,24,0,0.0,0.0,0.0,0.0,0.0,0.0,0.0,0.0,0.0,0.0,0.0,0.0,0.0,0.0,0.0,0.0,0.0,0.0,0.0,0.0,0.0,0.0,0.0,0.0,0.0,0.0,0.0,0.0,0.0,0.0,0.0,0.0,0.0,0.0,0.0
10034,65,25,0,0.0,0.0,0.0,0.0,0.0,0.0,0.0,0.0,0.0,0.0,0.0,0.0,0.0,0.0,0.0,0.0,0.0,0.0,0.0,0.0,0.0,0.0,0.0,0.0,0.0,0.0,0.0,0.0,0.0,0.0,0.0,0.0,0.0,0.0,0.0
10035,65,26,0,0.0,0.0,0.0,0.0,0.0,0.0,0.0,0.0,0.0,0.0,0.0,0.0,0.0,0.0,0.0,0.0,0.0,0.0,0.0,0.0,0.0,0.0,0.0,0.0,0.0,0.0,0.0,0.0,0.0,0.0,0.0,0.0,0.0,0.0,0.0
10036,65,28,0,0.0,0.0,0.0,0.0,0.0,0.0,0.0,0.0,0.0,0.0,0.0,0.0,0.0,0.0,0.0,0.0,0.0,0.0,0.0,0.0,0.0,0.0,0.0,0.0,0.0,0.0,0.0,0.0,0.0,0.0,0.0,0.0,0.0,0.0,0.0
10037,65,29,0,0.0,0.0,0.0,0.0,0.0,0.0,0.0,0.0,0.0,0.0,0.0,0.0,0.0,0.0,0.0,0.0,0.0,0.0,0.0,0.0,0.0,0.0,0.0,0.0,0.0,0.0,0.0,0.0,0.0,0.0,0.0,0.0,0.0,0.0,0.0
10038,65,31,0,0.0,0.0,0.0,0.0,0.0,0.0,0.0,0.0,0.0,0.0,0.0,0.0,0.0,0.0,0.0,0.0,0.0,0.0,0.0,0.0,0.0,0.0,0.0,0.0,0.0,0.0,0.0,0.0,0.0,0.0,0.0,0.0,0.0,0.0,0.0
10039,65,35,0,0.0,0.0,0.0,0.0,0.0,0.0,0.0,0.0,0.0,0.0,0.0,0.0,0.0,0.0,0.0,0.0,0.0,0.0,0.0,0.0,0.0,0.0,0.0,0.0,0.0,0.0,0.0,0.0,0.0,0.0,0.0,0.0,0.0,0.0,0.0
10040,65,36,0,0.0,0.0,0.0,0.0,0.0,0.0,0.0,0.0,0.0,0.0,0.0,0.0,0.0,0.0,0.0,0.0,0.0,0.0,0.0,0.0,0.0,0.0,0.0,0.0,0.0,0.0,0.0,0.0,0.0,0.0,0.0,0.0,0.0,0.0,0.0
10041,65,37,0,0.0,0.0,0.0,0.0,0.0,0.0,0.0,0.0,0.0,0.0,0.0,0.0,0.0,0.0,0.0,0.0,0.0,0.0,0.0,0.0,0.0,0.0,0.0,0.0,0.0,0.0,0.0,0.0,0.0,0.0,0.0,0.0,0.0,0.0,0.0
10042,65,38,0,0.0,0.0,0.0,0.0,0.0,0.0,0.0,0.0,0.0,0.0,0.0,0.0,0.0,0.0,0.0,0.0,0.0,0.0,0.0,0.0,0.0,0.0,0.0,0.0,0.0,0.0,0.0,0.0,0.0,0.0,0.0,0.0,0.0,0.0,0.0
10043,65,39,0,0.0,0.0,0.0,0.0,0.0,0.0,0.0,0.0,0.0,0.0,0.0,0.0,0.0,0.0,0.0,0.0,0.0,0.0,0.0,0.0,0.0,0.0,0.0,0.0,0.0,0.0,0.0,0.0,0.0,0.0,0.0,0.0,0.0,0.0,0.0
10044,65,41,0,0.0,0.0,0.0,0.0,0.0,0.0,0.0,0.0,0.0,0.0,0.0,0.0,0.0,0.0,0.0,0.0,0.0,0.0,0.0,0.0,0.0,0.0,0.0,0.0,0.0,0.0,0.0,0.0,0.0,0.0,0.0,0.0,0.0,0.0,0.0
10045,65,42,0,0.0,0.0,0.0,0.0,0.0,0.0,0.0,0.0,0.0,0.0,0.0,0.0,0.0,0.0,0.0,0.0,0.0,0.0,0.0,0.0,0.0,0.0,0.0,0.0,0.0,0.0,0.0,0.0,0.0,0.0,0.0,0.0,0.0,0.0,0.0
10046,65,43,0,0.0,0.0,0.0,0.0,0.0,0.0,0.0,0.0,0.0,0.0,0.0,0.0,0.0,0.0,0.0,0.0,0.0,0.0,0.0,0.0,0.0,0.0,0.0,0.0,0.0,0.0,0.0,0.0,0.0,0.0,0.0,0.0,0.0,0.0,0.0
10047,65,44,0,0.0,0.0,0.0,0.0,0.0,0.0,0.0,0.0,0.0,0.0,0.0,0.0,0.0,0.0,0.0,0.0,0.0,0.0,0.0,0.0,0.0,0.0,0.0,0.0,0.0,0.0,0.0,0.0,0.0,0.0,0.0,0.0,0.0,0.0,0.0
10048,65,45,0,0.0,0.0,0.0,0.0,0.0,0.0,0.0,0.0,0.0,0.0,0.0,0.0,0.0,0.0,0.0,0.0,0.0,0.0,0.0,0.0,0.0,0.0,0.0,0.0,0.0,0.0,0.0,0.0,0.0,0.0,0.0,0.0,0.0,0.0,0.0
10049,65,47,0,0.0,0.0,0.0,0.0,0.0,0.0,0.0,0.0,0.0,0.0,0.0,0.0,0.0,0.0,0.0,0.0,0.0,0.0,0.0,0.0,0.0,0.0,0.0,0.0,0.0,0.0,0.0,0.0,0.0,0.0,0.0,0.0,0.0,0.0,0.0
10050,65,48,0,0.0,0.0,0.0,0.0,0.0,0.0,0.0,0.0,0.0,0.0,0.0,0.0,0.0,0.0,0.0,0.0,0.0,0.0,0.0,0.0,0.0,0.0,0.0,0.0,0.0,0.0,0.0,0.0,0.0,0.0,0.0,0.0,0.0,0.0,0.0
10051,65,49,0,0.0,0.0,0.0,0.0,0.0,0.0,0.0,0.0,0.0,0.0,0.0,0.0,0.0,0.0,0.0,0.0,0.0,0.0,0.0,0.0,0.0,0.0,0.0,0.0,0.0,0.0,0.0,0.0,0.0,0.0,0.0,0.0,0.0,0.0,0.0
10052,65,50,0,0.0,0.0,0.0,0.0,0.0,0.0,0.0,0.0,0.0,0.0,0.0,0.0,0.0,0.0,0.0,0.0,0.0,0.0,0.0,0.0,0.0,0.0,0.0,0.0,0.0,0.0,0.0,0.0,0.0,0.0,0.0,0.0,0.0,0.0,0.0
10053,65,51,0,0.0,0.0,0.0,0.0,0.0,0.0,0.0,0.0,0.0,0.0,0.0,0.0,0.0,0.0,0.0,0.0,0.0,0.0,0.0,0.0,0.0,0.0,0.0,0.0,0.0,0.0,0.0,0.0,0.0,0.0,0.0,0.0,0.0,0.0,0.0
10054,65,53,0,0.0,0.0,0.0,0.0,0.0,0.0,0.0,0.0,0.0,0.0,0.0,0.0,0.0,0.0,0.0,0.0,0.0,0.0,0.0,0.0,0.0,0.0,0.0,0.0,0.0,0.0,0.0,0.0,0.0,0.0,0.0,0.0,0.0,0.0,0.0
10055,65,54,0,0.0,0.0,0.0,0.0,0.0,0.0,0.0,0.0,0.0,0.0,0.0,0.0,0.0,0.0,0.0,0.0,0.0,0.0,0.0,0.0,0.0,0.0,0.0,0.0,0.0,0.0,0.0,0.0,0.0,0.0,0.0,0.0,0.0,0.0,0.0
10056,65,55,0,0.0,0.0,0.0,0.0,0.0,0.0,0.0,0.0,0.0,0.0,0.0,0.0,0.0,0.0,0.0,0.0,0.0,0.0,0.0,0.0,0.0,0.0,0.0,0.0,0.0,0.0,0.0,0.0,0.0,0.0,0.0,0.0,0.0,0.0,0.0
10057,65,57,0,0.0,0.0,0.0,0.0,0.0,0.0,0.0,0.0,0.0,0.0,0.0,0.0,0.0,0.0,0.0,0.0,0.0,0.0,0.0,0.0,0.0,0.0,0.0,0.0,0.0,0.0,0.0,0.0,0.0,0.0,0.0,0.0,0.0,0.0,0.0
10058,65,58,0,0.0,0.0,0.0,0.0,0.0,0.0,0.0,0.0,0.0,0.0,0.0,0.0,0.0,0.0,0.0,0.0,0.0,0.0,0.0,0.0,0.0,0.0,0.0,0.0,0.0,0.0,0.0,0.0,0.0,0.0,0.0,0.0,0.0,0.0,0.0
10059,65,60,0,0.0,0.0,0.0,0.0,0.0,0.0,0.0,0.0,0.0,0.0,0.0,0.0,0.0,0.0,0.0,0.0,0.0,0.0,0.0,0.0,0.0,0.0,0.0,0.0,0.0,0.0,0.0,0.0,0.0,0.0,0.0,0.0,0.0,0.0,0.0
10060,65,61,0,0.0,0.0,0.0,0.0,0.0,0.0,0.0,0.0,0.0,0.0,0.0,0.0,0.0,0.0,0.0,0.0,0.0,0.0,0.0,0.0,0.0,0.0,0.0,0.0,0.0,0.0,0.0,0.0,0.0,0.0,0.0,0.0,0.0,0.0,0.0
10061,65,64,0,0.0,0.0,0.0,0.0,0.0,0.0,0.0,0.0,0.0,0.0,0.0,0.0,0.0,0.0,0.0,0.0,0.0,0.0,0.0,0.0,0.0,0.0,0.0,0.0,0.0,0.0,0.0,0.0,0.0,0.0,0.0,0.0,0.0,0.0,0.0
10062,65,67,0,0.0,0.0,0.0,0.0,0.0,0.0,0.0,0.0,0.0,0.0,0.0,0.0,0.0,0.0,0.0,0.0,0.0,0.0,0.0,0.0,0.0,0.0,0.0,0.0,0.0,0.0,0.0,0.0,0.0,0.0,0.0,0.0,0.0,0.0,0.0
10063,65,68,0,0.0,0.0,0.0,0.0,0.0,0.0,0.0,0.0,0.0,0.0,0.0,0.0,0.0,0.0,0.0,0.0,0.0,0.0,0.0,0.0,0.0,0.0,0.0,0.0,0.0,0.0,0.0,0.0,0.0,0.0,0.0,0.0,0.0,0.0,0.0
10064,65,70,0,0.0,0.0,0.0,0.0,0.0,0.0,0.0,0.0,0.0,0.0,0.0,0.0,0.0,0.0,0.0,0.0,0.0,0.0,0.0,0.0,0.0,0.0,0.0,0.0,0.0,0.0,0.0,0.0,0.0,0.0,0.0,0.0,0.0,0.0,0.0
10065,65,72,0,0.0,0.0,0.0,0.0,0.0,0.0,0.0,0.0,0.0,0.0,0.0,0.0,0.0,0.0,0.0,0.0,0.0,0.0,0.0,0.0,0.0,0.0,0.0,0.0,0.0,0.0,0.0,0.0,0.0,0.0,0.0,0.0,0.0,0.0,0.0
10066,65,73,0,0.0,0.0,0.0,0.0,0.0,0.0,0.0,0.0,0.0,0.0,0.0,0.0,0.0,0.0,0.0,0.0,0.0,0.0,0.0,0.0,0.0,0.0,0.0,0.0,0.0,0.0,0.0,0.0,0.0,0.0,0.0,0.0,0.0,0.0,0.0
10067,65,74,0,0.0,0.0,0.0,0.0,0.0,0.0,0.0,0.0,0.0,0.0,0.0,0.0,0.0,0.0,0.0,0.0,0.0,0.0,0.0,0.0,0.0,0.0,0.0,0.0,0.0,0.0,0.0,0.0,0.0,0.0,0.0,0.0,0.0,0.0,0.0
10068,65,75,0,0.0,0.0,0.0,0.0,0.0,0.0,0.0,0.0,0.0,0.0,0.0,0.0,0.0,0.0,0.0,0.0,0.0,0.0,0.0,0.0,0.0,0.0,0.0,0.0,0.0,0.0,0.0,0.0,0.0,0.0,0.0,0.0,0.0,0.0,0.0
10069,65,76,0,0.0,0.0,0.0,0.0,0.0,0.0,0.0,0.0,0.0,0.0,0.0,0.0,0.0,0.0,0.0,0.0,0.0,0.0,0.0,0.0,0.0,0.0,0.0,0.0,0.0,0.0,0.0,0.0,0.0,0.0,0.0,0.0,0.0,0.0,0.0
10070,65,77,0,0.0,0.0,0.0,0.0,0.0,0.0,0.0,0.0,0.0,0.0,0.0,0.0,0.0,0.0,0.0,0.0,0.0,0.0,0.0,0.0,0.0,0.0,0.0,0.0,0.0,0.0,0.0,0.0,0.0,0.0,0.0,0.0,0.0,0.0,0.0
10071,65,78,0,0.0,0.0,0.0,0.0,0.0,0.0,0.0,0.0,0.0,0.0,0.0,0.0,0.0,0.0,0.0,0.0,0.0,0.0,0.0,0.0,0.0,0.0,0.0,0.0,0.0,0.0,0.0,0.0,0.0,0.0,0.0,0.0,0.0,0.0,0.0
10072,65,81,0,0.0,0.0,0.0,0.0,0.0,0.0,0.0,0.0,0.0,0.0,0.0,0.0,0.0,0.0,0.0,0.0,0.0,0.0,0.0,0.0,0.0,0.0,0.0,0.0,0.0,0.0,0.0,0.0,0.0,0.0,0.0,0.0,0.0,0.0,0.0
10073,65,83,0,0.0,0.0,0.0,0.0,0.0,0.0,0.0,0.0,0.0,0.0,0.0,0.0,0.0,0.0,0.0,0.0,0.0,0.0,0.0,0.0,0.0,0.0,0.0,0.0,0.0,0.0,0.0,0.0,0.0,0.0,0.0,0.0,0.0,0.0,0.0
10074,65,84,0,0.0,0.0,0.0,0.0,0.0,0.0,0.0,0.0,0.0,0.0,0.0,0.0,0.0,0.0,0.0,0.0,0.0,0.0,0.0,0.0,0.0,0.0,0.0,0.0,0.0,0.0,0.0,0.0,0.0,0.0,0.0,0.0,0.0,0.0,0.0
10075,65,85,0,0.0,0.0,0.0,0.0,0.0,0.0,0.0,0.0,0.0,0.0,0.0,0.0,0.0,0.0,0.0,0.0,0.0,0.0,0.0,0.0,0.0,0.0,0.0,0.0,0.0,0.0,0.0,0.0,0.0,0.0,0.0,0.0,0.0,0.0,0.0
10076,65,86,0,0.0,0.0,0.0,0.0,0.0,0.0,0.0,0.0,0.0,0.0,0.0,0.0,0.0,0.0,0.0,0.0,0.0,0.0,0.0,0.0,0.0,0.0,0.0,0.0,0.0,0.0,0.0,0.0,0.0,0.0,0.0,0.0,0.0,0.0,0.0
10077,65,87,0,0.0,0.0,0.0,0.0,0.0,0.0,0.0,0.0,0.0,0.0,0.0,0.0,0.0,0.0,0.0,0.0,0.0,0.0,0.0,0.0,0.0,0.0,0.0,0.0,0.0,0.0,0.0,0.0,0.0,0.0,0.0,0.0,0.0,0.0,0.0
10078,65,88,0,0.0,0.0,0.0,0.0,0.0,0.0,0.0,0.0,0.0,0.0,0.0,0.0,0.0,0.0,0.0,0.0,0.0,0.0,0.0,0.0,0.0,0.0,0.0,0.0,0.0,0.0,0.0,0.0,0.0,0.0,0.0,0.0,0.0,0.0,0.0
10079,65,89,0,0.0,0.0,0.0,0.0,0.0,0.0,0.0,0.0,0.0,0.0,0.0,0.0,0.0,0.0,0.0,0.0,0.0,0.0,0.0,0.0,0.0,0.0,0.0,0.0,0.0,0.0,0.0,0.0,0.0,0.0,0.0,0.0,0.0,0.0,0.0
10080,65,90,0,0.0,0.0,0.0,0.0,0.0,0.0,0.0,0.0,0.0,0.0,0.0,0.0,0.0,0.0,0.0,0.0,0.0,0.0,0.0,0.0,0.0,0.0,0.0,0.0,0.0,0.0,0.0,0.0,0.0,0.0,0.0,0.0,0.0,0.0,0.0
10081,65,91,0,0.0,0.0,0.0,0.0,0.0,0.0,0.0,0.0,0.0,0.0,0.0,0.0,0.0,0.0,0.0,0.0,0.0,0.0,0.0,0.0,0.0,0.0,0.0,0.0,0.0,0.0,0.0,0.0,0.0,0.0,0.0,0.0,0.0,0.0,0.0
10082,65,92,0,0.0,0.0,0.0,0.0,0.0,0.0,0.0,0.0,0.0,0.0,0.0,0.0,0.0,0.0,0.0,0.0,0.0,0.0,0.0,0.0,0.0,0.0,0.0,0.0,0.0,0.0,0.0,0.0,0.0,0.0,0.0,0.0,0.0,0.0,0.0
10083,65,93,0,0.0,0.0,0.0,0.0,0.0,0.0,0.0,0.0,0.0,0.0,0.0,0.0,0.0,0.0,0.0,0.0,0.0,0.0,0.0,0.0,0.0,0.0,0.0,0.0,0.0,0.0,0.0,0.0,0.0,0.0,0.0,0.0,0.0,0.0,0.0
10084,65,94,0,0.0,0.0,0.0,0.0,0.0,0.0,0.0,0.0,0.0,0.0,0.0,0.0,0.0,0.0,0.0,0.0,0.0,0.0,0.0,0.0,0.0,0.0,0.0,0.0,0.0,0.0,0.0,0.0,0.0,0.0,0.0,0.0,0.0,0.0,0.0
10085,65,95,0,0.0,0.0,0.0,0.0,0.0,0.0,0.0,0.0,0.0,0.0,0.0,0.0,0.0,0.0,0.0,0.0,0.0,0.0,0.0,0.0,0.0,0.0,0.0,0.0,0.0,0.0,0.0,0.0,0.0,0.0,0.0,0.0,0.0,0.0,0.0
10086,65,97,0,0.0,0.0,0.0,0.0,0.0,0.0,0.0,0.0,0.0,0.0,0.0,0.0,0.0,0.0,0.0,0.0,0.0,0.0,0.0,0.0,0.0,0.0,0.0,0.0,0.0,0.0,0.0,0.0,0.0,0.0,0.0,0.0,0.0,0.0,0.0
10087,65,98,0,0.0,0.0,0.0,0.0,0.0,0.0,0.0,0.0,0.0,0.0,0.0,0.0,0.0,0.0,0.0,0.0,0.0,0.0,0.0,0.0,0.0,0.0,0.0,0.0,0.0,0.0,0.0,0.0,0.0,0.0,0.0,0.0,0.0,0.0,0.0
10088,65,99,0,0.0,0.0,0.0,0.0,0.0,0.0,0.0,0.0,0.0,0.0,0.0,0.0,0.0,0.0,0.0,0.0,0.0,0.0,0.0,0.0,0.0,0.0,0.0,0.0,0.0,0.0,0.0,0.0,0.0,0.0,0.0,0.0,0.0,0.0,0.0
10089,65,100,0,0.0,0.0,0.0,0.0,0.0,0.0,0.0,0.0,0.0,0.0,0.0,0.0,0.0,0.0,0.0,0.0,0.0,0.0,0.0,0.0,0.0,0.0,0.0,0.0,0.0,0.0,0.0,0.0,0.0,0.0,0.0,0.0,0.0,0.0,0.0
10090,65,102,0,0.0,0.0,0.0,0.0,0.0,0.0,0.0,0.0,0.0,0.0,0.0,0.0,0.0,0.0,0.0,0.0,0.0,0.0,0.0,0.0,0.0,0.0,0.0,0.0,0.0,0.0,0.0,0.0,0.0,0.0,0.0,0.0,0.0,0.0,0.0
10091,65,104,0,0.0,0.0,0.0,0.0,0.0,0.0,0.0,0.0,0.0,0.0,0.0,0.0,0.0,0.0,0.0,0.0,0.0,0.0,0.0,0.0,0.0,0.0,0.0,0.0,0.0,0.0,0.0,0.0,0.0,0.0,0.0,0.0,0.0,0.0,0.0
10092,65,106,0,0.0,0.0,0.0,0.0,0.0,0.0,0.0,0.0,0.0,0.0,0.0,0.0,0.0,0.0,0.0,0.0,0.0,0.0,0.0,0.0,0.0,0.0,0.0,0.0,0.0,0.0,0.0,0.0,0.0,0.0,0.0,0.0,0.0,0.0,0.0
10093,65,109,0,0.0,0.0,0.0,0.0,0.0,0.0,0.0,0.0,0.0,0.0,0.0,0.0,0.0,0.0,0.0,0.0,0.0,0.0,0.0,0.0,0.0,0.0,0.0,0.0,0.0,0.0,0.0,0.0,0.0,0.0,0.0,0.0,0.0,0.0,0.0
10094,65,110,0,0.0,0.0,0.0,0.0,0.0,0.0,0.0,0.0,0.0,0.0,0.0,0.0,0.0,0.0,0.0,0.0,0.0,0.0,0.0,0.0,0.0,0.0,0.0,0.0,0.0,0.0,0.0,0.0,0.0,0.0,0.0,0.0,0.0,0.0,0.0
10095,65,111,0,0.0,0.0,0.0,0.0,0.0,0.0,0.0,0.0,0.0,0.0,0.0,0.0,0.0,0.0,0.0,0.0,0.0,0.0,0.0,0.0,0.0,0.0,0.0,0.0,0.0,0.0,0.0,0.0,0.0,0.0,0.0,0.0,0.0,0.0,0.0
10096,65,112,0,0.0,0.0,0.0,0.0,0.0,0.0,0.0,0.0,0.0,0.0,0.0,0.0,0.0,0.0,0.0,0.0,0.0,0.0,0.0,0.0,0.0,0.0,0.0,0.0,0.0,0.0,0.0,0.0,0.0,0.0,0.0,0.0,0.0,0.0,0.0
10097,65,113,0,0.0,0.0,0.0,0.0,0.0,0.0,0.0,0.0,0.0,0.0,0.0,0.0,0.0,0.0,0.0,0.0,0.0,0.0,0.0,0.0,0.0,0.0,0.0,0.0,0.0,0.0,0.0,0.0,0.0,0.0,0.0,0.0,0.0,0.0,0.0
10098,65,115,0,0.0,0.0,0.0,0.0,0.0,0.0,0.0,0.0,0.0,0.0,0.0,0.0,0.0,0.0,0.0,0.0,0.0,0.0,0.0,0.0,0.0,0.0,0.0,0.0,0.0,0.0,0.0,0.0,0.0,0.0,0.0,0.0,0.0,0.0,0.0
10099,65,116,0,0.0,0.0,0.0,0.0,0.0,0.0,0.0,0.0,0.0,0.0,0.0,0.0,0.0,0.0,0.0,0.0,0.0,0.0,0.0,0.0,0.0,0.0,0.0,0.0,0.0,0.0,0.0,0.0,0.0,0.0,0.0,0.0,0.0,0.0,0.0
10100,65,117,0,0.0,0.0,0.0,0.0,0.0,0.0,0.0,0.0,0.0,0.0,0.0,0.0,0.0,0.0,0.0,0.0,0.0,0.0,0.0,0.0,0.0,0.0,0.0,0.0,0.0,0.0,0.0,0.0,0.0,0.0,0.0,0.0,0.0,0.0,0.0
10101,65,118,0,0.0,0.0,0.0,0.0,0.0,0.0,0.0,0.0,0.0,0.0,0.0,0.0,0.0,0.0,0.0,0.0,0.0,0.0,0.0,0.0,0.0,0.0,0.0,0.0,0.0,0.0,0.0,0.0,0.0,0.0,0.0,0.0,0.0,0.0,0.0
10102,65,119,0,0.0,0.0,0.0,0.0,0.0,0.0,0.0,0.0,0.0,0.0,0.0,0.0,0.0,0.0,0.0,0.0,0.0,0.0,0.0,0.0,0.0,0.0,0.0,0.0,0.0,0.0,0.0,0.0,0.0,0.0,0.0,0.0,0.0,0.0,0.0
10103,65,120,0,0.0,0.0,0.0,0.0,0.0,0.0,0.0,0.0,0.0,0.0,0.0,0.0,0.0,0.0,0.0,0.0,0.0,0.0,0.0,0.0,0.0,0.0,0.0,0.0,0.0,0.0,0.0,0.0,0.0,0.0,0.0,0.0,0.0,0.0,0.0
10104,65,121,0,0.0,0.0,0.0,0.0,0.0,0.0,0.0,0.0,0.0,0.0,0.0,0.0,0.0,0.0,0.0,0.0,0.0,0.0,0.0,0.0,0.0,0.0,0.0,0.0,0.0,0.0,0.0,0.0,0.0,0.0,0.0,0.0,0.0,0.0,0.0
10105,65,122,0,0.0,0.0,0.0,0.0,0.0,0.0,0.0,0.0,0.0,0.0,0.0,0.0,0.0,0.0,0.0,0.0,0.0,0.0,0.0,0.0,0.0,0.0,0.0,0.0,0.0,0.0,0.0,0.0,0.0,0.0,0.0,0.0,0.0,0.0,0.0
10106,65,123,0,0.0,0.0,0.0,0.0,0.0,0.0,0.0,0.0,0.0,0.0,0.0,0.0,0.0,0.0,0.0,0.0,0.0,0.0,0.0,0.0,0.0,0.0,0.0,0.0,0.0,0.0,0.0,0.0,0.0,0.0,0.0,0.0,0.0,0.0,0.0
10107,65,126,0,0.0,0.0,0.0,0.0,0.0,0.0,0.0,0.0,0.0,0.0,0.0,0.0,0.0,0.0,0.0,0.0,0.0,0.0,0.0,0.0,0.0,0.0,0.0,0.0,0.0,0.0,0.0,0.0,0.0,0.0,0.0,0.0,0.0,0.0,0.0
10108,65,127,0,0.0,0.0,0.0,0.0,0.0,0.0,0.0,0.0,0.0,0.0,0.0,0.0,0.0,0.0,0.0,0.0,0.0,0.0,0.0,0.0,0.0,0.0,0.0,0.0,0.0,0.0,0.0,0.0,0.0,0.0,0.0,0.0,0.0,0.0,0.0
10109,65,128,0,0.0,0.0,0.0,0.0,0.0,0.0,0.0,0.0,0.0,0.0,0.0,0.0,0.0,0.0,0.0,0.0,0.0,0.0,0.0,0.0,0.0,0.0,0.0,0.0,0.0,0.0,0.0,0.0,0.0,0.0,0.0,0.0,0.0,0.0,0.0
10110,65,129,0,0.0,0.0,0.0,0.0,0.0,0.0,0.0,0.0,0.0,0.0,0.0,0.0,0.0,0.0,0.0,0.0,0.0,0.0,0.0,0.0,0.0,0.0,0.0,0.0,0.0,0.0,0.0,0.0,0.0,0.0,0.0,0.0,0.0,0.0,0.0
10111,65,130,0,0.0,0.0,0.0,0.0,0.0,0.0,0.0,0.0,0.0,0.0,0.0,0.0,0.0,0.0,0.0,0.0,0.0,0.0,0.0,0.0,0.0,0.0,0.0,0.0,0.0,0.0,0.0,0.0,0.0,0.0,0.0,0.0,0.0,0.0,0.0
10112,65,131,0,0.0,0.0,0.0,0.0,0.0,0.0,0.0,0.0,0.0,0.0,0.0,0.0,0.0,0.0,0.0,0.0,0.0,0.0,0.0,0.0,0.0,0.0,0.0,0.0,0.0,0.0,0.0,0.0,0.0,0.0,0.0,0.0,0.0,0.0,0.0
10113,65,132,0,0.0,0.0,0.0,0.0,0.0,0.0,0.0,0.0,0.0,0.0,0.0,0.0,0.0,0.0,0.0,0.0,0.0,0.0,0.0,0.0,0.0,0.0,0.0,0.0,0.0,0.0,0.0,0.0,0.0,0.0,0.0,0.0,0.0,0.0,0.0
10114,65,133,0,0.0,0.0,0.0,0.0,0.0,0.0,0.0,0.0,0.0,0.0,0.0,0.0,0.0,0.0,0.0,0.0,0.0,0.0,0.0,0.0,0.0,0.0,0.0,0.0,0.0,0.0,0.0,0.0,0.0,0.0,0.0,0.0,0.0,0.0,0.0
10115,65,134,0,0.0,0.0,0.0,0.0,0.0,0.0,0.0,0.0,0.0,0.0,0.0,0.0,0.0,0.0,0.0,0.0,0.0,0.0,0.0,0.0,0.0,0.0,0.0,0.0,0.0,0.0,0.0,0.0,0.0,0.0,0.0,0.0,0.0,0.0,0.0
10116,65,135,0,0.0,0.0,0.0,0.0,0.0,0.0,0.0,0.0,0.0,0.0,0.0,0.0,0.0,0.0,0.0,0.0,0.0,0.0,0.0,0.0,0.0,0.0,0.0,0.0,0.0,0.0,0.0,0.0,0.0,0.0,0.0,0.0,0.0,0.0,0.0
10117,65,137,0,0.0,0.0,0.0,0.0,0.0,0.0,0.0,0.0,0.0,0.0,0.0,0.0,0.0,0.0,0.0,0.0,0.0,0.0,0.0,0.0,0.0,0.0,0.0,0.0,0.0,0.0,0.0,0.0,0.0,0.0,0.0,0.0,0.0,0.0,0.0
10118,65,138,0,0.0,0.0,0.0,0.0,0.0,0.0,0.0,0.0,0.0,0.0,0.0,0.0,0.0,0.0,0.0,0.0,0.0,0.0,0.0,0.0,0.0,0.0,0.0,0.0,0.0,0.0,0.0,0.0,0.0,0.0,0.0,0.0,0.0,0.0,0.0
10119,65,139,0,0.0,0.0,0.0,0.0,0.0,0.0,0.0,0.0,0.0,0.0,0.0,0.0,0.0,0.0,0.0,0.0,0.0,0.0,0.0,0.0,0.0,0.0,0.0,0.0,0.0,0.0,0.0,0.0,0.0,0.0,0.0,0.0,0.0,0.0,0.0
10120,65,140,0,0.0,0.0,0.0,0.0,0.0,0.0,0.0,0.0,0.0,0.0,0.0,0.0,0.0,0.0,0.0,0.0,0.0,0.0,0.0,0.0,0.0,0.0,0.0,0.0,0.0,0.0,0.0,0.0,0.0,0.0,0.0,0.0,0.0,0.0,0.0
10121,65,141,0,0.0,0.0,0.0,0.0,0.0,0.0,0.0,0.0,0.0,0.0,0.0,0.0,0.0,0.0,0.0,0.0,0.0,0.0,0.0,0.0,0.0,0.0,0.0,0.0,0.0,0.0,0.0,0.0,0.0,0.0,0.0,0.0,0.0,0.0,0.0
10122,65,144,0,0.0,0.0,0.0,0.0,0.0,0.0,0.0,0.0,0.0,0.0,0.0,0.0,0.0,0.0,0.0,0.0,0.0,0.0,0.0,0.0,0.0,0.0,0.0,0.0,0.0,0.0,0.0,0.0,0.0,0.0,0.0,0.0,0.0,0.0,0.0
10123,65,145,0,0.0,0.0,0.0,0.0,0.0,0.0,0.0,0.0,0.0,0.0,0.0,0.0,0.0,0.0,0.0,0.0,0.0,0.0,0.0,0.0,0.0,0.0,0.0,0.0,0.0,0.0,0.0,0.0,0.0,0.0,0.0,0.0,0.0,0.0,0.0
10124,65,146,0,0.0,0.0,0.0,0.0,0.0,0.0,0.0,0.0,0.0,0.0,0.0,0.0,0.0,0.0,0.0,0.0,0.0,0.0,0.0,0.0,0.0,0.0,0.0,0.0,0.0,0.0,0.0,0.0,0.0,0.0,0.0,0.0,0.0,0.0,0.0
10125,65,148,0,0.0,0.0,0.0,0.0,0.0,0.0,0.0,0.0,0.0,0.0,0.0,0.0,0.0,0.0,0.0,0.0,0.0,0.0,0.0,0.0,0.0,0.0,0.0,0.0,0.0,0.0,0.0,0.0,0.0,0.0,0.0,0.0,0.0,0.0,0.0
10126,65,149,0,0.0,0.0,0.0,0.0,0.0,0.0,0.0,0.0,0.0,0.0,0.0,0.0,0.0,0.0,0.0,0.0,0.0,0.0,0.0,0.0,0.0,0.0,0.0,0.0,0.0,0.0,0.0,0.0,0.0,0.0,0.0,0.0,0.0,0.0,0.0
10127,65,150,0,0.0,0.0,0.0,0.0,0.0,0.0,0.0,0.0,0.0,0.0,0.0,0.0,0.0,0.0,0.0,0.0,0.0,0.0,0.0,0.0,0.0,0.0,0.0,0.0,0.0,0.0,0.0,0.0,0.0,0.0,0.0,0.0,0.0,0.0,0.0
10128,65,151,0,0.0,0.0,0.0,0.0,0.0,0.0,0.0,0.0,0.0,0.0,0.0,0.0,0.0,0.0,0.0,0.0,0.0,0.0,0.0,0.0,0.0,0.0,0.0,0.0,0.0,0.0,0.0,0.0,0.0,0.0,0.0,0.0,0.0,0.0,0.0
10129,65,152,0,0.0,0.0,0.0,0.0,0.0,0.0,0.0,0.0,0.0,0.0,0.0,0.0,0.0,0.0,0.0,0.0,0.0,0.0,0.0,0.0,0.0,0.0,0.0,0.0,0.0,0.0,0.0,0.0,0.0,0.0,0.0,0.0,0.0,0.0,0.0
10130,65,153,0,0.0,0.0,0.0,0.0,0.0,0.0,0.0,0.0,0.0,0.0,0.0,0.0,0.0,0.0,0.0,0.0,0.0,0.0,0.0,0.0,0.0,0.0,0.0,0.0,0.0,0.0,0.0,0.0,0.0,0.0,0.0,0.0,0.0,0.0,0.0
10131,65,154,0,0.0,0.0,0.0,0.0,0.0,0.0,0.0,0.0,0.0,0.0,0.0,0.0,0.0,0.0,0.0,0.0,0.0,0.0,0.0,0.0,0.0,0.0,0.0,0.0,0.0,0.0,0.0,0.0,0.0,0.0,0.0,0.0,0.0,0.0,0.0
10132,65,158,0,0.0,0.0,0.0,0.0,0.0,0.0,0.0,0.0,0.0,0.0,0.0,0.0,0.0,0.0,0.0,0.0,0.0,0.0,0.0,0.0,0.0,0.0,0.0,0.0,0.0,0.0,0.0,0.0,0.0,0.0,0.0,0.0,0.0,0.0,0.0
10133,65,159,0,0.0,0.0,0.0,0.0,0.0,0.0,0.0,0.0,0.0,0.0,0.0,0.0,0.0,0.0,0.0,0.0,0.0,0.0,0.0,0.0,0.0,0.0,0.0,0.0,0.0,0.0,0.0,0.0,0.0,0.0,0.0,0.0,0.0,0.0,0.0
10134,65,160,0,0.0,0.0,0.0,0.0,0.0,0.0,0.0,0.0,0.0,0.0,0.0,0.0,0.0,0.0,0.0,0.0,0.0,0.0,0.0,0.0,0.0,0.0,0.0,0.0,0.0,0.0,0.0,0.0,0.0,0.0,0.0,0.0,0.0,0.0,0.0
10135,65,162,0,0.0,0.0,0.0,0.0,0.0,0.0,0.0,0.0,0.0,0.0,0.0,0.0,0.0,0.0,0.0,0.0,0.0,0.0,0.0,0.0,0.0,0.0,0.0,0.0,0.0,0.0,0.0,0.0,0.0,0.0,0.0,0.0,0.0,0.0,0.0
10136,65,163,0,0.0,0.0,0.0,0.0,0.0,0.0,0.0,0.0,0.0,0.0,0.0,0.0,0.0,0.0,0.0,0.0,0.0,0.0,0.0,0.0,0.0,0.0,0.0,0.0,0.0,0.0,0.0,0.0,0.0,0.0,0.0,0.0,0.0,0.0,0.0
10137,65,164,0,0.0,0.0,0.0,0.0,0.0,0.0,0.0,0.0,0.0,0.0,0.0,0.0,0.0,0.0,0.0,0.0,0.0,0.0,0.0,0.0,0.0,0.0,0.0,0.0,0.0,0.0,0.0,0.0,0.0,0.0,0.0,0.0,0.0,0.0,0.0
10138,65,165,0,0.0,0.0,0.0,0.0,0.0,0.0,0.0,0.0,0.0,0.0,0.0,0.0,0.0,0.0,0.0,0.0,0.0,0.0,0.0,0.0,0.0,0.0,0.0,0.0,0.0,0.0,0.0,0.0,0.0,0.0,0.0,0.0,0.0,0.0,0.0
10139,65,166,0,0.0,0.0,0.0,0.0,0.0,0.0,0.0,0.0,0.0,0.0,0.0,0.0,0.0,0.0,0.0,0.0,0.0,0.0,0.0,0.0,0.0,0.0,0.0,0.0,0.0,0.0,0.0,0.0,0.0,0.0,0.0,0.0,0.0,0.0,0.0
10140,65,168,0,0.0,0.0,0.0,0.0,0.0,0.0,0.0,0.0,0.0,0.0,0.0,0.0,0.0,0.0,0.0,0.0,0.0,0.0,0.0,0.0,0.0,0.0,0.0,0.0,0.0,0.0,0.0,0.0,0.0,0.0,0.0,0.0,0.0,0.0,0.0
10141,65,170,0,0.0,0.0,0.0,0.0,0.0,0.0,0.0,0.0,0.0,0.0,0.0,0.0,0.0,0.0,0.0,0.0,0.0,0.0,0.0,0.0,0.0,0.0,0.0,0.0,0.0,0.0,0.0,0.0,0.0,0.0,0.0,0.0,0.0,0.0,0.0
10142,65,171,0,0.0,0.0,0.0,0.0,0.0,0.0,0.0,0.0,0.0,0.0,0.0,0.0,0.0,0.0,0.0,0.0,0.0,0.0,0.0,0.0,0.0,0.0,0.0,0.0,0.0,0.0,0.0,0.0,0.0,0.0,0.0,0.0,0.0,0.0,0.0
10143,65,172,0,0.0,0.0,0.0,0.0,0.0,0.0,0.0,0.0,0.0,0.0,0.0,0.0,0.0,0.0,0.0,0.0,0.0,0.0,0.0,0.0,0.0,0.0,0.0,0.0,0.0,0.0,0.0,0.0,0.0,0.0,0.0,0.0,0.0,0.0,0.0
10144,65,174,0,0.0,0.0,0.0,0.0,0.0,0.0,0.0,0.0,0.0,0.0,0.0,0.0,0.0,0.0,0.0,0.0,0.0,0.0,0.0,0.0,0.0,0.0,0.0,0.0,0.0,0.0,0.0,0.0,0.0,0.0,0.0,0.0,0.0,0.0,0.0
10145,65,176,0,0.0,0.0,0.0,0.0,0.0,0.0,0.0,0.0,0.0,0.0,0.0,0.0,0.0,0.0,0.0,0.0,0.0,0.0,0.0,0.0,0.0,0.0,0.0,0.0,0.0,0.0,0.0,0.0,0.0,0.0,0.0,0.0,0.0,0.0,0.0
10146,65,180,0,0.0,0.0,0.0,0.0,0.0,0.0,0.0,0.0,0.0,0.0,0.0,0.0,0.0,0.0,0.0,0.0,0.0,0.0,0.0,0.0,0.0,0.0,0.0,0.0,0.0,0.0,0.0,0.0,0.0,0.0,0.0,0.0,0.0,0.0,0.0
10147,65,181,0,0.0,0.0,0.0,0.0,0.0,0.0,0.0,0.0,0.0,0.0,0.0,0.0,0.0,0.0,0.0,0.0,0.0,0.0,0.0,0.0,0.0,0.0,0.0,0.0,0.0,0.0,0.0,0.0,0.0,0.0,0.0,0.0,0.0,0.0,0.0
10148,65,182,0,0.0,0.0,0.0,0.0,0.0,0.0,0.0,0.0,0.0,0.0,0.0,0.0,0.0,0.0,0.0,0.0,0.0,0.0,0.0,0.0,0.0,0.0,0.0,0.0,0.0,0.0,0.0,0.0,0.0,0.0,0.0,0.0,0.0,0.0,0.0
10149,65,183,0,0.0,0.0,0.0,0.0,0.0,0.0,0.0,0.0,0.0,0.0,0.0,0.0,0.0,0.0,0.0,0.0,0.0,0.0,0.0,0.0,0.0,0.0,0.0,0.0,0.0,0.0,0.0,0.0,0.0,0.0,0.0,0.0,0.0,0.0,0.0
10150,65,184,0,0.0,0.0,0.0,0.0,0.0,0.0,0.0,0.0,0.0,0.0,0.0,0.0,0.0,0.0,0.0,0.0,0.0,0.0,0.0,0.0,0.0,0.0,0.0,0.0,0.0,0.0,0.0,0.0,0.0,0.0,0.0,0.0,0.0,0.0,0.0
10151,65,185,0,0.0,0.0,0.0,0.0,0.0,0.0,0.0,0.0,0.0,0.0,0.0,0.0,0.0,0.0,0.0,0.0,0.0,0.0,0.0,0.0,0.0,0.0,0.0,0.0,0.0,0.0,0.0,0.0,0.0,0.0,0.0,0.0,0.0,0.0,0.0
10152,65,186,0,0.0,0.0,0.0,0.0,0.0,0.0,0.0,0.0,0.0,0.0,0.0,0.0,0.0,0.0,0.0,0.0,0.0,0.0,0.0,0.0,0.0,0.0,0.0,0.0,0.0,0.0,0.0,0.0,0.0,0.0,0.0,0.0,0.0,0.0,0.0
10153,65,187,0,0.0,0.0,0.0,0.0,0.0,0.0,0.0,0.0,0.0,0.0,0.0,0.0,0.0,0.0,0.0,0.0,0.0,0.0,0.0,0.0,0.0,0.0,0.0,0.0,0.0,0.0,0.0,0.0,0.0,0.0,0.0,0.0,0.0,0.0,0.0
10154,65,188,0,0.0,0.0,0.0,0.0,0.0,0.0,0.0,0.0,0.0,0.0,0.0,0.0,0.0,0.0,0.0,0.0,0.0,0.0,0.0,0.0,0.0,0.0,0.0,0.0,0.0,0.0,0.0,0.0,0.0,0.0,0.0,0.0,0.0,0.0,0.0
10155,65,189,0,0.0,0.0,0.0,0.0,0.0,0.0,0.0,0.0,0.0,0.0,0.0,0.0,0.0,0.0,0.0,0.0,0.0,0.0,0.0,0.0,0.0,0.0,0.0,0.0,0.0,0.0,0.0,0.0,0.0,0.0,0.0,0.0,0.0,0.0,0.0
10156,65,190,0,0.0,0.0,0.0,0.0,0.0,0.0,0.0,0.0,0.0,0.0,0.0,0.0,0.0,0.0,0.0,0.0,0.0,0.0,0.0,0.0,0.0,0.0,0.0,0.0,0.0,0.0,0.0,0.0,0.0,0.0,0.0,0.0,0.0,0.0,0.0
10157,65,192,0,0.0,0.0,0.0,0.0,0.0,0.0,0.0,0.0,0.0,0.0,0.0,0.0,0.0,0.0,0.0,0.0,0.0,0.0,0.0,0.0,0.0,0.0,0.0,0.0,0.0,0.0,0.0,0.0,0.0,0.0,0.0,0.0,0.0,0.0,0.0
10158,65,193,0,0.0,0.0,0.0,0.0,0.0,0.0,0.0,0.0,0.0,0.0,0.0,0.0,0.0,0.0,0.0,0.0,0.0,0.0,0.0,0.0,0.0,0.0,0.0,0.0,0.0,0.0,0.0,0.0,0.0,0.0,0.0,0.0,0.0,0.0,0.0
10159,65,194,0,0.0,0.0,0.0,0.0,0.0,0.0,0.0,0.0,0.0,0.0,0.0,0.0,0.0,0.0,0.0,0.0,0.0,0.0,0.0,0.0,0.0,0.0,0.0,0.0,0.0,0.0,0.0,0.0,0.0,0.0,0.0,0.0,0.0,0.0,0.0
10160,65,195,0,0.0,0.0,0.0,0.0,0.0,0.0,0.0,0.0,0.0,0.0,0.0,0.0,0.0,0.0,0.0,0.0,0.0,0.0,0.0,0.0,0.0,0.0,0.0,0.0,0.0,0.0,0.0,0.0,0.0,0.0,0.0,0.0,0.0,0.0,0.0
10161,65,196,0,0.0,0.0,0.0,0.0,0.0,0.0,0.0,0.0,0.0,0.0,0.0,0.0,0.0,0.0,0.0,0.0,0.0,0.0,0.0,0.0,0.0,0.0,0.0,0.0,0.0,0.0,0.0,0.0,0.0,0.0,0.0,0.0,0.0,0.0,0.0
10162,65,197,0,0.0,0.0,0.0,0.0,0.0,0.0,0.0,0.0,0.0,0.0,0.0,0.0,0.0,0.0,0.0,0.0,0.0,0.0,0.0,0.0,0.0,0.0,0.0,0.0,0.0,0.0,0.0,0.0,0.0,0.0,0.0,0.0,0.0,0.0,0.0
10163,65,198,0,0.0,0.0,0.0,0.0,0.0,0.0,0.0,0.0,0.0,0.0,0.0,0.0,0.0,0.0,0.0,0.0,0.0,0.0,0.0,0.0,0.0,0.0,0.0,0.0,0.0,0.0,0.0,0.0,0.0,0.0,0.0,0.0,0.0,0.0,0.0
10164,65,200,0,0.0,0.0,0.0,0.0,0.0,0.0,0.0,0.0,0.0,0.0,0.0,0.0,0.0,0.0,0.0,0.0,0.0,0.0,0.0,0.0,0.0,0.0,0.0,0.0,0.0,0.0,0.0,0.0,0.0,0.0,0.0,0.0,0.0,0.0,0.0
10165,65,202,0,0.0,0.0,0.0,0.0,0.0,0.0,0.0,0.0,0.0,0.0,0.0,0.0,0.0,0.0,0.0,0.0,0.0,0.0,0.0,0.0,0.0,0.0,0.0,0.0,0.0,0.0,0.0,0.0,0.0,0.0,0.0,0.0,0.0,0.0,0.0
10166,65,204,0,0.0,0.0,0.0,0.0,0.0,0.0,0.0,0.0,0.0,0.0,0.0,0.0,0.0,0.0,0.0,0.0,0.0,0.0,0.0,0.0,0.0,0.0,0.0,0.0,0.0,0.0,0.0,0.0,0.0,0.0,0.0,0.0,0.0,0.0,0.0
10167,65,205,0,0.0,0.0,0.0,0.0,0.0,0.0,0.0,0.0,0.0,0.0,0.0,0.0,0.0,0.0,0.0,0.0,0.0,0.0,0.0,0.0,0.0,0.0,0.0,0.0,0.0,0.0,0.0,0.0,0.0,0.0,0.0,0.0,0.0,0.0,0.0
10168,66,1,0,0.0,0.0,0.0,0.0,0.0,0.0,0.0,0.0,0.0,0.0,0.0,0.0,0.0,0.0,0.0,0.0,0.0,0.0,0.0,0.0,0.0,0.0,0.0,0.0,0.0,0.0,0.0,0.0,0.0,0.0,0.0,0.0,0.0,0.0,0.0
10169,66,3,0,0.0,0.0,0.0,0.0,0.0,0.0,0.0,0.0,0.0,0.0,0.0,0.0,0.0,0.0,0.0,0.0,0.0,0.0,0.0,0.0,0.0,0.0,0.0,0.0,0.0,0.0,0.0,0.0,0.0,0.0,0.0,0.0,0.0,0.0,0.0
10170,66,5,0,0.0,0.0,0.0,0.0,0.0,0.0,0.0,0.0,0.0,0.0,0.0,0.0,0.0,0.0,0.0,0.0,0.0,0.0,0.0,0.0,0.0,0.0,0.0,0.0,0.0,0.0,0.0,0.0,0.0,0.0,0.0,0.0,0.0,0.0,0.0
10171,66,12,0,0.0,0.0,0.0,0.0,0.0,0.0,0.0,0.0,0.0,0.0,0.0,0.0,0.0,0.0,0.0,0.0,0.0,0.0,0.0,0.0,0.0,0.0,0.0,0.0,0.0,0.0,0.0,0.0,0.0,0.0,0.0,0.0,0.0,0.0,0.0
10172,66,13,0,0.0,0.0,0.0,0.0,0.0,0.0,0.0,0.0,0.0,0.0,0.0,0.0,0.0,0.0,0.0,0.0,0.0,0.0,0.0,0.0,0.0,0.0,0.0,0.0,0.0,0.0,0.0,0.0,0.0,0.0,0.0,0.0,0.0,0.0,0.0
10173,66,15,0,0.0,0.0,0.0,0.0,0.0,0.0,0.0,0.0,0.0,0.0,0.0,0.0,0.0,0.0,0.0,0.0,0.0,0.0,0.0,0.0,0.0,0.0,0.0,0.0,0.0,0.0,0.0,0.0,0.0,0.0,0.0,0.0,0.0,0.0,0.0
10174,66,16,0,0.0,0.0,0.0,0.0,0.0,0.0,0.0,0.0,0.0,0.0,0.0,0.0,0.0,0.0,0.0,0.0,0.0,0.0,0.0,0.0,0.0,0.0,0.0,0.0,0.0,0.0,0.0,0.0,0.0,0.0,0.0,0.0,0.0,0.0,0.0
10175,66,17,0,0.0,0.0,0.0,0.0,0.0,0.0,0.0,0.0,0.0,0.0,0.0,0.0,0.0,0.0,0.0,0.0,0.0,0.0,0.0,0.0,0.0,0.0,0.0,0.0,0.0,0.0,0.0,0.0,0.0,0.0,0.0,0.0,0.0,0.0,0.0
10176,66,18,0,0.0,0.0,0.0,0.0,0.0,0.0,0.0,0.0,0.0,0.0,0.0,0.0,0.0,0.0,0.0,0.0,0.0,0.0,0.0,0.0,0.0,0.0,0.0,0.0,0.0,0.0,0.0,0.0,0.0,0.0,0.0,0.0,0.0,0.0,0.0
10177,66,21,0,0.0,0.0,0.0,0.0,0.0,0.0,0.0,0.0,0.0,0.0,0.0,0.0,0.0,0.0,0.0,0.0,0.0,0.0,0.0,0.0,0.0,0.0,0.0,0.0,0.0,0.0,0.0,0.0,0.0,0.0,0.0,0.0,0.0,0.0,0.0
10178,66,22,0,0.0,0.0,0.0,0.0,0.0,0.0,0.0,0.0,0.0,0.0,0.0,0.0,0.0,0.0,0.0,0.0,0.0,0.0,0.0,0.0,0.0,0.0,0.0,0.0,0.0,0.0,0.0,0.0,0.0,0.0,0.0,0.0,0.0,0.0,0.0
10179,66,23,0,0.0,0.0,0.0,0.0,0.0,0.0,0.0,0.0,0.0,0.0,0.0,0.0,0.0,0.0,0.0,0.0,0.0,0.0,0.0,0.0,0.0,0.0,0.0,0.0,0.0,0.0,0.0,0.0,0.0,0.0,0.0,0.0,0.0,0.0,0.0
10180,66,24,0,0.0,0.0,0.0,0.0,0.0,0.0,0.0,0.0,0.0,0.0,0.0,0.0,0.0,0.0,0.0,0.0,0.0,0.0,0.0,0.0,0.0,0.0,0.0,0.0,0.0,0.0,0.0,0.0,0.0,0.0,0.0,0.0,0.0,0.0,0.0
10181,66,25,0,0.0,0.0,0.0,0.0,0.0,0.0,0.0,0.0,0.0,0.0,0.0,0.0,0.0,0.0,0.0,0.0,0.0,0.0,0.0,0.0,0.0,0.0,0.0,0.0,0.0,0.0,0.0,0.0,0.0,0.0,0.0,0.0,0.0,0.0,0.0
10182,66,26,0,0.0,0.0,0.0,0.0,0.0,0.0,0.0,0.0,0.0,0.0,0.0,0.0,0.0,0.0,0.0,0.0,0.0,0.0,0.0,0.0,0.0,0.0,0.0,0.0,0.0,0.0,0.0,0.0,0.0,0.0,0.0,0.0,0.0,0.0,0.0
10183,66,27,0,0.0,0.0,0.0,0.0,0.0,0.0,0.0,0.0,0.0,0.0,0.0,0.0,0.0,0.0,0.0,0.0,0.0,0.0,0.0,0.0,0.0,0.0,0.0,0.0,0.0,0.0,0.0,0.0,0.0,0.0,0.0,0.0,0.0,0.0,0.0
10184,66,28,0,0.0,0.0,0.0,0.0,0.0,0.0,0.0,0.0,0.0,0.0,0.0,0.0,0.0,0.0,0.0,0.0,0.0,0.0,0.0,0.0,0.0,0.0,0.0,0.0,0.0,0.0,0.0,0.0,0.0,0.0,0.0,0.0,0.0,0.0,0.0
10185,66,30,0,0.0,0.0,0.0,0.0,0.0,0.0,0.0,0.0,0.0,0.0,0.0,0.0,0.0,0.0,0.0,0.0,0.0,0.0,0.0,0.0,0.0,0.0,0.0,0.0,0.0,0.0,0.0,0.0,0.0,0.0,0.0,0.0,0.0,0.0,0.0
10186,66,32,0,0.0,0.0,0.0,0.0,0.0,0.0,0.0,0.0,0.0,0.0,0.0,0.0,0.0,0.0,0.0,0.0,0.0,0.0,0.0,0.0,0.0,0.0,0.0,0.0,0.0,0.0,0.0,0.0,0.0,0.0,0.0,0.0,0.0,0.0,0.0
10187,66,35,0,0.0,0.0,0.0,0.0,0.0,0.0,0.0,0.0,0.0,0.0,0.0,0.0,0.0,0.0,0.0,0.0,0.0,0.0,0.0,0.0,0.0,0.0,0.0,0.0,0.0,0.0,0.0,0.0,0.0,0.0,0.0,0.0,0.0,0.0,0.0
10188,66,36,0,0.0,0.0,0.0,0.0,0.0,0.0,0.0,0.0,0.0,0.0,0.0,0.0,0.0,0.0,0.0,0.0,0.0,0.0,0.0,0.0,0.0,0.0,0.0,0.0,0.0,0.0,0.0,0.0,0.0,0.0,0.0,0.0,0.0,0.0,0.0
10189,66,38,0,0.0,0.0,0.0,0.0,0.0,0.0,0.0,0.0,0.0,0.0,0.0,0.0,0.0,0.0,0.0,0.0,0.0,0.0,0.0,0.0,0.0,0.0,0.0,0.0,0.0,0.0,0.0,0.0,0.0,0.0,0.0,0.0,0.0,0.0,0.0
10190,66,39,0,0.0,0.0,0.0,0.0,0.0,0.0,0.0,0.0,0.0,0.0,0.0,0.0,0.0,0.0,0.0,0.0,0.0,0.0,0.0,0.0,0.0,0.0,0.0,0.0,0.0,0.0,0.0,0.0,0.0,0.0,0.0,0.0,0.0,0.0,0.0
10191,66,40,0,0.0,0.0,0.0,0.0,0.0,0.0,0.0,0.0,0.0,0.0,0.0,0.0,0.0,0.0,0.0,0.0,0.0,0.0,0.0,0.0,0.0,0.0,0.0,0.0,0.0,0.0,0.0,0.0,0.0,0.0,0.0,0.0,0.0,0.0,0.0
10192,66,44,0,0.0,0.0,0.0,0.0,0.0,0.0,0.0,0.0,0.0,0.0,0.0,0.0,0.0,0.0,0.0,0.0,0.0,0.0,0.0,0.0,0.0,0.0,0.0,0.0,0.0,0.0,0.0,0.0,0.0,0.0,0.0,0.0,0.0,0.0,0.0
10193,66,45,0,0.0,0.0,0.0,0.0,0.0,0.0,0.0,0.0,0.0,0.0,0.0,0.0,0.0,0.0,0.0,0.0,0.0,0.0,0.0,0.0,0.0,0.0,0.0,0.0,0.0,0.0,0.0,0.0,0.0,0.0,0.0,0.0,0.0,0.0,0.0
10194,66,49,0,0.0,0.0,0.0,0.0,0.0,0.0,0.0,0.0,0.0,0.0,0.0,0.0,0.0,0.0,0.0,0.0,0.0,0.0,0.0,0.0,0.0,0.0,0.0,0.0,0.0,0.0,0.0,0.0,0.0,0.0,0.0,0.0,0.0,0.0,0.0
10195,66,51,0,0.0,0.0,0.0,0.0,0.0,0.0,0.0,0.0,0.0,0.0,0.0,0.0,0.0,0.0,0.0,0.0,0.0,0.0,0.0,0.0,0.0,0.0,0.0,0.0,0.0,0.0,0.0,0.0,0.0,0.0,0.0,0.0,0.0,0.0,0.0
10196,66,52,0,0.0,0.0,0.0,0.0,0.0,0.0,0.0,0.0,0.0,0.0,0.0,0.0,0.0,0.0,0.0,0.0,0.0,0.0,0.0,0.0,0.0,0.0,0.0,0.0,0.0,0.0,0.0,0.0,0.0,0.0,0.0,0.0,0.0,0.0,0.0
10197,66,54,0,0.0,0.0,0.0,0.0,0.0,0.0,0.0,0.0,0.0,0.0,0.0,0.0,0.0,0.0,0.0,0.0,0.0,0.0,0.0,0.0,0.0,0.0,0.0,0.0,0.0,0.0,0.0,0.0,0.0,0.0,0.0,0.0,0.0,0.0,0.0
10198,66,56,0,0.0,0.0,0.0,0.0,0.0,0.0,0.0,0.0,0.0,0.0,0.0,0.0,0.0,0.0,0.0,0.0,0.0,0.0,0.0,0.0,0.0,0.0,0.0,0.0,0.0,0.0,0.0,0.0,0.0,0.0,0.0,0.0,0.0,0.0,0.0
10199,66,57,0,0.0,0.0,0.0,0.0,0.0,0.0,0.0,0.0,0.0,0.0,0.0,0.0,0.0,0.0,0.0,0.0,0.0,0.0,0.0,0.0,0.0,0.0,0.0,0.0,0.0,0.0,0.0,0.0,0.0,0.0,0.0,0.0,0.0,0.0,0.0
10200,66,59,0,0.0,0.0,0.0,0.0,0.0,0.0,0.0,0.0,0.0,0.0,0.0,0.0,0.0,0.0,0.0,0.0,0.0,0.0,0.0,0.0,0.0,0.0,0.0,0.0,0.0,0.0,0.0,0.0,0.0,0.0,0.0,0.0,0.0,0.0,0.0
10201,66,60,0,0.0,0.0,0.0,0.0,0.0,0.0,0.0,0.0,0.0,0.0,0.0,0.0,0.0,0.0,0.0,0.0,0.0,0.0,0.0,0.0,0.0,0.0,0.0,0.0,0.0,0.0,0.0,0.0,0.0,0.0,0.0,0.0,0.0,0.0,0.0
10202,66,63,0,0.0,0.0,0.0,0.0,0.0,0.0,0.0,0.0,0.0,0.0,0.0,0.0,0.0,0.0,0.0,0.0,0.0,0.0,0.0,0.0,0.0,0.0,0.0,0.0,0.0,0.0,0.0,0.0,0.0,0.0,0.0,0.0,0.0,0.0,0.0
10203,66,64,0,0.0,0.0,0.0,0.0,0.0,0.0,0.0,0.0,0.0,0.0,0.0,0.0,0.0,0.0,0.0,0.0,0.0,0.0,0.0,0.0,0.0,0.0,0.0,0.0,0.0,0.0,0.0,0.0,0.0,0.0,0.0,0.0,0.0,0.0,0.0
10204,66,65,0,0.0,0.0,0.0,0.0,0.0,0.0,0.0,0.0,0.0,0.0,0.0,0.0,0.0,0.0,0.0,0.0,0.0,0.0,0.0,0.0,0.0,0.0,0.0,0.0,0.0,0.0,0.0,0.0,0.0,0.0,0.0,0.0,0.0,0.0,0.0
10205,66,67,0,0.0,0.0,0.0,0.0,0.0,0.0,0.0,0.0,0.0,0.0,0.0,0.0,0.0,0.0,0.0,0.0,0.0,0.0,0.0,0.0,0.0,0.0,0.0,0.0,0.0,0.0,0.0,0.0,0.0,0.0,0.0,0.0,0.0,0.0,0.0
10206,66,70,0,0.0,0.0,0.0,0.0,0.0,0.0,0.0,0.0,0.0,0.0,0.0,0.0,0.0,0.0,0.0,0.0,0.0,0.0,0.0,0.0,0.0,0.0,0.0,0.0,0.0,0.0,0.0,0.0,0.0,0.0,0.0,0.0,0.0,0.0,0.0
10207,66,71,0,0.0,0.0,0.0,0.0,0.0,0.0,0.0,0.0,0.0,0.0,0.0,0.0,0.0,0.0,0.0,0.0,0.0,0.0,0.0,0.0,0.0,0.0,0.0,0.0,0.0,0.0,0.0,0.0,0.0,0.0,0.0,0.0,0.0,0.0,0.0
10208,66,72,0,0.0,0.0,0.0,0.0,0.0,0.0,0.0,0.0,0.0,0.0,0.0,0.0,0.0,0.0,0.0,0.0,0.0,0.0,0.0,0.0,0.0,0.0,0.0,0.0,0.0,0.0,0.0,0.0,0.0,0.0,0.0,0.0,0.0,0.0,0.0
10209,66,73,0,0.0,0.0,0.0,0.0,0.0,0.0,0.0,0.0,0.0,0.0,0.0,0.0,0.0,0.0,0.0,0.0,0.0,0.0,0.0,0.0,0.0,0.0,0.0,0.0,0.0,0.0,0.0,0.0,0.0,0.0,0.0,0.0,0.0,0.0,0.0
10210,66,74,0,0.0,0.0,0.0,0.0,0.0,0.0,0.0,0.0,0.0,0.0,0.0,0.0,0.0,0.0,0.0,0.0,0.0,0.0,0.0,0.0,0.0,0.0,0.0,0.0,0.0,0.0,0.0,0.0,0.0,0.0,0.0,0.0,0.0,0.0,0.0
10211,66,76,0,0.0,0.0,0.0,0.0,0.0,0.0,0.0,0.0,0.0,0.0,0.0,0.0,0.0,0.0,0.0,0.0,0.0,0.0,0.0,0.0,0.0,0.0,0.0,0.0,0.0,0.0,0.0,0.0,0.0,0.0,0.0,0.0,0.0,0.0,0.0
10212,66,78,0,0.0,0.0,0.0,0.0,0.0,0.0,0.0,0.0,0.0,0.0,0.0,0.0,0.0,0.0,0.0,0.0,0.0,0.0,0.0,0.0,0.0,0.0,0.0,0.0,0.0,0.0,0.0,0.0,0.0,0.0,0.0,0.0,0.0,0.0,0.0
10213,66,81,0,0.0,0.0,0.0,0.0,0.0,0.0,0.0,0.0,0.0,0.0,0.0,0.0,0.0,0.0,0.0,0.0,0.0,0.0,0.0,0.0,0.0,0.0,0.0,0.0,0.0,0.0,0.0,0.0,0.0,0.0,0.0,0.0,0.0,0.0,0.0
10214,66,82,0,0.0,0.0,0.0,0.0,0.0,0.0,0.0,0.0,0.0,0.0,0.0,0.0,0.0,0.0,0.0,0.0,0.0,0.0,0.0,0.0,0.0,0.0,0.0,0.0,0.0,0.0,0.0,0.0,0.0,0.0,0.0,0.0,0.0,0.0,0.0
10215,66,83,0,0.0,0.0,0.0,0.0,0.0,0.0,0.0,0.0,0.0,0.0,0.0,0.0,0.0,0.0,0.0,0.0,0.0,0.0,0.0,0.0,0.0,0.0,0.0,0.0,0.0,0.0,0.0,0.0,0.0,0.0,0.0,0.0,0.0,0.0,0.0
10216,66,85,0,0.0,0.0,0.0,0.0,0.0,0.0,0.0,0.0,0.0,0.0,0.0,0.0,0.0,0.0,0.0,0.0,0.0,0.0,0.0,0.0,0.0,0.0,0.0,0.0,0.0,0.0,0.0,0.0,0.0,0.0,0.0,0.0,0.0,0.0,0.0
10217,66,86,0,0.0,0.0,0.0,0.0,0.0,0.0,0.0,0.0,0.0,0.0,0.0,0.0,0.0,0.0,0.0,0.0,0.0,0.0,0.0,0.0,0.0,0.0,0.0,0.0,0.0,0.0,0.0,0.0,0.0,0.0,0.0,0.0,0.0,0.0,0.0
10218,66,88,0,0.0,0.0,0.0,0.0,0.0,0.0,0.0,0.0,0.0,0.0,0.0,0.0,0.0,0.0,0.0,0.0,0.0,0.0,0.0,0.0,0.0,0.0,0.0,0.0,0.0,0.0,0.0,0.0,0.0,0.0,0.0,0.0,0.0,0.0,0.0
10219,66,89,0,0.0,0.0,0.0,0.0,0.0,0.0,0.0,0.0,0.0,0.0,0.0,0.0,0.0,0.0,0.0,0.0,0.0,0.0,0.0,0.0,0.0,0.0,0.0,0.0,0.0,0.0,0.0,0.0,0.0,0.0,0.0,0.0,0.0,0.0,0.0
10220,66,90,0,0.0,0.0,0.0,0.0,0.0,0.0,0.0,0.0,0.0,0.0,0.0,0.0,0.0,0.0,0.0,0.0,0.0,0.0,0.0,0.0,0.0,0.0,0.0,0.0,0.0,0.0,0.0,0.0,0.0,0.0,0.0,0.0,0.0,0.0,0.0
10221,66,92,0,0.0,0.0,0.0,0.0,0.0,0.0,0.0,0.0,0.0,0.0,0.0,0.0,0.0,0.0,0.0,0.0,0.0,0.0,0.0,0.0,0.0,0.0,0.0,0.0,0.0,0.0,0.0,0.0,0.0,0.0,0.0,0.0,0.0,0.0,0.0
10222,66,93,0,0.0,0.0,0.0,0.0,0.0,0.0,0.0,0.0,0.0,0.0,0.0,0.0,0.0,0.0,0.0,0.0,0.0,0.0,0.0,0.0,0.0,0.0,0.0,0.0,0.0,0.0,0.0,0.0,0.0,0.0,0.0,0.0,0.0,0.0,0.0
10223,66,94,0,0.0,0.0,0.0,0.0,0.0,0.0,0.0,0.0,0.0,0.0,0.0,0.0,0.0,0.0,0.0,0.0,0.0,0.0,0.0,0.0,0.0,0.0,0.0,0.0,0.0,0.0,0.0,0.0,0.0,0.0,0.0,0.0,0.0,0.0,0.0
10224,66,96,0,0.0,0.0,0.0,0.0,0.0,0.0,0.0,0.0,0.0,0.0,0.0,0.0,0.0,0.0,0.0,0.0,0.0,0.0,0.0,0.0,0.0,0.0,0.0,0.0,0.0,0.0,0.0,0.0,0.0,0.0,0.0,0.0,0.0,0.0,0.0
10225,66,101,0,0.0,0.0,0.0,0.0,0.0,0.0,0.0,0.0,0.0,0.0,0.0,0.0,0.0,0.0,0.0,0.0,0.0,0.0,0.0,0.0,0.0,0.0,0.0,0.0,0.0,0.0,0.0,0.0,0.0,0.0,0.0,0.0,0.0,0.0,0.0
10226,66,105,0,0.0,0.0,0.0,0.0,0.0,0.0,0.0,0.0,0.0,0.0,0.0,0.0,0.0,0.0,0.0,0.0,0.0,0.0,0.0,0.0,0.0,0.0,0.0,0.0,0.0,0.0,0.0,0.0,0.0,0.0,0.0,0.0,0.0,0.0,0.0
10227,66,109,0,0.0,0.0,0.0,0.0,0.0,0.0,0.0,0.0,0.0,0.0,0.0,0.0,0.0,0.0,0.0,0.0,0.0,0.0,0.0,0.0,0.0,0.0,0.0,0.0,0.0,0.0,0.0,0.0,0.0,0.0,0.0,0.0,0.0,0.0,0.0
10228,66,111,0,0.0,0.0,0.0,0.0,0.0,0.0,0.0,0.0,0.0,0.0,0.0,0.0,0.0,0.0,0.0,0.0,0.0,0.0,0.0,0.0,0.0,0.0,0.0,0.0,0.0,0.0,0.0,0.0,0.0,0.0,0.0,0.0,0.0,0.0,0.0
10229,66,112,0,0.0,0.0,0.0,0.0,0.0,0.0,0.0,0.0,0.0,0.0,0.0,0.0,0.0,0.0,0.0,0.0,0.0,0.0,0.0,0.0,0.0,0.0,0.0,0.0,0.0,0.0,0.0,0.0,0.0,0.0,0.0,0.0,0.0,0.0,0.0
10230,66,114,0,0.0,0.0,0.0,0.0,0.0,0.0,0.0,0.0,0.0,0.0,0.0,0.0,0.0,0.0,0.0,0.0,0.0,0.0,0.0,0.0,0.0,0.0,0.0,0.0,0.0,0.0,0.0,0.0,0.0,0.0,0.0,0.0,0.0,0.0,0.0
10231,66,116,0,0.0,0.0,0.0,0.0,0.0,0.0,0.0,0.0,0.0,0.0,0.0,0.0,0.0,0.0,0.0,0.0,0.0,0.0,0.0,0.0,0.0,0.0,0.0,0.0,0.0,0.0,0.0,0.0,0.0,0.0,0.0,0.0,0.0,0.0,0.0
10232,66,119,0,0.0,0.0,0.0,0.0,0.0,0.0,0.0,0.0,0.0,0.0,0.0,0.0,0.0,0.0,0.0,0.0,0.0,0.0,0.0,0.0,0.0,0.0,0.0,0.0,0.0,0.0,0.0,0.0,0.0,0.0,0.0,0.0,0.0,0.0,0.0
10233,66,120,0,0.0,0.0,0.0,0.0,0.0,0.0,0.0,0.0,0.0,0.0,0.0,0.0,0.0,0.0,0.0,0.0,0.0,0.0,0.0,0.0,0.0,0.0,0.0,0.0,0.0,0.0,0.0,0.0,0.0,0.0,0.0,0.0,0.0,0.0,0.0
10234,66,123,0,0.0,0.0,0.0,0.0,0.0,0.0,0.0,0.0,0.0,0.0,0.0,0.0,0.0,0.0,0.0,0.0,0.0,0.0,0.0,0.0,0.0,0.0,0.0,0.0,0.0,0.0,0.0,0.0,0.0,0.0,0.0,0.0,0.0,0.0,0.0
10235,66,125,0,0.0,0.0,0.0,0.0,0.0,0.0,0.0,0.0,0.0,0.0,0.0,0.0,0.0,0.0,0.0,0.0,0.0,0.0,0.0,0.0,0.0,0.0,0.0,0.0,0.0,0.0,0.0,0.0,0.0,0.0,0.0,0.0,0.0,0.0,0.0
10236,66,126,0,0.0,0.0,0.0,0.0,0.0,0.0,0.0,0.0,0.0,0.0,0.0,0.0,0.0,0.0,0.0,0.0,0.0,0.0,0.0,0.0,0.0,0.0,0.0,0.0,0.0,0.0,0.0,0.0,0.0,0.0,0.0,0.0,0.0,0.0,0.0
10237,66,127,0,0.0,0.0,0.0,0.0,0.0,0.0,0.0,0.0,0.0,0.0,0.0,0.0,0.0,0.0,0.0,0.0,0.0,0.0,0.0,0.0,0.0,0.0,0.0,0.0,0.0,0.0,0.0,0.0,0.0,0.0,0.0,0.0,0.0,0.0,0.0
10238,66,129,0,0.0,0.0,0.0,0.0,0.0,0.0,0.0,0.0,0.0,0.0,0.0,0.0,0.0,0.0,0.0,0.0,0.0,0.0,0.0,0.0,0.0,0.0,0.0,0.0,0.0,0.0,0.0,0.0,0.0,0.0,0.0,0.0,0.0,0.0,0.0
10239,66,131,0,0.0,0.0,0.0,0.0,0.0,0.0,0.0,0.0,0.0,0.0,0.0,0.0,0.0,0.0,0.0,0.0,0.0,0.0,0.0,0.0,0.0,0.0,0.0,0.0,0.0,0.0,0.0,0.0,0.0,0.0,0.0,0.0,0.0,0.0,0.0
10240,66,132,0,0.0,0.0,0.0,0.0,0.0,0.0,0.0,0.0,0.0,0.0,0.0,0.0,0.0,0.0,0.0,0.0,0.0,0.0,0.0,0.0,0.0,0.0,0.0,0.0,0.0,0.0,0.0,0.0,0.0,0.0,0.0,0.0,0.0,0.0,0.0
10241,66,134,0,0.0,0.0,0.0,0.0,0.0,0.0,0.0,0.0,0.0,0.0,0.0,0.0,0.0,0.0,0.0,0.0,0.0,0.0,0.0,0.0,0.0,0.0,0.0,0.0,0.0,0.0,0.0,0.0,0.0,0.0,0.0,0.0,0.0,0.0,0.0
10242,66,136,0,0.0,0.0,0.0,0.0,0.0,0.0,0.0,0.0,0.0,0.0,0.0,0.0,0.0,0.0,0.0,0.0,0.0,0.0,0.0,0.0,0.0,0.0,0.0,0.0,0.0,0.0,0.0,0.0,0.0,0.0,0.0,0.0,0.0,0.0,0.0
10243,66,140,0,0.0,0.0,0.0,0.0,0.0,0.0,0.0,0.0,0.0,0.0,0.0,0.0,0.0,0.0,0.0,0.0,0.0,0.0,0.0,0.0,0.0,0.0,0.0,0.0,0.0,0.0,0.0,0.0,0.0,0.0,0.0,0.0,0.0,0.0,0.0
10244,66,142,0,0.0,0.0,0.0,0.0,0.0,0.0,0.0,0.0,0.0,0.0,0.0,0.0,0.0,0.0,0.0,0.0,0.0,0.0,0.0,0.0,0.0,0.0,0.0,0.0,0.0,0.0,0.0,0.0,0.0,0.0,0.0,0.0,0.0,0.0,0.0
10245,66,144,0,0.0,0.0,0.0,0.0,0.0,0.0,0.0,0.0,0.0,0.0,0.0,0.0,0.0,0.0,0.0,0.0,0.0,0.0,0.0,0.0,0.0,0.0,0.0,0.0,0.0,0.0,0.0,0.0,0.0,0.0,0.0,0.0,0.0,0.0,0.0
10246,66,147,0,0.0,0.0,0.0,0.0,0.0,0.0,0.0,0.0,0.0,0.0,0.0,0.0,0.0,0.0,0.0,0.0,0.0,0.0,0.0,0.0,0.0,0.0,0.0,0.0,0.0,0.0,0.0,0.0,0.0,0.0,0.0,0.0,0.0,0.0,0.0
10247,66,149,0,0.0,0.0,0.0,0.0,0.0,0.0,0.0,0.0,0.0,0.0,0.0,0.0,0.0,0.0,0.0,0.0,0.0,0.0,0.0,0.0,0.0,0.0,0.0,0.0,0.0,0.0,0.0,0.0,0.0,0.0,0.0,0.0,0.0,0.0,0.0
10248,66,150,0,0.0,0.0,0.0,0.0,0.0,0.0,0.0,0.0,0.0,0.0,0.0,0.0,0.0,0.0,0.0,0.0,0.0,0.0,0.0,0.0,0.0,0.0,0.0,0.0,0.0,0.0,0.0,0.0,0.0,0.0,0.0,0.0,0.0,0.0,0.0
10249,66,154,0,0.0,0.0,0.0,0.0,0.0,0.0,0.0,0.0,0.0,0.0,0.0,0.0,0.0,0.0,0.0,0.0,0.0,0.0,0.0,0.0,0.0,0.0,0.0,0.0,0.0,0.0,0.0,0.0,0.0,0.0,0.0,0.0,0.0,0.0,0.0
10250,66,155,0,0.0,0.0,0.0,0.0,0.0,0.0,0.0,0.0,0.0,0.0,0.0,0.0,0.0,0.0,0.0,0.0,0.0,0.0,0.0,0.0,0.0,0.0,0.0,0.0,0.0,0.0,0.0,0.0,0.0,0.0,0.0,0.0,0.0,0.0,0.0
10251,66,160,0,0.0,0.0,0.0,0.0,0.0,0.0,0.0,0.0,0.0,0.0,0.0,0.0,0.0,0.0,0.0,0.0,0.0,0.0,0.0,0.0,0.0,0.0,0.0,0.0,0.0,0.0,0.0,0.0,0.0,0.0,0.0,0.0,0.0,0.0,0.0
10252,66,161,0,0.0,0.0,0.0,0.0,0.0,0.0,0.0,0.0,0.0,0.0,0.0,0.0,0.0,0.0,0.0,0.0,0.0,0.0,0.0,0.0,0.0,0.0,0.0,0.0,0.0,0.0,0.0,0.0,0.0,0.0,0.0,0.0,0.0,0.0,0.0
10253,66,162,0,0.0,0.0,0.0,0.0,0.0,0.0,0.0,0.0,0.0,0.0,0.0,0.0,0.0,0.0,0.0,0.0,0.0,0.0,0.0,0.0,0.0,0.0,0.0,0.0,0.0,0.0,0.0,0.0,0.0,0.0,0.0,0.0,0.0,0.0,0.0
10254,66,163,0,0.0,0.0,0.0,0.0,0.0,0.0,0.0,0.0,0.0,0.0,0.0,0.0,0.0,0.0,0.0,0.0,0.0,0.0,0.0,0.0,0.0,0.0,0.0,0.0,0.0,0.0,0.0,0.0,0.0,0.0,0.0,0.0,0.0,0.0,0.0
10255,66,164,0,0.0,0.0,0.0,0.0,0.0,0.0,0.0,0.0,0.0,0.0,0.0,0.0,0.0,0.0,0.0,0.0,0.0,0.0,0.0,0.0,0.0,0.0,0.0,0.0,0.0,0.0,0.0,0.0,0.0,0.0,0.0,0.0,0.0,0.0,0.0
10256,66,165,0,0.0,0.0,0.0,0.0,0.0,0.0,0.0,0.0,0.0,0.0,0.0,0.0,0.0,0.0,0.0,0.0,0.0,0.0,0.0,0.0,0.0,0.0,0.0,0.0,0.0,0.0,0.0,0.0,0.0,0.0,0.0,0.0,0.0,0.0,0.0
10257,66,167,0,0.0,0.0,0.0,0.0,0.0,0.0,0.0,0.0,0.0,0.0,0.0,0.0,0.0,0.0,0.0,0.0,0.0,0.0,0.0,0.0,0.0,0.0,0.0,0.0,0.0,0.0,0.0,0.0,0.0,0.0,0.0,0.0,0.0,0.0,0.0
10258,66,168,0,0.0,0.0,0.0,0.0,0.0,0.0,0.0,0.0,0.0,0.0,0.0,0.0,0.0,0.0,0.0,0.0,0.0,0.0,0.0,0.0,0.0,0.0,0.0,0.0,0.0,0.0,0.0,0.0,0.0,0.0,0.0,0.0,0.0,0.0,0.0
10259,66,172,0,0.0,0.0,0.0,0.0,0.0,0.0,0.0,0.0,0.0,0.0,0.0,0.0,0.0,0.0,0.0,0.0,0.0,0.0,0.0,0.0,0.0,0.0,0.0,0.0,0.0,0.0,0.0,0.0,0.0,0.0,0.0,0.0,0.0,0.0,0.0
10260,66,174,0,0.0,0.0,0.0,0.0,0.0,0.0,0.0,0.0,0.0,0.0,0.0,0.0,0.0,0.0,0.0,0.0,0.0,0.0,0.0,0.0,0.0,0.0,0.0,0.0,0.0,0.0,0.0,0.0,0.0,0.0,0.0,0.0,0.0,0.0,0.0
10261,66,175,0,0.0,0.0,0.0,0.0,0.0,0.0,0.0,0.0,0.0,0.0,0.0,0.0,0.0,0.0,0.0,0.0,0.0,0.0,0.0,0.0,0.0,0.0,0.0,0.0,0.0,0.0,0.0,0.0,0.0,0.0,0.0,0.0,0.0,0.0,0.0
10262,66,176,0,0.0,0.0,0.0,0.0,0.0,0.0,0.0,0.0,0.0,0.0,0.0,0.0,0.0,0.0,0.0,0.0,0.0,0.0,0.0,0.0,0.0,0.0,0.0,0.0,0.0,0.0,0.0,0.0,0.0,0.0,0.0,0.0,0.0,0.0,0.0
10263,66,177,0,0.0,0.0,0.0,0.0,0.0,0.0,0.0,0.0,0.0,0.0,0.0,0.0,0.0,0.0,0.0,0.0,0.0,0.0,0.0,0.0,0.0,0.0,0.0,0.0,0.0,0.0,0.0,0.0,0.0,0.0,0.0,0.0,0.0,0.0,0.0
10264,66,181,0,0.0,0.0,0.0,0.0,0.0,0.0,0.0,0.0,0.0,0.0,0.0,0.0,0.0,0.0,0.0,0.0,0.0,0.0,0.0,0.0,0.0,0.0,0.0,0.0,0.0,0.0,0.0,0.0,0.0,0.0,0.0,0.0,0.0,0.0,0.0
10265,66,186,0,0.0,0.0,0.0,0.0,0.0,0.0,0.0,0.0,0.0,0.0,0.0,0.0,0.0,0.0,0.0,0.0,0.0,0.0,0.0,0.0,0.0,0.0,0.0,0.0,0.0,0.0,0.0,0.0,0.0,0.0,0.0,0.0,0.0,0.0,0.0
10266,66,188,0,0.0,0.0,0.0,0.0,0.0,0.0,0.0,0.0,0.0,0.0,0.0,0.0,0.0,0.0,0.0,0.0,0.0,0.0,0.0,0.0,0.0,0.0,0.0,0.0,0.0,0.0,0.0,0.0,0.0,0.0,0.0,0.0,0.0,0.0,0.0
10267,66,189,0,0.0,0.0,0.0,0.0,0.0,0.0,0.0,0.0,0.0,0.0,0.0,0.0,0.0,0.0,0.0,0.0,0.0,0.0,0.0,0.0,0.0,0.0,0.0,0.0,0.0,0.0,0.0,0.0,0.0,0.0,0.0,0.0,0.0,0.0,0.0
10268,68,4,0,0.0,0.0,0.0,0.0,0.0,0.0,0.0,0.0,0.0,0.0,0.0,0.0,0.0,0.0,0.0,0.0,0.0,0.0,0.0,0.0,0.0,0.0,0.0,0.0,0.0,0.0,0.0,0.0,0.0,0.0,0.0,0.0,0.0,0.0,0.0
10269,68,7,0,0.0,0.0,0.0,0.0,0.0,0.0,0.0,0.0,0.0,0.0,0.0,0.0,0.0,0.0,0.0,0.0,0.0,0.0,0.0,0.0,0.0,0.0,0.0,0.0,0.0,0.0,0.0,0.0,0.0,0.0,0.0,0.0,0.0,0.0,0.0
10270,68,9,0,0.0,0.0,0.0,0.0,0.0,0.0,0.0,0.0,0.0,0.0,0.0,0.0,0.0,0.0,0.0,0.0,0.0,0.0,0.0,0.0,0.0,0.0,0.0,0.0,0.0,0.0,0.0,0.0,0.0,0.0,0.0,0.0,0.0,0.0,0.0
10271,68,11,0,0.0,0.0,0.0,0.0,0.0,0.0,0.0,0.0,0.0,0.0,0.0,0.0,0.0,0.0,0.0,0.0,0.0,0.0,0.0,0.0,0.0,0.0,0.0,0.0,0.0,0.0,0.0,0.0,0.0,0.0,0.0,0.0,0.0,0.0,0.0
10272,68,12,0,0.0,0.0,0.0,0.0,0.0,0.0,0.0,0.0,0.0,0.0,0.0,0.0,0.0,0.0,0.0,0.0,0.0,0.0,0.0,0.0,0.0,0.0,0.0,0.0,0.0,0.0,0.0,0.0,0.0,0.0,0.0,0.0,0.0,0.0,0.0
10273,68,13,0,0.0,0.0,0.0,0.0,0.0,0.0,0.0,0.0,0.0,0.0,0.0,0.0,0.0,0.0,0.0,0.0,0.0,0.0,0.0,0.0,0.0,0.0,0.0,0.0,0.0,0.0,0.0,0.0,0.0,0.0,0.0,0.0,0.0,0.0,0.0
10274,68,14,0,0.0,0.0,0.0,0.0,0.0,0.0,0.0,0.0,0.0,0.0,0.0,0.0,0.0,0.0,0.0,0.0,0.0,0.0,0.0,0.0,0.0,0.0,0.0,0.0,0.0,0.0,0.0,0.0,0.0,0.0,0.0,0.0,0.0,0.0,0.0
10275,68,15,0,0.0,0.0,0.0,0.0,0.0,0.0,0.0,0.0,0.0,0.0,0.0,0.0,0.0,0.0,0.0,0.0,0.0,0.0,0.0,0.0,0.0,0.0,0.0,0.0,0.0,0.0,0.0,0.0,0.0,0.0,0.0,0.0,0.0,0.0,0.0
10276,68,16,0,0.0,0.0,0.0,0.0,0.0,0.0,0.0,0.0,0.0,0.0,0.0,0.0,0.0,0.0,0.0,0.0,0.0,0.0,0.0,0.0,0.0,0.0,0.0,0.0,0.0,0.0,0.0,0.0,0.0,0.0,0.0,0.0,0.0,0.0,0.0
10277,68,19,0,0.0,0.0,0.0,0.0,0.0,0.0,0.0,0.0,0.0,0.0,0.0,0.0,0.0,0.0,0.0,0.0,0.0,0.0,0.0,0.0,0.0,0.0,0.0,0.0,0.0,0.0,0.0,0.0,0.0,0.0,0.0,0.0,0.0,0.0,0.0
10278,68,21,0,0.0,0.0,0.0,0.0,0.0,0.0,0.0,0.0,0.0,0.0,0.0,0.0,0.0,0.0,0.0,0.0,0.0,0.0,0.0,0.0,0.0,0.0,0.0,0.0,0.0,0.0,0.0,0.0,0.0,0.0,0.0,0.0,0.0,0.0,0.0
10279,68,24,0,0.0,0.0,0.0,0.0,0.0,0.0,0.0,0.0,0.0,0.0,0.0,0.0,0.0,0.0,0.0,0.0,0.0,0.0,0.0,0.0,0.0,0.0,0.0,0.0,0.0,0.0,0.0,0.0,0.0,0.0,0.0,0.0,0.0,0.0,0.0
10280,68,25,0,0.0,0.0,0.0,0.0,0.0,0.0,0.0,0.0,0.0,0.0,0.0,0.0,0.0,0.0,0.0,0.0,0.0,0.0,0.0,0.0,0.0,0.0,0.0,0.0,0.0,0.0,0.0,0.0,0.0,0.0,0.0,0.0,0.0,0.0,0.0
10281,68,27,0,0.0,0.0,0.0,0.0,0.0,0.0,0.0,0.0,0.0,0.0,0.0,0.0,0.0,0.0,0.0,0.0,0.0,0.0,0.0,0.0,0.0,0.0,0.0,0.0,0.0,0.0,0.0,0.0,0.0,0.0,0.0,0.0,0.0,0.0,0.0
10282,68,29,0,0.0,0.0,0.0,0.0,0.0,0.0,0.0,0.0,0.0,0.0,0.0,0.0,0.0,0.0,0.0,0.0,0.0,0.0,0.0,0.0,0.0,0.0,0.0,0.0,0.0,0.0,0.0,0.0,0.0,0.0,0.0,0.0,0.0,0.0,0.0
10283,68,31,0,0.0,0.0,0.0,0.0,0.0,0.0,0.0,0.0,0.0,0.0,0.0,0.0,0.0,0.0,0.0,0.0,0.0,0.0,0.0,0.0,0.0,0.0,0.0,0.0,0.0,0.0,0.0,0.0,0.0,0.0,0.0,0.0,0.0,0.0,0.0
10284,68,32,0,0.0,0.0,0.0,0.0,0.0,0.0,0.0,0.0,0.0,0.0,0.0,0.0,0.0,0.0,0.0,0.0,0.0,0.0,0.0,0.0,0.0,0.0,0.0,0.0,0.0,0.0,0.0,0.0,0.0,0.0,0.0,0.0,0.0,0.0,0.0
10285,68,38,0,0.0,0.0,0.0,0.0,0.0,0.0,0.0,0.0,0.0,0.0,0.0,0.0,0.0,0.0,0.0,0.0,0.0,0.0,0.0,0.0,0.0,0.0,0.0,0.0,0.0,0.0,0.0,0.0,0.0,0.0,0.0,0.0,0.0,0.0,0.0
10286,68,39,0,0.0,0.0,0.0,0.0,0.0,0.0,0.0,0.0,0.0,0.0,0.0,0.0,0.0,0.0,0.0,0.0,0.0,0.0,0.0,0.0,0.0,0.0,0.0,0.0,0.0,0.0,0.0,0.0,0.0,0.0,0.0,0.0,0.0,0.0,0.0
10287,68,43,0,0.0,0.0,0.0,0.0,0.0,0.0,0.0,0.0,0.0,0.0,0.0,0.0,0.0,0.0,0.0,0.0,0.0,0.0,0.0,0.0,0.0,0.0,0.0,0.0,0.0,0.0,0.0,0.0,0.0,0.0,0.0,0.0,0.0,0.0,0.0
10288,68,45,0,0.0,0.0,0.0,0.0,0.0,0.0,0.0,0.0,0.0,0.0,0.0,0.0,0.0,0.0,0.0,0.0,0.0,0.0,0.0,0.0,0.0,0.0,0.0,0.0,0.0,0.0,0.0,0.0,0.0,0.0,0.0,0.0,0.0,0.0,0.0
10289,68,47,0,0.0,0.0,0.0,0.0,0.0,0.0,0.0,0.0,0.0,0.0,0.0,0.0,0.0,0.0,0.0,0.0,0.0,0.0,0.0,0.0,0.0,0.0,0.0,0.0,0.0,0.0,0.0,0.0,0.0,0.0,0.0,0.0,0.0,0.0,0.0
10290,68,49,0,0.0,0.0,0.0,0.0,0.0,0.0,0.0,0.0,0.0,0.0,0.0,0.0,0.0,0.0,0.0,0.0,0.0,0.0,0.0,0.0,0.0,0.0,0.0,0.0,0.0,0.0,0.0,0.0,0.0,0.0,0.0,0.0,0.0,0.0,0.0
10291,68,51,0,0.0,0.0,0.0,0.0,0.0,0.0,0.0,0.0,0.0,0.0,0.0,0.0,0.0,0.0,0.0,0.0,0.0,0.0,0.0,0.0,0.0,0.0,0.0,0.0,0.0,0.0,0.0,0.0,0.0,0.0,0.0,0.0,0.0,0.0,0.0
10292,68,52,0,0.0,0.0,0.0,0.0,0.0,0.0,0.0,0.0,0.0,0.0,0.0,0.0,0.0,0.0,0.0,0.0,0.0,0.0,0.0,0.0,0.0,0.0,0.0,0.0,0.0,0.0,0.0,0.0,0.0,0.0,0.0,0.0,0.0,0.0,0.0
10293,68,53,0,0.0,0.0,0.0,0.0,0.0,0.0,0.0,0.0,0.0,0.0,0.0,0.0,0.0,0.0,0.0,0.0,0.0,0.0,0.0,0.0,0.0,0.0,0.0,0.0,0.0,0.0,0.0,0.0,0.0,0.0,0.0,0.0,0.0,0.0,0.0
10294,68,56,0,0.0,0.0,0.0,0.0,0.0,0.0,0.0,0.0,0.0,0.0,0.0,0.0,0.0,0.0,0.0,0.0,0.0,0.0,0.0,0.0,0.0,0.0,0.0,0.0,0.0,0.0,0.0,0.0,0.0,0.0,0.0,0.0,0.0,0.0,0.0
10295,68,58,0,0.0,0.0,0.0,0.0,0.0,0.0,0.0,0.0,0.0,0.0,0.0,0.0,0.0,0.0,0.0,0.0,0.0,0.0,0.0,0.0,0.0,0.0,0.0,0.0,0.0,0.0,0.0,0.0,0.0,0.0,0.0,0.0,0.0,0.0,0.0
10296,68,59,0,0.0,0.0,0.0,0.0,0.0,0.0,0.0,0.0,0.0,0.0,0.0,0.0,0.0,0.0,0.0,0.0,0.0,0.0,0.0,0.0,0.0,0.0,0.0,0.0,0.0,0.0,0.0,0.0,0.0,0.0,0.0,0.0,0.0,0.0,0.0
10297,68,62,0,0.0,0.0,0.0,0.0,0.0,0.0,0.0,0.0,0.0,0.0,0.0,0.0,0.0,0.0,0.0,0.0,0.0,0.0,0.0,0.0,0.0,0.0,0.0,0.0,0.0,0.0,0.0,0.0,0.0,0.0,0.0,0.0,0.0,0.0,0.0
10298,68,67,0,0.0,0.0,0.0,0.0,0.0,0.0,0.0,0.0,0.0,0.0,0.0,0.0,0.0,0.0,0.0,0.0,0.0,0.0,0.0,0.0,0.0,0.0,0.0,0.0,0.0,0.0,0.0,0.0,0.0,0.0,0.0,0.0,0.0,0.0,0.0
10299,68,68,0,0.0,0.0,0.0,0.0,0.0,0.0,0.0,0.0,0.0,0.0,0.0,0.0,0.0,0.0,0.0,0.0,0.0,0.0,0.0,0.0,0.0,0.0,0.0,0.0,0.0,0.0,0.0,0.0,0.0,0.0,0.0,0.0,0.0,0.0,0.0
10300,68,74,0,0.0,0.0,0.0,0.0,0.0,0.0,0.0,0.0,0.0,0.0,0.0,0.0,0.0,0.0,0.0,0.0,0.0,0.0,0.0,0.0,0.0,0.0,0.0,0.0,0.0,0.0,0.0,0.0,0.0,0.0,0.0,0.0,0.0,0.0,0.0
10301,68,76,0,0.0,0.0,0.0,0.0,0.0,0.0,0.0,0.0,0.0,0.0,0.0,0.0,0.0,0.0,0.0,0.0,0.0,0.0,0.0,0.0,0.0,0.0,0.0,0.0,0.0,0.0,0.0,0.0,0.0,0.0,0.0,0.0,0.0,0.0,0.0
10302,68,77,0,0.0,0.0,0.0,0.0,0.0,0.0,0.0,0.0,0.0,0.0,0.0,0.0,0.0,0.0,0.0,0.0,0.0,0.0,0.0,0.0,0.0,0.0,0.0,0.0,0.0,0.0,0.0,0.0,0.0,0.0,0.0,0.0,0.0,0.0,0.0
10303,68,78,0,0.0,0.0,0.0,0.0,0.0,0.0,0.0,0.0,0.0,0.0,0.0,0.0,0.0,0.0,0.0,0.0,0.0,0.0,0.0,0.0,0.0,0.0,0.0,0.0,0.0,0.0,0.0,0.0,0.0,0.0,0.0,0.0,0.0,0.0,0.0
10304,68,83,0,0.0,0.0,0.0,0.0,0.0,0.0,0.0,0.0,0.0,0.0,0.0,0.0,0.0,0.0,0.0,0.0,0.0,0.0,0.0,0.0,0.0,0.0,0.0,0.0,0.0,0.0,0.0,0.0,0.0,0.0,0.0,0.0,0.0,0.0,0.0
10305,68,85,0,0.0,0.0,0.0,0.0,0.0,0.0,0.0,0.0,0.0,0.0,0.0,0.0,0.0,0.0,0.0,0.0,0.0,0.0,0.0,0.0,0.0,0.0,0.0,0.0,0.0,0.0,0.0,0.0,0.0,0.0,0.0,0.0,0.0,0.0,0.0
10306,68,86,0,0.0,0.0,0.0,0.0,0.0,0.0,0.0,0.0,0.0,0.0,0.0,0.0,0.0,0.0,0.0,0.0,0.0,0.0,0.0,0.0,0.0,0.0,0.0,0.0,0.0,0.0,0.0,0.0,0.0,0.0,0.0,0.0,0.0,0.0,0.0
10307,68,87,0,0.0,0.0,0.0,0.0,0.0,0.0,0.0,0.0,0.0,0.0,0.0,0.0,0.0,0.0,0.0,0.0,0.0,0.0,0.0,0.0,0.0,0.0,0.0,0.0,0.0,0.0,0.0,0.0,0.0,0.0,0.0,0.0,0.0,0.0,0.0
10308,68,89,0,0.0,0.0,0.0,0.0,0.0,0.0,0.0,0.0,0.0,0.0,0.0,0.0,0.0,0.0,0.0,0.0,0.0,0.0,0.0,0.0,0.0,0.0,0.0,0.0,0.0,0.0,0.0,0.0,0.0,0.0,0.0,0.0,0.0,0.0,0.0
10309,68,90,0,0.0,0.0,0.0,0.0,0.0,0.0,0.0,0.0,0.0,0.0,0.0,0.0,0.0,0.0,0.0,0.0,0.0,0.0,0.0,0.0,0.0,0.0,0.0,0.0,0.0,0.0,0.0,0.0,0.0,0.0,0.0,0.0,0.0,0.0,0.0
10310,68,91,0,0.0,0.0,0.0,0.0,0.0,0.0,0.0,0.0,0.0,0.0,0.0,0.0,0.0,0.0,0.0,0.0,0.0,0.0,0.0,0.0,0.0,0.0,0.0,0.0,0.0,0.0,0.0,0.0,0.0,0.0,0.0,0.0,0.0,0.0,0.0
10311,68,92,0,0.0,0.0,0.0,0.0,0.0,0.0,0.0,0.0,0.0,0.0,0.0,0.0,0.0,0.0,0.0,0.0,0.0,0.0,0.0,0.0,0.0,0.0,0.0,0.0,0.0,0.0,0.0,0.0,0.0,0.0,0.0,0.0,0.0,0.0,0.0
10312,68,95,0,0.0,0.0,0.0,0.0,0.0,0.0,0.0,0.0,0.0,0.0,0.0,0.0,0.0,0.0,0.0,0.0,0.0,0.0,0.0,0.0,0.0,0.0,0.0,0.0,0.0,0.0,0.0,0.0,0.0,0.0,0.0,0.0,0.0,0.0,0.0
10313,68,96,0,0.0,0.0,0.0,0.0,0.0,0.0,0.0,0.0,0.0,0.0,0.0,0.0,0.0,0.0,0.0,0.0,0.0,0.0,0.0,0.0,0.0,0.0,0.0,0.0,0.0,0.0,0.0,0.0,0.0,0.0,0.0,0.0,0.0,0.0,0.0
10314,68,100,0,0.0,0.0,0.0,0.0,0.0,0.0,0.0,0.0,0.0,0.0,0.0,0.0,0.0,0.0,0.0,0.0,0.0,0.0,0.0,0.0,0.0,0.0,0.0,0.0,0.0,0.0,0.0,0.0,0.0,0.0,0.0,0.0,0.0,0.0,0.0
10315,68,101,0,0.0,0.0,0.0,0.0,0.0,0.0,0.0,0.0,0.0,0.0,0.0,0.0,0.0,0.0,0.0,0.0,0.0,0.0,0.0,0.0,0.0,0.0,0.0,0.0,0.0,0.0,0.0,0.0,0.0,0.0,0.0,0.0,0.0,0.0,0.0
10316,68,105,0,0.0,0.0,0.0,0.0,0.0,0.0,0.0,0.0,0.0,0.0,0.0,0.0,0.0,0.0,0.0,0.0,0.0,0.0,0.0,0.0,0.0,0.0,0.0,0.0,0.0,0.0,0.0,0.0,0.0,0.0,0.0,0.0,0.0,0.0,0.0
10317,68,106,0,0.0,0.0,0.0,0.0,0.0,0.0,0.0,0.0,0.0,0.0,0.0,0.0,0.0,0.0,0.0,0.0,0.0,0.0,0.0,0.0,0.0,0.0,0.0,0.0,0.0,0.0,0.0,0.0,0.0,0.0,0.0,0.0,0.0,0.0,0.0
10318,68,108,0,0.0,0.0,0.0,0.0,0.0,0.0,0.0,0.0,0.0,0.0,0.0,0.0,0.0,0.0,0.0,0.0,0.0,0.0,0.0,0.0,0.0,0.0,0.0,0.0,0.0,0.0,0.0,0.0,0.0,0.0,0.0,0.0,0.0,0.0,0.0
10319,68,109,0,0.0,0.0,0.0,0.0,0.0,0.0,0.0,0.0,0.0,0.0,0.0,0.0,0.0,0.0,0.0,0.0,0.0,0.0,0.0,0.0,0.0,0.0,0.0,0.0,0.0,0.0,0.0,0.0,0.0,0.0,0.0,0.0,0.0,0.0,0.0
10320,68,110,0,0.0,0.0,0.0,0.0,0.0,0.0,0.0,0.0,0.0,0.0,0.0,0.0,0.0,0.0,0.0,0.0,0.0,0.0,0.0,0.0,0.0,0.0,0.0,0.0,0.0,0.0,0.0,0.0,0.0,0.0,0.0,0.0,0.0,0.0,0.0
10321,68,112,0,0.0,0.0,0.0,0.0,0.0,0.0,0.0,0.0,0.0,0.0,0.0,0.0,0.0,0.0,0.0,0.0,0.0,0.0,0.0,0.0,0.0,0.0,0.0,0.0,0.0,0.0,0.0,0.0,0.0,0.0,0.0,0.0,0.0,0.0,0.0
10322,68,113,0,0.0,0.0,0.0,0.0,0.0,0.0,0.0,0.0,0.0,0.0,0.0,0.0,0.0,0.0,0.0,0.0,0.0,0.0,0.0,0.0,0.0,0.0,0.0,0.0,0.0,0.0,0.0,0.0,0.0,0.0,0.0,0.0,0.0,0.0,0.0
10323,68,115,0,0.0,0.0,0.0,0.0,0.0,0.0,0.0,0.0,0.0,0.0,0.0,0.0,0.0,0.0,0.0,0.0,0.0,0.0,0.0,0.0,0.0,0.0,0.0,0.0,0.0,0.0,0.0,0.0,0.0,0.0,0.0,0.0,0.0,0.0,0.0
10324,68,116,0,0.0,0.0,0.0,0.0,0.0,0.0,0.0,0.0,0.0,0.0,0.0,0.0,0.0,0.0,0.0,0.0,0.0,0.0,0.0,0.0,0.0,0.0,0.0,0.0,0.0,0.0,0.0,0.0,0.0,0.0,0.0,0.0,0.0,0.0,0.0
10325,68,117,0,0.0,0.0,0.0,0.0,0.0,0.0,0.0,0.0,0.0,0.0,0.0,0.0,0.0,0.0,0.0,0.0,0.0,0.0,0.0,0.0,0.0,0.0,0.0,0.0,0.0,0.0,0.0,0.0,0.0,0.0,0.0,0.0,0.0,0.0,0.0
10326,68,118,0,0.0,0.0,0.0,0.0,0.0,0.0,0.0,0.0,0.0,0.0,0.0,0.0,0.0,0.0,0.0,0.0,0.0,0.0,0.0,0.0,0.0,0.0,0.0,0.0,0.0,0.0,0.0,0.0,0.0,0.0,0.0,0.0,0.0,0.0,0.0
10327,68,119,0,0.0,0.0,0.0,0.0,0.0,0.0,0.0,0.0,0.0,0.0,0.0,0.0,0.0,0.0,0.0,0.0,0.0,0.0,0.0,0.0,0.0,0.0,0.0,0.0,0.0,0.0,0.0,0.0,0.0,0.0,0.0,0.0,0.0,0.0,0.0
10328,68,120,0,0.0,0.0,0.0,0.0,0.0,0.0,0.0,0.0,0.0,0.0,0.0,0.0,0.0,0.0,0.0,0.0,0.0,0.0,0.0,0.0,0.0,0.0,0.0,0.0,0.0,0.0,0.0,0.0,0.0,0.0,0.0,0.0,0.0,0.0,0.0
10329,68,123,0,0.0,0.0,0.0,0.0,0.0,0.0,0.0,0.0,0.0,0.0,0.0,0.0,0.0,0.0,0.0,0.0,0.0,0.0,0.0,0.0,0.0,0.0,0.0,0.0,0.0,0.0,0.0,0.0,0.0,0.0,0.0,0.0,0.0,0.0,0.0
10330,68,124,0,0.0,0.0,0.0,0.0,0.0,0.0,0.0,0.0,0.0,0.0,0.0,0.0,0.0,0.0,0.0,0.0,0.0,0.0,0.0,0.0,0.0,0.0,0.0,0.0,0.0,0.0,0.0,0.0,0.0,0.0,0.0,0.0,0.0,0.0,0.0
10331,68,125,0,0.0,0.0,0.0,0.0,0.0,0.0,0.0,0.0,0.0,0.0,0.0,0.0,0.0,0.0,0.0,0.0,0.0,0.0,0.0,0.0,0.0,0.0,0.0,0.0,0.0,0.0,0.0,0.0,0.0,0.0,0.0,0.0,0.0,0.0,0.0
10332,68,126,0,0.0,0.0,0.0,0.0,0.0,0.0,0.0,0.0,0.0,0.0,0.0,0.0,0.0,0.0,0.0,0.0,0.0,0.0,0.0,0.0,0.0,0.0,0.0,0.0,0.0,0.0,0.0,0.0,0.0,0.0,0.0,0.0,0.0,0.0,0.0
10333,68,131,0,0.0,0.0,0.0,0.0,0.0,0.0,0.0,0.0,0.0,0.0,0.0,0.0,0.0,0.0,0.0,0.0,0.0,0.0,0.0,0.0,0.0,0.0,0.0,0.0,0.0,0.0,0.0,0.0,0.0,0.0,0.0,0.0,0.0,0.0,0.0
10334,68,132,0,0.0,0.0,0.0,0.0,0.0,0.0,0.0,0.0,0.0,0.0,0.0,0.0,0.0,0.0,0.0,0.0,0.0,0.0,0.0,0.0,0.0,0.0,0.0,0.0,0.0,0.0,0.0,0.0,0.0,0.0,0.0,0.0,0.0,0.0,0.0
10335,68,133,0,0.0,0.0,0.0,0.0,0.0,0.0,0.0,0.0,0.0,0.0,0.0,0.0,0.0,0.0,0.0,0.0,0.0,0.0,0.0,0.0,0.0,0.0,0.0,0.0,0.0,0.0,0.0,0.0,0.0,0.0,0.0,0.0,0.0,0.0,0.0
10336,68,136,0,0.0,0.0,0.0,0.0,0.0,0.0,0.0,0.0,0.0,0.0,0.0,0.0,0.0,0.0,0.0,0.0,0.0,0.0,0.0,0.0,0.0,0.0,0.0,0.0,0.0,0.0,0.0,0.0,0.0,0.0,0.0,0.0,0.0,0.0,0.0
10337,68,137,0,0.0,0.0,0.0,0.0,0.0,0.0,0.0,0.0,0.0,0.0,0.0,0.0,0.0,0.0,0.0,0.0,0.0,0.0,0.0,0.0,0.0,0.0,0.0,0.0,0.0,0.0,0.0,0.0,0.0,0.0,0.0,0.0,0.0,0.0,0.0
10338,68,139,0,0.0,0.0,0.0,0.0,0.0,0.0,0.0,0.0,0.0,0.0,0.0,0.0,0.0,0.0,0.0,0.0,0.0,0.0,0.0,0.0,0.0,0.0,0.0,0.0,0.0,0.0,0.0,0.0,0.0,0.0,0.0,0.0,0.0,0.0,0.0
10339,68,140,0,0.0,0.0,0.0,0.0,0.0,0.0,0.0,0.0,0.0,0.0,0.0,0.0,0.0,0.0,0.0,0.0,0.0,0.0,0.0,0.0,0.0,0.0,0.0,0.0,0.0,0.0,0.0,0.0,0.0,0.0,0.0,0.0,0.0,0.0,0.0
10340,68,141,0,0.0,0.0,0.0,0.0,0.0,0.0,0.0,0.0,0.0,0.0,0.0,0.0,0.0,0.0,0.0,0.0,0.0,0.0,0.0,0.0,0.0,0.0,0.0,0.0,0.0,0.0,0.0,0.0,0.0,0.0,0.0,0.0,0.0,0.0,0.0
10341,68,142,0,0.0,0.0,0.0,0.0,0.0,0.0,0.0,0.0,0.0,0.0,0.0,0.0,0.0,0.0,0.0,0.0,0.0,0.0,0.0,0.0,0.0,0.0,0.0,0.0,0.0,0.0,0.0,0.0,0.0,0.0,0.0,0.0,0.0,0.0,0.0
10342,68,144,0,0.0,0.0,0.0,0.0,0.0,0.0,0.0,0.0,0.0,0.0,0.0,0.0,0.0,0.0,0.0,0.0,0.0,0.0,0.0,0.0,0.0,0.0,0.0,0.0,0.0,0.0,0.0,0.0,0.0,0.0,0.0,0.0,0.0,0.0,0.0
10343,68,145,0,0.0,0.0,0.0,0.0,0.0,0.0,0.0,0.0,0.0,0.0,0.0,0.0,0.0,0.0,0.0,0.0,0.0,0.0,0.0,0.0,0.0,0.0,0.0,0.0,0.0,0.0,0.0,0.0,0.0,0.0,0.0,0.0,0.0,0.0,0.0
10344,68,147,0,0.0,0.0,0.0,0.0,0.0,0.0,0.0,0.0,0.0,0.0,0.0,0.0,0.0,0.0,0.0,0.0,0.0,0.0,0.0,0.0,0.0,0.0,0.0,0.0,0.0,0.0,0.0,0.0,0.0,0.0,0.0,0.0,0.0,0.0,0.0
10345,68,149,0,0.0,0.0,0.0,0.0,0.0,0.0,0.0,0.0,0.0,0.0,0.0,0.0,0.0,0.0,0.0,0.0,0.0,0.0,0.0,0.0,0.0,0.0,0.0,0.0,0.0,0.0,0.0,0.0,0.0,0.0,0.0,0.0,0.0,0.0,0.0
10346,68,151,0,0.0,0.0,0.0,0.0,0.0,0.0,0.0,0.0,0.0,0.0,0.0,0.0,0.0,0.0,0.0,0.0,0.0,0.0,0.0,0.0,0.0,0.0,0.0,0.0,0.0,0.0,0.0,0.0,0.0,0.0,0.0,0.0,0.0,0.0,0.0
10347,68,157,0,0.0,0.0,0.0,0.0,0.0,0.0,0.0,0.0,0.0,0.0,0.0,0.0,0.0,0.0,0.0,0.0,0.0,0.0,0.0,0.0,0.0,0.0,0.0,0.0,0.0,0.0,0.0,0.0,0.0,0.0,0.0,0.0,0.0,0.0,0.0
10348,68,158,0,0.0,0.0,0.0,0.0,0.0,0.0,0.0,0.0,0.0,0.0,0.0,0.0,0.0,0.0,0.0,0.0,0.0,0.0,0.0,0.0,0.0,0.0,0.0,0.0,0.0,0.0,0.0,0.0,0.0,0.0,0.0,0.0,0.0,0.0,0.0
10349,68,159,0,0.0,0.0,0.0,0.0,0.0,0.0,0.0,0.0,0.0,0.0,0.0,0.0,0.0,0.0,0.0,0.0,0.0,0.0,0.0,0.0,0.0,0.0,0.0,0.0,0.0,0.0,0.0,0.0,0.0,0.0,0.0,0.0,0.0,0.0,0.0
10350,68,161,0,0.0,0.0,0.0,0.0,0.0,0.0,0.0,0.0,0.0,0.0,0.0,0.0,0.0,0.0,0.0,0.0,0.0,0.0,0.0,0.0,0.0,0.0,0.0,0.0,0.0,0.0,0.0,0.0,0.0,0.0,0.0,0.0,0.0,0.0,0.0
10351,68,163,0,0.0,0.0,0.0,0.0,0.0,0.0,0.0,0.0,0.0,0.0,0.0,0.0,0.0,0.0,0.0,0.0,0.0,0.0,0.0,0.0,0.0,0.0,0.0,0.0,0.0,0.0,0.0,0.0,0.0,0.0,0.0,0.0,0.0,0.0,0.0
10352,68,164,0,0.0,0.0,0.0,0.0,0.0,0.0,0.0,0.0,0.0,0.0,0.0,0.0,0.0,0.0,0.0,0.0,0.0,0.0,0.0,0.0,0.0,0.0,0.0,0.0,0.0,0.0,0.0,0.0,0.0,0.0,0.0,0.0,0.0,0.0,0.0
10353,68,165,0,0.0,0.0,0.0,0.0,0.0,0.0,0.0,0.0,0.0,0.0,0.0,0.0,0.0,0.0,0.0,0.0,0.0,0.0,0.0,0.0,0.0,0.0,0.0,0.0,0.0,0.0,0.0,0.0,0.0,0.0,0.0,0.0,0.0,0.0,0.0
10354,68,166,0,0.0,0.0,0.0,0.0,0.0,0.0,0.0,0.0,0.0,0.0,0.0,0.0,0.0,0.0,0.0,0.0,0.0,0.0,0.0,0.0,0.0,0.0,0.0,0.0,0.0,0.0,0.0,0.0,0.0,0.0,0.0,0.0,0.0,0.0,0.0
10355,68,167,0,0.0,0.0,0.0,0.0,0.0,0.0,0.0,0.0,0.0,0.0,0.0,0.0,0.0,0.0,0.0,0.0,0.0,0.0,0.0,0.0,0.0,0.0,0.0,0.0,0.0,0.0,0.0,0.0,0.0,0.0,0.0,0.0,0.0,0.0,0.0
10356,68,168,0,0.0,0.0,0.0,0.0,0.0,0.0,0.0,0.0,0.0,0.0,0.0,0.0,0.0,0.0,0.0,0.0,0.0,0.0,0.0,0.0,0.0,0.0,0.0,0.0,0.0,0.0,0.0,0.0,0.0,0.0,0.0,0.0,0.0,0.0,0.0
10357,68,170,0,0.0,0.0,0.0,0.0,0.0,0.0,0.0,0.0,0.0,0.0,0.0,0.0,0.0,0.0,0.0,0.0,0.0,0.0,0.0,0.0,0.0,0.0,0.0,0.0,0.0,0.0,0.0,0.0,0.0,0.0,0.0,0.0,0.0,0.0,0.0
10358,68,171,0,0.0,0.0,0.0,0.0,0.0,0.0,0.0,0.0,0.0,0.0,0.0,0.0,0.0,0.0,0.0,0.0,0.0,0.0,0.0,0.0,0.0,0.0,0.0,0.0,0.0,0.0,0.0,0.0,0.0,0.0,0.0,0.0,0.0,0.0,0.0
10359,68,172,0,0.0,0.0,0.0,0.0,0.0,0.0,0.0,0.0,0.0,0.0,0.0,0.0,0.0,0.0,0.0,0.0,0.0,0.0,0.0,0.0,0.0,0.0,0.0,0.0,0.0,0.0,0.0,0.0,0.0,0.0,0.0,0.0,0.0,0.0,0.0
10360,68,173,0,0.0,0.0,0.0,0.0,0.0,0.0,0.0,0.0,0.0,0.0,0.0,0.0,0.0,0.0,0.0,0.0,0.0,0.0,0.0,0.0,0.0,0.0,0.0,0.0,0.0,0.0,0.0,0.0,0.0,0.0,0.0,0.0,0.0,0.0,0.0
10361,68,177,0,0.0,0.0,0.0,0.0,0.0,0.0,0.0,0.0,0.0,0.0,0.0,0.0,0.0,0.0,0.0,0.0,0.0,0.0,0.0,0.0,0.0,0.0,0.0,0.0,0.0,0.0,0.0,0.0,0.0,0.0,0.0,0.0,0.0,0.0,0.0
10362,68,178,0,0.0,0.0,0.0,0.0,0.0,0.0,0.0,0.0,0.0,0.0,0.0,0.0,0.0,0.0,0.0,0.0,0.0,0.0,0.0,0.0,0.0,0.0,0.0,0.0,0.0,0.0,0.0,0.0,0.0,0.0,0.0,0.0,0.0,0.0,0.0
10363,68,179,0,0.0,0.0,0.0,0.0,0.0,0.0,0.0,0.0,0.0,0.0,0.0,0.0,0.0,0.0,0.0,0.0,0.0,0.0,0.0,0.0,0.0,0.0,0.0,0.0,0.0,0.0,0.0,0.0,0.0,0.0,0.0,0.0,0.0,0.0,0.0
10364,68,183,0,0.0,0.0,0.0,0.0,0.0,0.0,0.0,0.0,0.0,0.0,0.0,0.0,0.0,0.0,0.0,0.0,0.0,0.0,0.0,0.0,0.0,0.0,0.0,0.0,0.0,0.0,0.0,0.0,0.0,0.0,0.0,0.0,0.0,0.0,0.0
10365,68,184,0,0.0,0.0,0.0,0.0,0.0,0.0,0.0,0.0,0.0,0.0,0.0,0.0,0.0,0.0,0.0,0.0,0.0,0.0,0.0,0.0,0.0,0.0,0.0,0.0,0.0,0.0,0.0,0.0,0.0,0.0,0.0,0.0,0.0,0.0,0.0
10366,68,185,0,0.0,0.0,0.0,0.0,0.0,0.0,0.0,0.0,0.0,0.0,0.0,0.0,0.0,0.0,0.0,0.0,0.0,0.0,0.0,0.0,0.0,0.0,0.0,0.0,0.0,0.0,0.0,0.0,0.0,0.0,0.0,0.0,0.0,0.0,0.0
10367,68,188,0,0.0,0.0,0.0,0.0,0.0,0.0,0.0,0.0,0.0,0.0,0.0,0.0,0.0,0.0,0.0,0.0,0.0,0.0,0.0,0.0,0.0,0.0,0.0,0.0,0.0,0.0,0.0,0.0,0.0,0.0,0.0,0.0,0.0,0.0,0.0
10368,68,189,0,0.0,0.0,0.0,0.0,0.0,0.0,0.0,0.0,0.0,0.0,0.0,0.0,0.0,0.0,0.0,0.0,0.0,0.0,0.0,0.0,0.0,0.0,0.0,0.0,0.0,0.0,0.0,0.0,0.0,0.0,0.0,0.0,0.0,0.0,0.0
10369,68,191,0,0.0,0.0,0.0,0.0,0.0,0.0,0.0,0.0,0.0,0.0,0.0,0.0,0.0,0.0,0.0,0.0,0.0,0.0,0.0,0.0,0.0,0.0,0.0,0.0,0.0,0.0,0.0,0.0,0.0,0.0,0.0,0.0,0.0,0.0,0.0
10370,68,192,0,0.0,0.0,0.0,0.0,0.0,0.0,0.0,0.0,0.0,0.0,0.0,0.0,0.0,0.0,0.0,0.0,0.0,0.0,0.0,0.0,0.0,0.0,0.0,0.0,0.0,0.0,0.0,0.0,0.0,0.0,0.0,0.0,0.0,0.0,0.0
10371,68,195,0,0.0,0.0,0.0,0.0,0.0,0.0,0.0,0.0,0.0,0.0,0.0,0.0,0.0,0.0,0.0,0.0,0.0,0.0,0.0,0.0,0.0,0.0,0.0,0.0,0.0,0.0,0.0,0.0,0.0,0.0,0.0,0.0,0.0,0.0,0.0
10372,68,197,0,0.0,0.0,0.0,0.0,0.0,0.0,0.0,0.0,0.0,0.0,0.0,0.0,0.0,0.0,0.0,0.0,0.0,0.0,0.0,0.0,0.0,0.0,0.0,0.0,0.0,0.0,0.0,0.0,0.0,0.0,0.0,0.0,0.0,0.0,0.0
10373,68,198,0,0.0,0.0,0.0,0.0,0.0,0.0,0.0,0.0,0.0,0.0,0.0,0.0,0.0,0.0,0.0,0.0,0.0,0.0,0.0,0.0,0.0,0.0,0.0,0.0,0.0,0.0,0.0,0.0,0.0,0.0,0.0,0.0,0.0,0.0,0.0
10374,68,199,0,0.0,0.0,0.0,0.0,0.0,0.0,0.0,0.0,0.0,0.0,0.0,0.0,0.0,0.0,0.0,0.0,0.0,0.0,0.0,0.0,0.0,0.0,0.0,0.0,0.0,0.0,0.0,0.0,0.0,0.0,0.0,0.0,0.0,0.0,0.0
10375,68,201,0,0.0,0.0,0.0,0.0,0.0,0.0,0.0,0.0,0.0,0.0,0.0,0.0,0.0,0.0,0.0,0.0,0.0,0.0,0.0,0.0,0.0,0.0,0.0,0.0,0.0,0.0,0.0,0.0,0.0,0.0,0.0,0.0,0.0,0.0,0.0
10376,68,204,0,0.0,0.0,0.0,0.0,0.0,0.0,0.0,0.0,0.0,0.0,0.0,0.0,0.0,0.0,0.0,0.0,0.0,0.0,0.0,0.0,0.0,0.0,0.0,0.0,0.0,0.0,0.0,0.0,0.0,0.0,0.0,0.0,0.0,0.0,0.0
10377,68,205,0,0.0,0.0,0.0,0.0,0.0,0.0,0.0,0.0,0.0,0.0,0.0,0.0,0.0,0.0,0.0,0.0,0.0,0.0,0.0,0.0,0.0,0.0,0.0,0.0,0.0,0.0,0.0,0.0,0.0,0.0,0.0,0.0,0.0,0.0,0.0
10378,68,206,0,0.0,0.0,0.0,0.0,0.0,0.0,0.0,0.0,0.0,0.0,0.0,0.0,0.0,0.0,0.0,0.0,0.0,0.0,0.0,0.0,0.0,0.0,0.0,0.0,0.0,0.0,0.0,0.0,0.0,0.0,0.0,0.0,0.0,0.0,0.0
10379,68,207,0,0.0,0.0,0.0,0.0,0.0,0.0,0.0,0.0,0.0,0.0,0.0,0.0,0.0,0.0,0.0,0.0,0.0,0.0,0.0,0.0,0.0,0.0,0.0,0.0,0.0,0.0,0.0,0.0,0.0,0.0,0.0,0.0,0.0,0.0,0.0
10380,68,209,0,0.0,0.0,0.0,0.0,0.0,0.0,0.0,0.0,0.0,0.0,0.0,0.0,0.0,0.0,0.0,0.0,0.0,0.0,0.0,0.0,0.0,0.0,0.0,0.0,0.0,0.0,0.0,0.0,0.0,0.0,0.0,0.0,0.0,0.0,0.0
10381,68,210,0,0.0,0.0,0.0,0.0,0.0,0.0,0.0,0.0,0.0,0.0,0.0,0.0,0.0,0.0,0.0,0.0,0.0,0.0,0.0,0.0,0.0,0.0,0.0,0.0,0.0,0.0,0.0,0.0,0.0,0.0,0.0,0.0,0.0,0.0,0.0
10382,68,216,0,0.0,0.0,0.0,0.0,0.0,0.0,0.0,0.0,0.0,0.0,0.0,0.0,0.0,0.0,0.0,0.0,0.0,0.0,0.0,0.0,0.0,0.0,0.0,0.0,0.0,0.0,0.0,0.0,0.0,0.0,0.0,0.0,0.0,0.0,0.0
10383,68,217,0,0.0,0.0,0.0,0.0,0.0,0.0,0.0,0.0,0.0,0.0,0.0,0.0,0.0,0.0,0.0,0.0,0.0,0.0,0.0,0.0,0.0,0.0,0.0,0.0,0.0,0.0,0.0,0.0,0.0,0.0,0.0,0.0,0.0,0.0,0.0
10384,68,218,0,0.0,0.0,0.0,0.0,0.0,0.0,0.0,0.0,0.0,0.0,0.0,0.0,0.0,0.0,0.0,0.0,0.0,0.0,0.0,0.0,0.0,0.0,0.0,0.0,0.0,0.0,0.0,0.0,0.0,0.0,0.0,0.0,0.0,0.0,0.0
10385,68,220,0,0.0,0.0,0.0,0.0,0.0,0.0,0.0,0.0,0.0,0.0,0.0,0.0,0.0,0.0,0.0,0.0,0.0,0.0,0.0,0.0,0.0,0.0,0.0,0.0,0.0,0.0,0.0,0.0,0.0,0.0,0.0,0.0,0.0,0.0,0.0
10386,68,221,0,0.0,0.0,0.0,0.0,0.0,0.0,0.0,0.0,0.0,0.0,0.0,0.0,0.0,0.0,0.0,0.0,0.0,0.0,0.0,0.0,0.0,0.0,0.0,0.0,0.0,0.0,0.0,0.0,0.0,0.0,0.0,0.0,0.0,0.0,0.0
10387,69,1,0,0.0,0.0,0.0,0.0,0.0,0.0,0.0,0.0,0.0,0.0,0.0,0.0,0.0,0.0,0.0,0.0,0.0,0.0,0.0,0.0,0.0,0.0,0.0,0.0,0.0,0.0,0.0,0.0,0.0,0.0,0.0,0.0,0.0,0.0,0.0
10388,69,2,0,0.0,0.0,0.0,0.0,0.0,0.0,0.0,0.0,0.0,0.0,0.0,0.0,0.0,0.0,0.0,0.0,0.0,0.0,0.0,0.0,0.0,0.0,0.0,0.0,0.0,0.0,0.0,0.0,0.0,0.0,0.0,0.0,0.0,0.0,0.0
10389,69,3,0,0.0,0.0,0.0,0.0,0.0,0.0,0.0,0.0,0.0,0.0,0.0,0.0,0.0,0.0,0.0,0.0,0.0,0.0,0.0,0.0,0.0,0.0,0.0,0.0,0.0,0.0,0.0,0.0,0.0,0.0,0.0,0.0,0.0,0.0,0.0
10390,69,4,0,0.0,0.0,0.0,0.0,0.0,0.0,0.0,0.0,0.0,0.0,0.0,0.0,0.0,0.0,0.0,0.0,0.0,0.0,0.0,0.0,0.0,0.0,0.0,0.0,0.0,0.0,0.0,0.0,0.0,0.0,0.0,0.0,0.0,0.0,0.0
10391,69,5,0,0.0,0.0,0.0,0.0,0.0,0.0,0.0,0.0,0.0,0.0,0.0,0.0,0.0,0.0,0.0,0.0,0.0,0.0,0.0,0.0,0.0,0.0,0.0,0.0,0.0,0.0,0.0,0.0,0.0,0.0,0.0,0.0,0.0,0.0,0.0
10392,69,6,0,0.0,0.0,0.0,0.0,0.0,0.0,0.0,0.0,0.0,0.0,0.0,0.0,0.0,0.0,0.0,0.0,0.0,0.0,0.0,0.0,0.0,0.0,0.0,0.0,0.0,0.0,0.0,0.0,0.0,0.0,0.0,0.0,0.0,0.0,0.0
10393,69,7,0,0.0,0.0,0.0,0.0,0.0,0.0,0.0,0.0,0.0,0.0,0.0,0.0,0.0,0.0,0.0,0.0,0.0,0.0,0.0,0.0,0.0,0.0,0.0,0.0,0.0,0.0,0.0,0.0,0.0,0.0,0.0,0.0,0.0,0.0,0.0
10394,69,8,0,0.0,0.0,0.0,0.0,0.0,0.0,0.0,0.0,0.0,0.0,0.0,0.0,0.0,0.0,0.0,0.0,0.0,0.0,0.0,0.0,0.0,0.0,0.0,0.0,0.0,0.0,0.0,0.0,0.0,0.0,0.0,0.0,0.0,0.0,0.0
10395,69,9,0,0.0,0.0,0.0,0.0,0.0,0.0,0.0,0.0,0.0,0.0,0.0,0.0,0.0,0.0,0.0,0.0,0.0,0.0,0.0,0.0,0.0,0.0,0.0,0.0,0.0,0.0,0.0,0.0,0.0,0.0,0.0,0.0,0.0,0.0,0.0
10396,69,10,0,0.0,0.0,0.0,0.0,0.0,0.0,0.0,0.0,0.0,0.0,0.0,0.0,0.0,0.0,0.0,0.0,0.0,0.0,0.0,0.0,0.0,0.0,0.0,0.0,0.0,0.0,0.0,0.0,0.0,0.0,0.0,0.0,0.0,0.0,0.0
10397,69,11,0,0.0,0.0,0.0,0.0,0.0,0.0,0.0,0.0,0.0,0.0,0.0,0.0,0.0,0.0,0.0,0.0,0.0,0.0,0.0,0.0,0.0,0.0,0.0,0.0,0.0,0.0,0.0,0.0,0.0,0.0,0.0,0.0,0.0,0.0,0.0
10398,69,12,0,0.0,0.0,0.0,0.0,0.0,0.0,0.0,0.0,0.0,0.0,0.0,0.0,0.0,0.0,0.0,0.0,0.0,0.0,0.0,0.0,0.0,0.0,0.0,0.0,0.0,0.0,0.0,0.0,0.0,0.0,0.0,0.0,0.0,0.0,0.0
10399,69,13,0,0.0,0.0,0.0,0.0,0.0,0.0,0.0,0.0,0.0,0.0,0.0,0.0,0.0,0.0,0.0,0.0,0.0,0.0,0.0,0.0,0.0,0.0,0.0,0.0,0.0,0.0,0.0,0.0,0.0,0.0,0.0,0.0,0.0,0.0,0.0
10400,69,14,0,0.0,0.0,0.0,0.0,0.0,0.0,0.0,0.0,0.0,0.0,0.0,0.0,0.0,0.0,0.0,0.0,0.0,0.0,0.0,0.0,0.0,0.0,0.0,0.0,0.0,0.0,0.0,0.0,0.0,0.0,0.0,0.0,0.0,0.0,0.0
10401,69,15,0,0.0,0.0,0.0,0.0,0.0,0.0,0.0,0.0,0.0,0.0,0.0,0.0,0.0,0.0,0.0,0.0,0.0,0.0,0.0,0.0,0.0,0.0,0.0,0.0,0.0,0.0,0.0,0.0,0.0,0.0,0.0,0.0,0.0,0.0,0.0
10402,69,16,0,0.0,0.0,0.0,0.0,0.0,0.0,0.0,0.0,0.0,0.0,0.0,0.0,0.0,0.0,0.0,0.0,0.0,0.0,0.0,0.0,0.0,0.0,0.0,0.0,0.0,0.0,0.0,0.0,0.0,0.0,0.0,0.0,0.0,0.0,0.0
10403,69,17,0,0.0,0.0,0.0,0.0,0.0,0.0,0.0,0.0,0.0,0.0,0.0,0.0,0.0,0.0,0.0,0.0,0.0,0.0,0.0,0.0,0.0,0.0,0.0,0.0,0.0,0.0,0.0,0.0,0.0,0.0,0.0,0.0,0.0,0.0,0.0
10404,69,18,0,0.0,0.0,0.0,0.0,0.0,0.0,0.0,0.0,0.0,0.0,0.0,0.0,0.0,0.0,0.0,0.0,0.0,0.0,0.0,0.0,0.0,0.0,0.0,0.0,0.0,0.0,0.0,0.0,0.0,0.0,0.0,0.0,0.0,0.0,0.0
10405,69,19,0,0.0,0.0,0.0,0.0,0.0,0.0,0.0,0.0,0.0,0.0,0.0,0.0,0.0,0.0,0.0,0.0,0.0,0.0,0.0,0.0,0.0,0.0,0.0,0.0,0.0,0.0,0.0,0.0,0.0,0.0,0.0,0.0,0.0,0.0,0.0
10406,69,20,0,0.0,0.0,0.0,0.0,0.0,0.0,0.0,0.0,0.0,0.0,0.0,0.0,0.0,0.0,0.0,0.0,0.0,0.0,0.0,0.0,0.0,0.0,0.0,0.0,0.0,0.0,0.0,0.0,0.0,0.0,0.0,0.0,0.0,0.0,0.0
10407,69,21,0,0.0,0.0,0.0,0.0,0.0,0.0,0.0,0.0,0.0,0.0,0.0,0.0,0.0,0.0,0.0,0.0,0.0,0.0,0.0,0.0,0.0,0.0,0.0,0.0,0.0,0.0,0.0,0.0,0.0,0.0,0.0,0.0,0.0,0.0,0.0
10408,69,22,0,0.0,0.0,0.0,0.0,0.0,0.0,0.0,0.0,0.0,0.0,0.0,0.0,0.0,0.0,0.0,0.0,0.0,0.0,0.0,0.0,0.0,0.0,0.0,0.0,0.0,0.0,0.0,0.0,0.0,0.0,0.0,0.0,0.0,0.0,0.0
10409,69,23,0,0.0,0.0,0.0,0.0,0.0,0.0,0.0,0.0,0.0,0.0,0.0,0.0,0.0,0.0,0.0,0.0,0.0,0.0,0.0,0.0,0.0,0.0,0.0,0.0,0.0,0.0,0.0,0.0,0.0,0.0,0.0,0.0,0.0,0.0,0.0
10410,69,24,0,0.0,0.0,0.0,0.0,0.0,0.0,0.0,0.0,0.0,0.0,0.0,0.0,0.0,0.0,0.0,0.0,0.0,0.0,0.0,0.0,0.0,0.0,0.0,0.0,0.0,0.0,0.0,0.0,0.0,0.0,0.0,0.0,0.0,0.0,0.0
10411,69,25,0,0.0,0.0,0.0,0.0,0.0,0.0,0.0,0.0,0.0,0.0,0.0,0.0,0.0,0.0,0.0,0.0,0.0,0.0,0.0,0.0,0.0,0.0,0.0,0.0,0.0,0.0,0.0,0.0,0.0,0.0,0.0,0.0,0.0,0.0,0.0
10412,69,26,0,0.0,0.0,0.0,0.0,0.0,0.0,0.0,0.0,0.0,0.0,0.0,0.0,0.0,0.0,0.0,0.0,0.0,0.0,0.0,0.0,0.0,0.0,0.0,0.0,0.0,0.0,0.0,0.0,0.0,0.0,0.0,0.0,0.0,0.0,0.0
10413,69,27,0,0.0,0.0,0.0,0.0,0.0,0.0,0.0,0.0,0.0,0.0,0.0,0.0,0.0,0.0,0.0,0.0,0.0,0.0,0.0,0.0,0.0,0.0,0.0,0.0,0.0,0.0,0.0,0.0,0.0,0.0,0.0,0.0,0.0,0.0,0.0
10414,69,28,0,0.0,0.0,0.0,0.0,0.0,0.0,0.0,0.0,0.0,0.0,0.0,0.0,0.0,0.0,0.0,0.0,0.0,0.0,0.0,0.0,0.0,0.0,0.0,0.0,0.0,0.0,0.0,0.0,0.0,0.0,0.0,0.0,0.0,0.0,0.0
10415,69,29,0,0.0,0.0,0.0,0.0,0.0,0.0,0.0,0.0,0.0,0.0,0.0,0.0,0.0,0.0,0.0,0.0,0.0,0.0,0.0,0.0,0.0,0.0,0.0,0.0,0.0,0.0,0.0,0.0,0.0,0.0,0.0,0.0,0.0,0.0,0.0
10416,69,30,0,0.0,0.0,0.0,0.0,0.0,0.0,0.0,0.0,0.0,0.0,0.0,0.0,0.0,0.0,0.0,0.0,0.0,0.0,0.0,0.0,0.0,0.0,0.0,0.0,0.0,0.0,0.0,0.0,0.0,0.0,0.0,0.0,0.0,0.0,0.0
10417,69,31,0,0.0,0.0,0.0,0.0,0.0,0.0,0.0,0.0,0.0,0.0,0.0,0.0,0.0,0.0,0.0,0.0,0.0,0.0,0.0,0.0,0.0,0.0,0.0,0.0,0.0,0.0,0.0,0.0,0.0,0.0,0.0,0.0,0.0,0.0,0.0
10418,69,32,0,0.0,0.0,0.0,0.0,0.0,0.0,0.0,0.0,0.0,0.0,0.0,0.0,0.0,0.0,0.0,0.0,0.0,0.0,0.0,0.0,0.0,0.0,0.0,0.0,0.0,0.0,0.0,0.0,0.0,0.0,0.0,0.0,0.0,0.0,0.0
10419,69,33,0,0.0,0.0,0.0,0.0,0.0,0.0,0.0,0.0,0.0,0.0,0.0,0.0,0.0,0.0,0.0,0.0,0.0,0.0,0.0,0.0,0.0,0.0,0.0,0.0,0.0,0.0,0.0,0.0,0.0,0.0,0.0,0.0,0.0,0.0,0.0
10420,69,34,0,0.0,0.0,0.0,0.0,0.0,0.0,0.0,0.0,0.0,0.0,0.0,0.0,0.0,0.0,0.0,0.0,0.0,0.0,0.0,0.0,0.0,0.0,0.0,0.0,0.0,0.0,0.0,0.0,0.0,0.0,0.0,0.0,0.0,0.0,0.0
10421,69,35,0,0.0,0.0,0.0,0.0,0.0,0.0,0.0,0.0,0.0,0.0,0.0,0.0,0.0,0.0,0.0,0.0,0.0,0.0,0.0,0.0,0.0,0.0,0.0,0.0,0.0,0.0,0.0,0.0,0.0,0.0,0.0,0.0,0.0,0.0,0.0
10422,69,36,0,0.0,0.0,0.0,0.0,0.0,0.0,0.0,0.0,0.0,0.0,0.0,0.0,0.0,0.0,0.0,0.0,0.0,0.0,0.0,0.0,0.0,0.0,0.0,0.0,0.0,0.0,0.0,0.0,0.0,0.0,0.0,0.0,0.0,0.0,0.0
10423,69,37,0,0.0,0.0,0.0,0.0,0.0,0.0,0.0,0.0,0.0,0.0,0.0,0.0,0.0,0.0,0.0,0.0,0.0,0.0,0.0,0.0,0.0,0.0,0.0,0.0,0.0,0.0,0.0,0.0,0.0,0.0,0.0,0.0,0.0,0.0,0.0
10424,69,38,0,0.0,0.0,0.0,0.0,0.0,0.0,0.0,0.0,0.0,0.0,0.0,0.0,0.0,0.0,0.0,0.0,0.0,0.0,0.0,0.0,0.0,0.0,0.0,0.0,0.0,0.0,0.0,0.0,0.0,0.0,0.0,0.0,0.0,0.0,0.0
10425,69,39,0,0.0,0.0,0.0,0.0,0.0,0.0,0.0,0.0,0.0,0.0,0.0,0.0,0.0,0.0,0.0,0.0,0.0,0.0,0.0,0.0,0.0,0.0,0.0,0.0,0.0,0.0,0.0,0.0,0.0,0.0,0.0,0.0,0.0,0.0,0.0
10426,69,40,0,0.0,0.0,0.0,0.0,0.0,0.0,0.0,0.0,0.0,0.0,0.0,0.0,0.0,0.0,0.0,0.0,0.0,0.0,0.0,0.0,0.0,0.0,0.0,0.0,0.0,0.0,0.0,0.0,0.0,0.0,0.0,0.0,0.0,0.0,0.0
10427,69,41,0,0.0,0.0,0.0,0.0,0.0,0.0,0.0,0.0,0.0,0.0,0.0,0.0,0.0,0.0,0.0,0.0,0.0,0.0,0.0,0.0,0.0,0.0,0.0,0.0,0.0,0.0,0.0,0.0,0.0,0.0,0.0,0.0,0.0,0.0,0.0
10428,69,42,0,0.0,0.0,0.0,0.0,0.0,0.0,0.0,0.0,0.0,0.0,0.0,0.0,0.0,0.0,0.0,0.0,0.0,0.0,0.0,0.0,0.0,0.0,0.0,0.0,0.0,0.0,0.0,0.0,0.0,0.0,0.0,0.0,0.0,0.0,0.0
10429,69,43,0,0.0,0.0,0.0,0.0,0.0,0.0,0.0,0.0,0.0,0.0,0.0,0.0,0.0,0.0,0.0,0.0,0.0,0.0,0.0,0.0,0.0,0.0,0.0,0.0,0.0,0.0,0.0,0.0,0.0,0.0,0.0,0.0,0.0,0.0,0.0
10430,69,44,0,0.0,0.0,0.0,0.0,0.0,0.0,0.0,0.0,0.0,0.0,0.0,0.0,0.0,0.0,0.0,0.0,0.0,0.0,0.0,0.0,0.0,0.0,0.0,0.0,0.0,0.0,0.0,0.0,0.0,0.0,0.0,0.0,0.0,0.0,0.0
10431,69,45,0,0.0,0.0,0.0,0.0,0.0,0.0,0.0,0.0,0.0,0.0,0.0,0.0,0.0,0.0,0.0,0.0,0.0,0.0,0.0,0.0,0.0,0.0,0.0,0.0,0.0,0.0,0.0,0.0,0.0,0.0,0.0,0.0,0.0,0.0,0.0
10432,69,46,0,0.0,0.0,0.0,0.0,0.0,0.0,0.0,0.0,0.0,0.0,0.0,0.0,0.0,0.0,0.0,0.0,0.0,0.0,0.0,0.0,0.0,0.0,0.0,0.0,0.0,0.0,0.0,0.0,0.0,0.0,0.0,0.0,0.0,0.0,0.0
10433,69,47,0,0.0,0.0,0.0,0.0,0.0,0.0,0.0,0.0,0.0,0.0,0.0,0.0,0.0,0.0,0.0,0.0,0.0,0.0,0.0,0.0,0.0,0.0,0.0,0.0,0.0,0.0,0.0,0.0,0.0,0.0,0.0,0.0,0.0,0.0,0.0
10434,69,48,0,0.0,0.0,0.0,0.0,0.0,0.0,0.0,0.0,0.0,0.0,0.0,0.0,0.0,0.0,0.0,0.0,0.0,0.0,0.0,0.0,0.0,0.0,0.0,0.0,0.0,0.0,0.0,0.0,0.0,0.0,0.0,0.0,0.0,0.0,0.0
10435,69,49,0,0.0,0.0,0.0,0.0,0.0,0.0,0.0,0.0,0.0,0.0,0.0,0.0,0.0,0.0,0.0,0.0,0.0,0.0,0.0,0.0,0.0,0.0,0.0,0.0,0.0,0.0,0.0,0.0,0.0,0.0,0.0,0.0,0.0,0.0,0.0
10436,69,50,0,0.0,0.0,0.0,0.0,0.0,0.0,0.0,0.0,0.0,0.0,0.0,0.0,0.0,0.0,0.0,0.0,0.0,0.0,0.0,0.0,0.0,0.0,0.0,0.0,0.0,0.0,0.0,0.0,0.0,0.0,0.0,0.0,0.0,0.0,0.0
10437,69,51,0,0.0,0.0,0.0,0.0,0.0,0.0,0.0,0.0,0.0,0.0,0.0,0.0,0.0,0.0,0.0,0.0,0.0,0.0,0.0,0.0,0.0,0.0,0.0,0.0,0.0,0.0,0.0,0.0,0.0,0.0,0.0,0.0,0.0,0.0,0.0
10438,69,52,0,0.0,0.0,0.0,0.0,0.0,0.0,0.0,0.0,0.0,0.0,0.0,0.0,0.0,0.0,0.0,0.0,0.0,0.0,0.0,0.0,0.0,0.0,0.0,0.0,0.0,0.0,0.0,0.0,0.0,0.0,0.0,0.0,0.0,0.0,0.0
10439,69,53,0,0.0,0.0,0.0,0.0,0.0,0.0,0.0,0.0,0.0,0.0,0.0,0.0,0.0,0.0,0.0,0.0,0.0,0.0,0.0,0.0,0.0,0.0,0.0,0.0,0.0,0.0,0.0,0.0,0.0,0.0,0.0,0.0,0.0,0.0,0.0
10440,69,54,0,0.0,0.0,0.0,0.0,0.0,0.0,0.0,0.0,0.0,0.0,0.0,0.0,0.0,0.0,0.0,0.0,0.0,0.0,0.0,0.0,0.0,0.0,0.0,0.0,0.0,0.0,0.0,0.0,0.0,0.0,0.0,0.0,0.0,0.0,0.0
10441,69,55,0,0.0,0.0,0.0,0.0,0.0,0.0,0.0,0.0,0.0,0.0,0.0,0.0,0.0,0.0,0.0,0.0,0.0,0.0,0.0,0.0,0.0,0.0,0.0,0.0,0.0,0.0,0.0,0.0,0.0,0.0,0.0,0.0,0.0,0.0,0.0
10442,69,56,0,0.0,0.0,0.0,0.0,0.0,0.0,0.0,0.0,0.0,0.0,0.0,0.0,0.0,0.0,0.0,0.0,0.0,0.0,0.0,0.0,0.0,0.0,0.0,0.0,0.0,0.0,0.0,0.0,0.0,0.0,0.0,0.0,0.0,0.0,0.0
10443,69,57,0,0.0,0.0,0.0,0.0,0.0,0.0,0.0,0.0,0.0,0.0,0.0,0.0,0.0,0.0,0.0,0.0,0.0,0.0,0.0,0.0,0.0,0.0,0.0,0.0,0.0,0.0,0.0,0.0,0.0,0.0,0.0,0.0,0.0,0.0,0.0
10444,69,58,0,0.0,0.0,0.0,0.0,0.0,0.0,0.0,0.0,0.0,0.0,0.0,0.0,0.0,0.0,0.0,0.0,0.0,0.0,0.0,0.0,0.0,0.0,0.0,0.0,0.0,0.0,0.0,0.0,0.0,0.0,0.0,0.0,0.0,0.0,0.0
10445,69,59,0,0.0,0.0,0.0,0.0,0.0,0.0,0.0,0.0,0.0,0.0,0.0,0.0,0.0,0.0,0.0,0.0,0.0,0.0,0.0,0.0,0.0,0.0,0.0,0.0,0.0,0.0,0.0,0.0,0.0,0.0,0.0,0.0,0.0,0.0,0.0
10446,69,60,0,0.0,0.0,0.0,0.0,0.0,0.0,0.0,0.0,0.0,0.0,0.0,0.0,0.0,0.0,0.0,0.0,0.0,0.0,0.0,0.0,0.0,0.0,0.0,0.0,0.0,0.0,0.0,0.0,0.0,0.0,0.0,0.0,0.0,0.0,0.0
10447,69,61,0,0.0,0.0,0.0,0.0,0.0,0.0,0.0,0.0,0.0,0.0,0.0,0.0,0.0,0.0,0.0,0.0,0.0,0.0,0.0,0.0,0.0,0.0,0.0,0.0,0.0,0.0,0.0,0.0,0.0,0.0,0.0,0.0,0.0,0.0,0.0
10448,69,62,0,0.0,0.0,0.0,0.0,0.0,0.0,0.0,0.0,0.0,0.0,0.0,0.0,0.0,0.0,0.0,0.0,0.0,0.0,0.0,0.0,0.0,0.0,0.0,0.0,0.0,0.0,0.0,0.0,0.0,0.0,0.0,0.0,0.0,0.0,0.0
10449,69,63,0,0.0,0.0,0.0,0.0,0.0,0.0,0.0,0.0,0.0,0.0,0.0,0.0,0.0,0.0,0.0,0.0,0.0,0.0,0.0,0.0,0.0,0.0,0.0,0.0,0.0,0.0,0.0,0.0,0.0,0.0,0.0,0.0,0.0,0.0,0.0
10450,69,64,0,0.0,0.0,0.0,0.0,0.0,0.0,0.0,0.0,0.0,0.0,0.0,0.0,0.0,0.0,0.0,0.0,0.0,0.0,0.0,0.0,0.0,0.0,0.0,0.0,0.0,0.0,0.0,0.0,0.0,0.0,0.0,0.0,0.0,0.0,0.0
10451,69,65,0,0.0,0.0,0.0,0.0,0.0,0.0,0.0,0.0,0.0,0.0,0.0,0.0,0.0,0.0,0.0,0.0,0.0,0.0,0.0,0.0,0.0,0.0,0.0,0.0,0.0,0.0,0.0,0.0,0.0,0.0,0.0,0.0,0.0,0.0,0.0
10452,69,66,0,0.0,0.0,0.0,0.0,0.0,0.0,0.0,0.0,0.0,0.0,0.0,0.0,0.0,0.0,0.0,0.0,0.0,0.0,0.0,0.0,0.0,0.0,0.0,0.0,0.0,0.0,0.0,0.0,0.0,0.0,0.0,0.0,0.0,0.0,0.0
10453,69,67,0,0.0,0.0,0.0,0.0,0.0,0.0,0.0,0.0,0.0,0.0,0.0,0.0,0.0,0.0,0.0,0.0,0.0,0.0,0.0,0.0,0.0,0.0,0.0,0.0,0.0,0.0,0.0,0.0,0.0,0.0,0.0,0.0,0.0,0.0,0.0
10454,69,68,0,0.0,0.0,0.0,0.0,0.0,0.0,0.0,0.0,0.0,0.0,0.0,0.0,0.0,0.0,0.0,0.0,0.0,0.0,0.0,0.0,0.0,0.0,0.0,0.0,0.0,0.0,0.0,0.0,0.0,0.0,0.0,0.0,0.0,0.0,0.0
10455,69,69,0,0.0,0.0,0.0,0.0,0.0,0.0,0.0,0.0,0.0,0.0,0.0,0.0,0.0,0.0,0.0,0.0,0.0,0.0,0.0,0.0,0.0,0.0,0.0,0.0,0.0,0.0,0.0,0.0,0.0,0.0,0.0,0.0,0.0,0.0,0.0
10456,69,70,0,0.0,0.0,0.0,0.0,0.0,0.0,0.0,0.0,0.0,0.0,0.0,0.0,0.0,0.0,0.0,0.0,0.0,0.0,0.0,0.0,0.0,0.0,0.0,0.0,0.0,0.0,0.0,0.0,0.0,0.0,0.0,0.0,0.0,0.0,0.0
10457,69,71,0,0.0,0.0,0.0,0.0,0.0,0.0,0.0,0.0,0.0,0.0,0.0,0.0,0.0,0.0,0.0,0.0,0.0,0.0,0.0,0.0,0.0,0.0,0.0,0.0,0.0,0.0,0.0,0.0,0.0,0.0,0.0,0.0,0.0,0.0,0.0
10458,69,72,0,0.0,0.0,0.0,0.0,0.0,0.0,0.0,0.0,0.0,0.0,0.0,0.0,0.0,0.0,0.0,0.0,0.0,0.0,0.0,0.0,0.0,0.0,0.0,0.0,0.0,0.0,0.0,0.0,0.0,0.0,0.0,0.0,0.0,0.0,0.0
10459,69,73,0,0.0,0.0,0.0,0.0,0.0,0.0,0.0,0.0,0.0,0.0,0.0,0.0,0.0,0.0,0.0,0.0,0.0,0.0,0.0,0.0,0.0,0.0,0.0,0.0,0.0,0.0,0.0,0.0,0.0,0.0,0.0,0.0,0.0,0.0,0.0
10460,69,74,0,0.0,0.0,0.0,0.0,0.0,0.0,0.0,0.0,0.0,0.0,0.0,0.0,0.0,0.0,0.0,0.0,0.0,0.0,0.0,0.0,0.0,0.0,0.0,0.0,0.0,0.0,0.0,0.0,0.0,0.0,0.0,0.0,0.0,0.0,0.0
10461,69,75,0,0.0,0.0,0.0,0.0,0.0,0.0,0.0,0.0,0.0,0.0,0.0,0.0,0.0,0.0,0.0,0.0,0.0,0.0,0.0,0.0,0.0,0.0,0.0,0.0,0.0,0.0,0.0,0.0,0.0,0.0,0.0,0.0,0.0,0.0,0.0
10462,69,76,0,0.0,0.0,0.0,0.0,0.0,0.0,0.0,0.0,0.0,0.0,0.0,0.0,0.0,0.0,0.0,0.0,0.0,0.0,0.0,0.0,0.0,0.0,0.0,0.0,0.0,0.0,0.0,0.0,0.0,0.0,0.0,0.0,0.0,0.0,0.0
10463,69,77,0,0.0,0.0,0.0,0.0,0.0,0.0,0.0,0.0,0.0,0.0,0.0,0.0,0.0,0.0,0.0,0.0,0.0,0.0,0.0,0.0,0.0,0.0,0.0,0.0,0.0,0.0,0.0,0.0,0.0,0.0,0.0,0.0,0.0,0.0,0.0
10464,69,78,0,0.0,0.0,0.0,0.0,0.0,0.0,0.0,0.0,0.0,0.0,0.0,0.0,0.0,0.0,0.0,0.0,0.0,0.0,0.0,0.0,0.0,0.0,0.0,0.0,0.0,0.0,0.0,0.0,0.0,0.0,0.0,0.0,0.0,0.0,0.0
10465,69,79,0,0.0,0.0,0.0,0.0,0.0,0.0,0.0,0.0,0.0,0.0,0.0,0.0,0.0,0.0,0.0,0.0,0.0,0.0,0.0,0.0,0.0,0.0,0.0,0.0,0.0,0.0,0.0,0.0,0.0,0.0,0.0,0.0,0.0,0.0,0.0
10466,69,80,0,0.0,0.0,0.0,0.0,0.0,0.0,0.0,0.0,0.0,0.0,0.0,0.0,0.0,0.0,0.0,0.0,0.0,0.0,0.0,0.0,0.0,0.0,0.0,0.0,0.0,0.0,0.0,0.0,0.0,0.0,0.0,0.0,0.0,0.0,0.0
10467,69,81,0,0.0,0.0,0.0,0.0,0.0,0.0,0.0,0.0,0.0,0.0,0.0,0.0,0.0,0.0,0.0,0.0,0.0,0.0,0.0,0.0,0.0,0.0,0.0,0.0,0.0,0.0,0.0,0.0,0.0,0.0,0.0,0.0,0.0,0.0,0.0
10468,69,82,0,0.0,0.0,0.0,0.0,0.0,0.0,0.0,0.0,0.0,0.0,0.0,0.0,0.0,0.0,0.0,0.0,0.0,0.0,0.0,0.0,0.0,0.0,0.0,0.0,0.0,0.0,0.0,0.0,0.0,0.0,0.0,0.0,0.0,0.0,0.0
10469,69,83,0,0.0,0.0,0.0,0.0,0.0,0.0,0.0,0.0,0.0,0.0,0.0,0.0,0.0,0.0,0.0,0.0,0.0,0.0,0.0,0.0,0.0,0.0,0.0,0.0,0.0,0.0,0.0,0.0,0.0,0.0,0.0,0.0,0.0,0.0,0.0
10470,69,84,0,0.0,0.0,0.0,0.0,0.0,0.0,0.0,0.0,0.0,0.0,0.0,0.0,0.0,0.0,0.0,0.0,0.0,0.0,0.0,0.0,0.0,0.0,0.0,0.0,0.0,0.0,0.0,0.0,0.0,0.0,0.0,0.0,0.0,0.0,0.0
10471,69,85,0,0.0,0.0,0.0,0.0,0.0,0.0,0.0,0.0,0.0,0.0,0.0,0.0,0.0,0.0,0.0,0.0,0.0,0.0,0.0,0.0,0.0,0.0,0.0,0.0,0.0,0.0,0.0,0.0,0.0,0.0,0.0,0.0,0.0,0.0,0.0
10472,69,86,0,0.0,0.0,0.0,0.0,0.0,0.0,0.0,0.0,0.0,0.0,0.0,0.0,0.0,0.0,0.0,0.0,0.0,0.0,0.0,0.0,0.0,0.0,0.0,0.0,0.0,0.0,0.0,0.0,0.0,0.0,0.0,0.0,0.0,0.0,0.0
10473,69,87,0,0.0,0.0,0.0,0.0,0.0,0.0,0.0,0.0,0.0,0.0,0.0,0.0,0.0,0.0,0.0,0.0,0.0,0.0,0.0,0.0,0.0,0.0,0.0,0.0,0.0,0.0,0.0,0.0,0.0,0.0,0.0,0.0,0.0,0.0,0.0
10474,69,88,0,0.0,0.0,0.0,0.0,0.0,0.0,0.0,0.0,0.0,0.0,0.0,0.0,0.0,0.0,0.0,0.0,0.0,0.0,0.0,0.0,0.0,0.0,0.0,0.0,0.0,0.0,0.0,0.0,0.0,0.0,0.0,0.0,0.0,0.0,0.0
10475,69,89,0,0.0,0.0,0.0,0.0,0.0,0.0,0.0,0.0,0.0,0.0,0.0,0.0,0.0,0.0,0.0,0.0,0.0,0.0,0.0,0.0,0.0,0.0,0.0,0.0,0.0,0.0,0.0,0.0,0.0,0.0,0.0,0.0,0.0,0.0,0.0
10476,69,90,0,0.0,0.0,0.0,0.0,0.0,0.0,0.0,0.0,0.0,0.0,0.0,0.0,0.0,0.0,0.0,0.0,0.0,0.0,0.0,0.0,0.0,0.0,0.0,0.0,0.0,0.0,0.0,0.0,0.0,0.0,0.0,0.0,0.0,0.0,0.0
10477,69,91,0,0.0,0.0,0.0,0.0,0.0,0.0,0.0,0.0,0.0,0.0,0.0,0.0,0.0,0.0,0.0,0.0,0.0,0.0,0.0,0.0,0.0,0.0,0.0,0.0,0.0,0.0,0.0,0.0,0.0,0.0,0.0,0.0,0.0,0.0,0.0
10478,69,92,0,0.0,0.0,0.0,0.0,0.0,0.0,0.0,0.0,0.0,0.0,0.0,0.0,0.0,0.0,0.0,0.0,0.0,0.0,0.0,0.0,0.0,0.0,0.0,0.0,0.0,0.0,0.0,0.0,0.0,0.0,0.0,0.0,0.0,0.0,0.0
10479,69,93,0,0.0,0.0,0.0,0.0,0.0,0.0,0.0,0.0,0.0,0.0,0.0,0.0,0.0,0.0,0.0,0.0,0.0,0.0,0.0,0.0,0.0,0.0,0.0,0.0,0.0,0.0,0.0,0.0,0.0,0.0,0.0,0.0,0.0,0.0,0.0
10480,69,94,0,0.0,0.0,0.0,0.0,0.0,0.0,0.0,0.0,0.0,0.0,0.0,0.0,0.0,0.0,0.0,0.0,0.0,0.0,0.0,0.0,0.0,0.0,0.0,0.0,0.0,0.0,0.0,0.0,0.0,0.0,0.0,0.0,0.0,0.0,0.0
10481,69,95,0,0.0,0.0,0.0,0.0,0.0,0.0,0.0,0.0,0.0,0.0,0.0,0.0,0.0,0.0,0.0,0.0,0.0,0.0,0.0,0.0,0.0,0.0,0.0,0.0,0.0,0.0,0.0,0.0,0.0,0.0,0.0,0.0,0.0,0.0,0.0
10482,69,96,0,0.0,0.0,0.0,0.0,0.0,0.0,0.0,0.0,0.0,0.0,0.0,0.0,0.0,0.0,0.0,0.0,0.0,0.0,0.0,0.0,0.0,0.0,0.0,0.0,0.0,0.0,0.0,0.0,0.0,0.0,0.0,0.0,0.0,0.0,0.0
10483,69,97,0,0.0,0.0,0.0,0.0,0.0,0.0,0.0,0.0,0.0,0.0,0.0,0.0,0.0,0.0,0.0,0.0,0.0,0.0,0.0,0.0,0.0,0.0,0.0,0.0,0.0,0.0,0.0,0.0,0.0,0.0,0.0,0.0,0.0,0.0,0.0
10484,69,98,266,0.75,45.74,20.7,23.5,4.94,43.6,100.0,0.75,4.54,52.41,13.38,50.0,89.01,45.28,20.73,41.7,1.13,41.33,16.28,100.0,0.75,72.5,9.19,0.0,2.27,44.16,23.79,33.33,1.51,46.0,35.18,75.0,0.0,0.0,0.0
10485,69,99,0,0.0,0.0,0.0,0.0,0.0,0.0,0.0,0.0,0.0,0.0,0.0,0.0,0.0,0.0,0.0,0.0,0.0,0.0,0.0,0.0,0.0,0.0,0.0,0.0,0.0,0.0,0.0,0.0,0.0,0.0,0.0,0.0,0.0,0.0,0.0
10486,69,100,0,0.0,0.0,0.0,0.0,0.0,0.0,0.0,0.0,0.0,0.0,0.0,0.0,0.0,0.0,0.0,0.0,0.0,0.0,0.0,0.0,0.0,0.0,0.0,0.0,0.0,0.0,0.0,0.0,0.0,0.0,0.0,0.0,0.0,0.0,0.0
10487,69,101,0,0.0,0.0,0.0,0.0,0.0,0.0,0.0,0.0,0.0,0.0,0.0,0.0,0.0,0.0,0.0,0.0,0.0,0.0,0.0,0.0,0.0,0.0,0.0,0.0,0.0,0.0,0.0,0.0,0.0,0.0,0.0,0.0,0.0,0.0,0.0
10488,69,102,0,0.0,0.0,0.0,0.0,0.0,0.0,0.0,0.0,0.0,0.0,0.0,0.0,0.0,0.0,0.0,0.0,0.0,0.0,0.0,0.0,0.0,0.0,0.0,0.0,0.0,0.0,0.0,0.0,0.0,0.0,0.0,0.0,0.0,0.0,0.0
10489,69,103,0,0.0,0.0,0.0,0.0,0.0,0.0,0.0,0.0,0.0,0.0,0.0,0.0,0.0,0.0,0.0,0.0,0.0,0.0,0.0,0.0,0.0,0.0,0.0,0.0,0.0,0.0,0.0,0.0,0.0,0.0,0.0,0.0,0.0,0.0,0.0
10490,69,104,0,0.0,0.0,0.0,0.0,0.0,0.0,0.0,0.0,0.0,0.0,0.0,0.0,0.0,0.0,0.0,0.0,0.0,0.0,0.0,0.0,0.0,0.0,0.0,0.0,0.0,0.0,0.0,0.0,0.0,0.0,0.0,0.0,0.0,0.0,0.0
10491,69,105,0,0.0,0.0,0.0,0.0,0.0,0.0,0.0,0.0,0.0,0.0,0.0,0.0,0.0,0.0,0.0,0.0,0.0,0.0,0.0,0.0,0.0,0.0,0.0,0.0,0.0,0.0,0.0,0.0,0.0,0.0,0.0,0.0,0.0,0.0,0.0
10492,69,106,0,0.0,0.0,0.0,0.0,0.0,0.0,0.0,0.0,0.0,0.0,0.0,0.0,0.0,0.0,0.0,0.0,0.0,0.0,0.0,0.0,0.0,0.0,0.0,0.0,0.0,0.0,0.0,0.0,0.0,0.0,0.0,0.0,0.0,0.0,0.0
10493,69,107,0,0.0,0.0,0.0,0.0,0.0,0.0,0.0,0.0,0.0,0.0,0.0,0.0,0.0,0.0,0.0,0.0,0.0,0.0,0.0,0.0,0.0,0.0,0.0,0.0,0.0,0.0,0.0,0.0,0.0,0.0,0.0,0.0,0.0,0.0,0.0
10494,69,108,0,0.0,0.0,0.0,0.0,0.0,0.0,0.0,0.0,0.0,0.0,0.0,0.0,0.0,0.0,0.0,0.0,0.0,0.0,0.0,0.0,0.0,0.0,0.0,0.0,0.0,0.0,0.0,0.0,0.0,0.0,0.0,0.0,0.0,0.0,0.0
10495,69,109,0,0.0,0.0,0.0,0.0,0.0,0.0,0.0,0.0,0.0,0.0,0.0,0.0,0.0,0.0,0.0,0.0,0.0,0.0,0.0,0.0,0.0,0.0,0.0,0.0,0.0,0.0,0.0,0.0,0.0,0.0,0.0,0.0,0.0,0.0,0.0
10496,69,110,0,0.0,0.0,0.0,0.0,0.0,0.0,0.0,0.0,0.0,0.0,0.0,0.0,0.0,0.0,0.0,0.0,0.0,0.0,0.0,0.0,0.0,0.0,0.0,0.0,0.0,0.0,0.0,0.0,0.0,0.0,0.0,0.0,0.0,0.0,0.0
10497,69,111,0,0.0,0.0,0.0,0.0,0.0,0.0,0.0,0.0,0.0,0.0,0.0,0.0,0.0,0.0,0.0,0.0,0.0,0.0,0.0,0.0,0.0,0.0,0.0,0.0,0.0,0.0,0.0,0.0,0.0,0.0,0.0,0.0,0.0,0.0,0.0
10498,69,112,0,0.0,0.0,0.0,0.0,0.0,0.0,0.0,0.0,0.0,0.0,0.0,0.0,0.0,0.0,0.0,0.0,0.0,0.0,0.0,0.0,0.0,0.0,0.0,0.0,0.0,0.0,0.0,0.0,0.0,0.0,0.0,0.0,0.0,0.0,0.0
10499,69,113,0,0.0,0.0,0.0,0.0,0.0,0.0,0.0,0.0,0.0,0.0,0.0,0.0,0.0,0.0,0.0,0.0,0.0,0.0,0.0,0.0,0.0,0.0,0.0,0.0,0.0,0.0,0.0,0.0,0.0,0.0,0.0,0.0,0.0,0.0,0.0
10500,69,114,0,0.0,0.0,0.0,0.0,0.0,0.0,0.0,0.0,0.0,0.0,0.0,0.0,0.0,0.0,0.0,0.0,0.0,0.0,0.0,0.0,0.0,0.0,0.0,0.0,0.0,0.0,0.0,0.0,0.0,0.0,0.0,0.0,0.0,0.0,0.0
10501,69,115,0,0.0,0.0,0.0,0.0,0.0,0.0,0.0,0.0,0.0,0.0,0.0,0.0,0.0,0.0,0.0,0.0,0.0,0.0,0.0,0.0,0.0,0.0,0.0,0.0,0.0,0.0,0.0,0.0,0.0,0.0,0.0,0.0,0.0,0.0,0.0
10502,69,116,0,0.0,0.0,0.0,0.0,0.0,0.0,0.0,0.0,0.0,0.0,0.0,0.0,0.0,0.0,0.0,0.0,0.0,0.0,0.0,0.0,0.0,0.0,0.0,0.0,0.0,0.0,0.0,0.0,0.0,0.0,0.0,0.0,0.0,0.0,0.0
10503,69,117,0,0.0,0.0,0.0,0.0,0.0,0.0,0.0,0.0,0.0,0.0,0.0,0.0,0.0,0.0,0.0,0.0,0.0,0.0,0.0,0.0,0.0,0.0,0.0,0.0,0.0,0.0,0.0,0.0,0.0,0.0,0.0,0.0,0.0,0.0,0.0
10504,69,118,0,0.0,0.0,0.0,0.0,0.0,0.0,0.0,0.0,0.0,0.0,0.0,0.0,0.0,0.0,0.0,0.0,0.0,0.0,0.0,0.0,0.0,0.0,0.0,0.0,0.0,0.0,0.0,0.0,0.0,0.0,0.0,0.0,0.0,0.0,0.0
10505,69,119,0,0.0,0.0,0.0,0.0,0.0,0.0,0.0,0.0,0.0,0.0,0.0,0.0,0.0,0.0,0.0,0.0,0.0,0.0,0.0,0.0,0.0,0.0,0.0,0.0,0.0,0.0,0.0,0.0,0.0,0.0,0.0,0.0,0.0,0.0,0.0
10506,69,120,0,0.0,0.0,0.0,0.0,0.0,0.0,0.0,0.0,0.0,0.0,0.0,0.0,0.0,0.0,0.0,0.0,0.0,0.0,0.0,0.0,0.0,0.0,0.0,0.0,0.0,0.0,0.0,0.0,0.0,0.0,0.0,0.0,0.0,0.0,0.0
10507,69,121,0,0.0,0.0,0.0,0.0,0.0,0.0,0.0,0.0,0.0,0.0,0.0,0.0,0.0,0.0,0.0,0.0,0.0,0.0,0.0,0.0,0.0,0.0,0.0,0.0,0.0,0.0,0.0,0.0,0.0,0.0,0.0,0.0,0.0,0.0,0.0
10508,69,122,0,0.0,0.0,0.0,0.0,0.0,0.0,0.0,0.0,0.0,0.0,0.0,0.0,0.0,0.0,0.0,0.0,0.0,0.0,0.0,0.0,0.0,0.0,0.0,0.0,0.0,0.0,0.0,0.0,0.0,0.0,0.0,0.0,0.0,0.0,0.0
10509,69,123,0,0.0,0.0,0.0,0.0,0.0,0.0,0.0,0.0,0.0,0.0,0.0,0.0,0.0,0.0,0.0,0.0,0.0,0.0,0.0,0.0,0.0,0.0,0.0,0.0,0.0,0.0,0.0,0.0,0.0,0.0,0.0,0.0,0.0,0.0,0.0
10510,69,124,0,0.0,0.0,0.0,0.0,0.0,0.0,0.0,0.0,0.0,0.0,0.0,0.0,0.0,0.0,0.0,0.0,0.0,0.0,0.0,0.0,0.0,0.0,0.0,0.0,0.0,0.0,0.0,0.0,0.0,0.0,0.0,0.0,0.0,0.0,0.0
10511,69,125,0,0.0,0.0,0.0,0.0,0.0,0.0,0.0,0.0,0.0,0.0,0.0,0.0,0.0,0.0,0.0,0.0,0.0,0.0,0.0,0.0,0.0,0.0,0.0,0.0,0.0,0.0,0.0,0.0,0.0,0.0,0.0,0.0,0.0,0.0,0.0
10512,69,126,0,0.0,0.0,0.0,0.0,0.0,0.0,0.0,0.0,0.0,0.0,0.0,0.0,0.0,0.0,0.0,0.0,0.0,0.0,0.0,0.0,0.0,0.0,0.0,0.0,0.0,0.0,0.0,0.0,0.0,0.0,0.0,0.0,0.0,0.0,0.0
10513,69,127,0,0.0,0.0,0.0,0.0,0.0,0.0,0.0,0.0,0.0,0.0,0.0,0.0,0.0,0.0,0.0,0.0,0.0,0.0,0.0,0.0,0.0,0.0,0.0,0.0,0.0,0.0,0.0,0.0,0.0,0.0,0.0,0.0,0.0,0.0,0.0
10514,69,128,0,0.0,0.0,0.0,0.0,0.0,0.0,0.0,0.0,0.0,0.0,0.0,0.0,0.0,0.0,0.0,0.0,0.0,0.0,0.0,0.0,0.0,0.0,0.0,0.0,0.0,0.0,0.0,0.0,0.0,0.0,0.0,0.0,0.0,0.0,0.0
10515,69,129,0,0.0,0.0,0.0,0.0,0.0,0.0,0.0,0.0,0.0,0.0,0.0,0.0,0.0,0.0,0.0,0.0,0.0,0.0,0.0,0.0,0.0,0.0,0.0,0.0,0.0,0.0,0.0,0.0,0.0,0.0,0.0,0.0,0.0,0.0,0.0
10516,69,130,0,0.0,0.0,0.0,0.0,0.0,0.0,0.0,0.0,0.0,0.0,0.0,0.0,0.0,0.0,0.0,0.0,0.0,0.0,0.0,0.0,0.0,0.0,0.0,0.0,0.0,0.0,0.0,0.0,0.0,0.0,0.0,0.0,0.0,0.0,0.0
10517,69,131,0,0.0,0.0,0.0,0.0,0.0,0.0,0.0,0.0,0.0,0.0,0.0,0.0,0.0,0.0,0.0,0.0,0.0,0.0,0.0,0.0,0.0,0.0,0.0,0.0,0.0,0.0,0.0,0.0,0.0,0.0,0.0,0.0,0.0,0.0,0.0
10518,69,132,0,0.0,0.0,0.0,0.0,0.0,0.0,0.0,0.0,0.0,0.0,0.0,0.0,0.0,0.0,0.0,0.0,0.0,0.0,0.0,0.0,0.0,0.0,0.0,0.0,0.0,0.0,0.0,0.0,0.0,0.0,0.0,0.0,0.0,0.0,0.0
10519,69,133,0,0.0,0.0,0.0,0.0,0.0,0.0,0.0,0.0,0.0,0.0,0.0,0.0,0.0,0.0,0.0,0.0,0.0,0.0,0.0,0.0,0.0,0.0,0.0,0.0,0.0,0.0,0.0,0.0,0.0,0.0,0.0,0.0,0.0,0.0,0.0
10520,69,134,0,0.0,0.0,0.0,0.0,0.0,0.0,0.0,0.0,0.0,0.0,0.0,0.0,0.0,0.0,0.0,0.0,0.0,0.0,0.0,0.0,0.0,0.0,0.0,0.0,0.0,0.0,0.0,0.0,0.0,0.0,0.0,0.0,0.0,0.0,0.0
10521,69,135,0,0.0,0.0,0.0,0.0,0.0,0.0,0.0,0.0,0.0,0.0,0.0,0.0,0.0,0.0,0.0,0.0,0.0,0.0,0.0,0.0,0.0,0.0,0.0,0.0,0.0,0.0,0.0,0.0,0.0,0.0,0.0,0.0,0.0,0.0,0.0
10522,69,136,0,0.0,0.0,0.0,0.0,0.0,0.0,0.0,0.0,0.0,0.0,0.0,0.0,0.0,0.0,0.0,0.0,0.0,0.0,0.0,0.0,0.0,0.0,0.0,0.0,0.0,0.0,0.0,0.0,0.0,0.0,0.0,0.0,0.0,0.0,0.0
10523,69,137,0,0.0,0.0,0.0,0.0,0.0,0.0,0.0,0.0,0.0,0.0,0.0,0.0,0.0,0.0,0.0,0.0,0.0,0.0,0.0,0.0,0.0,0.0,0.0,0.0,0.0,0.0,0.0,0.0,0.0,0.0,0.0,0.0,0.0,0.0,0.0
10524,69,138,0,0.0,0.0,0.0,0.0,0.0,0.0,0.0,0.0,0.0,0.0,0.0,0.0,0.0,0.0,0.0,0.0,0.0,0.0,0.0,0.0,0.0,0.0,0.0,0.0,0.0,0.0,0.0,0.0,0.0,0.0,0.0,0.0,0.0,0.0,0.0
10525,69,139,0,0.0,0.0,0.0,0.0,0.0,0.0,0.0,0.0,0.0,0.0,0.0,0.0,0.0,0.0,0.0,0.0,0.0,0.0,0.0,0.0,0.0,0.0,0.0,0.0,0.0,0.0,0.0,0.0,0.0,0.0,0.0,0.0,0.0,0.0,0.0
10526,69,140,0,0.0,0.0,0.0,0.0,0.0,0.0,0.0,0.0,0.0,0.0,0.0,0.0,0.0,0.0,0.0,0.0,0.0,0.0,0.0,0.0,0.0,0.0,0.0,0.0,0.0,0.0,0.0,0.0,0.0,0.0,0.0,0.0,0.0,0.0,0.0
10527,69,141,0,0.0,0.0,0.0,0.0,0.0,0.0,0.0,0.0,0.0,0.0,0.0,0.0,0.0,0.0,0.0,0.0,0.0,0.0,0.0,0.0,0.0,0.0,0.0,0.0,0.0,0.0,0.0,0.0,0.0,0.0,0.0,0.0,0.0,0.0,0.0
10528,69,142,0,0.0,0.0,0.0,0.0,0.0,0.0,0.0,0.0,0.0,0.0,0.0,0.0,0.0,0.0,0.0,0.0,0.0,0.0,0.0,0.0,0.0,0.0,0.0,0.0,0.0,0.0,0.0,0.0,0.0,0.0,0.0,0.0,0.0,0.0,0.0
10529,69,143,0,0.0,0.0,0.0,0.0,0.0,0.0,0.0,0.0,0.0,0.0,0.0,0.0,0.0,0.0,0.0,0.0,0.0,0.0,0.0,0.0,0.0,0.0,0.0,0.0,0.0,0.0,0.0,0.0,0.0,0.0,0.0,0.0,0.0,0.0,0.0
10530,69,144,0,0.0,0.0,0.0,0.0,0.0,0.0,0.0,0.0,0.0,0.0,0.0,0.0,0.0,0.0,0.0,0.0,0.0,0.0,0.0,0.0,0.0,0.0,0.0,0.0,0.0,0.0,0.0,0.0,0.0,0.0,0.0,0.0,0.0,0.0,0.0
10531,69,145,0,0.0,0.0,0.0,0.0,0.0,0.0,0.0,0.0,0.0,0.0,0.0,0.0,0.0,0.0,0.0,0.0,0.0,0.0,0.0,0.0,0.0,0.0,0.0,0.0,0.0,0.0,0.0,0.0,0.0,0.0,0.0,0.0,0.0,0.0,0.0
10532,69,146,0,0.0,0.0,0.0,0.0,0.0,0.0,0.0,0.0,0.0,0.0,0.0,0.0,0.0,0.0,0.0,0.0,0.0,0.0,0.0,0.0,0.0,0.0,0.0,0.0,0.0,0.0,0.0,0.0,0.0,0.0,0.0,0.0,0.0,0.0,0.0
10533,69,147,0,0.0,0.0,0.0,0.0,0.0,0.0,0.0,0.0,0.0,0.0,0.0,0.0,0.0,0.0,0.0,0.0,0.0,0.0,0.0,0.0,0.0,0.0,0.0,0.0,0.0,0.0,0.0,0.0,0.0,0.0,0.0,0.0,0.0,0.0,0.0
10534,69,148,0,0.0,0.0,0.0,0.0,0.0,0.0,0.0,0.0,0.0,0.0,0.0,0.0,0.0,0.0,0.0,0.0,0.0,0.0,0.0,0.0,0.0,0.0,0.0,0.0,0.0,0.0,0.0,0.0,0.0,0.0,0.0,0.0,0.0,0.0,0.0
10535,69,149,0,0.0,0.0,0.0,0.0,0.0,0.0,0.0,0.0,0.0,0.0,0.0,0.0,0.0,0.0,0.0,0.0,0.0,0.0,0.0,0.0,0.0,0.0,0.0,0.0,0.0,0.0,0.0,0.0,0.0,0.0,0.0,0.0,0.0,0.0,0.0
10536,69,150,0,0.0,0.0,0.0,0.0,0.0,0.0,0.0,0.0,0.0,0.0,0.0,0.0,0.0,0.0,0.0,0.0,0.0,0.0,0.0,0.0,0.0,0.0,0.0,0.0,0.0,0.0,0.0,0.0,0.0,0.0,0.0,0.0,0.0,0.0,0.0
10537,69,151,0,0.0,0.0,0.0,0.0,0.0,0.0,0.0,0.0,0.0,0.0,0.0,0.0,0.0,0.0,0.0,0.0,0.0,0.0,0.0,0.0,0.0,0.0,0.0,0.0,0.0,0.0,0.0,0.0,0.0,0.0,0.0,0.0,0.0,0.0,0.0
10538,69,152,0,0.0,0.0,0.0,0.0,0.0,0.0,0.0,0.0,0.0,0.0,0.0,0.0,0.0,0.0,0.0,0.0,0.0,0.0,0.0,0.0,0.0,0.0,0.0,0.0,0.0,0.0,0.0,0.0,0.0,0.0,0.0,0.0,0.0,0.0,0.0
10539,69,153,0,0.0,0.0,0.0,0.0,0.0,0.0,0.0,0.0,0.0,0.0,0.0,0.0,0.0,0.0,0.0,0.0,0.0,0.0,0.0,0.0,0.0,0.0,0.0,0.0,0.0,0.0,0.0,0.0,0.0,0.0,0.0,0.0,0.0,0.0,0.0
10540,69,154,0,0.0,0.0,0.0,0.0,0.0,0.0,0.0,0.0,0.0,0.0,0.0,0.0,0.0,0.0,0.0,0.0,0.0,0.0,0.0,0.0,0.0,0.0,0.0,0.0,0.0,0.0,0.0,0.0,0.0,0.0,0.0,0.0,0.0,0.0,0.0
10541,69,155,0,0.0,0.0,0.0,0.0,0.0,0.0,0.0,0.0,0.0,0.0,0.0,0.0,0.0,0.0,0.0,0.0,0.0,0.0,0.0,0.0,0.0,0.0,0.0,0.0,0.0,0.0,0.0,0.0,0.0,0.0,0.0,0.0,0.0,0.0,0.0
10542,69,156,0,0.0,0.0,0.0,0.0,0.0,0.0,0.0,0.0,0.0,0.0,0.0,0.0,0.0,0.0,0.0,0.0,0.0,0.0,0.0,0.0,0.0,0.0,0.0,0.0,0.0,0.0,0.0,0.0,0.0,0.0,0.0,0.0,0.0,0.0,0.0
10543,69,157,0,0.0,0.0,0.0,0.0,0.0,0.0,0.0,0.0,0.0,0.0,0.0,0.0,0.0,0.0,0.0,0.0,0.0,0.0,0.0,0.0,0.0,0.0,0.0,0.0,0.0,0.0,0.0,0.0,0.0,0.0,0.0,0.0,0.0,0.0,0.0
10544,69,158,0,0.0,0.0,0.0,0.0,0.0,0.0,0.0,0.0,0.0,0.0,0.0,0.0,0.0,0.0,0.0,0.0,0.0,0.0,0.0,0.0,0.0,0.0,0.0,0.0,0.0,0.0,0.0,0.0,0.0,0.0,0.0,0.0,0.0,0.0,0.0
10545,69,159,0,0.0,0.0,0.0,0.0,0.0,0.0,0.0,0.0,0.0,0.0,0.0,0.0,0.0,0.0,0.0,0.0,0.0,0.0,0.0,0.0,0.0,0.0,0.0,0.0,0.0,0.0,0.0,0.0,0.0,0.0,0.0,0.0,0.0,0.0,0.0
10546,69,160,0,0.0,0.0,0.0,0.0,0.0,0.0,0.0,0.0,0.0,0.0,0.0,0.0,0.0,0.0,0.0,0.0,0.0,0.0,0.0,0.0,0.0,0.0,0.0,0.0,0.0,0.0,0.0,0.0,0.0,0.0,0.0,0.0,0.0,0.0,0.0
10547,69,161,0,0.0,0.0,0.0,0.0,0.0,0.0,0.0,0.0,0.0,0.0,0.0,0.0,0.0,0.0,0.0,0.0,0.0,0.0,0.0,0.0,0.0,0.0,0.0,0.0,0.0,0.0,0.0,0.0,0.0,0.0,0.0,0.0,0.0,0.0,0.0
10548,69,162,0,0.0,0.0,0.0,0.0,0.0,0.0,0.0,0.0,0.0,0.0,0.0,0.0,0.0,0.0,0.0,0.0,0.0,0.0,0.0,0.0,0.0,0.0,0.0,0.0,0.0,0.0,0.0,0.0,0.0,0.0,0.0,0.0,0.0,0.0,0.0
10549,69,163,0,0.0,0.0,0.0,0.0,0.0,0.0,0.0,0.0,0.0,0.0,0.0,0.0,0.0,0.0,0.0,0.0,0.0,0.0,0.0,0.0,0.0,0.0,0.0,0.0,0.0,0.0,0.0,0.0,0.0,0.0,0.0,0.0,0.0,0.0,0.0
10550,69,164,0,0.0,0.0,0.0,0.0,0.0,0.0,0.0,0.0,0.0,0.0,0.0,0.0,0.0,0.0,0.0,0.0,0.0,0.0,0.0,0.0,0.0,0.0,0.0,0.0,0.0,0.0,0.0,0.0,0.0,0.0,0.0,0.0,0.0,0.0,0.0
10551,69,165,0,0.0,0.0,0.0,0.0,0.0,0.0,0.0,0.0,0.0,0.0,0.0,0.0,0.0,0.0,0.0,0.0,0.0,0.0,0.0,0.0,0.0,0.0,0.0,0.0,0.0,0.0,0.0,0.0,0.0,0.0,0.0,0.0,0.0,0.0,0.0
10552,69,166,0,0.0,0.0,0.0,0.0,0.0,0.0,0.0,0.0,0.0,0.0,0.0,0.0,0.0,0.0,0.0,0.0,0.0,0.0,0.0,0.0,0.0,0.0,0.0,0.0,0.0,0.0,0.0,0.0,0.0,0.0,0.0,0.0,0.0,0.0,0.0
10553,69,167,0,0.0,0.0,0.0,0.0,0.0,0.0,0.0,0.0,0.0,0.0,0.0,0.0,0.0,0.0,0.0,0.0,0.0,0.0,0.0,0.0,0.0,0.0,0.0,0.0,0.0,0.0,0.0,0.0,0.0,0.0,0.0,0.0,0.0,0.0,0.0
10554,69,168,0,0.0,0.0,0.0,0.0,0.0,0.0,0.0,0.0,0.0,0.0,0.0,0.0,0.0,0.0,0.0,0.0,0.0,0.0,0.0,0.0,0.0,0.0,0.0,0.0,0.0,0.0,0.0,0.0,0.0,0.0,0.0,0.0,0.0,0.0,0.0
10555,69,169,0,0.0,0.0,0.0,0.0,0.0,0.0,0.0,0.0,0.0,0.0,0.0,0.0,0.0,0.0,0.0,0.0,0.0,0.0,0.0,0.0,0.0,0.0,0.0,0.0,0.0,0.0,0.0,0.0,0.0,0.0,0.0,0.0,0.0,0.0,0.0
10556,69,170,0,0.0,0.0,0.0,0.0,0.0,0.0,0.0,0.0,0.0,0.0,0.0,0.0,0.0,0.0,0.0,0.0,0.0,0.0,0.0,0.0,0.0,0.0,0.0,0.0,0.0,0.0,0.0,0.0,0.0,0.0,0.0,0.0,0.0,0.0,0.0
10557,69,171,0,0.0,0.0,0.0,0.0,0.0,0.0,0.0,0.0,0.0,0.0,0.0,0.0,0.0,0.0,0.0,0.0,0.0,0.0,0.0,0.0,0.0,0.0,0.0,0.0,0.0,0.0,0.0,0.0,0.0,0.0,0.0,0.0,0.0,0.0,0.0
10558,69,172,0,0.0,0.0,0.0,0.0,0.0,0.0,0.0,0.0,0.0,0.0,0.0,0.0,0.0,0.0,0.0,0.0,0.0,0.0,0.0,0.0,0.0,0.0,0.0,0.0,0.0,0.0,0.0,0.0,0.0,0.0,0.0,0.0,0.0,0.0,0.0
10559,69,173,0,0.0,0.0,0.0,0.0,0.0,0.0,0.0,0.0,0.0,0.0,0.0,0.0,0.0,0.0,0.0,0.0,0.0,0.0,0.0,0.0,0.0,0.0,0.0,0.0,0.0,0.0,0.0,0.0,0.0,0.0,0.0,0.0,0.0,0.0,0.0
10560,69,174,0,0.0,0.0,0.0,0.0,0.0,0.0,0.0,0.0,0.0,0.0,0.0,0.0,0.0,0.0,0.0,0.0,0.0,0.0,0.0,0.0,0.0,0.0,0.0,0.0,0.0,0.0,0.0,0.0,0.0,0.0,0.0,0.0,0.0,0.0,0.0
10561,69,175,0,0.0,0.0,0.0,0.0,0.0,0.0,0.0,0.0,0.0,0.0,0.0,0.0,0.0,0.0,0.0,0.0,0.0,0.0,0.0,0.0,0.0,0.0,0.0,0.0,0.0,0.0,0.0,0.0,0.0,0.0,0.0,0.0,0.0,0.0,0.0
10562,69,176,0,0.0,0.0,0.0,0.0,0.0,0.0,0.0,0.0,0.0,0.0,0.0,0.0,0.0,0.0,0.0,0.0,0.0,0.0,0.0,0.0,0.0,0.0,0.0,0.0,0.0,0.0,0.0,0.0,0.0,0.0,0.0,0.0,0.0,0.0,0.0
10563,69,177,0,0.0,0.0,0.0,0.0,0.0,0.0,0.0,0.0,0.0,0.0,0.0,0.0,0.0,0.0,0.0,0.0,0.0,0.0,0.0,0.0,0.0,0.0,0.0,0.0,0.0,0.0,0.0,0.0,0.0,0.0,0.0,0.0,0.0,0.0,0.0
10564,69,178,0,0.0,0.0,0.0,0.0,0.0,0.0,0.0,0.0,0.0,0.0,0.0,0.0,0.0,0.0,0.0,0.0,0.0,0.0,0.0,0.0,0.0,0.0,0.0,0.0,0.0,0.0,0.0,0.0,0.0,0.0,0.0,0.0,0.0,0.0,0.0
10565,69,179,0,0.0,0.0,0.0,0.0,0.0,0.0,0.0,0.0,0.0,0.0,0.0,0.0,0.0,0.0,0.0,0.0,0.0,0.0,0.0,0.0,0.0,0.0,0.0,0.0,0.0,0.0,0.0,0.0,0.0,0.0,0.0,0.0,0.0,0.0,0.0
10566,69,180,0,0.0,0.0,0.0,0.0,0.0,0.0,0.0,0.0,0.0,0.0,0.0,0.0,0.0,0.0,0.0,0.0,0.0,0.0,0.0,0.0,0.0,0.0,0.0,0.0,0.0,0.0,0.0,0.0,0.0,0.0,0.0,0.0,0.0,0.0,0.0
10567,69,181,0,0.0,0.0,0.0,0.0,0.0,0.0,0.0,0.0,0.0,0.0,0.0,0.0,0.0,0.0,0.0,0.0,0.0,0.0,0.0,0.0,0.0,0.0,0.0,0.0,0.0,0.0,0.0,0.0,0.0,0.0,0.0,0.0,0.0,0.0,0.0
10568,69,182,0,0.0,0.0,0.0,0.0,0.0,0.0,0.0,0.0,0.0,0.0,0.0,0.0,0.0,0.0,0.0,0.0,0.0,0.0,0.0,0.0,0.0,0.0,0.0,0.0,0.0,0.0,0.0,0.0,0.0,0.0,0.0,0.0,0.0,0.0,0.0
10569,69,183,0,0.0,0.0,0.0,0.0,0.0,0.0,0.0,0.0,0.0,0.0,0.0,0.0,0.0,0.0,0.0,0.0,0.0,0.0,0.0,0.0,0.0,0.0,0.0,0.0,0.0,0.0,0.0,0.0,0.0,0.0,0.0,0.0,0.0,0.0,0.0
10570,69,184,0,0.0,0.0,0.0,0.0,0.0,0.0,0.0,0.0,0.0,0.0,0.0,0.0,0.0,0.0,0.0,0.0,0.0,0.0,0.0,0.0,0.0,0.0,0.0,0.0,0.0,0.0,0.0,0.0,0.0,0.0,0.0,0.0,0.0,0.0,0.0
10571,69,185,0,0.0,0.0,0.0,0.0,0.0,0.0,0.0,0.0,0.0,0.0,0.0,0.0,0.0,0.0,0.0,0.0,0.0,0.0,0.0,0.0,0.0,0.0,0.0,0.0,0.0,0.0,0.0,0.0,0.0,0.0,0.0,0.0,0.0,0.0,0.0
10572,69,186,0,0.0,0.0,0.0,0.0,0.0,0.0,0.0,0.0,0.0,0.0,0.0,0.0,0.0,0.0,0.0,0.0,0.0,0.0,0.0,0.0,0.0,0.0,0.0,0.0,0.0,0.0,0.0,0.0,0.0,0.0,0.0,0.0,0.0,0.0,0.0
10573,69,187,0,0.0,0.0,0.0,0.0,0.0,0.0,0.0,0.0,0.0,0.0,0.0,0.0,0.0,0.0,0.0,0.0,0.0,0.0,0.0,0.0,0.0,0.0,0.0,0.0,0.0,0.0,0.0,0.0,0.0,0.0,0.0,0.0,0.0,0.0,0.0
10574,69,188,0,0.0,0.0,0.0,0.0,0.0,0.0,0.0,0.0,0.0,0.0,0.0,0.0,0.0,0.0,0.0,0.0,0.0,0.0,0.0,0.0,0.0,0.0,0.0,0.0,0.0,0.0,0.0,0.0,0.0,0.0,0.0,0.0,0.0,0.0,0.0
10575,69,189,0,0.0,0.0,0.0,0.0,0.0,0.0,0.0,0.0,0.0,0.0,0.0,0.0,0.0,0.0,0.0,0.0,0.0,0.0,0.0,0.0,0.0,0.0,0.0,0.0,0.0,0.0,0.0,0.0,0.0,0.0,0.0,0.0,0.0,0.0,0.0
10576,69,190,0,0.0,0.0,0.0,0.0,0.0,0.0,0.0,0.0,0.0,0.0,0.0,0.0,0.0,0.0,0.0,0.0,0.0,0.0,0.0,0.0,0.0,0.0,0.0,0.0,0.0,0.0,0.0,0.0,0.0,0.0,0.0,0.0,0.0,0.0,0.0
10577,69,191,0,0.0,0.0,0.0,0.0,0.0,0.0,0.0,0.0,0.0,0.0,0.0,0.0,0.0,0.0,0.0,0.0,0.0,0.0,0.0,0.0,0.0,0.0,0.0,0.0,0.0,0.0,0.0,0.0,0.0,0.0,0.0,0.0,0.0,0.0,0.0
10578,69,192,0,0.0,0.0,0.0,0.0,0.0,0.0,0.0,0.0,0.0,0.0,0.0,0.0,0.0,0.0,0.0,0.0,0.0,0.0,0.0,0.0,0.0,0.0,0.0,0.0,0.0,0.0,0.0,0.0,0.0,0.0,0.0,0.0,0.0,0.0,0.0
10579,69,193,0,0.0,0.0,0.0,0.0,0.0,0.0,0.0,0.0,0.0,0.0,0.0,0.0,0.0,0.0,0.0,0.0,0.0,0.0,0.0,0.0,0.0,0.0,0.0,0.0,0.0,0.0,0.0,0.0,0.0,0.0,0.0,0.0,0.0,0.0,0.0
10580,69,194,0,0.0,0.0,0.0,0.0,0.0,0.0,0.0,0.0,0.0,0.0,0.0,0.0,0.0,0.0,0.0,0.0,0.0,0.0,0.0,0.0,0.0,0.0,0.0,0.0,0.0,0.0,0.0,0.0,0.0,0.0,0.0,0.0,0.0,0.0,0.0
10581,69,195,0,0.0,0.0,0.0,0.0,0.0,0.0,0.0,0.0,0.0,0.0,0.0,0.0,0.0,0.0,0.0,0.0,0.0,0.0,0.0,0.0,0.0,0.0,0.0,0.0,0.0,0.0,0.0,0.0,0.0,0.0,0.0,0.0,0.0,0.0,0.0
10582,69,196,0,0.0,0.0,0.0,0.0,0.0,0.0,0.0,0.0,0.0,0.0,0.0,0.0,0.0,0.0,0.0,0.0,0.0,0.0,0.0,0.0,0.0,0.0,0.0,0.0,0.0,0.0,0.0,0.0,0.0,0.0,0.0,0.0,0.0,0.0,0.0
10583,69,197,0,0.0,0.0,0.0,0.0,0.0,0.0,0.0,0.0,0.0,0.0,0.0,0.0,0.0,0.0,0.0,0.0,0.0,0.0,0.0,0.0,0.0,0.0,0.0,0.0,0.0,0.0,0.0,0.0,0.0,0.0,0.0,0.0,0.0,0.0,0.0
10584,69,198,0,0.0,0.0,0.0,0.0,0.0,0.0,0.0,0.0,0.0,0.0,0.0,0.0,0.0,0.0,0.0,0.0,0.0,0.0,0.0,0.0,0.0,0.0,0.0,0.0,0.0,0.0,0.0,0.0,0.0,0.0,0.0,0.0,0.0,0.0,0.0
10585,69,199,0,0.0,0.0,0.0,0.0,0.0,0.0,0.0,0.0,0.0,0.0,0.0,0.0,0.0,0.0,0.0,0.0,0.0,0.0,0.0,0.0,0.0,0.0,0.0,0.0,0.0,0.0,0.0,0.0,0.0,0.0,0.0,0.0,0.0,0.0,0.0
10586,69,200,0,0.0,0.0,0.0,0.0,0.0,0.0,0.0,0.0,0.0,0.0,0.0,0.0,0.0,0.0,0.0,0.0,0.0,0.0,0.0,0.0,0.0,0.0,0.0,0.0,0.0,0.0,0.0,0.0,0.0,0.0,0.0,0.0,0.0,0.0,0.0
10587,69,201,0,0.0,0.0,0.0,0.0,0.0,0.0,0.0,0.0,0.0,0.0,0.0,0.0,0.0,0.0,0.0,0.0,0.0,0.0,0.0,0.0,0.0,0.0,0.0,0.0,0.0,0.0,0.0,0.0,0.0,0.0,0.0,0.0,0.0,0.0,0.0
10588,69,202,0,0.0,0.0,0.0,0.0,0.0,0.0,0.0,0.0,0.0,0.0,0.0,0.0,0.0,0.0,0.0,0.0,0.0,0.0,0.0,0.0,0.0,0.0,0.0,0.0,0.0,0.0,0.0,0.0,0.0,0.0,0.0,0.0,0.0,0.0,0.0
10589,69,203,0,0.0,0.0,0.0,0.0,0.0,0.0,0.0,0.0,0.0,0.0,0.0,0.0,0.0,0.0,0.0,0.0,0.0,0.0,0.0,0.0,0.0,0.0,0.0,0.0,0.0,0.0,0.0,0.0,0.0,0.0,0.0,0.0,0.0,0.0,0.0
10590,69,204,0,0.0,0.0,0.0,0.0,0.0,0.0,0.0,0.0,0.0,0.0,0.0,0.0,0.0,0.0,0.0,0.0,0.0,0.0,0.0,0.0,0.0,0.0,0.0,0.0,0.0,0.0,0.0,0.0,0.0,0.0,0.0,0.0,0.0,0.0,0.0
10591,69,205,0,0.0,0.0,0.0,0.0,0.0,0.0,0.0,0.0,0.0,0.0,0.0,0.0,0.0,0.0,0.0,0.0,0.0,0.0,0.0,0.0,0.0,0.0,0.0,0.0,0.0,0.0,0.0,0.0,0.0,0.0,0.0,0.0,0.0,0.0,0.0
10592,69,206,0,0.0,0.0,0.0,0.0,0.0,0.0,0.0,0.0,0.0,0.0,0.0,0.0,0.0,0.0,0.0,0.0,0.0,0.0,0.0,0.0,0.0,0.0,0.0,0.0,0.0,0.0,0.0,0.0,0.0,0.0,0.0,0.0,0.0,0.0,0.0
10593,69,207,0,0.0,0.0,0.0,0.0,0.0,0.0,0.0,0.0,0.0,0.0,0.0,0.0,0.0,0.0,0.0,0.0,0.0,0.0,0.0,0.0,0.0,0.0,0.0,0.0,0.0,0.0,0.0,0.0,0.0,0.0,0.0,0.0,0.0,0.0,0.0
10594,69,208,0,0.0,0.0,0.0,0.0,0.0,0.0,0.0,0.0,0.0,0.0,0.0,0.0,0.0,0.0,0.0,0.0,0.0,0.0,0.0,0.0,0.0,0.0,0.0,0.0,0.0,0.0,0.0,0.0,0.0,0.0,0.0,0.0,0.0,0.0,0.0
10595,69,209,0,0.0,0.0,0.0,0.0,0.0,0.0,0.0,0.0,0.0,0.0,0.0,0.0,0.0,0.0,0.0,0.0,0.0,0.0,0.0,0.0,0.0,0.0,0.0,0.0,0.0,0.0,0.0,0.0,0.0,0.0,0.0,0.0,0.0,0.0,0.0
10596,69,210,0,0.0,0.0,0.0,0.0,0.0,0.0,0.0,0.0,0.0,0.0,0.0,0.0,0.0,0.0,0.0,0.0,0.0,0.0,0.0,0.0,0.0,0.0,0.0,0.0,0.0,0.0,0.0,0.0,0.0,0.0,0.0,0.0,0.0,0.0,0.0
10597,69,211,0,0.0,0.0,0.0,0.0,0.0,0.0,0.0,0.0,0.0,0.0,0.0,0.0,0.0,0.0,0.0,0.0,0.0,0.0,0.0,0.0,0.0,0.0,0.0,0.0,0.0,0.0,0.0,0.0,0.0,0.0,0.0,0.0,0.0,0.0,0.0
10598,69,212,0,0.0,0.0,0.0,0.0,0.0,0.0,0.0,0.0,0.0,0.0,0.0,0.0,0.0,0.0,0.0,0.0,0.0,0.0,0.0,0.0,0.0,0.0,0.0,0.0,0.0,0.0,0.0,0.0,0.0,0.0,0.0,0.0,0.0,0.0,0.0
10599,69,213,0,0.0,0.0,0.0,0.0,0.0,0.0,0.0,0.0,0.0,0.0,0.0,0.0,0.0,0.0,0.0,0.0,0.0,0.0,0.0,0.0,0.0,0.0,0.0,0.0,0.0,0.0,0.0,0.0,0.0,0.0,0.0,0.0,0.0,0.0,0.0
10600,69,214,0,0.0,0.0,0.0,0.0,0.0,0.0,0.0,0.0,0.0,0.0,0.0,0.0,0.0,0.0,0.0,0.0,0.0,0.0,0.0,0.0,0.0,0.0,0.0,0.0,0.0,0.0,0.0,0.0,0.0,0.0,0.0,0.0,0.0,0.0,0.0
10601,69,215,0,0.0,0.0,0.0,0.0,0.0,0.0,0.0,0.0,0.0,0.0,0.0,0.0,0.0,0.0,0.0,0.0,0.0,0.0,0.0,0.0,0.0,0.0,0.0,0.0,0.0,0.0,0.0,0.0,0.0,0.0,0.0,0.0,0.0,0.0,0.0
10602,69,216,0,0.0,0.0,0.0,0.0,0.0,0.0,0.0,0.0,0.0,0.0,0.0,0.0,0.0,0.0,0.0,0.0,0.0,0.0,0.0,0.0,0.0,0.0,0.0,0.0,0.0,0.0,0.0,0.0,0.0,0.0,0.0,0.0,0.0,0.0,0.0
10603,69,217,0,0.0,0.0,0.0,0.0,0.0,0.0,0.0,0.0,0.0,0.0,0.0,0.0,0.0,0.0,0.0,0.0,0.0,0.0,0.0,0.0,0.0,0.0,0.0,0.0,0.0,0.0,0.0,0.0,0.0,0.0,0.0,0.0,0.0,0.0,0.0
10604,69,218,0,0.0,0.0,0.0,0.0,0.0,0.0,0.0,0.0,0.0,0.0,0.0,0.0,0.0,0.0,0.0,0.0,0.0,0.0,0.0,0.0,0.0,0.0,0.0,0.0,0.0,0.0,0.0,0.0,0.0,0.0,0.0,0.0,0.0,0.0,0.0
10605,69,219,0,0.0,0.0,0.0,0.0,0.0,0.0,0.0,0.0,0.0,0.0,0.0,0.0,0.0,0.0,0.0,0.0,0.0,0.0,0.0,0.0,0.0,0.0,0.0,0.0,0.0,0.0,0.0,0.0,0.0,0.0,0.0,0.0,0.0,0.0,0.0
10606,69,220,0,0.0,0.0,0.0,0.0,0.0,0.0,0.0,0.0,0.0,0.0,0.0,0.0,0.0,0.0,0.0,0.0,0.0,0.0,0.0,0.0,0.0,0.0,0.0,0.0,0.0,0.0,0.0,0.0,0.0,0.0,0.0,0.0,0.0,0.0,0.0
10607,69,221,0,0.0,0.0,0.0,0.0,0.0,0.0,0.0,0.0,0.0,0.0,0.0,0.0,0.0,0.0,0.0,0.0,0.0,0.0,0.0,0.0,0.0,0.0,0.0,0.0,0.0,0.0,0.0,0.0,0.0,0.0,0.0,0.0,0.0,0.0,0.0
10608,69,222,0,0.0,0.0,0.0,0.0,0.0,0.0,0.0,0.0,0.0,0.0,0.0,0.0,0.0,0.0,0.0,0.0,0.0,0.0,0.0,0.0,0.0,0.0,0.0,0.0,0.0,0.0,0.0,0.0,0.0,0.0,0.0,0.0,0.0,0.0,0.0
10609,69,223,0,0.0,0.0,0.0,0.0,0.0,0.0,0.0,0.0,0.0,0.0,0.0,0.0,0.0,0.0,0.0,0.0,0.0,0.0,0.0,0.0,0.0,0.0,0.0,0.0,0.0,0.0,0.0,0.0,0.0,0.0,0.0,0.0,0.0,0.0,0.0
10610,70,1,0,0.0,0.0,0.0,0.0,0.0,0.0,0.0,0.0,0.0,0.0,0.0,0.0,0.0,0.0,0.0,0.0,0.0,0.0,0.0,0.0,0.0,0.0,0.0,0.0,0.0,0.0,0.0,0.0,0.0,0.0,0.0,0.0,0.0,0.0,0.0
10611,70,2,0,0.0,0.0,0.0,0.0,0.0,0.0,0.0,0.0,0.0,0.0,0.0,0.0,0.0,0.0,0.0,0.0,0.0,0.0,0.0,0.0,0.0,0.0,0.0,0.0,0.0,0.0,0.0,0.0,0.0,0.0,0.0,0.0,0.0,0.0,0.0
10612,70,3,0,0.0,0.0,0.0,0.0,0.0,0.0,0.0,0.0,0.0,0.0,0.0,0.0,0.0,0.0,0.0,0.0,0.0,0.0,0.0,0.0,0.0,0.0,0.0,0.0,0.0,0.0,0.0,0.0,0.0,0.0,0.0,0.0,0.0,0.0,0.0
10613,70,4,0,0.0,0.0,0.0,0.0,0.0,0.0,0.0,0.0,0.0,0.0,0.0,0.0,0.0,0.0,0.0,0.0,0.0,0.0,0.0,0.0,0.0,0.0,0.0,0.0,0.0,0.0,0.0,0.0,0.0,0.0,0.0,0.0,0.0,0.0,0.0
10614,70,5,0,0.0,0.0,0.0,0.0,0.0,0.0,0.0,0.0,0.0,0.0,0.0,0.0,0.0,0.0,0.0,0.0,0.0,0.0,0.0,0.0,0.0,0.0,0.0,0.0,0.0,0.0,0.0,0.0,0.0,0.0,0.0,0.0,0.0,0.0,0.0
10615,70,6,0,0.0,0.0,0.0,0.0,0.0,0.0,0.0,0.0,0.0,0.0,0.0,0.0,0.0,0.0,0.0,0.0,0.0,0.0,0.0,0.0,0.0,0.0,0.0,0.0,0.0,0.0,0.0,0.0,0.0,0.0,0.0,0.0,0.0,0.0,0.0
10616,70,7,0,0.0,0.0,0.0,0.0,0.0,0.0,0.0,0.0,0.0,0.0,0.0,0.0,0.0,0.0,0.0,0.0,0.0,0.0,0.0,0.0,0.0,0.0,0.0,0.0,0.0,0.0,0.0,0.0,0.0,0.0,0.0,0.0,0.0,0.0,0.0
10617,70,8,0,0.0,0.0,0.0,0.0,0.0,0.0,0.0,0.0,0.0,0.0,0.0,0.0,0.0,0.0,0.0,0.0,0.0,0.0,0.0,0.0,0.0,0.0,0.0,0.0,0.0,0.0,0.0,0.0,0.0,0.0,0.0,0.0,0.0,0.0,0.0
10618,70,9,0,0.0,0.0,0.0,0.0,0.0,0.0,0.0,0.0,0.0,0.0,0.0,0.0,0.0,0.0,0.0,0.0,0.0,0.0,0.0,0.0,0.0,0.0,0.0,0.0,0.0,0.0,0.0,0.0,0.0,0.0,0.0,0.0,0.0,0.0,0.0
10619,70,10,0,0.0,0.0,0.0,0.0,0.0,0.0,0.0,0.0,0.0,0.0,0.0,0.0,0.0,0.0,0.0,0.0,0.0,0.0,0.0,0.0,0.0,0.0,0.0,0.0,0.0,0.0,0.0,0.0,0.0,0.0,0.0,0.0,0.0,0.0,0.0
10620,70,11,0,0.0,0.0,0.0,0.0,0.0,0.0,0.0,0.0,0.0,0.0,0.0,0.0,0.0,0.0,0.0,0.0,0.0,0.0,0.0,0.0,0.0,0.0,0.0,0.0,0.0,0.0,0.0,0.0,0.0,0.0,0.0,0.0,0.0,0.0,0.0
10621,70,12,0,0.0,0.0,0.0,0.0,0.0,0.0,0.0,0.0,0.0,0.0,0.0,0.0,0.0,0.0,0.0,0.0,0.0,0.0,0.0,0.0,0.0,0.0,0.0,0.0,0.0,0.0,0.0,0.0,0.0,0.0,0.0,0.0,0.0,0.0,0.0
10622,70,13,0,0.0,0.0,0.0,0.0,0.0,0.0,0.0,0.0,0.0,0.0,0.0,0.0,0.0,0.0,0.0,0.0,0.0,0.0,0.0,0.0,0.0,0.0,0.0,0.0,0.0,0.0,0.0,0.0,0.0,0.0,0.0,0.0,0.0,0.0,0.0
10623,70,14,0,0.0,0.0,0.0,0.0,0.0,0.0,0.0,0.0,0.0,0.0,0.0,0.0,0.0,0.0,0.0,0.0,0.0,0.0,0.0,0.0,0.0,0.0,0.0,0.0,0.0,0.0,0.0,0.0,0.0,0.0,0.0,0.0,0.0,0.0,0.0
10624,70,15,0,0.0,0.0,0.0,0.0,0.0,0.0,0.0,0.0,0.0,0.0,0.0,0.0,0.0,0.0,0.0,0.0,0.0,0.0,0.0,0.0,0.0,0.0,0.0,0.0,0.0,0.0,0.0,0.0,0.0,0.0,0.0,0.0,0.0,0.0,0.0
10625,70,16,0,0.0,0.0,0.0,0.0,0.0,0.0,0.0,0.0,0.0,0.0,0.0,0.0,0.0,0.0,0.0,0.0,0.0,0.0,0.0,0.0,0.0,0.0,0.0,0.0,0.0,0.0,0.0,0.0,0.0,0.0,0.0,0.0,0.0,0.0,0.0
10626,70,17,0,0.0,0.0,0.0,0.0,0.0,0.0,0.0,0.0,0.0,0.0,0.0,0.0,0.0,0.0,0.0,0.0,0.0,0.0,0.0,0.0,0.0,0.0,0.0,0.0,0.0,0.0,0.0,0.0,0.0,0.0,0.0,0.0,0.0,0.0,0.0
10627,70,18,0,0.0,0.0,0.0,0.0,0.0,0.0,0.0,0.0,0.0,0.0,0.0,0.0,0.0,0.0,0.0,0.0,0.0,0.0,0.0,0.0,0.0,0.0,0.0,0.0,0.0,0.0,0.0,0.0,0.0,0.0,0.0,0.0,0.0,0.0,0.0
10628,70,19,0,0.0,0.0,0.0,0.0,0.0,0.0,0.0,0.0,0.0,0.0,0.0,0.0,0.0,0.0,0.0,0.0,0.0,0.0,0.0,0.0,0.0,0.0,0.0,0.0,0.0,0.0,0.0,0.0,0.0,0.0,0.0,0.0,0.0,0.0,0.0
10629,70,20,0,0.0,0.0,0.0,0.0,0.0,0.0,0.0,0.0,0.0,0.0,0.0,0.0,0.0,0.0,0.0,0.0,0.0,0.0,0.0,0.0,0.0,0.0,0.0,0.0,0.0,0.0,0.0,0.0,0.0,0.0,0.0,0.0,0.0,0.0,0.0
10630,70,21,0,0.0,0.0,0.0,0.0,0.0,0.0,0.0,0.0,0.0,0.0,0.0,0.0,0.0,0.0,0.0,0.0,0.0,0.0,0.0,0.0,0.0,0.0,0.0,0.0,0.0,0.0,0.0,0.0,0.0,0.0,0.0,0.0,0.0,0.0,0.0
10631,70,22,0,0.0,0.0,0.0,0.0,0.0,0.0,0.0,0.0,0.0,0.0,0.0,0.0,0.0,0.0,0.0,0.0,0.0,0.0,0.0,0.0,0.0,0.0,0.0,0.0,0.0,0.0,0.0,0.0,0.0,0.0,0.0,0.0,0.0,0.0,0.0
10632,70,23,0,0.0,0.0,0.0,0.0,0.0,0.0,0.0,0.0,0.0,0.0,0.0,0.0,0.0,0.0,0.0,0.0,0.0,0.0,0.0,0.0,0.0,0.0,0.0,0.0,0.0,0.0,0.0,0.0,0.0,0.0,0.0,0.0,0.0,0.0,0.0
10633,70,24,0,0.0,0.0,0.0,0.0,0.0,0.0,0.0,0.0,0.0,0.0,0.0,0.0,0.0,0.0,0.0,0.0,0.0,0.0,0.0,0.0,0.0,0.0,0.0,0.0,0.0,0.0,0.0,0.0,0.0,0.0,0.0,0.0,0.0,0.0,0.0
10634,70,25,0,0.0,0.0,0.0,0.0,0.0,0.0,0.0,0.0,0.0,0.0,0.0,0.0,0.0,0.0,0.0,0.0,0.0,0.0,0.0,0.0,0.0,0.0,0.0,0.0,0.0,0.0,0.0,0.0,0.0,0.0,0.0,0.0,0.0,0.0,0.0
10635,70,26,0,0.0,0.0,0.0,0.0,0.0,0.0,0.0,0.0,0.0,0.0,0.0,0.0,0.0,0.0,0.0,0.0,0.0,0.0,0.0,0.0,0.0,0.0,0.0,0.0,0.0,0.0,0.0,0.0,0.0,0.0,0.0,0.0,0.0,0.0,0.0
10636,70,27,0,0.0,0.0,0.0,0.0,0.0,0.0,0.0,0.0,0.0,0.0,0.0,0.0,0.0,0.0,0.0,0.0,0.0,0.0,0.0,0.0,0.0,0.0,0.0,0.0,0.0,0.0,0.0,0.0,0.0,0.0,0.0,0.0,0.0,0.0,0.0
10637,70,28,0,0.0,0.0,0.0,0.0,0.0,0.0,0.0,0.0,0.0,0.0,0.0,0.0,0.0,0.0,0.0,0.0,0.0,0.0,0.0,0.0,0.0,0.0,0.0,0.0,0.0,0.0,0.0,0.0,0.0,0.0,0.0,0.0,0.0,0.0,0.0
10638,70,29,0,0.0,0.0,0.0,0.0,0.0,0.0,0.0,0.0,0.0,0.0,0.0,0.0,0.0,0.0,0.0,0.0,0.0,0.0,0.0,0.0,0.0,0.0,0.0,0.0,0.0,0.0,0.0,0.0,0.0,0.0,0.0,0.0,0.0,0.0,0.0
10639,70,30,0,0.0,0.0,0.0,0.0,0.0,0.0,0.0,0.0,0.0,0.0,0.0,0.0,0.0,0.0,0.0,0.0,0.0,0.0,0.0,0.0,0.0,0.0,0.0,0.0,0.0,0.0,0.0,0.0,0.0,0.0,0.0,0.0,0.0,0.0,0.0
10640,70,31,0,0.0,0.0,0.0,0.0,0.0,0.0,0.0,0.0,0.0,0.0,0.0,0.0,0.0,0.0,0.0,0.0,0.0,0.0,0.0,0.0,0.0,0.0,0.0,0.0,0.0,0.0,0.0,0.0,0.0,0.0,0.0,0.0,0.0,0.0,0.0
10641,70,32,0,0.0,0.0,0.0,0.0,0.0,0.0,0.0,0.0,0.0,0.0,0.0,0.0,0.0,0.0,0.0,0.0,0.0,0.0,0.0,0.0,0.0,0.0,0.0,0.0,0.0,0.0,0.0,0.0,0.0,0.0,0.0,0.0,0.0,0.0,0.0
10642,70,33,0,0.0,0.0,0.0,0.0,0.0,0.0,0.0,0.0,0.0,0.0,0.0,0.0,0.0,0.0,0.0,0.0,0.0,0.0,0.0,0.0,0.0,0.0,0.0,0.0,0.0,0.0,0.0,0.0,0.0,0.0,0.0,0.0,0.0,0.0,0.0
10643,70,34,0,0.0,0.0,0.0,0.0,0.0,0.0,0.0,0.0,0.0,0.0,0.0,0.0,0.0,0.0,0.0,0.0,0.0,0.0,0.0,0.0,0.0,0.0,0.0,0.0,0.0,0.0,0.0,0.0,0.0,0.0,0.0,0.0,0.0,0.0,0.0
10644,70,35,0,0.0,0.0,0.0,0.0,0.0,0.0,0.0,0.0,0.0,0.0,0.0,0.0,0.0,0.0,0.0,0.0,0.0,0.0,0.0,0.0,0.0,0.0,0.0,0.0,0.0,0.0,0.0,0.0,0.0,0.0,0.0,0.0,0.0,0.0,0.0
10645,70,36,0,0.0,0.0,0.0,0.0,0.0,0.0,0.0,0.0,0.0,0.0,0.0,0.0,0.0,0.0,0.0,0.0,0.0,0.0,0.0,0.0,0.0,0.0,0.0,0.0,0.0,0.0,0.0,0.0,0.0,0.0,0.0,0.0,0.0,0.0,0.0
10646,70,37,0,0.0,0.0,0.0,0.0,0.0,0.0,0.0,0.0,0.0,0.0,0.0,0.0,0.0,0.0,0.0,0.0,0.0,0.0,0.0,0.0,0.0,0.0,0.0,0.0,0.0,0.0,0.0,0.0,0.0,0.0,0.0,0.0,0.0,0.0,0.0
10647,70,38,0,0.0,0.0,0.0,0.0,0.0,0.0,0.0,0.0,0.0,0.0,0.0,0.0,0.0,0.0,0.0,0.0,0.0,0.0,0.0,0.0,0.0,0.0,0.0,0.0,0.0,0.0,0.0,0.0,0.0,0.0,0.0,0.0,0.0,0.0,0.0
10648,70,39,0,0.0,0.0,0.0,0.0,0.0,0.0,0.0,0.0,0.0,0.0,0.0,0.0,0.0,0.0,0.0,0.0,0.0,0.0,0.0,0.0,0.0,0.0,0.0,0.0,0.0,0.0,0.0,0.0,0.0,0.0,0.0,0.0,0.0,0.0,0.0
10649,70,40,0,0.0,0.0,0.0,0.0,0.0,0.0,0.0,0.0,0.0,0.0,0.0,0.0,0.0,0.0,0.0,0.0,0.0,0.0,0.0,0.0,0.0,0.0,0.0,0.0,0.0,0.0,0.0,0.0,0.0,0.0,0.0,0.0,0.0,0.0,0.0
10650,70,41,0,0.0,0.0,0.0,0.0,0.0,0.0,0.0,0.0,0.0,0.0,0.0,0.0,0.0,0.0,0.0,0.0,0.0,0.0,0.0,0.0,0.0,0.0,0.0,0.0,0.0,0.0,0.0,0.0,0.0,0.0,0.0,0.0,0.0,0.0,0.0
10651,70,42,0,0.0,0.0,0.0,0.0,0.0,0.0,0.0,0.0,0.0,0.0,0.0,0.0,0.0,0.0,0.0,0.0,0.0,0.0,0.0,0.0,0.0,0.0,0.0,0.0,0.0,0.0,0.0,0.0,0.0,0.0,0.0,0.0,0.0,0.0,0.0
10652,70,43,0,0.0,0.0,0.0,0.0,0.0,0.0,0.0,0.0,0.0,0.0,0.0,0.0,0.0,0.0,0.0,0.0,0.0,0.0,0.0,0.0,0.0,0.0,0.0,0.0,0.0,0.0,0.0,0.0,0.0,0.0,0.0,0.0,0.0,0.0,0.0
10653,70,44,0,0.0,0.0,0.0,0.0,0.0,0.0,0.0,0.0,0.0,0.0,0.0,0.0,0.0,0.0,0.0,0.0,0.0,0.0,0.0,0.0,0.0,0.0,0.0,0.0,0.0,0.0,0.0,0.0,0.0,0.0,0.0,0.0,0.0,0.0,0.0
10654,70,45,0,0.0,0.0,0.0,0.0,0.0,0.0,0.0,0.0,0.0,0.0,0.0,0.0,0.0,0.0,0.0,0.0,0.0,0.0,0.0,0.0,0.0,0.0,0.0,0.0,0.0,0.0,0.0,0.0,0.0,0.0,0.0,0.0,0.0,0.0,0.0
10655,70,46,0,0.0,0.0,0.0,0.0,0.0,0.0,0.0,0.0,0.0,0.0,0.0,0.0,0.0,0.0,0.0,0.0,0.0,0.0,0.0,0.0,0.0,0.0,0.0,0.0,0.0,0.0,0.0,0.0,0.0,0.0,0.0,0.0,0.0,0.0,0.0
10656,70,47,0,0.0,0.0,0.0,0.0,0.0,0.0,0.0,0.0,0.0,0.0,0.0,0.0,0.0,0.0,0.0,0.0,0.0,0.0,0.0,0.0,0.0,0.0,0.0,0.0,0.0,0.0,0.0,0.0,0.0,0.0,0.0,0.0,0.0,0.0,0.0
10657,70,48,0,0.0,0.0,0.0,0.0,0.0,0.0,0.0,0.0,0.0,0.0,0.0,0.0,0.0,0.0,0.0,0.0,0.0,0.0,0.0,0.0,0.0,0.0,0.0,0.0,0.0,0.0,0.0,0.0,0.0,0.0,0.0,0.0,0.0,0.0,0.0
10658,70,49,0,0.0,0.0,0.0,0.0,0.0,0.0,0.0,0.0,0.0,0.0,0.0,0.0,0.0,0.0,0.0,0.0,0.0,0.0,0.0,0.0,0.0,0.0,0.0,0.0,0.0,0.0,0.0,0.0,0.0,0.0,0.0,0.0,0.0,0.0,0.0
10659,70,50,0,0.0,0.0,0.0,0.0,0.0,0.0,0.0,0.0,0.0,0.0,0.0,0.0,0.0,0.0,0.0,0.0,0.0,0.0,0.0,0.0,0.0,0.0,0.0,0.0,0.0,0.0,0.0,0.0,0.0,0.0,0.0,0.0,0.0,0.0,0.0
10660,70,51,0,0.0,0.0,0.0,0.0,0.0,0.0,0.0,0.0,0.0,0.0,0.0,0.0,0.0,0.0,0.0,0.0,0.0,0.0,0.0,0.0,0.0,0.0,0.0,0.0,0.0,0.0,0.0,0.0,0.0,0.0,0.0,0.0,0.0,0.0,0.0
10661,70,52,0,0.0,0.0,0.0,0.0,0.0,0.0,0.0,0.0,0.0,0.0,0.0,0.0,0.0,0.0,0.0,0.0,0.0,0.0,0.0,0.0,0.0,0.0,0.0,0.0,0.0,0.0,0.0,0.0,0.0,0.0,0.0,0.0,0.0,0.0,0.0
10662,70,53,0,0.0,0.0,0.0,0.0,0.0,0.0,0.0,0.0,0.0,0.0,0.0,0.0,0.0,0.0,0.0,0.0,0.0,0.0,0.0,0.0,0.0,0.0,0.0,0.0,0.0,0.0,0.0,0.0,0.0,0.0,0.0,0.0,0.0,0.0,0.0
10663,70,54,0,0.0,0.0,0.0,0.0,0.0,0.0,0.0,0.0,0.0,0.0,0.0,0.0,0.0,0.0,0.0,0.0,0.0,0.0,0.0,0.0,0.0,0.0,0.0,0.0,0.0,0.0,0.0,0.0,0.0,0.0,0.0,0.0,0.0,0.0,0.0
10664,70,55,0,0.0,0.0,0.0,0.0,0.0,0.0,0.0,0.0,0.0,0.0,0.0,0.0,0.0,0.0,0.0,0.0,0.0,0.0,0.0,0.0,0.0,0.0,0.0,0.0,0.0,0.0,0.0,0.0,0.0,0.0,0.0,0.0,0.0,0.0,0.0
10665,70,56,0,0.0,0.0,0.0,0.0,0.0,0.0,0.0,0.0,0.0,0.0,0.0,0.0,0.0,0.0,0.0,0.0,0.0,0.0,0.0,0.0,0.0,0.0,0.0,0.0,0.0,0.0,0.0,0.0,0.0,0.0,0.0,0.0,0.0,0.0,0.0
10666,70,57,0,0.0,0.0,0.0,0.0,0.0,0.0,0.0,0.0,0.0,0.0,0.0,0.0,0.0,0.0,0.0,0.0,0.0,0.0,0.0,0.0,0.0,0.0,0.0,0.0,0.0,0.0,0.0,0.0,0.0,0.0,0.0,0.0,0.0,0.0,0.0
10667,70,58,0,0.0,0.0,0.0,0.0,0.0,0.0,0.0,0.0,0.0,0.0,0.0,0.0,0.0,0.0,0.0,0.0,0.0,0.0,0.0,0.0,0.0,0.0,0.0,0.0,0.0,0.0,0.0,0.0,0.0,0.0,0.0,0.0,0.0,0.0,0.0
10668,70,59,0,0.0,0.0,0.0,0.0,0.0,0.0,0.0,0.0,0.0,0.0,0.0,0.0,0.0,0.0,0.0,0.0,0.0,0.0,0.0,0.0,0.0,0.0,0.0,0.0,0.0,0.0,0.0,0.0,0.0,0.0,0.0,0.0,0.0,0.0,0.0
10669,70,60,0,0.0,0.0,0.0,0.0,0.0,0.0,0.0,0.0,0.0,0.0,0.0,0.0,0.0,0.0,0.0,0.0,0.0,0.0,0.0,0.0,0.0,0.0,0.0,0.0,0.0,0.0,0.0,0.0,0.0,0.0,0.0,0.0,0.0,0.0,0.0
10670,70,61,0,0.0,0.0,0.0,0.0,0.0,0.0,0.0,0.0,0.0,0.0,0.0,0.0,0.0,0.0,0.0,0.0,0.0,0.0,0.0,0.0,0.0,0.0,0.0,0.0,0.0,0.0,0.0,0.0,0.0,0.0,0.0,0.0,0.0,0.0,0.0
10671,70,62,0,0.0,0.0,0.0,0.0,0.0,0.0,0.0,0.0,0.0,0.0,0.0,0.0,0.0,0.0,0.0,0.0,0.0,0.0,0.0,0.0,0.0,0.0,0.0,0.0,0.0,0.0,0.0,0.0,0.0,0.0,0.0,0.0,0.0,0.0,0.0
10672,70,63,0,0.0,0.0,0.0,0.0,0.0,0.0,0.0,0.0,0.0,0.0,0.0,0.0,0.0,0.0,0.0,0.0,0.0,0.0,0.0,0.0,0.0,0.0,0.0,0.0,0.0,0.0,0.0,0.0,0.0,0.0,0.0,0.0,0.0,0.0,0.0
10673,70,64,0,0.0,0.0,0.0,0.0,0.0,0.0,0.0,0.0,0.0,0.0,0.0,0.0,0.0,0.0,0.0,0.0,0.0,0.0,0.0,0.0,0.0,0.0,0.0,0.0,0.0,0.0,0.0,0.0,0.0,0.0,0.0,0.0,0.0,0.0,0.0
10674,70,65,0,0.0,0.0,0.0,0.0,0.0,0.0,0.0,0.0,0.0,0.0,0.0,0.0,0.0,0.0,0.0,0.0,0.0,0.0,0.0,0.0,0.0,0.0,0.0,0.0,0.0,0.0,0.0,0.0,0.0,0.0,0.0,0.0,0.0,0.0,0.0
10675,70,66,0,0.0,0.0,0.0,0.0,0.0,0.0,0.0,0.0,0.0,0.0,0.0,0.0,0.0,0.0,0.0,0.0,0.0,0.0,0.0,0.0,0.0,0.0,0.0,0.0,0.0,0.0,0.0,0.0,0.0,0.0,0.0,0.0,0.0,0.0,0.0
10676,70,67,0,0.0,0.0,0.0,0.0,0.0,0.0,0.0,0.0,0.0,0.0,0.0,0.0,0.0,0.0,0.0,0.0,0.0,0.0,0.0,0.0,0.0,0.0,0.0,0.0,0.0,0.0,0.0,0.0,0.0,0.0,0.0,0.0,0.0,0.0,0.0
10677,70,68,0,0.0,0.0,0.0,0.0,0.0,0.0,0.0,0.0,0.0,0.0,0.0,0.0,0.0,0.0,0.0,0.0,0.0,0.0,0.0,0.0,0.0,0.0,0.0,0.0,0.0,0.0,0.0,0.0,0.0,0.0,0.0,0.0,0.0,0.0,0.0
10678,70,69,0,0.0,0.0,0.0,0.0,0.0,0.0,0.0,0.0,0.0,0.0,0.0,0.0,0.0,0.0,0.0,0.0,0.0,0.0,0.0,0.0,0.0,0.0,0.0,0.0,0.0,0.0,0.0,0.0,0.0,0.0,0.0,0.0,0.0,0.0,0.0
10679,70,70,0,0.0,0.0,0.0,0.0,0.0,0.0,0.0,0.0,0.0,0.0,0.0,0.0,0.0,0.0,0.0,0.0,0.0,0.0,0.0,0.0,0.0,0.0,0.0,0.0,0.0,0.0,0.0,0.0,0.0,0.0,0.0,0.0,0.0,0.0,0.0
10680,70,71,0,0.0,0.0,0.0,0.0,0.0,0.0,0.0,0.0,0.0,0.0,0.0,0.0,0.0,0.0,0.0,0.0,0.0,0.0,0.0,0.0,0.0,0.0,0.0,0.0,0.0,0.0,0.0,0.0,0.0,0.0,0.0,0.0,0.0,0.0,0.0
10681,70,72,0,0.0,0.0,0.0,0.0,0.0,0.0,0.0,0.0,0.0,0.0,0.0,0.0,0.0,0.0,0.0,0.0,0.0,0.0,0.0,0.0,0.0,0.0,0.0,0.0,0.0,0.0,0.0,0.0,0.0,0.0,0.0,0.0,0.0,0.0,0.0
10682,70,73,0,0.0,0.0,0.0,0.0,0.0,0.0,0.0,0.0,0.0,0.0,0.0,0.0,0.0,0.0,0.0,0.0,0.0,0.0,0.0,0.0,0.0,0.0,0.0,0.0,0.0,0.0,0.0,0.0,0.0,0.0,0.0,0.0,0.0,0.0,0.0
10683,70,74,0,0.0,0.0,0.0,0.0,0.0,0.0,0.0,0.0,0.0,0.0,0.0,0.0,0.0,0.0,0.0,0.0,0.0,0.0,0.0,0.0,0.0,0.0,0.0,0.0,0.0,0.0,0.0,0.0,0.0,0.0,0.0,0.0,0.0,0.0,0.0
10684,70,75,0,0.0,0.0,0.0,0.0,0.0,0.0,0.0,0.0,0.0,0.0,0.0,0.0,0.0,0.0,0.0,0.0,0.0,0.0,0.0,0.0,0.0,0.0,0.0,0.0,0.0,0.0,0.0,0.0,0.0,0.0,0.0,0.0,0.0,0.0,0.0
10685,70,76,0,0.0,0.0,0.0,0.0,0.0,0.0,0.0,0.0,0.0,0.0,0.0,0.0,0.0,0.0,0.0,0.0,0.0,0.0,0.0,0.0,0.0,0.0,0.0,0.0,0.0,0.0,0.0,0.0,0.0,0.0,0.0,0.0,0.0,0.0,0.0
10686,70,77,0,0.0,0.0,0.0,0.0,0.0,0.0,0.0,0.0,0.0,0.0,0.0,0.0,0.0,0.0,0.0,0.0,0.0,0.0,0.0,0.0,0.0,0.0,0.0,0.0,0.0,0.0,0.0,0.0,0.0,0.0,0.0,0.0,0.0,0.0,0.0
10687,70,78,0,0.0,0.0,0.0,0.0,0.0,0.0,0.0,0.0,0.0,0.0,0.0,0.0,0.0,0.0,0.0,0.0,0.0,0.0,0.0,0.0,0.0,0.0,0.0,0.0,0.0,0.0,0.0,0.0,0.0,0.0,0.0,0.0,0.0,0.0,0.0
10688,70,79,0,0.0,0.0,0.0,0.0,0.0,0.0,0.0,0.0,0.0,0.0,0.0,0.0,0.0,0.0,0.0,0.0,0.0,0.0,0.0,0.0,0.0,0.0,0.0,0.0,0.0,0.0,0.0,0.0,0.0,0.0,0.0,0.0,0.0,0.0,0.0
10689,70,80,0,0.0,0.0,0.0,0.0,0.0,0.0,0.0,0.0,0.0,0.0,0.0,0.0,0.0,0.0,0.0,0.0,0.0,0.0,0.0,0.0,0.0,0.0,0.0,0.0,0.0,0.0,0.0,0.0,0.0,0.0,0.0,0.0,0.0,0.0,0.0
10690,70,81,0,0.0,0.0,0.0,0.0,0.0,0.0,0.0,0.0,0.0,0.0,0.0,0.0,0.0,0.0,0.0,0.0,0.0,0.0,0.0,0.0,0.0,0.0,0.0,0.0,0.0,0.0,0.0,0.0,0.0,0.0,0.0,0.0,0.0,0.0,0.0
10691,70,82,0,0.0,0.0,0.0,0.0,0.0,0.0,0.0,0.0,0.0,0.0,0.0,0.0,0.0,0.0,0.0,0.0,0.0,0.0,0.0,0.0,0.0,0.0,0.0,0.0,0.0,0.0,0.0,0.0,0.0,0.0,0.0,0.0,0.0,0.0,0.0
10692,70,83,0,0.0,0.0,0.0,0.0,0.0,0.0,0.0,0.0,0.0,0.0,0.0,0.0,0.0,0.0,0.0,0.0,0.0,0.0,0.0,0.0,0.0,0.0,0.0,0.0,0.0,0.0,0.0,0.0,0.0,0.0,0.0,0.0,0.0,0.0,0.0
10693,70,84,0,0.0,0.0,0.0,0.0,0.0,0.0,0.0,0.0,0.0,0.0,0.0,0.0,0.0,0.0,0.0,0.0,0.0,0.0,0.0,0.0,0.0,0.0,0.0,0.0,0.0,0.0,0.0,0.0,0.0,0.0,0.0,0.0,0.0,0.0,0.0
10694,70,85,0,0.0,0.0,0.0,0.0,0.0,0.0,0.0,0.0,0.0,0.0,0.0,0.0,0.0,0.0,0.0,0.0,0.0,0.0,0.0,0.0,0.0,0.0,0.0,0.0,0.0,0.0,0.0,0.0,0.0,0.0,0.0,0.0,0.0,0.0,0.0
10695,70,86,0,0.0,0.0,0.0,0.0,0.0,0.0,0.0,0.0,0.0,0.0,0.0,0.0,0.0,0.0,0.0,0.0,0.0,0.0,0.0,0.0,0.0,0.0,0.0,0.0,0.0,0.0,0.0,0.0,0.0,0.0,0.0,0.0,0.0,0.0,0.0
10696,70,87,0,0.0,0.0,0.0,0.0,0.0,0.0,0.0,0.0,0.0,0.0,0.0,0.0,0.0,0.0,0.0,0.0,0.0,0.0,0.0,0.0,0.0,0.0,0.0,0.0,0.0,0.0,0.0,0.0,0.0,0.0,0.0,0.0,0.0,0.0,0.0
10697,70,88,0,0.0,0.0,0.0,0.0,0.0,0.0,0.0,0.0,0.0,0.0,0.0,0.0,0.0,0.0,0.0,0.0,0.0,0.0,0.0,0.0,0.0,0.0,0.0,0.0,0.0,0.0,0.0,0.0,0.0,0.0,0.0,0.0,0.0,0.0,0.0
10698,70,89,0,0.0,0.0,0.0,0.0,0.0,0.0,0.0,0.0,0.0,0.0,0.0,0.0,0.0,0.0,0.0,0.0,0.0,0.0,0.0,0.0,0.0,0.0,0.0,0.0,0.0,0.0,0.0,0.0,0.0,0.0,0.0,0.0,0.0,0.0,0.0
10699,70,90,0,0.0,0.0,0.0,0.0,0.0,0.0,0.0,0.0,0.0,0.0,0.0,0.0,0.0,0.0,0.0,0.0,0.0,0.0,0.0,0.0,0.0,0.0,0.0,0.0,0.0,0.0,0.0,0.0,0.0,0.0,0.0,0.0,0.0,0.0,0.0
10700,70,91,0,0.0,0.0,0.0,0.0,0.0,0.0,0.0,0.0,0.0,0.0,0.0,0.0,0.0,0.0,0.0,0.0,0.0,0.0,0.0,0.0,0.0,0.0,0.0,0.0,0.0,0.0,0.0,0.0,0.0,0.0,0.0,0.0,0.0,0.0,0.0
10701,70,92,0,0.0,0.0,0.0,0.0,0.0,0.0,0.0,0.0,0.0,0.0,0.0,0.0,0.0,0.0,0.0,0.0,0.0,0.0,0.0,0.0,0.0,0.0,0.0,0.0,0.0,0.0,0.0,0.0,0.0,0.0,0.0,0.0,0.0,0.0,0.0
10702,70,93,0,0.0,0.0,0.0,0.0,0.0,0.0,0.0,0.0,0.0,0.0,0.0,0.0,0.0,0.0,0.0,0.0,0.0,0.0,0.0,0.0,0.0,0.0,0.0,0.0,0.0,0.0,0.0,0.0,0.0,0.0,0.0,0.0,0.0,0.0,0.0
10703,70,94,0,0.0,0.0,0.0,0.0,0.0,0.0,0.0,0.0,0.0,0.0,0.0,0.0,0.0,0.0,0.0,0.0,0.0,0.0,0.0,0.0,0.0,0.0,0.0,0.0,0.0,0.0,0.0,0.0,0.0,0.0,0.0,0.0,0.0,0.0,0.0
10704,70,95,0,0.0,0.0,0.0,0.0,0.0,0.0,0.0,0.0,0.0,0.0,0.0,0.0,0.0,0.0,0.0,0.0,0.0,0.0,0.0,0.0,0.0,0.0,0.0,0.0,0.0,0.0,0.0,0.0,0.0,0.0,0.0,0.0,0.0,0.0,0.0
10705,70,96,0,0.0,0.0,0.0,0.0,0.0,0.0,0.0,0.0,0.0,0.0,0.0,0.0,0.0,0.0,0.0,0.0,0.0,0.0,0.0,0.0,0.0,0.0,0.0,0.0,0.0,0.0,0.0,0.0,0.0,0.0,0.0,0.0,0.0,0.0,0.0
10706,70,97,0,0.0,0.0,0.0,0.0,0.0,0.0,0.0,0.0,0.0,0.0,0.0,0.0,0.0,0.0,0.0,0.0,0.0,0.0,0.0,0.0,0.0,0.0,0.0,0.0,0.0,0.0,0.0,0.0,0.0,0.0,0.0,0.0,0.0,0.0,0.0
10707,70,98,0,0.0,0.0,0.0,0.0,0.0,0.0,0.0,0.0,0.0,0.0,0.0,0.0,0.0,0.0,0.0,0.0,0.0,0.0,0.0,0.0,0.0,0.0,0.0,0.0,0.0,0.0,0.0,0.0,0.0,0.0,0.0,0.0,0.0,0.0,0.0
10708,70,99,0,0.0,0.0,0.0,0.0,0.0,0.0,0.0,0.0,0.0,0.0,0.0,0.0,0.0,0.0,0.0,0.0,0.0,0.0,0.0,0.0,0.0,0.0,0.0,0.0,0.0,0.0,0.0,0.0,0.0,0.0,0.0,0.0,0.0,0.0,0.0
10709,70,100,0,0.0,0.0,0.0,0.0,0.0,0.0,0.0,0.0,0.0,0.0,0.0,0.0,0.0,0.0,0.0,0.0,0.0,0.0,0.0,0.0,0.0,0.0,0.0,0.0,0.0,0.0,0.0,0.0,0.0,0.0,0.0,0.0,0.0,0.0,0.0
10710,70,101,0,0.0,0.0,0.0,0.0,0.0,0.0,0.0,0.0,0.0,0.0,0.0,0.0,0.0,0.0,0.0,0.0,0.0,0.0,0.0,0.0,0.0,0.0,0.0,0.0,0.0,0.0,0.0,0.0,0.0,0.0,0.0,0.0,0.0,0.0,0.0
10711,70,102,0,0.0,0.0,0.0,0.0,0.0,0.0,0.0,0.0,0.0,0.0,0.0,0.0,0.0,0.0,0.0,0.0,0.0,0.0,0.0,0.0,0.0,0.0,0.0,0.0,0.0,0.0,0.0,0.0,0.0,0.0,0.0,0.0,0.0,0.0,0.0
10712,70,103,0,0.0,0.0,0.0,0.0,0.0,0.0,0.0,0.0,0.0,0.0,0.0,0.0,0.0,0.0,0.0,0.0,0.0,0.0,0.0,0.0,0.0,0.0,0.0,0.0,0.0,0.0,0.0,0.0,0.0,0.0,0.0,0.0,0.0,0.0,0.0
10713,70,104,0,0.0,0.0,0.0,0.0,0.0,0.0,0.0,0.0,0.0,0.0,0.0,0.0,0.0,0.0,0.0,0.0,0.0,0.0,0.0,0.0,0.0,0.0,0.0,0.0,0.0,0.0,0.0,0.0,0.0,0.0,0.0,0.0,0.0,0.0,0.0
10714,70,105,0,0.0,0.0,0.0,0.0,0.0,0.0,0.0,0.0,0.0,0.0,0.0,0.0,0.0,0.0,0.0,0.0,0.0,0.0,0.0,0.0,0.0,0.0,0.0,0.0,0.0,0.0,0.0,0.0,0.0,0.0,0.0,0.0,0.0,0.0,0.0
10715,70,106,0,0.0,0.0,0.0,0.0,0.0,0.0,0.0,0.0,0.0,0.0,0.0,0.0,0.0,0.0,0.0,0.0,0.0,0.0,0.0,0.0,0.0,0.0,0.0,0.0,0.0,0.0,0.0,0.0,0.0,0.0,0.0,0.0,0.0,0.0,0.0
10716,70,107,0,0.0,0.0,0.0,0.0,0.0,0.0,0.0,0.0,0.0,0.0,0.0,0.0,0.0,0.0,0.0,0.0,0.0,0.0,0.0,0.0,0.0,0.0,0.0,0.0,0.0,0.0,0.0,0.0,0.0,0.0,0.0,0.0,0.0,0.0,0.0
10717,70,108,0,0.0,0.0,0.0,0.0,0.0,0.0,0.0,0.0,0.0,0.0,0.0,0.0,0.0,0.0,0.0,0.0,0.0,0.0,0.0,0.0,0.0,0.0,0.0,0.0,0.0,0.0,0.0,0.0,0.0,0.0,0.0,0.0,0.0,0.0,0.0
10718,70,109,0,0.0,0.0,0.0,0.0,0.0,0.0,0.0,0.0,0.0,0.0,0.0,0.0,0.0,0.0,0.0,0.0,0.0,0.0,0.0,0.0,0.0,0.0,0.0,0.0,0.0,0.0,0.0,0.0,0.0,0.0,0.0,0.0,0.0,0.0,0.0
10719,70,110,0,0.0,0.0,0.0,0.0,0.0,0.0,0.0,0.0,0.0,0.0,0.0,0.0,0.0,0.0,0.0,0.0,0.0,0.0,0.0,0.0,0.0,0.0,0.0,0.0,0.0,0.0,0.0,0.0,0.0,0.0,0.0,0.0,0.0,0.0,0.0
10720,70,111,0,0.0,0.0,0.0,0.0,0.0,0.0,0.0,0.0,0.0,0.0,0.0,0.0,0.0,0.0,0.0,0.0,0.0,0.0,0.0,0.0,0.0,0.0,0.0,0.0,0.0,0.0,0.0,0.0,0.0,0.0,0.0,0.0,0.0,0.0,0.0
10721,70,112,0,0.0,0.0,0.0,0.0,0.0,0.0,0.0,0.0,0.0,0.0,0.0,0.0,0.0,0.0,0.0,0.0,0.0,0.0,0.0,0.0,0.0,0.0,0.0,0.0,0.0,0.0,0.0,0.0,0.0,0.0,0.0,0.0,0.0,0.0,0.0
10722,70,113,0,0.0,0.0,0.0,0.0,0.0,0.0,0.0,0.0,0.0,0.0,0.0,0.0,0.0,0.0,0.0,0.0,0.0,0.0,0.0,0.0,0.0,0.0,0.0,0.0,0.0,0.0,0.0,0.0,0.0,0.0,0.0,0.0,0.0,0.0,0.0
10723,70,114,0,0.0,0.0,0.0,0.0,0.0,0.0,0.0,0.0,0.0,0.0,0.0,0.0,0.0,0.0,0.0,0.0,0.0,0.0,0.0,0.0,0.0,0.0,0.0,0.0,0.0,0.0,0.0,0.0,0.0,0.0,0.0,0.0,0.0,0.0,0.0
10724,70,115,0,0.0,0.0,0.0,0.0,0.0,0.0,0.0,0.0,0.0,0.0,0.0,0.0,0.0,0.0,0.0,0.0,0.0,0.0,0.0,0.0,0.0,0.0,0.0,0.0,0.0,0.0,0.0,0.0,0.0,0.0,0.0,0.0,0.0,0.0,0.0
10725,70,116,0,0.0,0.0,0.0,0.0,0.0,0.0,0.0,0.0,0.0,0.0,0.0,0.0,0.0,0.0,0.0,0.0,0.0,0.0,0.0,0.0,0.0,0.0,0.0,0.0,0.0,0.0,0.0,0.0,0.0,0.0,0.0,0.0,0.0,0.0,0.0
10726,70,117,0,0.0,0.0,0.0,0.0,0.0,0.0,0.0,0.0,0.0,0.0,0.0,0.0,0.0,0.0,0.0,0.0,0.0,0.0,0.0,0.0,0.0,0.0,0.0,0.0,0.0,0.0,0.0,0.0,0.0,0.0,0.0,0.0,0.0,0.0,0.0
10727,70,118,0,0.0,0.0,0.0,0.0,0.0,0.0,0.0,0.0,0.0,0.0,0.0,0.0,0.0,0.0,0.0,0.0,0.0,0.0,0.0,0.0,0.0,0.0,0.0,0.0,0.0,0.0,0.0,0.0,0.0,0.0,0.0,0.0,0.0,0.0,0.0
10728,70,119,0,0.0,0.0,0.0,0.0,0.0,0.0,0.0,0.0,0.0,0.0,0.0,0.0,0.0,0.0,0.0,0.0,0.0,0.0,0.0,0.0,0.0,0.0,0.0,0.0,0.0,0.0,0.0,0.0,0.0,0.0,0.0,0.0,0.0,0.0,0.0
10729,70,120,0,0.0,0.0,0.0,0.0,0.0,0.0,0.0,0.0,0.0,0.0,0.0,0.0,0.0,0.0,0.0,0.0,0.0,0.0,0.0,0.0,0.0,0.0,0.0,0.0,0.0,0.0,0.0,0.0,0.0,0.0,0.0,0.0,0.0,0.0,0.0
10730,70,121,0,0.0,0.0,0.0,0.0,0.0,0.0,0.0,0.0,0.0,0.0,0.0,0.0,0.0,0.0,0.0,0.0,0.0,0.0,0.0,0.0,0.0,0.0,0.0,0.0,0.0,0.0,0.0,0.0,0.0,0.0,0.0,0.0,0.0,0.0,0.0
10731,70,122,0,0.0,0.0,0.0,0.0,0.0,0.0,0.0,0.0,0.0,0.0,0.0,0.0,0.0,0.0,0.0,0.0,0.0,0.0,0.0,0.0,0.0,0.0,0.0,0.0,0.0,0.0,0.0,0.0,0.0,0.0,0.0,0.0,0.0,0.0,0.0
10732,70,123,0,0.0,0.0,0.0,0.0,0.0,0.0,0.0,0.0,0.0,0.0,0.0,0.0,0.0,0.0,0.0,0.0,0.0,0.0,0.0,0.0,0.0,0.0,0.0,0.0,0.0,0.0,0.0,0.0,0.0,0.0,0.0,0.0,0.0,0.0,0.0
10733,70,124,0,0.0,0.0,0.0,0.0,0.0,0.0,0.0,0.0,0.0,0.0,0.0,0.0,0.0,0.0,0.0,0.0,0.0,0.0,0.0,0.0,0.0,0.0,0.0,0.0,0.0,0.0,0.0,0.0,0.0,0.0,0.0,0.0,0.0,0.0,0.0
10734,70,125,0,0.0,0.0,0.0,0.0,0.0,0.0,0.0,0.0,0.0,0.0,0.0,0.0,0.0,0.0,0.0,0.0,0.0,0.0,0.0,0.0,0.0,0.0,0.0,0.0,0.0,0.0,0.0,0.0,0.0,0.0,0.0,0.0,0.0,0.0,0.0
10735,70,126,0,0.0,0.0,0.0,0.0,0.0,0.0,0.0,0.0,0.0,0.0,0.0,0.0,0.0,0.0,0.0,0.0,0.0,0.0,0.0,0.0,0.0,0.0,0.0,0.0,0.0,0.0,0.0,0.0,0.0,0.0,0.0,0.0,0.0,0.0,0.0
10736,70,127,0,0.0,0.0,0.0,0.0,0.0,0.0,0.0,0.0,0.0,0.0,0.0,0.0,0.0,0.0,0.0,0.0,0.0,0.0,0.0,0.0,0.0,0.0,0.0,0.0,0.0,0.0,0.0,0.0,0.0,0.0,0.0,0.0,0.0,0.0,0.0
10737,70,128,0,0.0,0.0,0.0,0.0,0.0,0.0,0.0,0.0,0.0,0.0,0.0,0.0,0.0,0.0,0.0,0.0,0.0,0.0,0.0,0.0,0.0,0.0,0.0,0.0,0.0,0.0,0.0,0.0,0.0,0.0,0.0,0.0,0.0,0.0,0.0
10738,70,129,0,0.0,0.0,0.0,0.0,0.0,0.0,0.0,0.0,0.0,0.0,0.0,0.0,0.0,0.0,0.0,0.0,0.0,0.0,0.0,0.0,0.0,0.0,0.0,0.0,0.0,0.0,0.0,0.0,0.0,0.0,0.0,0.0,0.0,0.0,0.0
10739,70,130,0,0.0,0.0,0.0,0.0,0.0,0.0,0.0,0.0,0.0,0.0,0.0,0.0,0.0,0.0,0.0,0.0,0.0,0.0,0.0,0.0,0.0,0.0,0.0,0.0,0.0,0.0,0.0,0.0,0.0,0.0,0.0,0.0,0.0,0.0,0.0
10740,70,131,0,0.0,0.0,0.0,0.0,0.0,0.0,0.0,0.0,0.0,0.0,0.0,0.0,0.0,0.0,0.0,0.0,0.0,0.0,0.0,0.0,0.0,0.0,0.0,0.0,0.0,0.0,0.0,0.0,0.0,0.0,0.0,0.0,0.0,0.0,0.0
10741,70,132,0,0.0,0.0,0.0,0.0,0.0,0.0,0.0,0.0,0.0,0.0,0.0,0.0,0.0,0.0,0.0,0.0,0.0,0.0,0.0,0.0,0.0,0.0,0.0,0.0,0.0,0.0,0.0,0.0,0.0,0.0,0.0,0.0,0.0,0.0,0.0
10742,70,133,0,0.0,0.0,0.0,0.0,0.0,0.0,0.0,0.0,0.0,0.0,0.0,0.0,0.0,0.0,0.0,0.0,0.0,0.0,0.0,0.0,0.0,0.0,0.0,0.0,0.0,0.0,0.0,0.0,0.0,0.0,0.0,0.0,0.0,0.0,0.0
10743,70,134,0,0.0,0.0,0.0,0.0,0.0,0.0,0.0,0.0,0.0,0.0,0.0,0.0,0.0,0.0,0.0,0.0,0.0,0.0,0.0,0.0,0.0,0.0,0.0,0.0,0.0,0.0,0.0,0.0,0.0,0.0,0.0,0.0,0.0,0.0,0.0
10744,70,135,0,0.0,0.0,0.0,0.0,0.0,0.0,0.0,0.0,0.0,0.0,0.0,0.0,0.0,0.0,0.0,0.0,0.0,0.0,0.0,0.0,0.0,0.0,0.0,0.0,0.0,0.0,0.0,0.0,0.0,0.0,0.0,0.0,0.0,0.0,0.0
10745,70,136,0,0.0,0.0,0.0,0.0,0.0,0.0,0.0,0.0,0.0,0.0,0.0,0.0,0.0,0.0,0.0,0.0,0.0,0.0,0.0,0.0,0.0,0.0,0.0,0.0,0.0,0.0,0.0,0.0,0.0,0.0,0.0,0.0,0.0,0.0,0.0
10746,70,137,0,0.0,0.0,0.0,0.0,0.0,0.0,0.0,0.0,0.0,0.0,0.0,0.0,0.0,0.0,0.0,0.0,0.0,0.0,0.0,0.0,0.0,0.0,0.0,0.0,0.0,0.0,0.0,0.0,0.0,0.0,0.0,0.0,0.0,0.0,0.0
10747,70,138,0,0.0,0.0,0.0,0.0,0.0,0.0,0.0,0.0,0.0,0.0,0.0,0.0,0.0,0.0,0.0,0.0,0.0,0.0,0.0,0.0,0.0,0.0,0.0,0.0,0.0,0.0,0.0,0.0,0.0,0.0,0.0,0.0,0.0,0.0,0.0
10748,70,139,0,0.0,0.0,0.0,0.0,0.0,0.0,0.0,0.0,0.0,0.0,0.0,0.0,0.0,0.0,0.0,0.0,0.0,0.0,0.0,0.0,0.0,0.0,0.0,0.0,0.0,0.0,0.0,0.0,0.0,0.0,0.0,0.0,0.0,0.0,0.0
10749,70,140,0,0.0,0.0,0.0,0.0,0.0,0.0,0.0,0.0,0.0,0.0,0.0,0.0,0.0,0.0,0.0,0.0,0.0,0.0,0.0,0.0,0.0,0.0,0.0,0.0,0.0,0.0,0.0,0.0,0.0,0.0,0.0,0.0,0.0,0.0,0.0
10750,70,141,0,0.0,0.0,0.0,0.0,0.0,0.0,0.0,0.0,0.0,0.0,0.0,0.0,0.0,0.0,0.0,0.0,0.0,0.0,0.0,0.0,0.0,0.0,0.0,0.0,0.0,0.0,0.0,0.0,0.0,0.0,0.0,0.0,0.0,0.0,0.0
10751,70,142,0,0.0,0.0,0.0,0.0,0.0,0.0,0.0,0.0,0.0,0.0,0.0,0.0,0.0,0.0,0.0,0.0,0.0,0.0,0.0,0.0,0.0,0.0,0.0,0.0,0.0,0.0,0.0,0.0,0.0,0.0,0.0,0.0,0.0,0.0,0.0
10752,70,143,0,0.0,0.0,0.0,0.0,0.0,0.0,0.0,0.0,0.0,0.0,0.0,0.0,0.0,0.0,0.0,0.0,0.0,0.0,0.0,0.0,0.0,0.0,0.0,0.0,0.0,0.0,0.0,0.0,0.0,0.0,0.0,0.0,0.0,0.0,0.0
10753,70,144,0,0.0,0.0,0.0,0.0,0.0,0.0,0.0,0.0,0.0,0.0,0.0,0.0,0.0,0.0,0.0,0.0,0.0,0.0,0.0,0.0,0.0,0.0,0.0,0.0,0.0,0.0,0.0,0.0,0.0,0.0,0.0,0.0,0.0,0.0,0.0
10754,70,145,0,0.0,0.0,0.0,0.0,0.0,0.0,0.0,0.0,0.0,0.0,0.0,0.0,0.0,0.0,0.0,0.0,0.0,0.0,0.0,0.0,0.0,0.0,0.0,0.0,0.0,0.0,0.0,0.0,0.0,0.0,0.0,0.0,0.0,0.0,0.0
10755,70,146,0,0.0,0.0,0.0,0.0,0.0,0.0,0.0,0.0,0.0,0.0,0.0,0.0,0.0,0.0,0.0,0.0,0.0,0.0,0.0,0.0,0.0,0.0,0.0,0.0,0.0,0.0,0.0,0.0,0.0,0.0,0.0,0.0,0.0,0.0,0.0
10756,70,147,0,0.0,0.0,0.0,0.0,0.0,0.0,0.0,0.0,0.0,0.0,0.0,0.0,0.0,0.0,0.0,0.0,0.0,0.0,0.0,0.0,0.0,0.0,0.0,0.0,0.0,0.0,0.0,0.0,0.0,0.0,0.0,0.0,0.0,0.0,0.0
10757,70,148,0,0.0,0.0,0.0,0.0,0.0,0.0,0.0,0.0,0.0,0.0,0.0,0.0,0.0,0.0,0.0,0.0,0.0,0.0,0.0,0.0,0.0,0.0,0.0,0.0,0.0,0.0,0.0,0.0,0.0,0.0,0.0,0.0,0.0,0.0,0.0
10758,70,149,0,0.0,0.0,0.0,0.0,0.0,0.0,0.0,0.0,0.0,0.0,0.0,0.0,0.0,0.0,0.0,0.0,0.0,0.0,0.0,0.0,0.0,0.0,0.0,0.0,0.0,0.0,0.0,0.0,0.0,0.0,0.0,0.0,0.0,0.0,0.0
10759,70,150,0,0.0,0.0,0.0,0.0,0.0,0.0,0.0,0.0,0.0,0.0,0.0,0.0,0.0,0.0,0.0,0.0,0.0,0.0,0.0,0.0,0.0,0.0,0.0,0.0,0.0,0.0,0.0,0.0,0.0,0.0,0.0,0.0,0.0,0.0,0.0
10760,70,151,0,0.0,0.0,0.0,0.0,0.0,0.0,0.0,0.0,0.0,0.0,0.0,0.0,0.0,0.0,0.0,0.0,0.0,0.0,0.0,0.0,0.0,0.0,0.0,0.0,0.0,0.0,0.0,0.0,0.0,0.0,0.0,0.0,0.0,0.0,0.0
10761,70,152,0,0.0,0.0,0.0,0.0,0.0,0.0,0.0,0.0,0.0,0.0,0.0,0.0,0.0,0.0,0.0,0.0,0.0,0.0,0.0,0.0,0.0,0.0,0.0,0.0,0.0,0.0,0.0,0.0,0.0,0.0,0.0,0.0,0.0,0.0,0.0
10762,70,153,0,0.0,0.0,0.0,0.0,0.0,0.0,0.0,0.0,0.0,0.0,0.0,0.0,0.0,0.0,0.0,0.0,0.0,0.0,0.0,0.0,0.0,0.0,0.0,0.0,0.0,0.0,0.0,0.0,0.0,0.0,0.0,0.0,0.0,0.0,0.0
10763,70,154,0,0.0,0.0,0.0,0.0,0.0,0.0,0.0,0.0,0.0,0.0,0.0,0.0,0.0,0.0,0.0,0.0,0.0,0.0,0.0,0.0,0.0,0.0,0.0,0.0,0.0,0.0,0.0,0.0,0.0,0.0,0.0,0.0,0.0,0.0,0.0
10764,70,155,0,0.0,0.0,0.0,0.0,0.0,0.0,0.0,0.0,0.0,0.0,0.0,0.0,0.0,0.0,0.0,0.0,0.0,0.0,0.0,0.0,0.0,0.0,0.0,0.0,0.0,0.0,0.0,0.0,0.0,0.0,0.0,0.0,0.0,0.0,0.0
10765,70,156,0,0.0,0.0,0.0,0.0,0.0,0.0,0.0,0.0,0.0,0.0,0.0,0.0,0.0,0.0,0.0,0.0,0.0,0.0,0.0,0.0,0.0,0.0,0.0,0.0,0.0,0.0,0.0,0.0,0.0,0.0,0.0,0.0,0.0,0.0,0.0
10766,70,157,0,0.0,0.0,0.0,0.0,0.0,0.0,0.0,0.0,0.0,0.0,0.0,0.0,0.0,0.0,0.0,0.0,0.0,0.0,0.0,0.0,0.0,0.0,0.0,0.0,0.0,0.0,0.0,0.0,0.0,0.0,0.0,0.0,0.0,0.0,0.0
10767,72,5,0,0.0,0.0,0.0,0.0,0.0,0.0,0.0,0.0,0.0,0.0,0.0,0.0,0.0,0.0,0.0,0.0,0.0,0.0,0.0,0.0,0.0,0.0,0.0,0.0,0.0,0.0,0.0,0.0,0.0,0.0,0.0,0.0,0.0,0.0,0.0
10768,72,7,0,0.0,0.0,0.0,0.0,0.0,0.0,0.0,0.0,0.0,0.0,0.0,0.0,0.0,0.0,0.0,0.0,0.0,0.0,0.0,0.0,0.0,0.0,0.0,0.0,0.0,0.0,0.0,0.0,0.0,0.0,0.0,0.0,0.0,0.0,0.0
10769,72,8,0,0.0,0.0,0.0,0.0,0.0,0.0,0.0,0.0,0.0,0.0,0.0,0.0,0.0,0.0,0.0,0.0,0.0,0.0,0.0,0.0,0.0,0.0,0.0,0.0,0.0,0.0,0.0,0.0,0.0,0.0,0.0,0.0,0.0,0.0,0.0
10770,72,9,0,0.0,0.0,0.0,0.0,0.0,0.0,0.0,0.0,0.0,0.0,0.0,0.0,0.0,0.0,0.0,0.0,0.0,0.0,0.0,0.0,0.0,0.0,0.0,0.0,0.0,0.0,0.0,0.0,0.0,0.0,0.0,0.0,0.0,0.0,0.0
10771,72,11,0,0.0,0.0,0.0,0.0,0.0,0.0,0.0,0.0,0.0,0.0,0.0,0.0,0.0,0.0,0.0,0.0,0.0,0.0,0.0,0.0,0.0,0.0,0.0,0.0,0.0,0.0,0.0,0.0,0.0,0.0,0.0,0.0,0.0,0.0,0.0
10772,72,13,0,0.0,0.0,0.0,0.0,0.0,0.0,0.0,0.0,0.0,0.0,0.0,0.0,0.0,0.0,0.0,0.0,0.0,0.0,0.0,0.0,0.0,0.0,0.0,0.0,0.0,0.0,0.0,0.0,0.0,0.0,0.0,0.0,0.0,0.0,0.0
10773,72,14,0,0.0,0.0,0.0,0.0,0.0,0.0,0.0,0.0,0.0,0.0,0.0,0.0,0.0,0.0,0.0,0.0,0.0,0.0,0.0,0.0,0.0,0.0,0.0,0.0,0.0,0.0,0.0,0.0,0.0,0.0,0.0,0.0,0.0,0.0,0.0
10774,72,17,0,0.0,0.0,0.0,0.0,0.0,0.0,0.0,0.0,0.0,0.0,0.0,0.0,0.0,0.0,0.0,0.0,0.0,0.0,0.0,0.0,0.0,0.0,0.0,0.0,0.0,0.0,0.0,0.0,0.0,0.0,0.0,0.0,0.0,0.0,0.0
10775,72,19,0,0.0,0.0,0.0,0.0,0.0,0.0,0.0,0.0,0.0,0.0,0.0,0.0,0.0,0.0,0.0,0.0,0.0,0.0,0.0,0.0,0.0,0.0,0.0,0.0,0.0,0.0,0.0,0.0,0.0,0.0,0.0,0.0,0.0,0.0,0.0
10776,72,20,0,0.0,0.0,0.0,0.0,0.0,0.0,0.0,0.0,0.0,0.0,0.0,0.0,0.0,0.0,0.0,0.0,0.0,0.0,0.0,0.0,0.0,0.0,0.0,0.0,0.0,0.0,0.0,0.0,0.0,0.0,0.0,0.0,0.0,0.0,0.0
10777,72,21,0,0.0,0.0,0.0,0.0,0.0,0.0,0.0,0.0,0.0,0.0,0.0,0.0,0.0,0.0,0.0,0.0,0.0,0.0,0.0,0.0,0.0,0.0,0.0,0.0,0.0,0.0,0.0,0.0,0.0,0.0,0.0,0.0,0.0,0.0,0.0
10778,72,23,0,0.0,0.0,0.0,0.0,0.0,0.0,0.0,0.0,0.0,0.0,0.0,0.0,0.0,0.0,0.0,0.0,0.0,0.0,0.0,0.0,0.0,0.0,0.0,0.0,0.0,0.0,0.0,0.0,0.0,0.0,0.0,0.0,0.0,0.0,0.0
10779,72,25,0,0.0,0.0,0.0,0.0,0.0,0.0,0.0,0.0,0.0,0.0,0.0,0.0,0.0,0.0,0.0,0.0,0.0,0.0,0.0,0.0,0.0,0.0,0.0,0.0,0.0,0.0,0.0,0.0,0.0,0.0,0.0,0.0,0.0,0.0,0.0
10780,72,27,0,0.0,0.0,0.0,0.0,0.0,0.0,0.0,0.0,0.0,0.0,0.0,0.0,0.0,0.0,0.0,0.0,0.0,0.0,0.0,0.0,0.0,0.0,0.0,0.0,0.0,0.0,0.0,0.0,0.0,0.0,0.0,0.0,0.0,0.0,0.0
10781,72,30,0,0.0,0.0,0.0,0.0,0.0,0.0,0.0,0.0,0.0,0.0,0.0,0.0,0.0,0.0,0.0,0.0,0.0,0.0,0.0,0.0,0.0,0.0,0.0,0.0,0.0,0.0,0.0,0.0,0.0,0.0,0.0,0.0,0.0,0.0,0.0
10782,72,32,0,0.0,0.0,0.0,0.0,0.0,0.0,0.0,0.0,0.0,0.0,0.0,0.0,0.0,0.0,0.0,0.0,0.0,0.0,0.0,0.0,0.0,0.0,0.0,0.0,0.0,0.0,0.0,0.0,0.0,0.0,0.0,0.0,0.0,0.0,0.0
10783,72,35,0,0.0,0.0,0.0,0.0,0.0,0.0,0.0,0.0,0.0,0.0,0.0,0.0,0.0,0.0,0.0,0.0,0.0,0.0,0.0,0.0,0.0,0.0,0.0,0.0,0.0,0.0,0.0,0.0,0.0,0.0,0.0,0.0,0.0,0.0,0.0
10784,72,40,0,0.0,0.0,0.0,0.0,0.0,0.0,0.0,0.0,0.0,0.0,0.0,0.0,0.0,0.0,0.0,0.0,0.0,0.0,0.0,0.0,0.0,0.0,0.0,0.0,0.0,0.0,0.0,0.0,0.0,0.0,0.0,0.0,0.0,0.0,0.0
10785,72,41,0,0.0,0.0,0.0,0.0,0.0,0.0,0.0,0.0,0.0,0.0,0.0,0.0,0.0,0.0,0.0,0.0,0.0,0.0,0.0,0.0,0.0,0.0,0.0,0.0,0.0,0.0,0.0,0.0,0.0,0.0,0.0,0.0,0.0,0.0,0.0
10786,72,42,0,0.0,0.0,0.0,0.0,0.0,0.0,0.0,0.0,0.0,0.0,0.0,0.0,0.0,0.0,0.0,0.0,0.0,0.0,0.0,0.0,0.0,0.0,0.0,0.0,0.0,0.0,0.0,0.0,0.0,0.0,0.0,0.0,0.0,0.0,0.0
10787,72,43,0,0.0,0.0,0.0,0.0,0.0,0.0,0.0,0.0,0.0,0.0,0.0,0.0,0.0,0.0,0.0,0.0,0.0,0.0,0.0,0.0,0.0,0.0,0.0,0.0,0.0,0.0,0.0,0.0,0.0,0.0,0.0,0.0,0.0,0.0,0.0
10788,72,45,0,0.0,0.0,0.0,0.0,0.0,0.0,0.0,0.0,0.0,0.0,0.0,0.0,0.0,0.0,0.0,0.0,0.0,0.0,0.0,0.0,0.0,0.0,0.0,0.0,0.0,0.0,0.0,0.0,0.0,0.0,0.0,0.0,0.0,0.0,0.0
10789,72,46,0,0.0,0.0,0.0,0.0,0.0,0.0,0.0,0.0,0.0,0.0,0.0,0.0,0.0,0.0,0.0,0.0,0.0,0.0,0.0,0.0,0.0,0.0,0.0,0.0,0.0,0.0,0.0,0.0,0.0,0.0,0.0,0.0,0.0,0.0,0.0
10790,72,51,0,0.0,0.0,0.0,0.0,0.0,0.0,0.0,0.0,0.0,0.0,0.0,0.0,0.0,0.0,0.0,0.0,0.0,0.0,0.0,0.0,0.0,0.0,0.0,0.0,0.0,0.0,0.0,0.0,0.0,0.0,0.0,0.0,0.0,0.0,0.0
10791,72,54,0,0.0,0.0,0.0,0.0,0.0,0.0,0.0,0.0,0.0,0.0,0.0,0.0,0.0,0.0,0.0,0.0,0.0,0.0,0.0,0.0,0.0,0.0,0.0,0.0,0.0,0.0,0.0,0.0,0.0,0.0,0.0,0.0,0.0,0.0,0.0
10792,72,55,0,0.0,0.0,0.0,0.0,0.0,0.0,0.0,0.0,0.0,0.0,0.0,0.0,0.0,0.0,0.0,0.0,0.0,0.0,0.0,0.0,0.0,0.0,0.0,0.0,0.0,0.0,0.0,0.0,0.0,0.0,0.0,0.0,0.0,0.0,0.0
10793,72,60,0,0.0,0.0,0.0,0.0,0.0,0.0,0.0,0.0,0.0,0.0,0.0,0.0,0.0,0.0,0.0,0.0,0.0,0.0,0.0,0.0,0.0,0.0,0.0,0.0,0.0,0.0,0.0,0.0,0.0,0.0,0.0,0.0,0.0,0.0,0.0
10794,72,62,0,0.0,0.0,0.0,0.0,0.0,0.0,0.0,0.0,0.0,0.0,0.0,0.0,0.0,0.0,0.0,0.0,0.0,0.0,0.0,0.0,0.0,0.0,0.0,0.0,0.0,0.0,0.0,0.0,0.0,0.0,0.0,0.0,0.0,0.0,0.0
10795,72,65,0,0.0,0.0,0.0,0.0,0.0,0.0,0.0,0.0,0.0,0.0,0.0,0.0,0.0,0.0,0.0,0.0,0.0,0.0,0.0,0.0,0.0,0.0,0.0,0.0,0.0,0.0,0.0,0.0,0.0,0.0,0.0,0.0,0.0,0.0,0.0
10796,72,67,0,0.0,0.0,0.0,0.0,0.0,0.0,0.0,0.0,0.0,0.0,0.0,0.0,0.0,0.0,0.0,0.0,0.0,0.0,0.0,0.0,0.0,0.0,0.0,0.0,0.0,0.0,0.0,0.0,0.0,0.0,0.0,0.0,0.0,0.0,0.0
10797,72,73,0,0.0,0.0,0.0,0.0,0.0,0.0,0.0,0.0,0.0,0.0,0.0,0.0,0.0,0.0,0.0,0.0,0.0,0.0,0.0,0.0,0.0,0.0,0.0,0.0,0.0,0.0,0.0,0.0,0.0,0.0,0.0,0.0,0.0,0.0,0.0
10798,72,74,0,0.0,0.0,0.0,0.0,0.0,0.0,0.0,0.0,0.0,0.0,0.0,0.0,0.0,0.0,0.0,0.0,0.0,0.0,0.0,0.0,0.0,0.0,0.0,0.0,0.0,0.0,0.0,0.0,0.0,0.0,0.0,0.0,0.0,0.0,0.0
10799,72,75,0,0.0,0.0,0.0,0.0,0.0,0.0,0.0,0.0,0.0,0.0,0.0,0.0,0.0,0.0,0.0,0.0,0.0,0.0,0.0,0.0,0.0,0.0,0.0,0.0,0.0,0.0,0.0,0.0,0.0,0.0,0.0,0.0,0.0,0.0,0.0
10800,72,76,0,0.0,0.0,0.0,0.0,0.0,0.0,0.0,0.0,0.0,0.0,0.0,0.0,0.0,0.0,0.0,0.0,0.0,0.0,0.0,0.0,0.0,0.0,0.0,0.0,0.0,0.0,0.0,0.0,0.0,0.0,0.0,0.0,0.0,0.0,0.0
10801,72,77,0,0.0,0.0,0.0,0.0,0.0,0.0,0.0,0.0,0.0,0.0,0.0,0.0,0.0,0.0,0.0,0.0,0.0,0.0,0.0,0.0,0.0,0.0,0.0,0.0,0.0,0.0,0.0,0.0,0.0,0.0,0.0,0.0,0.0,0.0,0.0
10802,72,78,0,0.0,0.0,0.0,0.0,0.0,0.0,0.0,0.0,0.0,0.0,0.0,0.0,0.0,0.0,0.0,0.0,0.0,0.0,0.0,0.0,0.0,0.0,0.0,0.0,0.0,0.0,0.0,0.0,0.0,0.0,0.0,0.0,0.0,0.0,0.0
10803,72,82,0,0.0,0.0,0.0,0.0,0.0,0.0,0.0,0.0,0.0,0.0,0.0,0.0,0.0,0.0,0.0,0.0,0.0,0.0,0.0,0.0,0.0,0.0,0.0,0.0,0.0,0.0,0.0,0.0,0.0,0.0,0.0,0.0,0.0,0.0,0.0
10804,72,85,0,0.0,0.0,0.0,0.0,0.0,0.0,0.0,0.0,0.0,0.0,0.0,0.0,0.0,0.0,0.0,0.0,0.0,0.0,0.0,0.0,0.0,0.0,0.0,0.0,0.0,0.0,0.0,0.0,0.0,0.0,0.0,0.0,0.0,0.0,0.0
10805,72,86,0,0.0,0.0,0.0,0.0,0.0,0.0,0.0,0.0,0.0,0.0,0.0,0.0,0.0,0.0,0.0,0.0,0.0,0.0,0.0,0.0,0.0,0.0,0.0,0.0,0.0,0.0,0.0,0.0,0.0,0.0,0.0,0.0,0.0,0.0,0.0
10806,72,87,0,0.0,0.0,0.0,0.0,0.0,0.0,0.0,0.0,0.0,0.0,0.0,0.0,0.0,0.0,0.0,0.0,0.0,0.0,0.0,0.0,0.0,0.0,0.0,0.0,0.0,0.0,0.0,0.0,0.0,0.0,0.0,0.0,0.0,0.0,0.0
10807,72,88,0,0.0,0.0,0.0,0.0,0.0,0.0,0.0,0.0,0.0,0.0,0.0,0.0,0.0,0.0,0.0,0.0,0.0,0.0,0.0,0.0,0.0,0.0,0.0,0.0,0.0,0.0,0.0,0.0,0.0,0.0,0.0,0.0,0.0,0.0,0.0
10808,72,89,0,0.0,0.0,0.0,0.0,0.0,0.0,0.0,0.0,0.0,0.0,0.0,0.0,0.0,0.0,0.0,0.0,0.0,0.0,0.0,0.0,0.0,0.0,0.0,0.0,0.0,0.0,0.0,0.0,0.0,0.0,0.0,0.0,0.0,0.0,0.0
10809,72,91,0,0.0,0.0,0.0,0.0,0.0,0.0,0.0,0.0,0.0,0.0,0.0,0.0,0.0,0.0,0.0,0.0,0.0,0.0,0.0,0.0,0.0,0.0,0.0,0.0,0.0,0.0,0.0,0.0,0.0,0.0,0.0,0.0,0.0,0.0,0.0
10810,72,95,0,0.0,0.0,0.0,0.0,0.0,0.0,0.0,0.0,0.0,0.0,0.0,0.0,0.0,0.0,0.0,0.0,0.0,0.0,0.0,0.0,0.0,0.0,0.0,0.0,0.0,0.0,0.0,0.0,0.0,0.0,0.0,0.0,0.0,0.0,0.0
10811,72,96,0,0.0,0.0,0.0,0.0,0.0,0.0,0.0,0.0,0.0,0.0,0.0,0.0,0.0,0.0,0.0,0.0,0.0,0.0,0.0,0.0,0.0,0.0,0.0,0.0,0.0,0.0,0.0,0.0,0.0,0.0,0.0,0.0,0.0,0.0,0.0
10812,72,100,0,0.0,0.0,0.0,0.0,0.0,0.0,0.0,0.0,0.0,0.0,0.0,0.0,0.0,0.0,0.0,0.0,0.0,0.0,0.0,0.0,0.0,0.0,0.0,0.0,0.0,0.0,0.0,0.0,0.0,0.0,0.0,0.0,0.0,0.0,0.0
10813,72,103,0,0.0,0.0,0.0,0.0,0.0,0.0,0.0,0.0,0.0,0.0,0.0,0.0,0.0,0.0,0.0,0.0,0.0,0.0,0.0,0.0,0.0,0.0,0.0,0.0,0.0,0.0,0.0,0.0,0.0,0.0,0.0,0.0,0.0,0.0,0.0
10814,72,104,0,0.0,0.0,0.0,0.0,0.0,0.0,0.0,0.0,0.0,0.0,0.0,0.0,0.0,0.0,0.0,0.0,0.0,0.0,0.0,0.0,0.0,0.0,0.0,0.0,0.0,0.0,0.0,0.0,0.0,0.0,0.0,0.0,0.0,0.0,0.0
10815,72,106,0,0.0,0.0,0.0,0.0,0.0,0.0,0.0,0.0,0.0,0.0,0.0,0.0,0.0,0.0,0.0,0.0,0.0,0.0,0.0,0.0,0.0,0.0,0.0,0.0,0.0,0.0,0.0,0.0,0.0,0.0,0.0,0.0,0.0,0.0,0.0
10816,72,108,0,0.0,0.0,0.0,0.0,0.0,0.0,0.0,0.0,0.0,0.0,0.0,0.0,0.0,0.0,0.0,0.0,0.0,0.0,0.0,0.0,0.0,0.0,0.0,0.0,0.0,0.0,0.0,0.0,0.0,0.0,0.0,0.0,0.0,0.0,0.0
10817,72,109,0,0.0,0.0,0.0,0.0,0.0,0.0,0.0,0.0,0.0,0.0,0.0,0.0,0.0,0.0,0.0,0.0,0.0,0.0,0.0,0.0,0.0,0.0,0.0,0.0,0.0,0.0,0.0,0.0,0.0,0.0,0.0,0.0,0.0,0.0,0.0
10818,72,110,0,0.0,0.0,0.0,0.0,0.0,0.0,0.0,0.0,0.0,0.0,0.0,0.0,0.0,0.0,0.0,0.0,0.0,0.0,0.0,0.0,0.0,0.0,0.0,0.0,0.0,0.0,0.0,0.0,0.0,0.0,0.0,0.0,0.0,0.0,0.0
10819,72,111,0,0.0,0.0,0.0,0.0,0.0,0.0,0.0,0.0,0.0,0.0,0.0,0.0,0.0,0.0,0.0,0.0,0.0,0.0,0.0,0.0,0.0,0.0,0.0,0.0,0.0,0.0,0.0,0.0,0.0,0.0,0.0,0.0,0.0,0.0,0.0
10820,72,115,0,0.0,0.0,0.0,0.0,0.0,0.0,0.0,0.0,0.0,0.0,0.0,0.0,0.0,0.0,0.0,0.0,0.0,0.0,0.0,0.0,0.0,0.0,0.0,0.0,0.0,0.0,0.0,0.0,0.0,0.0,0.0,0.0,0.0,0.0,0.0
10821,72,116,0,0.0,0.0,0.0,0.0,0.0,0.0,0.0,0.0,0.0,0.0,0.0,0.0,0.0,0.0,0.0,0.0,0.0,0.0,0.0,0.0,0.0,0.0,0.0,0.0,0.0,0.0,0.0,0.0,0.0,0.0,0.0,0.0,0.0,0.0,0.0
10822,72,117,0,0.0,0.0,0.0,0.0,0.0,0.0,0.0,0.0,0.0,0.0,0.0,0.0,0.0,0.0,0.0,0.0,0.0,0.0,0.0,0.0,0.0,0.0,0.0,0.0,0.0,0.0,0.0,0.0,0.0,0.0,0.0,0.0,0.0,0.0,0.0
10823,72,118,0,0.0,0.0,0.0,0.0,0.0,0.0,0.0,0.0,0.0,0.0,0.0,0.0,0.0,0.0,0.0,0.0,0.0,0.0,0.0,0.0,0.0,0.0,0.0,0.0,0.0,0.0,0.0,0.0,0.0,0.0,0.0,0.0,0.0,0.0,0.0
10824,72,119,0,0.0,0.0,0.0,0.0,0.0,0.0,0.0,0.0,0.0,0.0,0.0,0.0,0.0,0.0,0.0,0.0,0.0,0.0,0.0,0.0,0.0,0.0,0.0,0.0,0.0,0.0,0.0,0.0,0.0,0.0,0.0,0.0,0.0,0.0,0.0
10825,72,120,0,0.0,0.0,0.0,0.0,0.0,0.0,0.0,0.0,0.0,0.0,0.0,0.0,0.0,0.0,0.0,0.0,0.0,0.0,0.0,0.0,0.0,0.0,0.0,0.0,0.0,0.0,0.0,0.0,0.0,0.0,0.0,0.0,0.0,0.0,0.0
10826,72,122,0,0.0,0.0,0.0,0.0,0.0,0.0,0.0,0.0,0.0,0.0,0.0,0.0,0.0,0.0,0.0,0.0,0.0,0.0,0.0,0.0,0.0,0.0,0.0,0.0,0.0,0.0,0.0,0.0,0.0,0.0,0.0,0.0,0.0,0.0,0.0
10827,72,123,0,0.0,0.0,0.0,0.0,0.0,0.0,0.0,0.0,0.0,0.0,0.0,0.0,0.0,0.0,0.0,0.0,0.0,0.0,0.0,0.0,0.0,0.0,0.0,0.0,0.0,0.0,0.0,0.0,0.0,0.0,0.0,0.0,0.0,0.0,0.0
10828,72,124,0,0.0,0.0,0.0,0.0,0.0,0.0,0.0,0.0,0.0,0.0,0.0,0.0,0.0,0.0,0.0,0.0,0.0,0.0,0.0,0.0,0.0,0.0,0.0,0.0,0.0,0.0,0.0,0.0,0.0,0.0,0.0,0.0,0.0,0.0,0.0
10829,72,125,0,0.0,0.0,0.0,0.0,0.0,0.0,0.0,0.0,0.0,0.0,0.0,0.0,0.0,0.0,0.0,0.0,0.0,0.0,0.0,0.0,0.0,0.0,0.0,0.0,0.0,0.0,0.0,0.0,0.0,0.0,0.0,0.0,0.0,0.0,0.0
10830,72,127,0,0.0,0.0,0.0,0.0,0.0,0.0,0.0,0.0,0.0,0.0,0.0,0.0,0.0,0.0,0.0,0.0,0.0,0.0,0.0,0.0,0.0,0.0,0.0,0.0,0.0,0.0,0.0,0.0,0.0,0.0,0.0,0.0,0.0,0.0,0.0
10831,72,130,0,0.0,0.0,0.0,0.0,0.0,0.0,0.0,0.0,0.0,0.0,0.0,0.0,0.0,0.0,0.0,0.0,0.0,0.0,0.0,0.0,0.0,0.0,0.0,0.0,0.0,0.0,0.0,0.0,0.0,0.0,0.0,0.0,0.0,0.0,0.0
10832,72,132,0,0.0,0.0,0.0,0.0,0.0,0.0,0.0,0.0,0.0,0.0,0.0,0.0,0.0,0.0,0.0,0.0,0.0,0.0,0.0,0.0,0.0,0.0,0.0,0.0,0.0,0.0,0.0,0.0,0.0,0.0,0.0,0.0,0.0,0.0,0.0
10833,72,133,0,0.0,0.0,0.0,0.0,0.0,0.0,0.0,0.0,0.0,0.0,0.0,0.0,0.0,0.0,0.0,0.0,0.0,0.0,0.0,0.0,0.0,0.0,0.0,0.0,0.0,0.0,0.0,0.0,0.0,0.0,0.0,0.0,0.0,0.0,0.0
10834,72,134,0,0.0,0.0,0.0,0.0,0.0,0.0,0.0,0.0,0.0,0.0,0.0,0.0,0.0,0.0,0.0,0.0,0.0,0.0,0.0,0.0,0.0,0.0,0.0,0.0,0.0,0.0,0.0,0.0,0.0,0.0,0.0,0.0,0.0,0.0,0.0
10835,72,135,0,0.0,0.0,0.0,0.0,0.0,0.0,0.0,0.0,0.0,0.0,0.0,0.0,0.0,0.0,0.0,0.0,0.0,0.0,0.0,0.0,0.0,0.0,0.0,0.0,0.0,0.0,0.0,0.0,0.0,0.0,0.0,0.0,0.0,0.0,0.0
10836,72,137,0,0.0,0.0,0.0,0.0,0.0,0.0,0.0,0.0,0.0,0.0,0.0,0.0,0.0,0.0,0.0,0.0,0.0,0.0,0.0,0.0,0.0,0.0,0.0,0.0,0.0,0.0,0.0,0.0,0.0,0.0,0.0,0.0,0.0,0.0,0.0
10837,72,139,0,0.0,0.0,0.0,0.0,0.0,0.0,0.0,0.0,0.0,0.0,0.0,0.0,0.0,0.0,0.0,0.0,0.0,0.0,0.0,0.0,0.0,0.0,0.0,0.0,0.0,0.0,0.0,0.0,0.0,0.0,0.0,0.0,0.0,0.0,0.0
10838,72,140,0,0.0,0.0,0.0,0.0,0.0,0.0,0.0,0.0,0.0,0.0,0.0,0.0,0.0,0.0,0.0,0.0,0.0,0.0,0.0,0.0,0.0,0.0,0.0,0.0,0.0,0.0,0.0,0.0,0.0,0.0,0.0,0.0,0.0,0.0,0.0
10839,72,141,0,0.0,0.0,0.0,0.0,0.0,0.0,0.0,0.0,0.0,0.0,0.0,0.0,0.0,0.0,0.0,0.0,0.0,0.0,0.0,0.0,0.0,0.0,0.0,0.0,0.0,0.0,0.0,0.0,0.0,0.0,0.0,0.0,0.0,0.0,0.0
10840,72,143,0,0.0,0.0,0.0,0.0,0.0,0.0,0.0,0.0,0.0,0.0,0.0,0.0,0.0,0.0,0.0,0.0,0.0,0.0,0.0,0.0,0.0,0.0,0.0,0.0,0.0,0.0,0.0,0.0,0.0,0.0,0.0,0.0,0.0,0.0,0.0
10841,72,145,0,0.0,0.0,0.0,0.0,0.0,0.0,0.0,0.0,0.0,0.0,0.0,0.0,0.0,0.0,0.0,0.0,0.0,0.0,0.0,0.0,0.0,0.0,0.0,0.0,0.0,0.0,0.0,0.0,0.0,0.0,0.0,0.0,0.0,0.0,0.0
10842,72,146,0,0.0,0.0,0.0,0.0,0.0,0.0,0.0,0.0,0.0,0.0,0.0,0.0,0.0,0.0,0.0,0.0,0.0,0.0,0.0,0.0,0.0,0.0,0.0,0.0,0.0,0.0,0.0,0.0,0.0,0.0,0.0,0.0,0.0,0.0,0.0
10843,72,148,0,0.0,0.0,0.0,0.0,0.0,0.0,0.0,0.0,0.0,0.0,0.0,0.0,0.0,0.0,0.0,0.0,0.0,0.0,0.0,0.0,0.0,0.0,0.0,0.0,0.0,0.0,0.0,0.0,0.0,0.0,0.0,0.0,0.0,0.0,0.0
10844,72,149,0,0.0,0.0,0.0,0.0,0.0,0.0,0.0,0.0,0.0,0.0,0.0,0.0,0.0,0.0,0.0,0.0,0.0,0.0,0.0,0.0,0.0,0.0,0.0,0.0,0.0,0.0,0.0,0.0,0.0,0.0,0.0,0.0,0.0,0.0,0.0
10845,72,150,0,0.0,0.0,0.0,0.0,0.0,0.0,0.0,0.0,0.0,0.0,0.0,0.0,0.0,0.0,0.0,0.0,0.0,0.0,0.0,0.0,0.0,0.0,0.0,0.0,0.0,0.0,0.0,0.0,0.0,0.0,0.0,0.0,0.0,0.0,0.0
10846,72,153,0,0.0,0.0,0.0,0.0,0.0,0.0,0.0,0.0,0.0,0.0,0.0,0.0,0.0,0.0,0.0,0.0,0.0,0.0,0.0,0.0,0.0,0.0,0.0,0.0,0.0,0.0,0.0,0.0,0.0,0.0,0.0,0.0,0.0,0.0,0.0
10847,72,155,0,0.0,0.0,0.0,0.0,0.0,0.0,0.0,0.0,0.0,0.0,0.0,0.0,0.0,0.0,0.0,0.0,0.0,0.0,0.0,0.0,0.0,0.0,0.0,0.0,0.0,0.0,0.0,0.0,0.0,0.0,0.0,0.0,0.0,0.0,0.0
10848,72,156,0,0.0,0.0,0.0,0.0,0.0,0.0,0.0,0.0,0.0,0.0,0.0,0.0,0.0,0.0,0.0,0.0,0.0,0.0,0.0,0.0,0.0,0.0,0.0,0.0,0.0,0.0,0.0,0.0,0.0,0.0,0.0,0.0,0.0,0.0,0.0
10849,72,157,0,0.0,0.0,0.0,0.0,0.0,0.0,0.0,0.0,0.0,0.0,0.0,0.0,0.0,0.0,0.0,0.0,0.0,0.0,0.0,0.0,0.0,0.0,0.0,0.0,0.0,0.0,0.0,0.0,0.0,0.0,0.0,0.0,0.0,0.0,0.0
10850,72,159,0,0.0,0.0,0.0,0.0,0.0,0.0,0.0,0.0,0.0,0.0,0.0,0.0,0.0,0.0,0.0,0.0,0.0,0.0,0.0,0.0,0.0,0.0,0.0,0.0,0.0,0.0,0.0,0.0,0.0,0.0,0.0,0.0,0.0,0.0,0.0
10851,72,161,0,0.0,0.0,0.0,0.0,0.0,0.0,0.0,0.0,0.0,0.0,0.0,0.0,0.0,0.0,0.0,0.0,0.0,0.0,0.0,0.0,0.0,0.0,0.0,0.0,0.0,0.0,0.0,0.0,0.0,0.0,0.0,0.0,0.0,0.0,0.0
10852,72,163,0,0.0,0.0,0.0,0.0,0.0,0.0,0.0,0.0,0.0,0.0,0.0,0.0,0.0,0.0,0.0,0.0,0.0,0.0,0.0,0.0,0.0,0.0,0.0,0.0,0.0,0.0,0.0,0.0,0.0,0.0,0.0,0.0,0.0,0.0,0.0
10853,72,165,0,0.0,0.0,0.0,0.0,0.0,0.0,0.0,0.0,0.0,0.0,0.0,0.0,0.0,0.0,0.0,0.0,0.0,0.0,0.0,0.0,0.0,0.0,0.0,0.0,0.0,0.0,0.0,0.0,0.0,0.0,0.0,0.0,0.0,0.0,0.0
10854,72,167,0,0.0,0.0,0.0,0.0,0.0,0.0,0.0,0.0,0.0,0.0,0.0,0.0,0.0,0.0,0.0,0.0,0.0,0.0,0.0,0.0,0.0,0.0,0.0,0.0,0.0,0.0,0.0,0.0,0.0,0.0,0.0,0.0,0.0,0.0,0.0
10855,72,171,0,0.0,0.0,0.0,0.0,0.0,0.0,0.0,0.0,0.0,0.0,0.0,0.0,0.0,0.0,0.0,0.0,0.0,0.0,0.0,0.0,0.0,0.0,0.0,0.0,0.0,0.0,0.0,0.0,0.0,0.0,0.0,0.0,0.0,0.0,0.0
10856,72,172,0,0.0,0.0,0.0,0.0,0.0,0.0,0.0,0.0,0.0,0.0,0.0,0.0,0.0,0.0,0.0,0.0,0.0,0.0,0.0,0.0,0.0,0.0,0.0,0.0,0.0,0.0,0.0,0.0,0.0,0.0,0.0,0.0,0.0,0.0,0.0
10857,72,173,0,0.0,0.0,0.0,0.0,0.0,0.0,0.0,0.0,0.0,0.0,0.0,0.0,0.0,0.0,0.0,0.0,0.0,0.0,0.0,0.0,0.0,0.0,0.0,0.0,0.0,0.0,0.0,0.0,0.0,0.0,0.0,0.0,0.0,0.0,0.0
10858,72,174,0,0.0,0.0,0.0,0.0,0.0,0.0,0.0,0.0,0.0,0.0,0.0,0.0,0.0,0.0,0.0,0.0,0.0,0.0,0.0,0.0,0.0,0.0,0.0,0.0,0.0,0.0,0.0,0.0,0.0,0.0,0.0,0.0,0.0,0.0,0.0
10859,72,175,0,0.0,0.0,0.0,0.0,0.0,0.0,0.0,0.0,0.0,0.0,0.0,0.0,0.0,0.0,0.0,0.0,0.0,0.0,0.0,0.0,0.0,0.0,0.0,0.0,0.0,0.0,0.0,0.0,0.0,0.0,0.0,0.0,0.0,0.0,0.0
10860,72,178,0,0.0,0.0,0.0,0.0,0.0,0.0,0.0,0.0,0.0,0.0,0.0,0.0,0.0,0.0,0.0,0.0,0.0,0.0,0.0,0.0,0.0,0.0,0.0,0.0,0.0,0.0,0.0,0.0,0.0,0.0,0.0,0.0,0.0,0.0,0.0
10861,72,179,0,0.0,0.0,0.0,0.0,0.0,0.0,0.0,0.0,0.0,0.0,0.0,0.0,0.0,0.0,0.0,0.0,0.0,0.0,0.0,0.0,0.0,0.0,0.0,0.0,0.0,0.0,0.0,0.0,0.0,0.0,0.0,0.0,0.0,0.0,0.0
10862,72,180,0,0.0,0.0,0.0,0.0,0.0,0.0,0.0,0.0,0.0,0.0,0.0,0.0,0.0,0.0,0.0,0.0,0.0,0.0,0.0,0.0,0.0,0.0,0.0,0.0,0.0,0.0,0.0,0.0,0.0,0.0,0.0,0.0,0.0,0.0,0.0
10863,72,183,0,0.0,0.0,0.0,0.0,0.0,0.0,0.0,0.0,0.0,0.0,0.0,0.0,0.0,0.0,0.0,0.0,0.0,0.0,0.0,0.0,0.0,0.0,0.0,0.0,0.0,0.0,0.0,0.0,0.0,0.0,0.0,0.0,0.0,0.0,0.0
10864,72,184,0,0.0,0.0,0.0,0.0,0.0,0.0,0.0,0.0,0.0,0.0,0.0,0.0,0.0,0.0,0.0,0.0,0.0,0.0,0.0,0.0,0.0,0.0,0.0,0.0,0.0,0.0,0.0,0.0,0.0,0.0,0.0,0.0,0.0,0.0,0.0
10865,72,186,0,0.0,0.0,0.0,0.0,0.0,0.0,0.0,0.0,0.0,0.0,0.0,0.0,0.0,0.0,0.0,0.0,0.0,0.0,0.0,0.0,0.0,0.0,0.0,0.0,0.0,0.0,0.0,0.0,0.0,0.0,0.0,0.0,0.0,0.0,0.0
10866,72,188,0,0.0,0.0,0.0,0.0,0.0,0.0,0.0,0.0,0.0,0.0,0.0,0.0,0.0,0.0,0.0,0.0,0.0,0.0,0.0,0.0,0.0,0.0,0.0,0.0,0.0,0.0,0.0,0.0,0.0,0.0,0.0,0.0,0.0,0.0,0.0
10867,72,189,0,0.0,0.0,0.0,0.0,0.0,0.0,0.0,0.0,0.0,0.0,0.0,0.0,0.0,0.0,0.0,0.0,0.0,0.0,0.0,0.0,0.0,0.0,0.0,0.0,0.0,0.0,0.0,0.0,0.0,0.0,0.0,0.0,0.0,0.0,0.0
10868,72,192,0,0.0,0.0,0.0,0.0,0.0,0.0,0.0,0.0,0.0,0.0,0.0,0.0,0.0,0.0,0.0,0.0,0.0,0.0,0.0,0.0,0.0,0.0,0.0,0.0,0.0,0.0,0.0,0.0,0.0,0.0,0.0,0.0,0.0,0.0,0.0
10869,72,194,0,0.0,0.0,0.0,0.0,0.0,0.0,0.0,0.0,0.0,0.0,0.0,0.0,0.0,0.0,0.0,0.0,0.0,0.0,0.0,0.0,0.0,0.0,0.0,0.0,0.0,0.0,0.0,0.0,0.0,0.0,0.0,0.0,0.0,0.0,0.0
10870,72,198,0,0.0,0.0,0.0,0.0,0.0,0.0,0.0,0.0,0.0,0.0,0.0,0.0,0.0,0.0,0.0,0.0,0.0,0.0,0.0,0.0,0.0,0.0,0.0,0.0,0.0,0.0,0.0,0.0,0.0,0.0,0.0,0.0,0.0,0.0,0.0
10871,72,200,0,0.0,0.0,0.0,0.0,0.0,0.0,0.0,0.0,0.0,0.0,0.0,0.0,0.0,0.0,0.0,0.0,0.0,0.0,0.0,0.0,0.0,0.0,0.0,0.0,0.0,0.0,0.0,0.0,0.0,0.0,0.0,0.0,0.0,0.0,0.0
10872,72,202,0,0.0,0.0,0.0,0.0,0.0,0.0,0.0,0.0,0.0,0.0,0.0,0.0,0.0,0.0,0.0,0.0,0.0,0.0,0.0,0.0,0.0,0.0,0.0,0.0,0.0,0.0,0.0,0.0,0.0,0.0,0.0,0.0,0.0,0.0,0.0
10873,72,206,0,0.0,0.0,0.0,0.0,0.0,0.0,0.0,0.0,0.0,0.0,0.0,0.0,0.0,0.0,0.0,0.0,0.0,0.0,0.0,0.0,0.0,0.0,0.0,0.0,0.0,0.0,0.0,0.0,0.0,0.0,0.0,0.0,0.0,0.0,0.0
10874,72,208,0,0.0,0.0,0.0,0.0,0.0,0.0,0.0,0.0,0.0,0.0,0.0,0.0,0.0,0.0,0.0,0.0,0.0,0.0,0.0,0.0,0.0,0.0,0.0,0.0,0.0,0.0,0.0,0.0,0.0,0.0,0.0,0.0,0.0,0.0,0.0
10875,72,210,0,0.0,0.0,0.0,0.0,0.0,0.0,0.0,0.0,0.0,0.0,0.0,0.0,0.0,0.0,0.0,0.0,0.0,0.0,0.0,0.0,0.0,0.0,0.0,0.0,0.0,0.0,0.0,0.0,0.0,0.0,0.0,0.0,0.0,0.0,0.0
10876,72,213,0,0.0,0.0,0.0,0.0,0.0,0.0,0.0,0.0,0.0,0.0,0.0,0.0,0.0,0.0,0.0,0.0,0.0,0.0,0.0,0.0,0.0,0.0,0.0,0.0,0.0,0.0,0.0,0.0,0.0,0.0,0.0,0.0,0.0,0.0,0.0
10877,72,214,0,0.0,0.0,0.0,0.0,0.0,0.0,0.0,0.0,0.0,0.0,0.0,0.0,0.0,0.0,0.0,0.0,0.0,0.0,0.0,0.0,0.0,0.0,0.0,0.0,0.0,0.0,0.0,0.0,0.0,0.0,0.0,0.0,0.0,0.0,0.0
10878,72,215,0,0.0,0.0,0.0,0.0,0.0,0.0,0.0,0.0,0.0,0.0,0.0,0.0,0.0,0.0,0.0,0.0,0.0,0.0,0.0,0.0,0.0,0.0,0.0,0.0,0.0,0.0,0.0,0.0,0.0,0.0,0.0,0.0,0.0,0.0,0.0
10879,72,216,0,0.0,0.0,0.0,0.0,0.0,0.0,0.0,0.0,0.0,0.0,0.0,0.0,0.0,0.0,0.0,0.0,0.0,0.0,0.0,0.0,0.0,0.0,0.0,0.0,0.0,0.0,0.0,0.0,0.0,0.0,0.0,0.0,0.0,0.0,0.0
10880,72,219,0,0.0,0.0,0.0,0.0,0.0,0.0,0.0,0.0,0.0,0.0,0.0,0.0,0.0,0.0,0.0,0.0,0.0,0.0,0.0,0.0,0.0,0.0,0.0,0.0,0.0,0.0,0.0,0.0,0.0,0.0,0.0,0.0,0.0,0.0,0.0
10881,72,220,0,0.0,0.0,0.0,0.0,0.0,0.0,0.0,0.0,0.0,0.0,0.0,0.0,0.0,0.0,0.0,0.0,0.0,0.0,0.0,0.0,0.0,0.0,0.0,0.0,0.0,0.0,0.0,0.0,0.0,0.0,0.0,0.0,0.0,0.0,0.0
10882,72,222,0,0.0,0.0,0.0,0.0,0.0,0.0,0.0,0.0,0.0,0.0,0.0,0.0,0.0,0.0,0.0,0.0,0.0,0.0,0.0,0.0,0.0,0.0,0.0,0.0,0.0,0.0,0.0,0.0,0.0,0.0,0.0,0.0,0.0,0.0,0.0
10883,72,230,0,0.0,0.0,0.0,0.0,0.0,0.0,0.0,0.0,0.0,0.0,0.0,0.0,0.0,0.0,0.0,0.0,0.0,0.0,0.0,0.0,0.0,0.0,0.0,0.0,0.0,0.0,0.0,0.0,0.0,0.0,0.0,0.0,0.0,0.0,0.0
10884,72,231,0,0.0,0.0,0.0,0.0,0.0,0.0,0.0,0.0,0.0,0.0,0.0,0.0,0.0,0.0,0.0,0.0,0.0,0.0,0.0,0.0,0.0,0.0,0.0,0.0,0.0,0.0,0.0,0.0,0.0,0.0,0.0,0.0,0.0,0.0,0.0
10885,72,233,0,0.0,0.0,0.0,0.0,0.0,0.0,0.0,0.0,0.0,0.0,0.0,0.0,0.0,0.0,0.0,0.0,0.0,0.0,0.0,0.0,0.0,0.0,0.0,0.0,0.0,0.0,0.0,0.0,0.0,0.0,0.0,0.0,0.0,0.0,0.0
10886,72,236,0,0.0,0.0,0.0,0.0,0.0,0.0,0.0,0.0,0.0,0.0,0.0,0.0,0.0,0.0,0.0,0.0,0.0,0.0,0.0,0.0,0.0,0.0,0.0,0.0,0.0,0.0,0.0,0.0,0.0,0.0,0.0,0.0,0.0,0.0,0.0
10887,72,237,0,0.0,0.0,0.0,0.0,0.0,0.0,0.0,0.0,0.0,0.0,0.0,0.0,0.0,0.0,0.0,0.0,0.0,0.0,0.0,0.0,0.0,0.0,0.0,0.0,0.0,0.0,0.0,0.0,0.0,0.0,0.0,0.0,0.0,0.0,0.0
10888,72,238,0,0.0,0.0,0.0,0.0,0.0,0.0,0.0,0.0,0.0,0.0,0.0,0.0,0.0,0.0,0.0,0.0,0.0,0.0,0.0,0.0,0.0,0.0,0.0,0.0,0.0,0.0,0.0,0.0,0.0,0.0,0.0,0.0,0.0,0.0,0.0
10889,72,246,0,0.0,0.0,0.0,0.0,0.0,0.0,0.0,0.0,0.0,0.0,0.0,0.0,0.0,0.0,0.0,0.0,0.0,0.0,0.0,0.0,0.0,0.0,0.0,0.0,0.0,0.0,0.0,0.0,0.0,0.0,0.0,0.0,0.0,0.0,0.0
10890,72,247,0,0.0,0.0,0.0,0.0,0.0,0.0,0.0,0.0,0.0,0.0,0.0,0.0,0.0,0.0,0.0,0.0,0.0,0.0,0.0,0.0,0.0,0.0,0.0,0.0,0.0,0.0,0.0,0.0,0.0,0.0,0.0,0.0,0.0,0.0,0.0
10891,72,248,0,0.0,0.0,0.0,0.0,0.0,0.0,0.0,0.0,0.0,0.0,0.0,0.0,0.0,0.0,0.0,0.0,0.0,0.0,0.0,0.0,0.0,0.0,0.0,0.0,0.0,0.0,0.0,0.0,0.0,0.0,0.0,0.0,0.0,0.0,0.0
10892,72,249,0,0.0,0.0,0.0,0.0,0.0,0.0,0.0,0.0,0.0,0.0,0.0,0.0,0.0,0.0,0.0,0.0,0.0,0.0,0.0,0.0,0.0,0.0,0.0,0.0,0.0,0.0,0.0,0.0,0.0,0.0,0.0,0.0,0.0,0.0,0.0
10893,72,250,0,0.0,0.0,0.0,0.0,0.0,0.0,0.0,0.0,0.0,0.0,0.0,0.0,0.0,0.0,0.0,0.0,0.0,0.0,0.0,0.0,0.0,0.0,0.0,0.0,0.0,0.0,0.0,0.0,0.0,0.0,0.0,0.0,0.0,0.0,0.0
10894,72,251,0,0.0,0.0,0.0,0.0,0.0,0.0,0.0,0.0,0.0,0.0,0.0,0.0,0.0,0.0,0.0,0.0,0.0,0.0,0.0,0.0,0.0,0.0,0.0,0.0,0.0,0.0,0.0,0.0,0.0,0.0,0.0,0.0,0.0,0.0,0.0
10895,72,252,0,0.0,0.0,0.0,0.0,0.0,0.0,0.0,0.0,0.0,0.0,0.0,0.0,0.0,0.0,0.0,0.0,0.0,0.0,0.0,0.0,0.0,0.0,0.0,0.0,0.0,0.0,0.0,0.0,0.0,0.0,0.0,0.0,0.0,0.0,0.0
10896,72,254,0,0.0,0.0,0.0,0.0,0.0,0.0,0.0,0.0,0.0,0.0,0.0,0.0,0.0,0.0,0.0,0.0,0.0,0.0,0.0,0.0,0.0,0.0,0.0,0.0,0.0,0.0,0.0,0.0,0.0,0.0,0.0,0.0,0.0,0.0,0.0
10897,72,256,0,0.0,0.0,0.0,0.0,0.0,0.0,0.0,0.0,0.0,0.0,0.0,0.0,0.0,0.0,0.0,0.0,0.0,0.0,0.0,0.0,0.0,0.0,0.0,0.0,0.0,0.0,0.0,0.0,0.0,0.0,0.0,0.0,0.0,0.0,0.0
10898,72,257,0,0.0,0.0,0.0,0.0,0.0,0.0,0.0,0.0,0.0,0.0,0.0,0.0,0.0,0.0,0.0,0.0,0.0,0.0,0.0,0.0,0.0,0.0,0.0,0.0,0.0,0.0,0.0,0.0,0.0,0.0,0.0,0.0,0.0,0.0,0.0
10899,73,1,0,0.0,0.0,0.0,0.0,0.0,0.0,0.0,0.0,0.0,0.0,0.0,0.0,0.0,0.0,0.0,0.0,0.0,0.0,0.0,0.0,0.0,0.0,0.0,0.0,0.0,0.0,0.0,0.0,0.0,0.0,0.0,0.0,0.0,0.0,0.0
10900,73,2,0,0.0,0.0,0.0,0.0,0.0,0.0,0.0,0.0,0.0,0.0,0.0,0.0,0.0,0.0,0.0,0.0,0.0,0.0,0.0,0.0,0.0,0.0,0.0,0.0,0.0,0.0,0.0,0.0,0.0,0.0,0.0,0.0,0.0,0.0,0.0
10901,73,5,0,0.0,0.0,0.0,0.0,0.0,0.0,0.0,0.0,0.0,0.0,0.0,0.0,0.0,0.0,0.0,0.0,0.0,0.0,0.0,0.0,0.0,0.0,0.0,0.0,0.0,0.0,0.0,0.0,0.0,0.0,0.0,0.0,0.0,0.0,0.0
10902,73,9,0,0.0,0.0,0.0,0.0,0.0,0.0,0.0,0.0,0.0,0.0,0.0,0.0,0.0,0.0,0.0,0.0,0.0,0.0,0.0,0.0,0.0,0.0,0.0,0.0,0.0,0.0,0.0,0.0,0.0,0.0,0.0,0.0,0.0,0.0,0.0
10903,73,10,0,0.0,0.0,0.0,0.0,0.0,0.0,0.0,0.0,0.0,0.0,0.0,0.0,0.0,0.0,0.0,0.0,0.0,0.0,0.0,0.0,0.0,0.0,0.0,0.0,0.0,0.0,0.0,0.0,0.0,0.0,0.0,0.0,0.0,0.0,0.0
10904,73,11,0,0.0,0.0,0.0,0.0,0.0,0.0,0.0,0.0,0.0,0.0,0.0,0.0,0.0,0.0,0.0,0.0,0.0,0.0,0.0,0.0,0.0,0.0,0.0,0.0,0.0,0.0,0.0,0.0,0.0,0.0,0.0,0.0,0.0,0.0,0.0
10905,73,12,0,0.0,0.0,0.0,0.0,0.0,0.0,0.0,0.0,0.0,0.0,0.0,0.0,0.0,0.0,0.0,0.0,0.0,0.0,0.0,0.0,0.0,0.0,0.0,0.0,0.0,0.0,0.0,0.0,0.0,0.0,0.0,0.0,0.0,0.0,0.0
10906,73,14,0,0.0,0.0,0.0,0.0,0.0,0.0,0.0,0.0,0.0,0.0,0.0,0.0,0.0,0.0,0.0,0.0,0.0,0.0,0.0,0.0,0.0,0.0,0.0,0.0,0.0,0.0,0.0,0.0,0.0,0.0,0.0,0.0,0.0,0.0,0.0
10907,73,15,0,0.0,0.0,0.0,0.0,0.0,0.0,0.0,0.0,0.0,0.0,0.0,0.0,0.0,0.0,0.0,0.0,0.0,0.0,0.0,0.0,0.0,0.0,0.0,0.0,0.0,0.0,0.0,0.0,0.0,0.0,0.0,0.0,0.0,0.0,0.0
10908,73,16,0,0.0,0.0,0.0,0.0,0.0,0.0,0.0,0.0,0.0,0.0,0.0,0.0,0.0,0.0,0.0,0.0,0.0,0.0,0.0,0.0,0.0,0.0,0.0,0.0,0.0,0.0,0.0,0.0,0.0,0.0,0.0,0.0,0.0,0.0,0.0
10909,73,19,0,0.0,0.0,0.0,0.0,0.0,0.0,0.0,0.0,0.0,0.0,0.0,0.0,0.0,0.0,0.0,0.0,0.0,0.0,0.0,0.0,0.0,0.0,0.0,0.0,0.0,0.0,0.0,0.0,0.0,0.0,0.0,0.0,0.0,0.0,0.0
10910,73,20,0,0.0,0.0,0.0,0.0,0.0,0.0,0.0,0.0,0.0,0.0,0.0,0.0,0.0,0.0,0.0,0.0,0.0,0.0,0.0,0.0,0.0,0.0,0.0,0.0,0.0,0.0,0.0,0.0,0.0,0.0,0.0,0.0,0.0,0.0,0.0
10911,73,26,0,0.0,0.0,0.0,0.0,0.0,0.0,0.0,0.0,0.0,0.0,0.0,0.0,0.0,0.0,0.0,0.0,0.0,0.0,0.0,0.0,0.0,0.0,0.0,0.0,0.0,0.0,0.0,0.0,0.0,0.0,0.0,0.0,0.0,0.0,0.0
10912,73,27,0,0.0,0.0,0.0,0.0,0.0,0.0,0.0,0.0,0.0,0.0,0.0,0.0,0.0,0.0,0.0,0.0,0.0,0.0,0.0,0.0,0.0,0.0,0.0,0.0,0.0,0.0,0.0,0.0,0.0,0.0,0.0,0.0,0.0,0.0,0.0
10913,73,29,0,0.0,0.0,0.0,0.0,0.0,0.0,0.0,0.0,0.0,0.0,0.0,0.0,0.0,0.0,0.0,0.0,0.0,0.0,0.0,0.0,0.0,0.0,0.0,0.0,0.0,0.0,0.0,0.0,0.0,0.0,0.0,0.0,0.0,0.0,0.0
10914,73,30,0,0.0,0.0,0.0,0.0,0.0,0.0,0.0,0.0,0.0,0.0,0.0,0.0,0.0,0.0,0.0,0.0,0.0,0.0,0.0,0.0,0.0,0.0,0.0,0.0,0.0,0.0,0.0,0.0,0.0,0.0,0.0,0.0,0.0,0.0,0.0
10915,73,35,0,0.0,0.0,0.0,0.0,0.0,0.0,0.0,0.0,0.0,0.0,0.0,0.0,0.0,0.0,0.0,0.0,0.0,0.0,0.0,0.0,0.0,0.0,0.0,0.0,0.0,0.0,0.0,0.0,0.0,0.0,0.0,0.0,0.0,0.0,0.0
10916,73,36,0,0.0,0.0,0.0,0.0,0.0,0.0,0.0,0.0,0.0,0.0,0.0,0.0,0.0,0.0,0.0,0.0,0.0,0.0,0.0,0.0,0.0,0.0,0.0,0.0,0.0,0.0,0.0,0.0,0.0,0.0,0.0,0.0,0.0,0.0,0.0
10917,73,42,0,0.0,0.0,0.0,0.0,0.0,0.0,0.0,0.0,0.0,0.0,0.0,0.0,0.0,0.0,0.0,0.0,0.0,0.0,0.0,0.0,0.0,0.0,0.0,0.0,0.0,0.0,0.0,0.0,0.0,0.0,0.0,0.0,0.0,0.0,0.0
10918,73,43,0,0.0,0.0,0.0,0.0,0.0,0.0,0.0,0.0,0.0,0.0,0.0,0.0,0.0,0.0,0.0,0.0,0.0,0.0,0.0,0.0,0.0,0.0,0.0,0.0,0.0,0.0,0.0,0.0,0.0,0.0,0.0,0.0,0.0,0.0,0.0
10919,73,45,0,0.0,0.0,0.0,0.0,0.0,0.0,0.0,0.0,0.0,0.0,0.0,0.0,0.0,0.0,0.0,0.0,0.0,0.0,0.0,0.0,0.0,0.0,0.0,0.0,0.0,0.0,0.0,0.0,0.0,0.0,0.0,0.0,0.0,0.0,0.0
10920,73,47,0,0.0,0.0,0.0,0.0,0.0,0.0,0.0,0.0,0.0,0.0,0.0,0.0,0.0,0.0,0.0,0.0,0.0,0.0,0.0,0.0,0.0,0.0,0.0,0.0,0.0,0.0,0.0,0.0,0.0,0.0,0.0,0.0,0.0,0.0,0.0
10921,73,48,0,0.0,0.0,0.0,0.0,0.0,0.0,0.0,0.0,0.0,0.0,0.0,0.0,0.0,0.0,0.0,0.0,0.0,0.0,0.0,0.0,0.0,0.0,0.0,0.0,0.0,0.0,0.0,0.0,0.0,0.0,0.0,0.0,0.0,0.0,0.0
10922,73,49,0,0.0,0.0,0.0,0.0,0.0,0.0,0.0,0.0,0.0,0.0,0.0,0.0,0.0,0.0,0.0,0.0,0.0,0.0,0.0,0.0,0.0,0.0,0.0,0.0,0.0,0.0,0.0,0.0,0.0,0.0,0.0,0.0,0.0,0.0,0.0
10923,73,50,0,0.0,0.0,0.0,0.0,0.0,0.0,0.0,0.0,0.0,0.0,0.0,0.0,0.0,0.0,0.0,0.0,0.0,0.0,0.0,0.0,0.0,0.0,0.0,0.0,0.0,0.0,0.0,0.0,0.0,0.0,0.0,0.0,0.0,0.0,0.0
10924,73,52,0,0.0,0.0,0.0,0.0,0.0,0.0,0.0,0.0,0.0,0.0,0.0,0.0,0.0,0.0,0.0,0.0,0.0,0.0,0.0,0.0,0.0,0.0,0.0,0.0,0.0,0.0,0.0,0.0,0.0,0.0,0.0,0.0,0.0,0.0,0.0
10925,73,54,0,0.0,0.0,0.0,0.0,0.0,0.0,0.0,0.0,0.0,0.0,0.0,0.0,0.0,0.0,0.0,0.0,0.0,0.0,0.0,0.0,0.0,0.0,0.0,0.0,0.0,0.0,0.0,0.0,0.0,0.0,0.0,0.0,0.0,0.0,0.0
10926,73,56,0,0.0,0.0,0.0,0.0,0.0,0.0,0.0,0.0,0.0,0.0,0.0,0.0,0.0,0.0,0.0,0.0,0.0,0.0,0.0,0.0,0.0,0.0,0.0,0.0,0.0,0.0,0.0,0.0,0.0,0.0,0.0,0.0,0.0,0.0,0.0
10927,73,58,0,0.0,0.0,0.0,0.0,0.0,0.0,0.0,0.0,0.0,0.0,0.0,0.0,0.0,0.0,0.0,0.0,0.0,0.0,0.0,0.0,0.0,0.0,0.0,0.0,0.0,0.0,0.0,0.0,0.0,0.0,0.0,0.0,0.0,0.0,0.0
10928,73,59,0,0.0,0.0,0.0,0.0,0.0,0.0,0.0,0.0,0.0,0.0,0.0,0.0,0.0,0.0,0.0,0.0,0.0,0.0,0.0,0.0,0.0,0.0,0.0,0.0,0.0,0.0,0.0,0.0,0.0,0.0,0.0,0.0,0.0,0.0,0.0
10929,73,60,0,0.0,0.0,0.0,0.0,0.0,0.0,0.0,0.0,0.0,0.0,0.0,0.0,0.0,0.0,0.0,0.0,0.0,0.0,0.0,0.0,0.0,0.0,0.0,0.0,0.0,0.0,0.0,0.0,0.0,0.0,0.0,0.0,0.0,0.0,0.0
10930,73,63,0,0.0,0.0,0.0,0.0,0.0,0.0,0.0,0.0,0.0,0.0,0.0,0.0,0.0,0.0,0.0,0.0,0.0,0.0,0.0,0.0,0.0,0.0,0.0,0.0,0.0,0.0,0.0,0.0,0.0,0.0,0.0,0.0,0.0,0.0,0.0
10931,73,66,0,0.0,0.0,0.0,0.0,0.0,0.0,0.0,0.0,0.0,0.0,0.0,0.0,0.0,0.0,0.0,0.0,0.0,0.0,0.0,0.0,0.0,0.0,0.0,0.0,0.0,0.0,0.0,0.0,0.0,0.0,0.0,0.0,0.0,0.0,0.0
10932,73,67,0,0.0,0.0,0.0,0.0,0.0,0.0,0.0,0.0,0.0,0.0,0.0,0.0,0.0,0.0,0.0,0.0,0.0,0.0,0.0,0.0,0.0,0.0,0.0,0.0,0.0,0.0,0.0,0.0,0.0,0.0,0.0,0.0,0.0,0.0,0.0
10933,73,69,0,0.0,0.0,0.0,0.0,0.0,0.0,0.0,0.0,0.0,0.0,0.0,0.0,0.0,0.0,0.0,0.0,0.0,0.0,0.0,0.0,0.0,0.0,0.0,0.0,0.0,0.0,0.0,0.0,0.0,0.0,0.0,0.0,0.0,0.0,0.0
10934,73,70,0,0.0,0.0,0.0,0.0,0.0,0.0,0.0,0.0,0.0,0.0,0.0,0.0,0.0,0.0,0.0,0.0,0.0,0.0,0.0,0.0,0.0,0.0,0.0,0.0,0.0,0.0,0.0,0.0,0.0,0.0,0.0,0.0,0.0,0.0,0.0
10935,73,74,0,0.0,0.0,0.0,0.0,0.0,0.0,0.0,0.0,0.0,0.0,0.0,0.0,0.0,0.0,0.0,0.0,0.0,0.0,0.0,0.0,0.0,0.0,0.0,0.0,0.0,0.0,0.0,0.0,0.0,0.0,0.0,0.0,0.0,0.0,0.0
10936,73,81,0,0.0,0.0,0.0,0.0,0.0,0.0,0.0,0.0,0.0,0.0,0.0,0.0,0.0,0.0,0.0,0.0,0.0,0.0,0.0,0.0,0.0,0.0,0.0,0.0,0.0,0.0,0.0,0.0,0.0,0.0,0.0,0.0,0.0,0.0,0.0
10937,73,84,0,0.0,0.0,0.0,0.0,0.0,0.0,0.0,0.0,0.0,0.0,0.0,0.0,0.0,0.0,0.0,0.0,0.0,0.0,0.0,0.0,0.0,0.0,0.0,0.0,0.0,0.0,0.0,0.0,0.0,0.0,0.0,0.0,0.0,0.0,0.0
10938,73,86,0,0.0,0.0,0.0,0.0,0.0,0.0,0.0,0.0,0.0,0.0,0.0,0.0,0.0,0.0,0.0,0.0,0.0,0.0,0.0,0.0,0.0,0.0,0.0,0.0,0.0,0.0,0.0,0.0,0.0,0.0,0.0,0.0,0.0,0.0,0.0
10939,73,88,0,0.0,0.0,0.0,0.0,0.0,0.0,0.0,0.0,0.0,0.0,0.0,0.0,0.0,0.0,0.0,0.0,0.0,0.0,0.0,0.0,0.0,0.0,0.0,0.0,0.0,0.0,0.0,0.0,0.0,0.0,0.0,0.0,0.0,0.0,0.0
10940,73,89,0,0.0,0.0,0.0,0.0,0.0,0.0,0.0,0.0,0.0,0.0,0.0,0.0,0.0,0.0,0.0,0.0,0.0,0.0,0.0,0.0,0.0,0.0,0.0,0.0,0.0,0.0,0.0,0.0,0.0,0.0,0.0,0.0,0.0,0.0,0.0
10941,73,94,0,0.0,0.0,0.0,0.0,0.0,0.0,0.0,0.0,0.0,0.0,0.0,0.0,0.0,0.0,0.0,0.0,0.0,0.0,0.0,0.0,0.0,0.0,0.0,0.0,0.0,0.0,0.0,0.0,0.0,0.0,0.0,0.0,0.0,0.0,0.0
10942,73,95,0,0.0,0.0,0.0,0.0,0.0,0.0,0.0,0.0,0.0,0.0,0.0,0.0,0.0,0.0,0.0,0.0,0.0,0.0,0.0,0.0,0.0,0.0,0.0,0.0,0.0,0.0,0.0,0.0,0.0,0.0,0.0,0.0,0.0,0.0,0.0
10943,73,96,0,0.0,0.0,0.0,0.0,0.0,0.0,0.0,0.0,0.0,0.0,0.0,0.0,0.0,0.0,0.0,0.0,0.0,0.0,0.0,0.0,0.0,0.0,0.0,0.0,0.0,0.0,0.0,0.0,0.0,0.0,0.0,0.0,0.0,0.0,0.0
10944,73,97,0,0.0,0.0,0.0,0.0,0.0,0.0,0.0,0.0,0.0,0.0,0.0,0.0,0.0,0.0,0.0,0.0,0.0,0.0,0.0,0.0,0.0,0.0,0.0,0.0,0.0,0.0,0.0,0.0,0.0,0.0,0.0,0.0,0.0,0.0,0.0
10945,73,98,0,0.0,0.0,0.0,0.0,0.0,0.0,0.0,0.0,0.0,0.0,0.0,0.0,0.0,0.0,0.0,0.0,0.0,0.0,0.0,0.0,0.0,0.0,0.0,0.0,0.0,0.0,0.0,0.0,0.0,0.0,0.0,0.0,0.0,0.0,0.0
10946,73,99,0,0.0,0.0,0.0,0.0,0.0,0.0,0.0,0.0,0.0,0.0,0.0,0.0,0.0,0.0,0.0,0.0,0.0,0.0,0.0,0.0,0.0,0.0,0.0,0.0,0.0,0.0,0.0,0.0,0.0,0.0,0.0,0.0,0.0,0.0,0.0
10947,73,100,0,0.0,0.0,0.0,0.0,0.0,0.0,0.0,0.0,0.0,0.0,0.0,0.0,0.0,0.0,0.0,0.0,0.0,0.0,0.0,0.0,0.0,0.0,0.0,0.0,0.0,0.0,0.0,0.0,0.0,0.0,0.0,0.0,0.0,0.0,0.0
10948,73,102,0,0.0,0.0,0.0,0.0,0.0,0.0,0.0,0.0,0.0,0.0,0.0,0.0,0.0,0.0,0.0,0.0,0.0,0.0,0.0,0.0,0.0,0.0,0.0,0.0,0.0,0.0,0.0,0.0,0.0,0.0,0.0,0.0,0.0,0.0,0.0
10949,73,107,0,0.0,0.0,0.0,0.0,0.0,0.0,0.0,0.0,0.0,0.0,0.0,0.0,0.0,0.0,0.0,0.0,0.0,0.0,0.0,0.0,0.0,0.0,0.0,0.0,0.0,0.0,0.0,0.0,0.0,0.0,0.0,0.0,0.0,0.0,0.0
10950,73,109,0,0.0,0.0,0.0,0.0,0.0,0.0,0.0,0.0,0.0,0.0,0.0,0.0,0.0,0.0,0.0,0.0,0.0,0.0,0.0,0.0,0.0,0.0,0.0,0.0,0.0,0.0,0.0,0.0,0.0,0.0,0.0,0.0,0.0,0.0,0.0
10951,73,110,0,0.0,0.0,0.0,0.0,0.0,0.0,0.0,0.0,0.0,0.0,0.0,0.0,0.0,0.0,0.0,0.0,0.0,0.0,0.0,0.0,0.0,0.0,0.0,0.0,0.0,0.0,0.0,0.0,0.0,0.0,0.0,0.0,0.0,0.0,0.0
10952,73,113,0,0.0,0.0,0.0,0.0,0.0,0.0,0.0,0.0,0.0,0.0,0.0,0.0,0.0,0.0,0.0,0.0,0.0,0.0,0.0,0.0,0.0,0.0,0.0,0.0,0.0,0.0,0.0,0.0,0.0,0.0,0.0,0.0,0.0,0.0,0.0
10953,73,114,0,0.0,0.0,0.0,0.0,0.0,0.0,0.0,0.0,0.0,0.0,0.0,0.0,0.0,0.0,0.0,0.0,0.0,0.0,0.0,0.0,0.0,0.0,0.0,0.0,0.0,0.0,0.0,0.0,0.0,0.0,0.0,0.0,0.0,0.0,0.0
10954,73,115,0,0.0,0.0,0.0,0.0,0.0,0.0,0.0,0.0,0.0,0.0,0.0,0.0,0.0,0.0,0.0,0.0,0.0,0.0,0.0,0.0,0.0,0.0,0.0,0.0,0.0,0.0,0.0,0.0,0.0,0.0,0.0,0.0,0.0,0.0,0.0
10955,73,119,0,0.0,0.0,0.0,0.0,0.0,0.0,0.0,0.0,0.0,0.0,0.0,0.0,0.0,0.0,0.0,0.0,0.0,0.0,0.0,0.0,0.0,0.0,0.0,0.0,0.0,0.0,0.0,0.0,0.0,0.0,0.0,0.0,0.0,0.0,0.0
10956,73,123,0,0.0,0.0,0.0,0.0,0.0,0.0,0.0,0.0,0.0,0.0,0.0,0.0,0.0,0.0,0.0,0.0,0.0,0.0,0.0,0.0,0.0,0.0,0.0,0.0,0.0,0.0,0.0,0.0,0.0,0.0,0.0,0.0,0.0,0.0,0.0
10957,73,124,0,0.0,0.0,0.0,0.0,0.0,0.0,0.0,0.0,0.0,0.0,0.0,0.0,0.0,0.0,0.0,0.0,0.0,0.0,0.0,0.0,0.0,0.0,0.0,0.0,0.0,0.0,0.0,0.0,0.0,0.0,0.0,0.0,0.0,0.0,0.0
10958,73,125,0,0.0,0.0,0.0,0.0,0.0,0.0,0.0,0.0,0.0,0.0,0.0,0.0,0.0,0.0,0.0,0.0,0.0,0.0,0.0,0.0,0.0,0.0,0.0,0.0,0.0,0.0,0.0,0.0,0.0,0.0,0.0,0.0,0.0,0.0,0.0
10959,73,126,0,0.0,0.0,0.0,0.0,0.0,0.0,0.0,0.0,0.0,0.0,0.0,0.0,0.0,0.0,0.0,0.0,0.0,0.0,0.0,0.0,0.0,0.0,0.0,0.0,0.0,0.0,0.0,0.0,0.0,0.0,0.0,0.0,0.0,0.0,0.0
10960,73,129,0,0.0,0.0,0.0,0.0,0.0,0.0,0.0,0.0,0.0,0.0,0.0,0.0,0.0,0.0,0.0,0.0,0.0,0.0,0.0,0.0,0.0,0.0,0.0,0.0,0.0,0.0,0.0,0.0,0.0,0.0,0.0,0.0,0.0,0.0,0.0
10961,73,131,0,0.0,0.0,0.0,0.0,0.0,0.0,0.0,0.0,0.0,0.0,0.0,0.0,0.0,0.0,0.0,0.0,0.0,0.0,0.0,0.0,0.0,0.0,0.0,0.0,0.0,0.0,0.0,0.0,0.0,0.0,0.0,0.0,0.0,0.0,0.0
10962,73,133,0,0.0,0.0,0.0,0.0,0.0,0.0,0.0,0.0,0.0,0.0,0.0,0.0,0.0,0.0,0.0,0.0,0.0,0.0,0.0,0.0,0.0,0.0,0.0,0.0,0.0,0.0,0.0,0.0,0.0,0.0,0.0,0.0,0.0,0.0,0.0
10963,73,136,0,0.0,0.0,0.0,0.0,0.0,0.0,0.0,0.0,0.0,0.0,0.0,0.0,0.0,0.0,0.0,0.0,0.0,0.0,0.0,0.0,0.0,0.0,0.0,0.0,0.0,0.0,0.0,0.0,0.0,0.0,0.0,0.0,0.0,0.0,0.0
10964,73,138,0,0.0,0.0,0.0,0.0,0.0,0.0,0.0,0.0,0.0,0.0,0.0,0.0,0.0,0.0,0.0,0.0,0.0,0.0,0.0,0.0,0.0,0.0,0.0,0.0,0.0,0.0,0.0,0.0,0.0,0.0,0.0,0.0,0.0,0.0,0.0
10965,73,139,0,0.0,0.0,0.0,0.0,0.0,0.0,0.0,0.0,0.0,0.0,0.0,0.0,0.0,0.0,0.0,0.0,0.0,0.0,0.0,0.0,0.0,0.0,0.0,0.0,0.0,0.0,0.0,0.0,0.0,0.0,0.0,0.0,0.0,0.0,0.0
10966,73,140,0,0.0,0.0,0.0,0.0,0.0,0.0,0.0,0.0,0.0,0.0,0.0,0.0,0.0,0.0,0.0,0.0,0.0,0.0,0.0,0.0,0.0,0.0,0.0,0.0,0.0,0.0,0.0,0.0,0.0,0.0,0.0,0.0,0.0,0.0,0.0
10967,73,143,0,0.0,0.0,0.0,0.0,0.0,0.0,0.0,0.0,0.0,0.0,0.0,0.0,0.0,0.0,0.0,0.0,0.0,0.0,0.0,0.0,0.0,0.0,0.0,0.0,0.0,0.0,0.0,0.0,0.0,0.0,0.0,0.0,0.0,0.0,0.0
10968,73,145,0,0.0,0.0,0.0,0.0,0.0,0.0,0.0,0.0,0.0,0.0,0.0,0.0,0.0,0.0,0.0,0.0,0.0,0.0,0.0,0.0,0.0,0.0,0.0,0.0,0.0,0.0,0.0,0.0,0.0,0.0,0.0,0.0,0.0,0.0,0.0
10969,73,147,0,0.0,0.0,0.0,0.0,0.0,0.0,0.0,0.0,0.0,0.0,0.0,0.0,0.0,0.0,0.0,0.0,0.0,0.0,0.0,0.0,0.0,0.0,0.0,0.0,0.0,0.0,0.0,0.0,0.0,0.0,0.0,0.0,0.0,0.0,0.0
10970,73,148,0,0.0,0.0,0.0,0.0,0.0,0.0,0.0,0.0,0.0,0.0,0.0,0.0,0.0,0.0,0.0,0.0,0.0,0.0,0.0,0.0,0.0,0.0,0.0,0.0,0.0,0.0,0.0,0.0,0.0,0.0,0.0,0.0,0.0,0.0,0.0
10971,73,150,0,0.0,0.0,0.0,0.0,0.0,0.0,0.0,0.0,0.0,0.0,0.0,0.0,0.0,0.0,0.0,0.0,0.0,0.0,0.0,0.0,0.0,0.0,0.0,0.0,0.0,0.0,0.0,0.0,0.0,0.0,0.0,0.0,0.0,0.0,0.0
10972,73,151,0,0.0,0.0,0.0,0.0,0.0,0.0,0.0,0.0,0.0,0.0,0.0,0.0,0.0,0.0,0.0,0.0,0.0,0.0,0.0,0.0,0.0,0.0,0.0,0.0,0.0,0.0,0.0,0.0,0.0,0.0,0.0,0.0,0.0,0.0,0.0
10973,73,152,0,0.0,0.0,0.0,0.0,0.0,0.0,0.0,0.0,0.0,0.0,0.0,0.0,0.0,0.0,0.0,0.0,0.0,0.0,0.0,0.0,0.0,0.0,0.0,0.0,0.0,0.0,0.0,0.0,0.0,0.0,0.0,0.0,0.0,0.0,0.0
10974,73,155,0,0.0,0.0,0.0,0.0,0.0,0.0,0.0,0.0,0.0,0.0,0.0,0.0,0.0,0.0,0.0,0.0,0.0,0.0,0.0,0.0,0.0,0.0,0.0,0.0,0.0,0.0,0.0,0.0,0.0,0.0,0.0,0.0,0.0,0.0,0.0
10975,73,157,0,0.0,0.0,0.0,0.0,0.0,0.0,0.0,0.0,0.0,0.0,0.0,0.0,0.0,0.0,0.0,0.0,0.0,0.0,0.0,0.0,0.0,0.0,0.0,0.0,0.0,0.0,0.0,0.0,0.0,0.0,0.0,0.0,0.0,0.0,0.0
10976,73,158,0,0.0,0.0,0.0,0.0,0.0,0.0,0.0,0.0,0.0,0.0,0.0,0.0,0.0,0.0,0.0,0.0,0.0,0.0,0.0,0.0,0.0,0.0,0.0,0.0,0.0,0.0,0.0,0.0,0.0,0.0,0.0,0.0,0.0,0.0,0.0
10977,73,163,0,0.0,0.0,0.0,0.0,0.0,0.0,0.0,0.0,0.0,0.0,0.0,0.0,0.0,0.0,0.0,0.0,0.0,0.0,0.0,0.0,0.0,0.0,0.0,0.0,0.0,0.0,0.0,0.0,0.0,0.0,0.0,0.0,0.0,0.0,0.0
10978,73,164,0,0.0,0.0,0.0,0.0,0.0,0.0,0.0,0.0,0.0,0.0,0.0,0.0,0.0,0.0,0.0,0.0,0.0,0.0,0.0,0.0,0.0,0.0,0.0,0.0,0.0,0.0,0.0,0.0,0.0,0.0,0.0,0.0,0.0,0.0,0.0
10979,73,166,0,0.0,0.0,0.0,0.0,0.0,0.0,0.0,0.0,0.0,0.0,0.0,0.0,0.0,0.0,0.0,0.0,0.0,0.0,0.0,0.0,0.0,0.0,0.0,0.0,0.0,0.0,0.0,0.0,0.0,0.0,0.0,0.0,0.0,0.0,0.0
10980,73,167,0,0.0,0.0,0.0,0.0,0.0,0.0,0.0,0.0,0.0,0.0,0.0,0.0,0.0,0.0,0.0,0.0,0.0,0.0,0.0,0.0,0.0,0.0,0.0,0.0,0.0,0.0,0.0,0.0,0.0,0.0,0.0,0.0,0.0,0.0,0.0
10981,73,170,0,0.0,0.0,0.0,0.0,0.0,0.0,0.0,0.0,0.0,0.0,0.0,0.0,0.0,0.0,0.0,0.0,0.0,0.0,0.0,0.0,0.0,0.0,0.0,0.0,0.0,0.0,0.0,0.0,0.0,0.0,0.0,0.0,0.0,0.0,0.0
10982,73,173,0,0.0,0.0,0.0,0.0,0.0,0.0,0.0,0.0,0.0,0.0,0.0,0.0,0.0,0.0,0.0,0.0,0.0,0.0,0.0,0.0,0.0,0.0,0.0,0.0,0.0,0.0,0.0,0.0,0.0,0.0,0.0,0.0,0.0,0.0,0.0
10983,73,174,0,0.0,0.0,0.0,0.0,0.0,0.0,0.0,0.0,0.0,0.0,0.0,0.0,0.0,0.0,0.0,0.0,0.0,0.0,0.0,0.0,0.0,0.0,0.0,0.0,0.0,0.0,0.0,0.0,0.0,0.0,0.0,0.0,0.0,0.0,0.0
10984,73,176,0,0.0,0.0,0.0,0.0,0.0,0.0,0.0,0.0,0.0,0.0,0.0,0.0,0.0,0.0,0.0,0.0,0.0,0.0,0.0,0.0,0.0,0.0,0.0,0.0,0.0,0.0,0.0,0.0,0.0,0.0,0.0,0.0,0.0,0.0,0.0
10985,73,177,0,0.0,0.0,0.0,0.0,0.0,0.0,0.0,0.0,0.0,0.0,0.0,0.0,0.0,0.0,0.0,0.0,0.0,0.0,0.0,0.0,0.0,0.0,0.0,0.0,0.0,0.0,0.0,0.0,0.0,0.0,0.0,0.0,0.0,0.0,0.0
10986,73,178,0,0.0,0.0,0.0,0.0,0.0,0.0,0.0,0.0,0.0,0.0,0.0,0.0,0.0,0.0,0.0,0.0,0.0,0.0,0.0,0.0,0.0,0.0,0.0,0.0,0.0,0.0,0.0,0.0,0.0,0.0,0.0,0.0,0.0,0.0,0.0
10987,73,179,0,0.0,0.0,0.0,0.0,0.0,0.0,0.0,0.0,0.0,0.0,0.0,0.0,0.0,0.0,0.0,0.0,0.0,0.0,0.0,0.0,0.0,0.0,0.0,0.0,0.0,0.0,0.0,0.0,0.0,0.0,0.0,0.0,0.0,0.0,0.0
10988,73,181,0,0.0,0.0,0.0,0.0,0.0,0.0,0.0,0.0,0.0,0.0,0.0,0.0,0.0,0.0,0.0,0.0,0.0,0.0,0.0,0.0,0.0,0.0,0.0,0.0,0.0,0.0,0.0,0.0,0.0,0.0,0.0,0.0,0.0,0.0,0.0
10989,73,186,0,0.0,0.0,0.0,0.0,0.0,0.0,0.0,0.0,0.0,0.0,0.0,0.0,0.0,0.0,0.0,0.0,0.0,0.0,0.0,0.0,0.0,0.0,0.0,0.0,0.0,0.0,0.0,0.0,0.0,0.0,0.0,0.0,0.0,0.0,0.0
10990,73,187,0,0.0,0.0,0.0,0.0,0.0,0.0,0.0,0.0,0.0,0.0,0.0,0.0,0.0,0.0,0.0,0.0,0.0,0.0,0.0,0.0,0.0,0.0,0.0,0.0,0.0,0.0,0.0,0.0,0.0,0.0,0.0,0.0,0.0,0.0,0.0
10991,73,191,0,0.0,0.0,0.0,0.0,0.0,0.0,0.0,0.0,0.0,0.0,0.0,0.0,0.0,0.0,0.0,0.0,0.0,0.0,0.0,0.0,0.0,0.0,0.0,0.0,0.0,0.0,0.0,0.0,0.0,0.0,0.0,0.0,0.0,0.0,0.0
10992,73,192,0,0.0,0.0,0.0,0.0,0.0,0.0,0.0,0.0,0.0,0.0,0.0,0.0,0.0,0.0,0.0,0.0,0.0,0.0,0.0,0.0,0.0,0.0,0.0,0.0,0.0,0.0,0.0,0.0,0.0,0.0,0.0,0.0,0.0,0.0,0.0
10993,73,193,0,0.0,0.0,0.0,0.0,0.0,0.0,0.0,0.0,0.0,0.0,0.0,0.0,0.0,0.0,0.0,0.0,0.0,0.0,0.0,0.0,0.0,0.0,0.0,0.0,0.0,0.0,0.0,0.0,0.0,0.0,0.0,0.0,0.0,0.0,0.0
10994,73,195,0,0.0,0.0,0.0,0.0,0.0,0.0,0.0,0.0,0.0,0.0,0.0,0.0,0.0,0.0,0.0,0.0,0.0,0.0,0.0,0.0,0.0,0.0,0.0,0.0,0.0,0.0,0.0,0.0,0.0,0.0,0.0,0.0,0.0,0.0,0.0
10995,73,198,0,0.0,0.0,0.0,0.0,0.0,0.0,0.0,0.0,0.0,0.0,0.0,0.0,0.0,0.0,0.0,0.0,0.0,0.0,0.0,0.0,0.0,0.0,0.0,0.0,0.0,0.0,0.0,0.0,0.0,0.0,0.0,0.0,0.0,0.0,0.0
10996,73,199,0,0.0,0.0,0.0,0.0,0.0,0.0,0.0,0.0,0.0,0.0,0.0,0.0,0.0,0.0,0.0,0.0,0.0,0.0,0.0,0.0,0.0,0.0,0.0,0.0,0.0,0.0,0.0,0.0,0.0,0.0,0.0,0.0,0.0,0.0,0.0
10997,73,200,0,0.0,0.0,0.0,0.0,0.0,0.0,0.0,0.0,0.0,0.0,0.0,0.0,0.0,0.0,0.0,0.0,0.0,0.0,0.0,0.0,0.0,0.0,0.0,0.0,0.0,0.0,0.0,0.0,0.0,0.0,0.0,0.0,0.0,0.0,0.0
10998,73,202,0,0.0,0.0,0.0,0.0,0.0,0.0,0.0,0.0,0.0,0.0,0.0,0.0,0.0,0.0,0.0,0.0,0.0,0.0,0.0,0.0,0.0,0.0,0.0,0.0,0.0,0.0,0.0,0.0,0.0,0.0,0.0,0.0,0.0,0.0,0.0
10999,73,206,0,0.0,0.0,0.0,0.0,0.0,0.0,0.0,0.0,0.0,0.0,0.0,0.0,0.0,0.0,0.0,0.0,0.0,0.0,0.0,0.0,0.0,0.0,0.0,0.0,0.0,0.0,0.0,0.0,0.0,0.0,0.0,0.0,0.0,0.0,0.0
11000,73,207,0,0.0,0.0,0.0,0.0,0.0,0.0,0.0,0.0,0.0,0.0,0.0,0.0,0.0,0.0,0.0,0.0,0.0,0.0,0.0,0.0,0.0,0.0,0.0,0.0,0.0,0.0,0.0,0.0,0.0,0.0,0.0,0.0,0.0,0.0,0.0
11001,73,209,0,0.0,0.0,0.0,0.0,0.0,0.0,0.0,0.0,0.0,0.0,0.0,0.0,0.0,0.0,0.0,0.0,0.0,0.0,0.0,0.0,0.0,0.0,0.0,0.0,0.0,0.0,0.0,0.0,0.0,0.0,0.0,0.0,0.0,0.0,0.0
11002,73,210,0,0.0,0.0,0.0,0.0,0.0,0.0,0.0,0.0,0.0,0.0,0.0,0.0,0.0,0.0,0.0,0.0,0.0,0.0,0.0,0.0,0.0,0.0,0.0,0.0,0.0,0.0,0.0,0.0,0.0,0.0,0.0,0.0,0.0,0.0,0.0
11003,73,211,0,0.0,0.0,0.0,0.0,0.0,0.0,0.0,0.0,0.0,0.0,0.0,0.0,0.0,0.0,0.0,0.0,0.0,0.0,0.0,0.0,0.0,0.0,0.0,0.0,0.0,0.0,0.0,0.0,0.0,0.0,0.0,0.0,0.0,0.0,0.0
11004,73,213,0,0.0,0.0,0.0,0.0,0.0,0.0,0.0,0.0,0.0,0.0,0.0,0.0,0.0,0.0,0.0,0.0,0.0,0.0,0.0,0.0,0.0,0.0,0.0,0.0,0.0,0.0,0.0,0.0,0.0,0.0,0.0,0.0,0.0,0.0,0.0
11005,73,214,0,0.0,0.0,0.0,0.0,0.0,0.0,0.0,0.0,0.0,0.0,0.0,0.0,0.0,0.0,0.0,0.0,0.0,0.0,0.0,0.0,0.0,0.0,0.0,0.0,0.0,0.0,0.0,0.0,0.0,0.0,0.0,0.0,0.0,0.0,0.0
11006,73,215,0,0.0,0.0,0.0,0.0,0.0,0.0,0.0,0.0,0.0,0.0,0.0,0.0,0.0,0.0,0.0,0.0,0.0,0.0,0.0,0.0,0.0,0.0,0.0,0.0,0.0,0.0,0.0,0.0,0.0,0.0,0.0,0.0,0.0,0.0,0.0
11007,73,219,0,0.0,0.0,0.0,0.0,0.0,0.0,0.0,0.0,0.0,0.0,0.0,0.0,0.0,0.0,0.0,0.0,0.0,0.0,0.0,0.0,0.0,0.0,0.0,0.0,0.0,0.0,0.0,0.0,0.0,0.0,0.0,0.0,0.0,0.0,0.0
11008,73,220,0,0.0,0.0,0.0,0.0,0.0,0.0,0.0,0.0,0.0,0.0,0.0,0.0,0.0,0.0,0.0,0.0,0.0,0.0,0.0,0.0,0.0,0.0,0.0,0.0,0.0,0.0,0.0,0.0,0.0,0.0,0.0,0.0,0.0,0.0,0.0
11009,73,221,0,0.0,0.0,0.0,0.0,0.0,0.0,0.0,0.0,0.0,0.0,0.0,0.0,0.0,0.0,0.0,0.0,0.0,0.0,0.0,0.0,0.0,0.0,0.0,0.0,0.0,0.0,0.0,0.0,0.0,0.0,0.0,0.0,0.0,0.0,0.0
11010,73,222,0,0.0,0.0,0.0,0.0,0.0,0.0,0.0,0.0,0.0,0.0,0.0,0.0,0.0,0.0,0.0,0.0,0.0,0.0,0.0,0.0,0.0,0.0,0.0,0.0,0.0,0.0,0.0,0.0,0.0,0.0,0.0,0.0,0.0,0.0,0.0
11011,73,223,0,0.0,0.0,0.0,0.0,0.0,0.0,0.0,0.0,0.0,0.0,0.0,0.0,0.0,0.0,0.0,0.0,0.0,0.0,0.0,0.0,0.0,0.0,0.0,0.0,0.0,0.0,0.0,0.0,0.0,0.0,0.0,0.0,0.0,0.0,0.0
11012,73,226,0,0.0,0.0,0.0,0.0,0.0,0.0,0.0,0.0,0.0,0.0,0.0,0.0,0.0,0.0,0.0,0.0,0.0,0.0,0.0,0.0,0.0,0.0,0.0,0.0,0.0,0.0,0.0,0.0,0.0,0.0,0.0,0.0,0.0,0.0,0.0
11013,73,230,0,0.0,0.0,0.0,0.0,0.0,0.0,0.0,0.0,0.0,0.0,0.0,0.0,0.0,0.0,0.0,0.0,0.0,0.0,0.0,0.0,0.0,0.0,0.0,0.0,0.0,0.0,0.0,0.0,0.0,0.0,0.0,0.0,0.0,0.0,0.0
11014,73,231,0,0.0,0.0,0.0,0.0,0.0,0.0,0.0,0.0,0.0,0.0,0.0,0.0,0.0,0.0,0.0,0.0,0.0,0.0,0.0,0.0,0.0,0.0,0.0,0.0,0.0,0.0,0.0,0.0,0.0,0.0,0.0,0.0,0.0,0.0,0.0
11015,73,232,0,0.0,0.0,0.0,0.0,0.0,0.0,0.0,0.0,0.0,0.0,0.0,0.0,0.0,0.0,0.0,0.0,0.0,0.0,0.0,0.0,0.0,0.0,0.0,0.0,0.0,0.0,0.0,0.0,0.0,0.0,0.0,0.0,0.0,0.0,0.0
11016,73,234,0,0.0,0.0,0.0,0.0,0.0,0.0,0.0,0.0,0.0,0.0,0.0,0.0,0.0,0.0,0.0,0.0,0.0,0.0,0.0,0.0,0.0,0.0,0.0,0.0,0.0,0.0,0.0,0.0,0.0,0.0,0.0,0.0,0.0,0.0,0.0
11017,73,235,0,0.0,0.0,0.0,0.0,0.0,0.0,0.0,0.0,0.0,0.0,0.0,0.0,0.0,0.0,0.0,0.0,0.0,0.0,0.0,0.0,0.0,0.0,0.0,0.0,0.0,0.0,0.0,0.0,0.0,0.0,0.0,0.0,0.0,0.0,0.0
11018,73,237,0,0.0,0.0,0.0,0.0,0.0,0.0,0.0,0.0,0.0,0.0,0.0,0.0,0.0,0.0,0.0,0.0,0.0,0.0,0.0,0.0,0.0,0.0,0.0,0.0,0.0,0.0,0.0,0.0,0.0,0.0,0.0,0.0,0.0,0.0,0.0
11019,73,238,0,0.0,0.0,0.0,0.0,0.0,0.0,0.0,0.0,0.0,0.0,0.0,0.0,0.0,0.0,0.0,0.0,0.0,0.0,0.0,0.0,0.0,0.0,0.0,0.0,0.0,0.0,0.0,0.0,0.0,0.0,0.0,0.0,0.0,0.0,0.0
11020,73,239,0,0.0,0.0,0.0,0.0,0.0,0.0,0.0,0.0,0.0,0.0,0.0,0.0,0.0,0.0,0.0,0.0,0.0,0.0,0.0,0.0,0.0,0.0,0.0,0.0,0.0,0.0,0.0,0.0,0.0,0.0,0.0,0.0,0.0,0.0,0.0
11021,73,241,0,0.0,0.0,0.0,0.0,0.0,0.0,0.0,0.0,0.0,0.0,0.0,0.0,0.0,0.0,0.0,0.0,0.0,0.0,0.0,0.0,0.0,0.0,0.0,0.0,0.0,0.0,0.0,0.0,0.0,0.0,0.0,0.0,0.0,0.0,0.0
11022,73,245,0,0.0,0.0,0.0,0.0,0.0,0.0,0.0,0.0,0.0,0.0,0.0,0.0,0.0,0.0,0.0,0.0,0.0,0.0,0.0,0.0,0.0,0.0,0.0,0.0,0.0,0.0,0.0,0.0,0.0,0.0,0.0,0.0,0.0,0.0,0.0
11023,73,247,0,0.0,0.0,0.0,0.0,0.0,0.0,0.0,0.0,0.0,0.0,0.0,0.0,0.0,0.0,0.0,0.0,0.0,0.0,0.0,0.0,0.0,0.0,0.0,0.0,0.0,0.0,0.0,0.0,0.0,0.0,0.0,0.0,0.0,0.0,0.0
11024,73,251,0,0.0,0.0,0.0,0.0,0.0,0.0,0.0,0.0,0.0,0.0,0.0,0.0,0.0,0.0,0.0,0.0,0.0,0.0,0.0,0.0,0.0,0.0,0.0,0.0,0.0,0.0,0.0,0.0,0.0,0.0,0.0,0.0,0.0,0.0,0.0
11025,73,255,0,0.0,0.0,0.0,0.0,0.0,0.0,0.0,0.0,0.0,0.0,0.0,0.0,0.0,0.0,0.0,0.0,0.0,0.0,0.0,0.0,0.0,0.0,0.0,0.0,0.0,0.0,0.0,0.0,0.0,0.0,0.0,0.0,0.0,0.0,0.0
11026,73,257,0,0.0,0.0,0.0,0.0,0.0,0.0,0.0,0.0,0.0,0.0,0.0,0.0,0.0,0.0,0.0,0.0,0.0,0.0,0.0,0.0,0.0,0.0,0.0,0.0,0.0,0.0,0.0,0.0,0.0,0.0,0.0,0.0,0.0,0.0,0.0
11027,73,258,0,0.0,0.0,0.0,0.0,0.0,0.0,0.0,0.0,0.0,0.0,0.0,0.0,0.0,0.0,0.0,0.0,0.0,0.0,0.0,0.0,0.0,0.0,0.0,0.0,0.0,0.0,0.0,0.0,0.0,0.0,0.0,0.0,0.0,0.0,0.0
11028,73,259,0,0.0,0.0,0.0,0.0,0.0,0.0,0.0,0.0,0.0,0.0,0.0,0.0,0.0,0.0,0.0,0.0,0.0,0.0,0.0,0.0,0.0,0.0,0.0,0.0,0.0,0.0,0.0,0.0,0.0,0.0,0.0,0.0,0.0,0.0,0.0
11029,73,262,0,0.0,0.0,0.0,0.0,0.0,0.0,0.0,0.0,0.0,0.0,0.0,0.0,0.0,0.0,0.0,0.0,0.0,0.0,0.0,0.0,0.0,0.0,0.0,0.0,0.0,0.0,0.0,0.0,0.0,0.0,0.0,0.0,0.0,0.0,0.0
11030,73,266,0,0.0,0.0,0.0,0.0,0.0,0.0,0.0,0.0,0.0,0.0,0.0,0.0,0.0,0.0,0.0,0.0,0.0,0.0,0.0,0.0,0.0,0.0,0.0,0.0,0.0,0.0,0.0,0.0,0.0,0.0,0.0,0.0,0.0,0.0,0.0
11031,73,267,0,0.0,0.0,0.0,0.0,0.0,0.0,0.0,0.0,0.0,0.0,0.0,0.0,0.0,0.0,0.0,0.0,0.0,0.0,0.0,0.0,0.0,0.0,0.0,0.0,0.0,0.0,0.0,0.0,0.0,0.0,0.0,0.0,0.0,0.0,0.0
11032,73,269,0,0.0,0.0,0.0,0.0,0.0,0.0,0.0,0.0,0.0,0.0,0.0,0.0,0.0,0.0,0.0,0.0,0.0,0.0,0.0,0.0,0.0,0.0,0.0,0.0,0.0,0.0,0.0,0.0,0.0,0.0,0.0,0.0,0.0,0.0,0.0
11033,73,270,0,0.0,0.0,0.0,0.0,0.0,0.0,0.0,0.0,0.0,0.0,0.0,0.0,0.0,0.0,0.0,0.0,0.0,0.0,0.0,0.0,0.0,0.0,0.0,0.0,0.0,0.0,0.0,0.0,0.0,0.0,0.0,0.0,0.0,0.0,0.0
11034,74,1,0,0.0,0.0,0.0,0.0,0.0,0.0,0.0,0.0,0.0,0.0,0.0,0.0,0.0,0.0,0.0,0.0,0.0,0.0,0.0,0.0,0.0,0.0,0.0,0.0,0.0,0.0,0.0,0.0,0.0,0.0,0.0,0.0,0.0,0.0,0.0
11035,74,6,0,0.0,0.0,0.0,0.0,0.0,0.0,0.0,0.0,0.0,0.0,0.0,0.0,0.0,0.0,0.0,0.0,0.0,0.0,0.0,0.0,0.0,0.0,0.0,0.0,0.0,0.0,0.0,0.0,0.0,0.0,0.0,0.0,0.0,0.0,0.0
11036,74,13,0,0.0,0.0,0.0,0.0,0.0,0.0,0.0,0.0,0.0,0.0,0.0,0.0,0.0,0.0,0.0,0.0,0.0,0.0,0.0,0.0,0.0,0.0,0.0,0.0,0.0,0.0,0.0,0.0,0.0,0.0,0.0,0.0,0.0,0.0,0.0
11037,74,15,0,0.0,0.0,0.0,0.0,0.0,0.0,0.0,0.0,0.0,0.0,0.0,0.0,0.0,0.0,0.0,0.0,0.0,0.0,0.0,0.0,0.0,0.0,0.0,0.0,0.0,0.0,0.0,0.0,0.0,0.0,0.0,0.0,0.0,0.0,0.0
11038,74,16,0,0.0,0.0,0.0,0.0,0.0,0.0,0.0,0.0,0.0,0.0,0.0,0.0,0.0,0.0,0.0,0.0,0.0,0.0,0.0,0.0,0.0,0.0,0.0,0.0,0.0,0.0,0.0,0.0,0.0,0.0,0.0,0.0,0.0,0.0,0.0
11039,74,17,0,0.0,0.0,0.0,0.0,0.0,0.0,0.0,0.0,0.0,0.0,0.0,0.0,0.0,0.0,0.0,0.0,0.0,0.0,0.0,0.0,0.0,0.0,0.0,0.0,0.0,0.0,0.0,0.0,0.0,0.0,0.0,0.0,0.0,0.0,0.0
11040,74,19,0,0.0,0.0,0.0,0.0,0.0,0.0,0.0,0.0,0.0,0.0,0.0,0.0,0.0,0.0,0.0,0.0,0.0,0.0,0.0,0.0,0.0,0.0,0.0,0.0,0.0,0.0,0.0,0.0,0.0,0.0,0.0,0.0,0.0,0.0,0.0
11041,74,20,0,0.0,0.0,0.0,0.0,0.0,0.0,0.0,0.0,0.0,0.0,0.0,0.0,0.0,0.0,0.0,0.0,0.0,0.0,0.0,0.0,0.0,0.0,0.0,0.0,0.0,0.0,0.0,0.0,0.0,0.0,0.0,0.0,0.0,0.0,0.0
11042,74,25,0,0.0,0.0,0.0,0.0,0.0,0.0,0.0,0.0,0.0,0.0,0.0,0.0,0.0,0.0,0.0,0.0,0.0,0.0,0.0,0.0,0.0,0.0,0.0,0.0,0.0,0.0,0.0,0.0,0.0,0.0,0.0,0.0,0.0,0.0,0.0
11043,74,27,0,0.0,0.0,0.0,0.0,0.0,0.0,0.0,0.0,0.0,0.0,0.0,0.0,0.0,0.0,0.0,0.0,0.0,0.0,0.0,0.0,0.0,0.0,0.0,0.0,0.0,0.0,0.0,0.0,0.0,0.0,0.0,0.0,0.0,0.0,0.0
11044,74,28,0,0.0,0.0,0.0,0.0,0.0,0.0,0.0,0.0,0.0,0.0,0.0,0.0,0.0,0.0,0.0,0.0,0.0,0.0,0.0,0.0,0.0,0.0,0.0,0.0,0.0,0.0,0.0,0.0,0.0,0.0,0.0,0.0,0.0,0.0,0.0
11045,74,29,0,0.0,0.0,0.0,0.0,0.0,0.0,0.0,0.0,0.0,0.0,0.0,0.0,0.0,0.0,0.0,0.0,0.0,0.0,0.0,0.0,0.0,0.0,0.0,0.0,0.0,0.0,0.0,0.0,0.0,0.0,0.0,0.0,0.0,0.0,0.0
11046,74,32,0,0.0,0.0,0.0,0.0,0.0,0.0,0.0,0.0,0.0,0.0,0.0,0.0,0.0,0.0,0.0,0.0,0.0,0.0,0.0,0.0,0.0,0.0,0.0,0.0,0.0,0.0,0.0,0.0,0.0,0.0,0.0,0.0,0.0,0.0,0.0
11047,74,33,0,0.0,0.0,0.0,0.0,0.0,0.0,0.0,0.0,0.0,0.0,0.0,0.0,0.0,0.0,0.0,0.0,0.0,0.0,0.0,0.0,0.0,0.0,0.0,0.0,0.0,0.0,0.0,0.0,0.0,0.0,0.0,0.0,0.0,0.0,0.0
11048,74,35,0,0.0,0.0,0.0,0.0,0.0,0.0,0.0,0.0,0.0,0.0,0.0,0.0,0.0,0.0,0.0,0.0,0.0,0.0,0.0,0.0,0.0,0.0,0.0,0.0,0.0,0.0,0.0,0.0,0.0,0.0,0.0,0.0,0.0,0.0,0.0
11049,74,37,0,0.0,0.0,0.0,0.0,0.0,0.0,0.0,0.0,0.0,0.0,0.0,0.0,0.0,0.0,0.0,0.0,0.0,0.0,0.0,0.0,0.0,0.0,0.0,0.0,0.0,0.0,0.0,0.0,0.0,0.0,0.0,0.0,0.0,0.0,0.0
11050,74,38,0,0.0,0.0,0.0,0.0,0.0,0.0,0.0,0.0,0.0,0.0,0.0,0.0,0.0,0.0,0.0,0.0,0.0,0.0,0.0,0.0,0.0,0.0,0.0,0.0,0.0,0.0,0.0,0.0,0.0,0.0,0.0,0.0,0.0,0.0,0.0
11051,74,43,0,0.0,0.0,0.0,0.0,0.0,0.0,0.0,0.0,0.0,0.0,0.0,0.0,0.0,0.0,0.0,0.0,0.0,0.0,0.0,0.0,0.0,0.0,0.0,0.0,0.0,0.0,0.0,0.0,0.0,0.0,0.0,0.0,0.0,0.0,0.0
11052,74,45,0,0.0,0.0,0.0,0.0,0.0,0.0,0.0,0.0,0.0,0.0,0.0,0.0,0.0,0.0,0.0,0.0,0.0,0.0,0.0,0.0,0.0,0.0,0.0,0.0,0.0,0.0,0.0,0.0,0.0,0.0,0.0,0.0,0.0,0.0,0.0
11053,74,46,0,0.0,0.0,0.0,0.0,0.0,0.0,0.0,0.0,0.0,0.0,0.0,0.0,0.0,0.0,0.0,0.0,0.0,0.0,0.0,0.0,0.0,0.0,0.0,0.0,0.0,0.0,0.0,0.0,0.0,0.0,0.0,0.0,0.0,0.0,0.0
11054,74,47,0,0.0,0.0,0.0,0.0,0.0,0.0,0.0,0.0,0.0,0.0,0.0,0.0,0.0,0.0,0.0,0.0,0.0,0.0,0.0,0.0,0.0,0.0,0.0,0.0,0.0,0.0,0.0,0.0,0.0,0.0,0.0,0.0,0.0,0.0,0.0
11055,74,48,0,0.0,0.0,0.0,0.0,0.0,0.0,0.0,0.0,0.0,0.0,0.0,0.0,0.0,0.0,0.0,0.0,0.0,0.0,0.0,0.0,0.0,0.0,0.0,0.0,0.0,0.0,0.0,0.0,0.0,0.0,0.0,0.0,0.0,0.0,0.0
11056,74,49,0,0.0,0.0,0.0,0.0,0.0,0.0,0.0,0.0,0.0,0.0,0.0,0.0,0.0,0.0,0.0,0.0,0.0,0.0,0.0,0.0,0.0,0.0,0.0,0.0,0.0,0.0,0.0,0.0,0.0,0.0,0.0,0.0,0.0,0.0,0.0
11057,74,50,0,0.0,0.0,0.0,0.0,0.0,0.0,0.0,0.0,0.0,0.0,0.0,0.0,0.0,0.0,0.0,0.0,0.0,0.0,0.0,0.0,0.0,0.0,0.0,0.0,0.0,0.0,0.0,0.0,0.0,0.0,0.0,0.0,0.0,0.0,0.0
11058,74,52,0,0.0,0.0,0.0,0.0,0.0,0.0,0.0,0.0,0.0,0.0,0.0,0.0,0.0,0.0,0.0,0.0,0.0,0.0,0.0,0.0,0.0,0.0,0.0,0.0,0.0,0.0,0.0,0.0,0.0,0.0,0.0,0.0,0.0,0.0,0.0
11059,74,54,0,0.0,0.0,0.0,0.0,0.0,0.0,0.0,0.0,0.0,0.0,0.0,0.0,0.0,0.0,0.0,0.0,0.0,0.0,0.0,0.0,0.0,0.0,0.0,0.0,0.0,0.0,0.0,0.0,0.0,0.0,0.0,0.0,0.0,0.0,0.0
11060,74,58,0,0.0,0.0,0.0,0.0,0.0,0.0,0.0,0.0,0.0,0.0,0.0,0.0,0.0,0.0,0.0,0.0,0.0,0.0,0.0,0.0,0.0,0.0,0.0,0.0,0.0,0.0,0.0,0.0,0.0,0.0,0.0,0.0,0.0,0.0,0.0
11061,74,59,0,0.0,0.0,0.0,0.0,0.0,0.0,0.0,0.0,0.0,0.0,0.0,0.0,0.0,0.0,0.0,0.0,0.0,0.0,0.0,0.0,0.0,0.0,0.0,0.0,0.0,0.0,0.0,0.0,0.0,0.0,0.0,0.0,0.0,0.0,0.0
11062,74,61,0,0.0,0.0,0.0,0.0,0.0,0.0,0.0,0.0,0.0,0.0,0.0,0.0,0.0,0.0,0.0,0.0,0.0,0.0,0.0,0.0,0.0,0.0,0.0,0.0,0.0,0.0,0.0,0.0,0.0,0.0,0.0,0.0,0.0,0.0,0.0
11063,74,63,0,0.0,0.0,0.0,0.0,0.0,0.0,0.0,0.0,0.0,0.0,0.0,0.0,0.0,0.0,0.0,0.0,0.0,0.0,0.0,0.0,0.0,0.0,0.0,0.0,0.0,0.0,0.0,0.0,0.0,0.0,0.0,0.0,0.0,0.0,0.0
11064,74,64,0,0.0,0.0,0.0,0.0,0.0,0.0,0.0,0.0,0.0,0.0,0.0,0.0,0.0,0.0,0.0,0.0,0.0,0.0,0.0,0.0,0.0,0.0,0.0,0.0,0.0,0.0,0.0,0.0,0.0,0.0,0.0,0.0,0.0,0.0,0.0
11065,74,66,0,0.0,0.0,0.0,0.0,0.0,0.0,0.0,0.0,0.0,0.0,0.0,0.0,0.0,0.0,0.0,0.0,0.0,0.0,0.0,0.0,0.0,0.0,0.0,0.0,0.0,0.0,0.0,0.0,0.0,0.0,0.0,0.0,0.0,0.0,0.0
11066,74,67,0,0.0,0.0,0.0,0.0,0.0,0.0,0.0,0.0,0.0,0.0,0.0,0.0,0.0,0.0,0.0,0.0,0.0,0.0,0.0,0.0,0.0,0.0,0.0,0.0,0.0,0.0,0.0,0.0,0.0,0.0,0.0,0.0,0.0,0.0,0.0
11067,74,68,0,0.0,0.0,0.0,0.0,0.0,0.0,0.0,0.0,0.0,0.0,0.0,0.0,0.0,0.0,0.0,0.0,0.0,0.0,0.0,0.0,0.0,0.0,0.0,0.0,0.0,0.0,0.0,0.0,0.0,0.0,0.0,0.0,0.0,0.0,0.0
11068,74,69,0,0.0,0.0,0.0,0.0,0.0,0.0,0.0,0.0,0.0,0.0,0.0,0.0,0.0,0.0,0.0,0.0,0.0,0.0,0.0,0.0,0.0,0.0,0.0,0.0,0.0,0.0,0.0,0.0,0.0,0.0,0.0,0.0,0.0,0.0,0.0
11069,74,70,0,0.0,0.0,0.0,0.0,0.0,0.0,0.0,0.0,0.0,0.0,0.0,0.0,0.0,0.0,0.0,0.0,0.0,0.0,0.0,0.0,0.0,0.0,0.0,0.0,0.0,0.0,0.0,0.0,0.0,0.0,0.0,0.0,0.0,0.0,0.0
11070,74,71,0,0.0,0.0,0.0,0.0,0.0,0.0,0.0,0.0,0.0,0.0,0.0,0.0,0.0,0.0,0.0,0.0,0.0,0.0,0.0,0.0,0.0,0.0,0.0,0.0,0.0,0.0,0.0,0.0,0.0,0.0,0.0,0.0,0.0,0.0,0.0
11071,74,72,0,0.0,0.0,0.0,0.0,0.0,0.0,0.0,0.0,0.0,0.0,0.0,0.0,0.0,0.0,0.0,0.0,0.0,0.0,0.0,0.0,0.0,0.0,0.0,0.0,0.0,0.0,0.0,0.0,0.0,0.0,0.0,0.0,0.0,0.0,0.0
11072,74,74,0,0.0,0.0,0.0,0.0,0.0,0.0,0.0,0.0,0.0,0.0,0.0,0.0,0.0,0.0,0.0,0.0,0.0,0.0,0.0,0.0,0.0,0.0,0.0,0.0,0.0,0.0,0.0,0.0,0.0,0.0,0.0,0.0,0.0,0.0,0.0
11073,74,76,0,0.0,0.0,0.0,0.0,0.0,0.0,0.0,0.0,0.0,0.0,0.0,0.0,0.0,0.0,0.0,0.0,0.0,0.0,0.0,0.0,0.0,0.0,0.0,0.0,0.0,0.0,0.0,0.0,0.0,0.0,0.0,0.0,0.0,0.0,0.0
11074,74,77,0,0.0,0.0,0.0,0.0,0.0,0.0,0.0,0.0,0.0,0.0,0.0,0.0,0.0,0.0,0.0,0.0,0.0,0.0,0.0,0.0,0.0,0.0,0.0,0.0,0.0,0.0,0.0,0.0,0.0,0.0,0.0,0.0,0.0,0.0,0.0
11075,74,80,0,0.0,0.0,0.0,0.0,0.0,0.0,0.0,0.0,0.0,0.0,0.0,0.0,0.0,0.0,0.0,0.0,0.0,0.0,0.0,0.0,0.0,0.0,0.0,0.0,0.0,0.0,0.0,0.0,0.0,0.0,0.0,0.0,0.0,0.0,0.0
11076,74,83,0,0.0,0.0,0.0,0.0,0.0,0.0,0.0,0.0,0.0,0.0,0.0,0.0,0.0,0.0,0.0,0.0,0.0,0.0,0.0,0.0,0.0,0.0,0.0,0.0,0.0,0.0,0.0,0.0,0.0,0.0,0.0,0.0,0.0,0.0,0.0
11077,74,85,0,0.0,0.0,0.0,0.0,0.0,0.0,0.0,0.0,0.0,0.0,0.0,0.0,0.0,0.0,0.0,0.0,0.0,0.0,0.0,0.0,0.0,0.0,0.0,0.0,0.0,0.0,0.0,0.0,0.0,0.0,0.0,0.0,0.0,0.0,0.0
11078,74,87,0,0.0,0.0,0.0,0.0,0.0,0.0,0.0,0.0,0.0,0.0,0.0,0.0,0.0,0.0,0.0,0.0,0.0,0.0,0.0,0.0,0.0,0.0,0.0,0.0,0.0,0.0,0.0,0.0,0.0,0.0,0.0,0.0,0.0,0.0,0.0
11079,74,92,0,0.0,0.0,0.0,0.0,0.0,0.0,0.0,0.0,0.0,0.0,0.0,0.0,0.0,0.0,0.0,0.0,0.0,0.0,0.0,0.0,0.0,0.0,0.0,0.0,0.0,0.0,0.0,0.0,0.0,0.0,0.0,0.0,0.0,0.0,0.0
11080,74,93,0,0.0,0.0,0.0,0.0,0.0,0.0,0.0,0.0,0.0,0.0,0.0,0.0,0.0,0.0,0.0,0.0,0.0,0.0,0.0,0.0,0.0,0.0,0.0,0.0,0.0,0.0,0.0,0.0,0.0,0.0,0.0,0.0,0.0,0.0,0.0
11081,74,95,0,0.0,0.0,0.0,0.0,0.0,0.0,0.0,0.0,0.0,0.0,0.0,0.0,0.0,0.0,0.0,0.0,0.0,0.0,0.0,0.0,0.0,0.0,0.0,0.0,0.0,0.0,0.0,0.0,0.0,0.0,0.0,0.0,0.0,0.0,0.0
11082,74,96,0,0.0,0.0,0.0,0.0,0.0,0.0,0.0,0.0,0.0,0.0,0.0,0.0,0.0,0.0,0.0,0.0,0.0,0.0,0.0,0.0,0.0,0.0,0.0,0.0,0.0,0.0,0.0,0.0,0.0,0.0,0.0,0.0,0.0,0.0,0.0
11083,74,97,0,0.0,0.0,0.0,0.0,0.0,0.0,0.0,0.0,0.0,0.0,0.0,0.0,0.0,0.0,0.0,0.0,0.0,0.0,0.0,0.0,0.0,0.0,0.0,0.0,0.0,0.0,0.0,0.0,0.0,0.0,0.0,0.0,0.0,0.0,0.0
11084,74,100,0,0.0,0.0,0.0,0.0,0.0,0.0,0.0,0.0,0.0,0.0,0.0,0.0,0.0,0.0,0.0,0.0,0.0,0.0,0.0,0.0,0.0,0.0,0.0,0.0,0.0,0.0,0.0,0.0,0.0,0.0,0.0,0.0,0.0,0.0,0.0
11085,74,101,0,0.0,0.0,0.0,0.0,0.0,0.0,0.0,0.0,0.0,0.0,0.0,0.0,0.0,0.0,0.0,0.0,0.0,0.0,0.0,0.0,0.0,0.0,0.0,0.0,0.0,0.0,0.0,0.0,0.0,0.0,0.0,0.0,0.0,0.0,0.0
11086,74,102,0,0.0,0.0,0.0,0.0,0.0,0.0,0.0,0.0,0.0,0.0,0.0,0.0,0.0,0.0,0.0,0.0,0.0,0.0,0.0,0.0,0.0,0.0,0.0,0.0,0.0,0.0,0.0,0.0,0.0,0.0,0.0,0.0,0.0,0.0,0.0
11087,74,103,0,0.0,0.0,0.0,0.0,0.0,0.0,0.0,0.0,0.0,0.0,0.0,0.0,0.0,0.0,0.0,0.0,0.0,0.0,0.0,0.0,0.0,0.0,0.0,0.0,0.0,0.0,0.0,0.0,0.0,0.0,0.0,0.0,0.0,0.0,0.0
11088,74,104,0,0.0,0.0,0.0,0.0,0.0,0.0,0.0,0.0,0.0,0.0,0.0,0.0,0.0,0.0,0.0,0.0,0.0,0.0,0.0,0.0,0.0,0.0,0.0,0.0,0.0,0.0,0.0,0.0,0.0,0.0,0.0,0.0,0.0,0.0,0.0
11089,74,105,0,0.0,0.0,0.0,0.0,0.0,0.0,0.0,0.0,0.0,0.0,0.0,0.0,0.0,0.0,0.0,0.0,0.0,0.0,0.0,0.0,0.0,0.0,0.0,0.0,0.0,0.0,0.0,0.0,0.0,0.0,0.0,0.0,0.0,0.0,0.0
11090,74,106,0,0.0,0.0,0.0,0.0,0.0,0.0,0.0,0.0,0.0,0.0,0.0,0.0,0.0,0.0,0.0,0.0,0.0,0.0,0.0,0.0,0.0,0.0,0.0,0.0,0.0,0.0,0.0,0.0,0.0,0.0,0.0,0.0,0.0,0.0,0.0
11091,74,114,0,0.0,0.0,0.0,0.0,0.0,0.0,0.0,0.0,0.0,0.0,0.0,0.0,0.0,0.0,0.0,0.0,0.0,0.0,0.0,0.0,0.0,0.0,0.0,0.0,0.0,0.0,0.0,0.0,0.0,0.0,0.0,0.0,0.0,0.0,0.0
11092,74,116,0,0.0,0.0,0.0,0.0,0.0,0.0,0.0,0.0,0.0,0.0,0.0,0.0,0.0,0.0,0.0,0.0,0.0,0.0,0.0,0.0,0.0,0.0,0.0,0.0,0.0,0.0,0.0,0.0,0.0,0.0,0.0,0.0,0.0,0.0,0.0
11093,74,120,0,0.0,0.0,0.0,0.0,0.0,0.0,0.0,0.0,0.0,0.0,0.0,0.0,0.0,0.0,0.0,0.0,0.0,0.0,0.0,0.0,0.0,0.0,0.0,0.0,0.0,0.0,0.0,0.0,0.0,0.0,0.0,0.0,0.0,0.0,0.0
11094,74,121,0,0.0,0.0,0.0,0.0,0.0,0.0,0.0,0.0,0.0,0.0,0.0,0.0,0.0,0.0,0.0,0.0,0.0,0.0,0.0,0.0,0.0,0.0,0.0,0.0,0.0,0.0,0.0,0.0,0.0,0.0,0.0,0.0,0.0,0.0,0.0
11095,74,125,0,0.0,0.0,0.0,0.0,0.0,0.0,0.0,0.0,0.0,0.0,0.0,0.0,0.0,0.0,0.0,0.0,0.0,0.0,0.0,0.0,0.0,0.0,0.0,0.0,0.0,0.0,0.0,0.0,0.0,0.0,0.0,0.0,0.0,0.0,0.0
11096,74,126,0,0.0,0.0,0.0,0.0,0.0,0.0,0.0,0.0,0.0,0.0,0.0,0.0,0.0,0.0,0.0,0.0,0.0,0.0,0.0,0.0,0.0,0.0,0.0,0.0,0.0,0.0,0.0,0.0,0.0,0.0,0.0,0.0,0.0,0.0,0.0
11097,74,128,0,0.0,0.0,0.0,0.0,0.0,0.0,0.0,0.0,0.0,0.0,0.0,0.0,0.0,0.0,0.0,0.0,0.0,0.0,0.0,0.0,0.0,0.0,0.0,0.0,0.0,0.0,0.0,0.0,0.0,0.0,0.0,0.0,0.0,0.0,0.0
11098,74,129,0,0.0,0.0,0.0,0.0,0.0,0.0,0.0,0.0,0.0,0.0,0.0,0.0,0.0,0.0,0.0,0.0,0.0,0.0,0.0,0.0,0.0,0.0,0.0,0.0,0.0,0.0,0.0,0.0,0.0,0.0,0.0,0.0,0.0,0.0,0.0
11099,74,132,0,0.0,0.0,0.0,0.0,0.0,0.0,0.0,0.0,0.0,0.0,0.0,0.0,0.0,0.0,0.0,0.0,0.0,0.0,0.0,0.0,0.0,0.0,0.0,0.0,0.0,0.0,0.0,0.0,0.0,0.0,0.0,0.0,0.0,0.0,0.0
11100,74,133,0,0.0,0.0,0.0,0.0,0.0,0.0,0.0,0.0,0.0,0.0,0.0,0.0,0.0,0.0,0.0,0.0,0.0,0.0,0.0,0.0,0.0,0.0,0.0,0.0,0.0,0.0,0.0,0.0,0.0,0.0,0.0,0.0,0.0,0.0,0.0
11101,74,135,0,0.0,0.0,0.0,0.0,0.0,0.0,0.0,0.0,0.0,0.0,0.0,0.0,0.0,0.0,0.0,0.0,0.0,0.0,0.0,0.0,0.0,0.0,0.0,0.0,0.0,0.0,0.0,0.0,0.0,0.0,0.0,0.0,0.0,0.0,0.0
11102,74,136,0,0.0,0.0,0.0,0.0,0.0,0.0,0.0,0.0,0.0,0.0,0.0,0.0,0.0,0.0,0.0,0.0,0.0,0.0,0.0,0.0,0.0,0.0,0.0,0.0,0.0,0.0,0.0,0.0,0.0,0.0,0.0,0.0,0.0,0.0,0.0
11103,74,137,0,0.0,0.0,0.0,0.0,0.0,0.0,0.0,0.0,0.0,0.0,0.0,0.0,0.0,0.0,0.0,0.0,0.0,0.0,0.0,0.0,0.0,0.0,0.0,0.0,0.0,0.0,0.0,0.0,0.0,0.0,0.0,0.0,0.0,0.0,0.0
11104,74,139,0,0.0,0.0,0.0,0.0,0.0,0.0,0.0,0.0,0.0,0.0,0.0,0.0,0.0,0.0,0.0,0.0,0.0,0.0,0.0,0.0,0.0,0.0,0.0,0.0,0.0,0.0,0.0,0.0,0.0,0.0,0.0,0.0,0.0,0.0,0.0
11105,74,140,0,0.0,0.0,0.0,0.0,0.0,0.0,0.0,0.0,0.0,0.0,0.0,0.0,0.0,0.0,0.0,0.0,0.0,0.0,0.0,0.0,0.0,0.0,0.0,0.0,0.0,0.0,0.0,0.0,0.0,0.0,0.0,0.0,0.0,0.0,0.0
11106,74,142,0,0.0,0.0,0.0,0.0,0.0,0.0,0.0,0.0,0.0,0.0,0.0,0.0,0.0,0.0,0.0,0.0,0.0,0.0,0.0,0.0,0.0,0.0,0.0,0.0,0.0,0.0,0.0,0.0,0.0,0.0,0.0,0.0,0.0,0.0,0.0
11107,74,144,0,0.0,0.0,0.0,0.0,0.0,0.0,0.0,0.0,0.0,0.0,0.0,0.0,0.0,0.0,0.0,0.0,0.0,0.0,0.0,0.0,0.0,0.0,0.0,0.0,0.0,0.0,0.0,0.0,0.0,0.0,0.0,0.0,0.0,0.0,0.0
11108,74,146,0,0.0,0.0,0.0,0.0,0.0,0.0,0.0,0.0,0.0,0.0,0.0,0.0,0.0,0.0,0.0,0.0,0.0,0.0,0.0,0.0,0.0,0.0,0.0,0.0,0.0,0.0,0.0,0.0,0.0,0.0,0.0,0.0,0.0,0.0,0.0
11109,74,147,0,0.0,0.0,0.0,0.0,0.0,0.0,0.0,0.0,0.0,0.0,0.0,0.0,0.0,0.0,0.0,0.0,0.0,0.0,0.0,0.0,0.0,0.0,0.0,0.0,0.0,0.0,0.0,0.0,0.0,0.0,0.0,0.0,0.0,0.0,0.0
11110,74,149,0,0.0,0.0,0.0,0.0,0.0,0.0,0.0,0.0,0.0,0.0,0.0,0.0,0.0,0.0,0.0,0.0,0.0,0.0,0.0,0.0,0.0,0.0,0.0,0.0,0.0,0.0,0.0,0.0,0.0,0.0,0.0,0.0,0.0,0.0,0.0
11111,74,150,0,0.0,0.0,0.0,0.0,0.0,0.0,0.0,0.0,0.0,0.0,0.0,0.0,0.0,0.0,0.0,0.0,0.0,0.0,0.0,0.0,0.0,0.0,0.0,0.0,0.0,0.0,0.0,0.0,0.0,0.0,0.0,0.0,0.0,0.0,0.0
11112,74,151,0,0.0,0.0,0.0,0.0,0.0,0.0,0.0,0.0,0.0,0.0,0.0,0.0,0.0,0.0,0.0,0.0,0.0,0.0,0.0,0.0,0.0,0.0,0.0,0.0,0.0,0.0,0.0,0.0,0.0,0.0,0.0,0.0,0.0,0.0,0.0
11113,74,153,0,0.0,0.0,0.0,0.0,0.0,0.0,0.0,0.0,0.0,0.0,0.0,0.0,0.0,0.0,0.0,0.0,0.0,0.0,0.0,0.0,0.0,0.0,0.0,0.0,0.0,0.0,0.0,0.0,0.0,0.0,0.0,0.0,0.0,0.0,0.0
11114,74,154,0,0.0,0.0,0.0,0.0,0.0,0.0,0.0,0.0,0.0,0.0,0.0,0.0,0.0,0.0,0.0,0.0,0.0,0.0,0.0,0.0,0.0,0.0,0.0,0.0,0.0,0.0,0.0,0.0,0.0,0.0,0.0,0.0,0.0,0.0,0.0
11115,74,156,0,0.0,0.0,0.0,0.0,0.0,0.0,0.0,0.0,0.0,0.0,0.0,0.0,0.0,0.0,0.0,0.0,0.0,0.0,0.0,0.0,0.0,0.0,0.0,0.0,0.0,0.0,0.0,0.0,0.0,0.0,0.0,0.0,0.0,0.0,0.0
11116,74,157,0,0.0,0.0,0.0,0.0,0.0,0.0,0.0,0.0,0.0,0.0,0.0,0.0,0.0,0.0,0.0,0.0,0.0,0.0,0.0,0.0,0.0,0.0,0.0,0.0,0.0,0.0,0.0,0.0,0.0,0.0,0.0,0.0,0.0,0.0,0.0
11117,74,158,0,0.0,0.0,0.0,0.0,0.0,0.0,0.0,0.0,0.0,0.0,0.0,0.0,0.0,0.0,0.0,0.0,0.0,0.0,0.0,0.0,0.0,0.0,0.0,0.0,0.0,0.0,0.0,0.0,0.0,0.0,0.0,0.0,0.0,0.0,0.0
11118,74,160,0,0.0,0.0,0.0,0.0,0.0,0.0,0.0,0.0,0.0,0.0,0.0,0.0,0.0,0.0,0.0,0.0,0.0,0.0,0.0,0.0,0.0,0.0,0.0,0.0,0.0,0.0,0.0,0.0,0.0,0.0,0.0,0.0,0.0,0.0,0.0
11119,74,161,0,0.0,0.0,0.0,0.0,0.0,0.0,0.0,0.0,0.0,0.0,0.0,0.0,0.0,0.0,0.0,0.0,0.0,0.0,0.0,0.0,0.0,0.0,0.0,0.0,0.0,0.0,0.0,0.0,0.0,0.0,0.0,0.0,0.0,0.0,0.0
11120,74,162,0,0.0,0.0,0.0,0.0,0.0,0.0,0.0,0.0,0.0,0.0,0.0,0.0,0.0,0.0,0.0,0.0,0.0,0.0,0.0,0.0,0.0,0.0,0.0,0.0,0.0,0.0,0.0,0.0,0.0,0.0,0.0,0.0,0.0,0.0,0.0
11121,74,167,0,0.0,0.0,0.0,0.0,0.0,0.0,0.0,0.0,0.0,0.0,0.0,0.0,0.0,0.0,0.0,0.0,0.0,0.0,0.0,0.0,0.0,0.0,0.0,0.0,0.0,0.0,0.0,0.0,0.0,0.0,0.0,0.0,0.0,0.0,0.0
11122,74,170,0,0.0,0.0,0.0,0.0,0.0,0.0,0.0,0.0,0.0,0.0,0.0,0.0,0.0,0.0,0.0,0.0,0.0,0.0,0.0,0.0,0.0,0.0,0.0,0.0,0.0,0.0,0.0,0.0,0.0,0.0,0.0,0.0,0.0,0.0,0.0
11123,74,171,0,0.0,0.0,0.0,0.0,0.0,0.0,0.0,0.0,0.0,0.0,0.0,0.0,0.0,0.0,0.0,0.0,0.0,0.0,0.0,0.0,0.0,0.0,0.0,0.0,0.0,0.0,0.0,0.0,0.0,0.0,0.0,0.0,0.0,0.0,0.0
11124,74,173,0,0.0,0.0,0.0,0.0,0.0,0.0,0.0,0.0,0.0,0.0,0.0,0.0,0.0,0.0,0.0,0.0,0.0,0.0,0.0,0.0,0.0,0.0,0.0,0.0,0.0,0.0,0.0,0.0,0.0,0.0,0.0,0.0,0.0,0.0,0.0
11125,74,176,0,0.0,0.0,0.0,0.0,0.0,0.0,0.0,0.0,0.0,0.0,0.0,0.0,0.0,0.0,0.0,0.0,0.0,0.0,0.0,0.0,0.0,0.0,0.0,0.0,0.0,0.0,0.0,0.0,0.0,0.0,0.0,0.0,0.0,0.0,0.0
11126,74,181,0,0.0,0.0,0.0,0.0,0.0,0.0,0.0,0.0,0.0,0.0,0.0,0.0,0.0,0.0,0.0,0.0,0.0,0.0,0.0,0.0,0.0,0.0,0.0,0.0,0.0,0.0,0.0,0.0,0.0,0.0,0.0,0.0,0.0,0.0,0.0
11127,74,183,0,0.0,0.0,0.0,0.0,0.0,0.0,0.0,0.0,0.0,0.0,0.0,0.0,0.0,0.0,0.0,0.0,0.0,0.0,0.0,0.0,0.0,0.0,0.0,0.0,0.0,0.0,0.0,0.0,0.0,0.0,0.0,0.0,0.0,0.0,0.0
11128,74,185,0,0.0,0.0,0.0,0.0,0.0,0.0,0.0,0.0,0.0,0.0,0.0,0.0,0.0,0.0,0.0,0.0,0.0,0.0,0.0,0.0,0.0,0.0,0.0,0.0,0.0,0.0,0.0,0.0,0.0,0.0,0.0,0.0,0.0,0.0,0.0
11129,74,186,0,0.0,0.0,0.0,0.0,0.0,0.0,0.0,0.0,0.0,0.0,0.0,0.0,0.0,0.0,0.0,0.0,0.0,0.0,0.0,0.0,0.0,0.0,0.0,0.0,0.0,0.0,0.0,0.0,0.0,0.0,0.0,0.0,0.0,0.0,0.0
11130,74,189,0,0.0,0.0,0.0,0.0,0.0,0.0,0.0,0.0,0.0,0.0,0.0,0.0,0.0,0.0,0.0,0.0,0.0,0.0,0.0,0.0,0.0,0.0,0.0,0.0,0.0,0.0,0.0,0.0,0.0,0.0,0.0,0.0,0.0,0.0,0.0
11131,74,191,0,0.0,0.0,0.0,0.0,0.0,0.0,0.0,0.0,0.0,0.0,0.0,0.0,0.0,0.0,0.0,0.0,0.0,0.0,0.0,0.0,0.0,0.0,0.0,0.0,0.0,0.0,0.0,0.0,0.0,0.0,0.0,0.0,0.0,0.0,0.0
11132,74,193,0,0.0,0.0,0.0,0.0,0.0,0.0,0.0,0.0,0.0,0.0,0.0,0.0,0.0,0.0,0.0,0.0,0.0,0.0,0.0,0.0,0.0,0.0,0.0,0.0,0.0,0.0,0.0,0.0,0.0,0.0,0.0,0.0,0.0,0.0,0.0
11133,74,196,0,0.0,0.0,0.0,0.0,0.0,0.0,0.0,0.0,0.0,0.0,0.0,0.0,0.0,0.0,0.0,0.0,0.0,0.0,0.0,0.0,0.0,0.0,0.0,0.0,0.0,0.0,0.0,0.0,0.0,0.0,0.0,0.0,0.0,0.0,0.0
11134,74,197,0,0.0,0.0,0.0,0.0,0.0,0.0,0.0,0.0,0.0,0.0,0.0,0.0,0.0,0.0,0.0,0.0,0.0,0.0,0.0,0.0,0.0,0.0,0.0,0.0,0.0,0.0,0.0,0.0,0.0,0.0,0.0,0.0,0.0,0.0,0.0
11135,74,200,0,0.0,0.0,0.0,0.0,0.0,0.0,0.0,0.0,0.0,0.0,0.0,0.0,0.0,0.0,0.0,0.0,0.0,0.0,0.0,0.0,0.0,0.0,0.0,0.0,0.0,0.0,0.0,0.0,0.0,0.0,0.0,0.0,0.0,0.0,0.0
11136,74,201,0,0.0,0.0,0.0,0.0,0.0,0.0,0.0,0.0,0.0,0.0,0.0,0.0,0.0,0.0,0.0,0.0,0.0,0.0,0.0,0.0,0.0,0.0,0.0,0.0,0.0,0.0,0.0,0.0,0.0,0.0,0.0,0.0,0.0,0.0,0.0
11137,74,203,0,0.0,0.0,0.0,0.0,0.0,0.0,0.0,0.0,0.0,0.0,0.0,0.0,0.0,0.0,0.0,0.0,0.0,0.0,0.0,0.0,0.0,0.0,0.0,0.0,0.0,0.0,0.0,0.0,0.0,0.0,0.0,0.0,0.0,0.0,0.0
11138,74,207,0,0.0,0.0,0.0,0.0,0.0,0.0,0.0,0.0,0.0,0.0,0.0,0.0,0.0,0.0,0.0,0.0,0.0,0.0,0.0,0.0,0.0,0.0,0.0,0.0,0.0,0.0,0.0,0.0,0.0,0.0,0.0,0.0,0.0,0.0,0.0
11139,74,209,0,0.0,0.0,0.0,0.0,0.0,0.0,0.0,0.0,0.0,0.0,0.0,0.0,0.0,0.0,0.0,0.0,0.0,0.0,0.0,0.0,0.0,0.0,0.0,0.0,0.0,0.0,0.0,0.0,0.0,0.0,0.0,0.0,0.0,0.0,0.0
11140,74,210,0,0.0,0.0,0.0,0.0,0.0,0.0,0.0,0.0,0.0,0.0,0.0,0.0,0.0,0.0,0.0,0.0,0.0,0.0,0.0,0.0,0.0,0.0,0.0,0.0,0.0,0.0,0.0,0.0,0.0,0.0,0.0,0.0,0.0,0.0,0.0
11141,74,211,0,0.0,0.0,0.0,0.0,0.0,0.0,0.0,0.0,0.0,0.0,0.0,0.0,0.0,0.0,0.0,0.0,0.0,0.0,0.0,0.0,0.0,0.0,0.0,0.0,0.0,0.0,0.0,0.0,0.0,0.0,0.0,0.0,0.0,0.0,0.0
11142,74,212,0,0.0,0.0,0.0,0.0,0.0,0.0,0.0,0.0,0.0,0.0,0.0,0.0,0.0,0.0,0.0,0.0,0.0,0.0,0.0,0.0,0.0,0.0,0.0,0.0,0.0,0.0,0.0,0.0,0.0,0.0,0.0,0.0,0.0,0.0,0.0
11143,74,213,0,0.0,0.0,0.0,0.0,0.0,0.0,0.0,0.0,0.0,0.0,0.0,0.0,0.0,0.0,0.0,0.0,0.0,0.0,0.0,0.0,0.0,0.0,0.0,0.0,0.0,0.0,0.0,0.0,0.0,0.0,0.0,0.0,0.0,0.0,0.0
11144,74,217,0,0.0,0.0,0.0,0.0,0.0,0.0,0.0,0.0,0.0,0.0,0.0,0.0,0.0,0.0,0.0,0.0,0.0,0.0,0.0,0.0,0.0,0.0,0.0,0.0,0.0,0.0,0.0,0.0,0.0,0.0,0.0,0.0,0.0,0.0,0.0
11145,74,219,0,0.0,0.0,0.0,0.0,0.0,0.0,0.0,0.0,0.0,0.0,0.0,0.0,0.0,0.0,0.0,0.0,0.0,0.0,0.0,0.0,0.0,0.0,0.0,0.0,0.0,0.0,0.0,0.0,0.0,0.0,0.0,0.0,0.0,0.0,0.0
11146,74,220,0,0.0,0.0,0.0,0.0,0.0,0.0,0.0,0.0,0.0,0.0,0.0,0.0,0.0,0.0,0.0,0.0,0.0,0.0,0.0,0.0,0.0,0.0,0.0,0.0,0.0,0.0,0.0,0.0,0.0,0.0,0.0,0.0,0.0,0.0,0.0
11147,74,221,0,0.0,0.0,0.0,0.0,0.0,0.0,0.0,0.0,0.0,0.0,0.0,0.0,0.0,0.0,0.0,0.0,0.0,0.0,0.0,0.0,0.0,0.0,0.0,0.0,0.0,0.0,0.0,0.0,0.0,0.0,0.0,0.0,0.0,0.0,0.0
11148,74,222,0,0.0,0.0,0.0,0.0,0.0,0.0,0.0,0.0,0.0,0.0,0.0,0.0,0.0,0.0,0.0,0.0,0.0,0.0,0.0,0.0,0.0,0.0,0.0,0.0,0.0,0.0,0.0,0.0,0.0,0.0,0.0,0.0,0.0,0.0,0.0
11149,74,224,0,0.0,0.0,0.0,0.0,0.0,0.0,0.0,0.0,0.0,0.0,0.0,0.0,0.0,0.0,0.0,0.0,0.0,0.0,0.0,0.0,0.0,0.0,0.0,0.0,0.0,0.0,0.0,0.0,0.0,0.0,0.0,0.0,0.0,0.0,0.0
11150,74,226,0,0.0,0.0,0.0,0.0,0.0,0.0,0.0,0.0,0.0,0.0,0.0,0.0,0.0,0.0,0.0,0.0,0.0,0.0,0.0,0.0,0.0,0.0,0.0,0.0,0.0,0.0,0.0,0.0,0.0,0.0,0.0,0.0,0.0,0.0,0.0
11151,74,229,0,0.0,0.0,0.0,0.0,0.0,0.0,0.0,0.0,0.0,0.0,0.0,0.0,0.0,0.0,0.0,0.0,0.0,0.0,0.0,0.0,0.0,0.0,0.0,0.0,0.0,0.0,0.0,0.0,0.0,0.0,0.0,0.0,0.0,0.0,0.0
11152,74,230,0,0.0,0.0,0.0,0.0,0.0,0.0,0.0,0.0,0.0,0.0,0.0,0.0,0.0,0.0,0.0,0.0,0.0,0.0,0.0,0.0,0.0,0.0,0.0,0.0,0.0,0.0,0.0,0.0,0.0,0.0,0.0,0.0,0.0,0.0,0.0
11153,74,232,0,0.0,0.0,0.0,0.0,0.0,0.0,0.0,0.0,0.0,0.0,0.0,0.0,0.0,0.0,0.0,0.0,0.0,0.0,0.0,0.0,0.0,0.0,0.0,0.0,0.0,0.0,0.0,0.0,0.0,0.0,0.0,0.0,0.0,0.0,0.0
11154,74,233,0,0.0,0.0,0.0,0.0,0.0,0.0,0.0,0.0,0.0,0.0,0.0,0.0,0.0,0.0,0.0,0.0,0.0,0.0,0.0,0.0,0.0,0.0,0.0,0.0,0.0,0.0,0.0,0.0,0.0,0.0,0.0,0.0,0.0,0.0,0.0
11155,74,239,0,0.0,0.0,0.0,0.0,0.0,0.0,0.0,0.0,0.0,0.0,0.0,0.0,0.0,0.0,0.0,0.0,0.0,0.0,0.0,0.0,0.0,0.0,0.0,0.0,0.0,0.0,0.0,0.0,0.0,0.0,0.0,0.0,0.0,0.0,0.0
11156,74,242,0,0.0,0.0,0.0,0.0,0.0,0.0,0.0,0.0,0.0,0.0,0.0,0.0,0.0,0.0,0.0,0.0,0.0,0.0,0.0,0.0,0.0,0.0,0.0,0.0,0.0,0.0,0.0,0.0,0.0,0.0,0.0,0.0,0.0,0.0,0.0
11157,74,244,0,0.0,0.0,0.0,0.0,0.0,0.0,0.0,0.0,0.0,0.0,0.0,0.0,0.0,0.0,0.0,0.0,0.0,0.0,0.0,0.0,0.0,0.0,0.0,0.0,0.0,0.0,0.0,0.0,0.0,0.0,0.0,0.0,0.0,0.0,0.0
11158,74,248,0,0.0,0.0,0.0,0.0,0.0,0.0,0.0,0.0,0.0,0.0,0.0,0.0,0.0,0.0,0.0,0.0,0.0,0.0,0.0,0.0,0.0,0.0,0.0,0.0,0.0,0.0,0.0,0.0,0.0,0.0,0.0,0.0,0.0,0.0,0.0
11159,75,1,0,0.0,0.0,0.0,0.0,0.0,0.0,0.0,0.0,0.0,0.0,0.0,0.0,0.0,0.0,0.0,0.0,0.0,0.0,0.0,0.0,0.0,0.0,0.0,0.0,0.0,0.0,0.0,0.0,0.0,0.0,0.0,0.0,0.0,0.0,0.0
11160,75,2,0,0.0,0.0,0.0,0.0,0.0,0.0,0.0,0.0,0.0,0.0,0.0,0.0,0.0,0.0,0.0,0.0,0.0,0.0,0.0,0.0,0.0,0.0,0.0,0.0,0.0,0.0,0.0,0.0,0.0,0.0,0.0,0.0,0.0,0.0,0.0
11161,75,3,0,0.0,0.0,0.0,0.0,0.0,0.0,0.0,0.0,0.0,0.0,0.0,0.0,0.0,0.0,0.0,0.0,0.0,0.0,0.0,0.0,0.0,0.0,0.0,0.0,0.0,0.0,0.0,0.0,0.0,0.0,0.0,0.0,0.0,0.0,0.0
11162,75,4,0,0.0,0.0,0.0,0.0,0.0,0.0,0.0,0.0,0.0,0.0,0.0,0.0,0.0,0.0,0.0,0.0,0.0,0.0,0.0,0.0,0.0,0.0,0.0,0.0,0.0,0.0,0.0,0.0,0.0,0.0,0.0,0.0,0.0,0.0,0.0
11163,75,6,0,0.0,0.0,0.0,0.0,0.0,0.0,0.0,0.0,0.0,0.0,0.0,0.0,0.0,0.0,0.0,0.0,0.0,0.0,0.0,0.0,0.0,0.0,0.0,0.0,0.0,0.0,0.0,0.0,0.0,0.0,0.0,0.0,0.0,0.0,0.0
11164,75,7,0,0.0,0.0,0.0,0.0,0.0,0.0,0.0,0.0,0.0,0.0,0.0,0.0,0.0,0.0,0.0,0.0,0.0,0.0,0.0,0.0,0.0,0.0,0.0,0.0,0.0,0.0,0.0,0.0,0.0,0.0,0.0,0.0,0.0,0.0,0.0
11165,75,8,0,0.0,0.0,0.0,0.0,0.0,0.0,0.0,0.0,0.0,0.0,0.0,0.0,0.0,0.0,0.0,0.0,0.0,0.0,0.0,0.0,0.0,0.0,0.0,0.0,0.0,0.0,0.0,0.0,0.0,0.0,0.0,0.0,0.0,0.0,0.0
11166,75,9,0,0.0,0.0,0.0,0.0,0.0,0.0,0.0,0.0,0.0,0.0,0.0,0.0,0.0,0.0,0.0,0.0,0.0,0.0,0.0,0.0,0.0,0.0,0.0,0.0,0.0,0.0,0.0,0.0,0.0,0.0,0.0,0.0,0.0,0.0,0.0
11167,75,10,0,0.0,0.0,0.0,0.0,0.0,0.0,0.0,0.0,0.0,0.0,0.0,0.0,0.0,0.0,0.0,0.0,0.0,0.0,0.0,0.0,0.0,0.0,0.0,0.0,0.0,0.0,0.0,0.0,0.0,0.0,0.0,0.0,0.0,0.0,0.0
11168,75,12,0,0.0,0.0,0.0,0.0,0.0,0.0,0.0,0.0,0.0,0.0,0.0,0.0,0.0,0.0,0.0,0.0,0.0,0.0,0.0,0.0,0.0,0.0,0.0,0.0,0.0,0.0,0.0,0.0,0.0,0.0,0.0,0.0,0.0,0.0,0.0
11169,75,18,0,0.0,0.0,0.0,0.0,0.0,0.0,0.0,0.0,0.0,0.0,0.0,0.0,0.0,0.0,0.0,0.0,0.0,0.0,0.0,0.0,0.0,0.0,0.0,0.0,0.0,0.0,0.0,0.0,0.0,0.0,0.0,0.0,0.0,0.0,0.0
11170,75,20,0,0.0,0.0,0.0,0.0,0.0,0.0,0.0,0.0,0.0,0.0,0.0,0.0,0.0,0.0,0.0,0.0,0.0,0.0,0.0,0.0,0.0,0.0,0.0,0.0,0.0,0.0,0.0,0.0,0.0,0.0,0.0,0.0,0.0,0.0,0.0
11171,75,22,0,0.0,0.0,0.0,0.0,0.0,0.0,0.0,0.0,0.0,0.0,0.0,0.0,0.0,0.0,0.0,0.0,0.0,0.0,0.0,0.0,0.0,0.0,0.0,0.0,0.0,0.0,0.0,0.0,0.0,0.0,0.0,0.0,0.0,0.0,0.0
11172,75,24,0,0.0,0.0,0.0,0.0,0.0,0.0,0.0,0.0,0.0,0.0,0.0,0.0,0.0,0.0,0.0,0.0,0.0,0.0,0.0,0.0,0.0,0.0,0.0,0.0,0.0,0.0,0.0,0.0,0.0,0.0,0.0,0.0,0.0,0.0,0.0
11173,75,25,0,0.0,0.0,0.0,0.0,0.0,0.0,0.0,0.0,0.0,0.0,0.0,0.0,0.0,0.0,0.0,0.0,0.0,0.0,0.0,0.0,0.0,0.0,0.0,0.0,0.0,0.0,0.0,0.0,0.0,0.0,0.0,0.0,0.0,0.0,0.0
11174,75,26,0,0.0,0.0,0.0,0.0,0.0,0.0,0.0,0.0,0.0,0.0,0.0,0.0,0.0,0.0,0.0,0.0,0.0,0.0,0.0,0.0,0.0,0.0,0.0,0.0,0.0,0.0,0.0,0.0,0.0,0.0,0.0,0.0,0.0,0.0,0.0
11175,75,30,0,0.0,0.0,0.0,0.0,0.0,0.0,0.0,0.0,0.0,0.0,0.0,0.0,0.0,0.0,0.0,0.0,0.0,0.0,0.0,0.0,0.0,0.0,0.0,0.0,0.0,0.0,0.0,0.0,0.0,0.0,0.0,0.0,0.0,0.0,0.0
11176,75,33,0,0.0,0.0,0.0,0.0,0.0,0.0,0.0,0.0,0.0,0.0,0.0,0.0,0.0,0.0,0.0,0.0,0.0,0.0,0.0,0.0,0.0,0.0,0.0,0.0,0.0,0.0,0.0,0.0,0.0,0.0,0.0,0.0,0.0,0.0,0.0
11177,75,34,0,0.0,0.0,0.0,0.0,0.0,0.0,0.0,0.0,0.0,0.0,0.0,0.0,0.0,0.0,0.0,0.0,0.0,0.0,0.0,0.0,0.0,0.0,0.0,0.0,0.0,0.0,0.0,0.0,0.0,0.0,0.0,0.0,0.0,0.0,0.0
11178,75,35,0,0.0,0.0,0.0,0.0,0.0,0.0,0.0,0.0,0.0,0.0,0.0,0.0,0.0,0.0,0.0,0.0,0.0,0.0,0.0,0.0,0.0,0.0,0.0,0.0,0.0,0.0,0.0,0.0,0.0,0.0,0.0,0.0,0.0,0.0,0.0
11179,75,37,0,0.0,0.0,0.0,0.0,0.0,0.0,0.0,0.0,0.0,0.0,0.0,0.0,0.0,0.0,0.0,0.0,0.0,0.0,0.0,0.0,0.0,0.0,0.0,0.0,0.0,0.0,0.0,0.0,0.0,0.0,0.0,0.0,0.0,0.0,0.0
11180,75,38,0,0.0,0.0,0.0,0.0,0.0,0.0,0.0,0.0,0.0,0.0,0.0,0.0,0.0,0.0,0.0,0.0,0.0,0.0,0.0,0.0,0.0,0.0,0.0,0.0,0.0,0.0,0.0,0.0,0.0,0.0,0.0,0.0,0.0,0.0,0.0
11181,75,39,0,0.0,0.0,0.0,0.0,0.0,0.0,0.0,0.0,0.0,0.0,0.0,0.0,0.0,0.0,0.0,0.0,0.0,0.0,0.0,0.0,0.0,0.0,0.0,0.0,0.0,0.0,0.0,0.0,0.0,0.0,0.0,0.0,0.0,0.0,0.0
11182,75,40,0,0.0,0.0,0.0,0.0,0.0,0.0,0.0,0.0,0.0,0.0,0.0,0.0,0.0,0.0,0.0,0.0,0.0,0.0,0.0,0.0,0.0,0.0,0.0,0.0,0.0,0.0,0.0,0.0,0.0,0.0,0.0,0.0,0.0,0.0,0.0
11183,75,41,0,0.0,0.0,0.0,0.0,0.0,0.0,0.0,0.0,0.0,0.0,0.0,0.0,0.0,0.0,0.0,0.0,0.0,0.0,0.0,0.0,0.0,0.0,0.0,0.0,0.0,0.0,0.0,0.0,0.0,0.0,0.0,0.0,0.0,0.0,0.0
11184,75,43,0,0.0,0.0,0.0,0.0,0.0,0.0,0.0,0.0,0.0,0.0,0.0,0.0,0.0,0.0,0.0,0.0,0.0,0.0,0.0,0.0,0.0,0.0,0.0,0.0,0.0,0.0,0.0,0.0,0.0,0.0,0.0,0.0,0.0,0.0,0.0
11185,75,46,0,0.0,0.0,0.0,0.0,0.0,0.0,0.0,0.0,0.0,0.0,0.0,0.0,0.0,0.0,0.0,0.0,0.0,0.0,0.0,0.0,0.0,0.0,0.0,0.0,0.0,0.0,0.0,0.0,0.0,0.0,0.0,0.0,0.0,0.0,0.0
11186,75,47,0,0.0,0.0,0.0,0.0,0.0,0.0,0.0,0.0,0.0,0.0,0.0,0.0,0.0,0.0,0.0,0.0,0.0,0.0,0.0,0.0,0.0,0.0,0.0,0.0,0.0,0.0,0.0,0.0,0.0,0.0,0.0,0.0,0.0,0.0,0.0
11187,75,49,0,0.0,0.0,0.0,0.0,0.0,0.0,0.0,0.0,0.0,0.0,0.0,0.0,0.0,0.0,0.0,0.0,0.0,0.0,0.0,0.0,0.0,0.0,0.0,0.0,0.0,0.0,0.0,0.0,0.0,0.0,0.0,0.0,0.0,0.0,0.0
11188,75,50,0,0.0,0.0,0.0,0.0,0.0,0.0,0.0,0.0,0.0,0.0,0.0,0.0,0.0,0.0,0.0,0.0,0.0,0.0,0.0,0.0,0.0,0.0,0.0,0.0,0.0,0.0,0.0,0.0,0.0,0.0,0.0,0.0,0.0,0.0,0.0
11189,75,51,0,0.0,0.0,0.0,0.0,0.0,0.0,0.0,0.0,0.0,0.0,0.0,0.0,0.0,0.0,0.0,0.0,0.0,0.0,0.0,0.0,0.0,0.0,0.0,0.0,0.0,0.0,0.0,0.0,0.0,0.0,0.0,0.0,0.0,0.0,0.0
11190,75,53,0,0.0,0.0,0.0,0.0,0.0,0.0,0.0,0.0,0.0,0.0,0.0,0.0,0.0,0.0,0.0,0.0,0.0,0.0,0.0,0.0,0.0,0.0,0.0,0.0,0.0,0.0,0.0,0.0,0.0,0.0,0.0,0.0,0.0,0.0,0.0
11191,75,57,0,0.0,0.0,0.0,0.0,0.0,0.0,0.0,0.0,0.0,0.0,0.0,0.0,0.0,0.0,0.0,0.0,0.0,0.0,0.0,0.0,0.0,0.0,0.0,0.0,0.0,0.0,0.0,0.0,0.0,0.0,0.0,0.0,0.0,0.0,0.0
11192,75,61,0,0.0,0.0,0.0,0.0,0.0,0.0,0.0,0.0,0.0,0.0,0.0,0.0,0.0,0.0,0.0,0.0,0.0,0.0,0.0,0.0,0.0,0.0,0.0,0.0,0.0,0.0,0.0,0.0,0.0,0.0,0.0,0.0,0.0,0.0,0.0
11193,75,64,0,0.0,0.0,0.0,0.0,0.0,0.0,0.0,0.0,0.0,0.0,0.0,0.0,0.0,0.0,0.0,0.0,0.0,0.0,0.0,0.0,0.0,0.0,0.0,0.0,0.0,0.0,0.0,0.0,0.0,0.0,0.0,0.0,0.0,0.0,0.0
11194,75,65,0,0.0,0.0,0.0,0.0,0.0,0.0,0.0,0.0,0.0,0.0,0.0,0.0,0.0,0.0,0.0,0.0,0.0,0.0,0.0,0.0,0.0,0.0,0.0,0.0,0.0,0.0,0.0,0.0,0.0,0.0,0.0,0.0,0.0,0.0,0.0
11195,75,66,0,0.0,0.0,0.0,0.0,0.0,0.0,0.0,0.0,0.0,0.0,0.0,0.0,0.0,0.0,0.0,0.0,0.0,0.0,0.0,0.0,0.0,0.0,0.0,0.0,0.0,0.0,0.0,0.0,0.0,0.0,0.0,0.0,0.0,0.0,0.0
11196,75,67,0,0.0,0.0,0.0,0.0,0.0,0.0,0.0,0.0,0.0,0.0,0.0,0.0,0.0,0.0,0.0,0.0,0.0,0.0,0.0,0.0,0.0,0.0,0.0,0.0,0.0,0.0,0.0,0.0,0.0,0.0,0.0,0.0,0.0,0.0,0.0
11197,75,72,0,0.0,0.0,0.0,0.0,0.0,0.0,0.0,0.0,0.0,0.0,0.0,0.0,0.0,0.0,0.0,0.0,0.0,0.0,0.0,0.0,0.0,0.0,0.0,0.0,0.0,0.0,0.0,0.0,0.0,0.0,0.0,0.0,0.0,0.0,0.0
11198,75,74,0,0.0,0.0,0.0,0.0,0.0,0.0,0.0,0.0,0.0,0.0,0.0,0.0,0.0,0.0,0.0,0.0,0.0,0.0,0.0,0.0,0.0,0.0,0.0,0.0,0.0,0.0,0.0,0.0,0.0,0.0,0.0,0.0,0.0,0.0,0.0
11199,75,75,0,0.0,0.0,0.0,0.0,0.0,0.0,0.0,0.0,0.0,0.0,0.0,0.0,0.0,0.0,0.0,0.0,0.0,0.0,0.0,0.0,0.0,0.0,0.0,0.0,0.0,0.0,0.0,0.0,0.0,0.0,0.0,0.0,0.0,0.0,0.0
11200,75,77,0,0.0,0.0,0.0,0.0,0.0,0.0,0.0,0.0,0.0,0.0,0.0,0.0,0.0,0.0,0.0,0.0,0.0,0.0,0.0,0.0,0.0,0.0,0.0,0.0,0.0,0.0,0.0,0.0,0.0,0.0,0.0,0.0,0.0,0.0,0.0
11201,75,78,0,0.0,0.0,0.0,0.0,0.0,0.0,0.0,0.0,0.0,0.0,0.0,0.0,0.0,0.0,0.0,0.0,0.0,0.0,0.0,0.0,0.0,0.0,0.0,0.0,0.0,0.0,0.0,0.0,0.0,0.0,0.0,0.0,0.0,0.0,0.0
11202,75,79,0,0.0,0.0,0.0,0.0,0.0,0.0,0.0,0.0,0.0,0.0,0.0,0.0,0.0,0.0,0.0,0.0,0.0,0.0,0.0,0.0,0.0,0.0,0.0,0.0,0.0,0.0,0.0,0.0,0.0,0.0,0.0,0.0,0.0,0.0,0.0
11203,75,82,0,0.0,0.0,0.0,0.0,0.0,0.0,0.0,0.0,0.0,0.0,0.0,0.0,0.0,0.0,0.0,0.0,0.0,0.0,0.0,0.0,0.0,0.0,0.0,0.0,0.0,0.0,0.0,0.0,0.0,0.0,0.0,0.0,0.0,0.0,0.0
11204,75,83,0,0.0,0.0,0.0,0.0,0.0,0.0,0.0,0.0,0.0,0.0,0.0,0.0,0.0,0.0,0.0,0.0,0.0,0.0,0.0,0.0,0.0,0.0,0.0,0.0,0.0,0.0,0.0,0.0,0.0,0.0,0.0,0.0,0.0,0.0,0.0
11205,75,86,0,0.0,0.0,0.0,0.0,0.0,0.0,0.0,0.0,0.0,0.0,0.0,0.0,0.0,0.0,0.0,0.0,0.0,0.0,0.0,0.0,0.0,0.0,0.0,0.0,0.0,0.0,0.0,0.0,0.0,0.0,0.0,0.0,0.0,0.0,0.0
11206,75,88,0,0.0,0.0,0.0,0.0,0.0,0.0,0.0,0.0,0.0,0.0,0.0,0.0,0.0,0.0,0.0,0.0,0.0,0.0,0.0,0.0,0.0,0.0,0.0,0.0,0.0,0.0,0.0,0.0,0.0,0.0,0.0,0.0,0.0,0.0,0.0
11207,75,90,0,0.0,0.0,0.0,0.0,0.0,0.0,0.0,0.0,0.0,0.0,0.0,0.0,0.0,0.0,0.0,0.0,0.0,0.0,0.0,0.0,0.0,0.0,0.0,0.0,0.0,0.0,0.0,0.0,0.0,0.0,0.0,0.0,0.0,0.0,0.0
11208,75,93,0,0.0,0.0,0.0,0.0,0.0,0.0,0.0,0.0,0.0,0.0,0.0,0.0,0.0,0.0,0.0,0.0,0.0,0.0,0.0,0.0,0.0,0.0,0.0,0.0,0.0,0.0,0.0,0.0,0.0,0.0,0.0,0.0,0.0,0.0,0.0
11209,75,101,0,0.0,0.0,0.0,0.0,0.0,0.0,0.0,0.0,0.0,0.0,0.0,0.0,0.0,0.0,0.0,0.0,0.0,0.0,0.0,0.0,0.0,0.0,0.0,0.0,0.0,0.0,0.0,0.0,0.0,0.0,0.0,0.0,0.0,0.0,0.0
11210,75,105,0,0.0,0.0,0.0,0.0,0.0,0.0,0.0,0.0,0.0,0.0,0.0,0.0,0.0,0.0,0.0,0.0,0.0,0.0,0.0,0.0,0.0,0.0,0.0,0.0,0.0,0.0,0.0,0.0,0.0,0.0,0.0,0.0,0.0,0.0,0.0
11211,75,106,0,0.0,0.0,0.0,0.0,0.0,0.0,0.0,0.0,0.0,0.0,0.0,0.0,0.0,0.0,0.0,0.0,0.0,0.0,0.0,0.0,0.0,0.0,0.0,0.0,0.0,0.0,0.0,0.0,0.0,0.0,0.0,0.0,0.0,0.0,0.0
11212,75,111,0,0.0,0.0,0.0,0.0,0.0,0.0,0.0,0.0,0.0,0.0,0.0,0.0,0.0,0.0,0.0,0.0,0.0,0.0,0.0,0.0,0.0,0.0,0.0,0.0,0.0,0.0,0.0,0.0,0.0,0.0,0.0,0.0,0.0,0.0,0.0
11213,75,112,0,0.0,0.0,0.0,0.0,0.0,0.0,0.0,0.0,0.0,0.0,0.0,0.0,0.0,0.0,0.0,0.0,0.0,0.0,0.0,0.0,0.0,0.0,0.0,0.0,0.0,0.0,0.0,0.0,0.0,0.0,0.0,0.0,0.0,0.0,0.0
11214,75,114,0,0.0,0.0,0.0,0.0,0.0,0.0,0.0,0.0,0.0,0.0,0.0,0.0,0.0,0.0,0.0,0.0,0.0,0.0,0.0,0.0,0.0,0.0,0.0,0.0,0.0,0.0,0.0,0.0,0.0,0.0,0.0,0.0,0.0,0.0,0.0
11215,75,116,0,0.0,0.0,0.0,0.0,0.0,0.0,0.0,0.0,0.0,0.0,0.0,0.0,0.0,0.0,0.0,0.0,0.0,0.0,0.0,0.0,0.0,0.0,0.0,0.0,0.0,0.0,0.0,0.0,0.0,0.0,0.0,0.0,0.0,0.0,0.0
11216,75,118,0,0.0,0.0,0.0,0.0,0.0,0.0,0.0,0.0,0.0,0.0,0.0,0.0,0.0,0.0,0.0,0.0,0.0,0.0,0.0,0.0,0.0,0.0,0.0,0.0,0.0,0.0,0.0,0.0,0.0,0.0,0.0,0.0,0.0,0.0,0.0
11217,75,124,0,0.0,0.0,0.0,0.0,0.0,0.0,0.0,0.0,0.0,0.0,0.0,0.0,0.0,0.0,0.0,0.0,0.0,0.0,0.0,0.0,0.0,0.0,0.0,0.0,0.0,0.0,0.0,0.0,0.0,0.0,0.0,0.0,0.0,0.0,0.0
11218,75,126,0,0.0,0.0,0.0,0.0,0.0,0.0,0.0,0.0,0.0,0.0,0.0,0.0,0.0,0.0,0.0,0.0,0.0,0.0,0.0,0.0,0.0,0.0,0.0,0.0,0.0,0.0,0.0,0.0,0.0,0.0,0.0,0.0,0.0,0.0,0.0
11219,75,128,0,0.0,0.0,0.0,0.0,0.0,0.0,0.0,0.0,0.0,0.0,0.0,0.0,0.0,0.0,0.0,0.0,0.0,0.0,0.0,0.0,0.0,0.0,0.0,0.0,0.0,0.0,0.0,0.0,0.0,0.0,0.0,0.0,0.0,0.0,0.0
11220,75,129,0,0.0,0.0,0.0,0.0,0.0,0.0,0.0,0.0,0.0,0.0,0.0,0.0,0.0,0.0,0.0,0.0,0.0,0.0,0.0,0.0,0.0,0.0,0.0,0.0,0.0,0.0,0.0,0.0,0.0,0.0,0.0,0.0,0.0,0.0,0.0
11221,75,131,0,0.0,0.0,0.0,0.0,0.0,0.0,0.0,0.0,0.0,0.0,0.0,0.0,0.0,0.0,0.0,0.0,0.0,0.0,0.0,0.0,0.0,0.0,0.0,0.0,0.0,0.0,0.0,0.0,0.0,0.0,0.0,0.0,0.0,0.0,0.0
11222,75,134,0,0.0,0.0,0.0,0.0,0.0,0.0,0.0,0.0,0.0,0.0,0.0,0.0,0.0,0.0,0.0,0.0,0.0,0.0,0.0,0.0,0.0,0.0,0.0,0.0,0.0,0.0,0.0,0.0,0.0,0.0,0.0,0.0,0.0,0.0,0.0
11223,75,136,0,0.0,0.0,0.0,0.0,0.0,0.0,0.0,0.0,0.0,0.0,0.0,0.0,0.0,0.0,0.0,0.0,0.0,0.0,0.0,0.0,0.0,0.0,0.0,0.0,0.0,0.0,0.0,0.0,0.0,0.0,0.0,0.0,0.0,0.0,0.0
11224,75,137,0,0.0,0.0,0.0,0.0,0.0,0.0,0.0,0.0,0.0,0.0,0.0,0.0,0.0,0.0,0.0,0.0,0.0,0.0,0.0,0.0,0.0,0.0,0.0,0.0,0.0,0.0,0.0,0.0,0.0,0.0,0.0,0.0,0.0,0.0,0.0
11225,75,138,0,0.0,0.0,0.0,0.0,0.0,0.0,0.0,0.0,0.0,0.0,0.0,0.0,0.0,0.0,0.0,0.0,0.0,0.0,0.0,0.0,0.0,0.0,0.0,0.0,0.0,0.0,0.0,0.0,0.0,0.0,0.0,0.0,0.0,0.0,0.0
11226,75,139,0,0.0,0.0,0.0,0.0,0.0,0.0,0.0,0.0,0.0,0.0,0.0,0.0,0.0,0.0,0.0,0.0,0.0,0.0,0.0,0.0,0.0,0.0,0.0,0.0,0.0,0.0,0.0,0.0,0.0,0.0,0.0,0.0,0.0,0.0,0.0
11227,75,141,0,0.0,0.0,0.0,0.0,0.0,0.0,0.0,0.0,0.0,0.0,0.0,0.0,0.0,0.0,0.0,0.0,0.0,0.0,0.0,0.0,0.0,0.0,0.0,0.0,0.0,0.0,0.0,0.0,0.0,0.0,0.0,0.0,0.0,0.0,0.0
11228,75,143,0,0.0,0.0,0.0,0.0,0.0,0.0,0.0,0.0,0.0,0.0,0.0,0.0,0.0,0.0,0.0,0.0,0.0,0.0,0.0,0.0,0.0,0.0,0.0,0.0,0.0,0.0,0.0,0.0,0.0,0.0,0.0,0.0,0.0,0.0,0.0
11229,75,147,0,0.0,0.0,0.0,0.0,0.0,0.0,0.0,0.0,0.0,0.0,0.0,0.0,0.0,0.0,0.0,0.0,0.0,0.0,0.0,0.0,0.0,0.0,0.0,0.0,0.0,0.0,0.0,0.0,0.0,0.0,0.0,0.0,0.0,0.0,0.0
11230,75,148,0,0.0,0.0,0.0,0.0,0.0,0.0,0.0,0.0,0.0,0.0,0.0,0.0,0.0,0.0,0.0,0.0,0.0,0.0,0.0,0.0,0.0,0.0,0.0,0.0,0.0,0.0,0.0,0.0,0.0,0.0,0.0,0.0,0.0,0.0,0.0
11231,75,150,0,0.0,0.0,0.0,0.0,0.0,0.0,0.0,0.0,0.0,0.0,0.0,0.0,0.0,0.0,0.0,0.0,0.0,0.0,0.0,0.0,0.0,0.0,0.0,0.0,0.0,0.0,0.0,0.0,0.0,0.0,0.0,0.0,0.0,0.0,0.0
11232,75,151,0,0.0,0.0,0.0,0.0,0.0,0.0,0.0,0.0,0.0,0.0,0.0,0.0,0.0,0.0,0.0,0.0,0.0,0.0,0.0,0.0,0.0,0.0,0.0,0.0,0.0,0.0,0.0,0.0,0.0,0.0,0.0,0.0,0.0,0.0,0.0
11233,75,152,0,0.0,0.0,0.0,0.0,0.0,0.0,0.0,0.0,0.0,0.0,0.0,0.0,0.0,0.0,0.0,0.0,0.0,0.0,0.0,0.0,0.0,0.0,0.0,0.0,0.0,0.0,0.0,0.0,0.0,0.0,0.0,0.0,0.0,0.0,0.0
11234,75,155,0,0.0,0.0,0.0,0.0,0.0,0.0,0.0,0.0,0.0,0.0,0.0,0.0,0.0,0.0,0.0,0.0,0.0,0.0,0.0,0.0,0.0,0.0,0.0,0.0,0.0,0.0,0.0,0.0,0.0,0.0,0.0,0.0,0.0,0.0,0.0
11235,75,158,0,0.0,0.0,0.0,0.0,0.0,0.0,0.0,0.0,0.0,0.0,0.0,0.0,0.0,0.0,0.0,0.0,0.0,0.0,0.0,0.0,0.0,0.0,0.0,0.0,0.0,0.0,0.0,0.0,0.0,0.0,0.0,0.0,0.0,0.0,0.0
11236,75,162,0,0.0,0.0,0.0,0.0,0.0,0.0,0.0,0.0,0.0,0.0,0.0,0.0,0.0,0.0,0.0,0.0,0.0,0.0,0.0,0.0,0.0,0.0,0.0,0.0,0.0,0.0,0.0,0.0,0.0,0.0,0.0,0.0,0.0,0.0,0.0
11237,75,163,0,0.0,0.0,0.0,0.0,0.0,0.0,0.0,0.0,0.0,0.0,0.0,0.0,0.0,0.0,0.0,0.0,0.0,0.0,0.0,0.0,0.0,0.0,0.0,0.0,0.0,0.0,0.0,0.0,0.0,0.0,0.0,0.0,0.0,0.0,0.0
11238,75,166,0,0.0,0.0,0.0,0.0,0.0,0.0,0.0,0.0,0.0,0.0,0.0,0.0,0.0,0.0,0.0,0.0,0.0,0.0,0.0,0.0,0.0,0.0,0.0,0.0,0.0,0.0,0.0,0.0,0.0,0.0,0.0,0.0,0.0,0.0,0.0
11239,75,167,0,0.0,0.0,0.0,0.0,0.0,0.0,0.0,0.0,0.0,0.0,0.0,0.0,0.0,0.0,0.0,0.0,0.0,0.0,0.0,0.0,0.0,0.0,0.0,0.0,0.0,0.0,0.0,0.0,0.0,0.0,0.0,0.0,0.0,0.0,0.0
11240,75,170,0,0.0,0.0,0.0,0.0,0.0,0.0,0.0,0.0,0.0,0.0,0.0,0.0,0.0,0.0,0.0,0.0,0.0,0.0,0.0,0.0,0.0,0.0,0.0,0.0,0.0,0.0,0.0,0.0,0.0,0.0,0.0,0.0,0.0,0.0,0.0
11241,75,171,0,0.0,0.0,0.0,0.0,0.0,0.0,0.0,0.0,0.0,0.0,0.0,0.0,0.0,0.0,0.0,0.0,0.0,0.0,0.0,0.0,0.0,0.0,0.0,0.0,0.0,0.0,0.0,0.0,0.0,0.0,0.0,0.0,0.0,0.0,0.0
11242,75,174,0,0.0,0.0,0.0,0.0,0.0,0.0,0.0,0.0,0.0,0.0,0.0,0.0,0.0,0.0,0.0,0.0,0.0,0.0,0.0,0.0,0.0,0.0,0.0,0.0,0.0,0.0,0.0,0.0,0.0,0.0,0.0,0.0,0.0,0.0,0.0
11243,75,178,0,0.0,0.0,0.0,0.0,0.0,0.0,0.0,0.0,0.0,0.0,0.0,0.0,0.0,0.0,0.0,0.0,0.0,0.0,0.0,0.0,0.0,0.0,0.0,0.0,0.0,0.0,0.0,0.0,0.0,0.0,0.0,0.0,0.0,0.0,0.0
11244,75,181,0,0.0,0.0,0.0,0.0,0.0,0.0,0.0,0.0,0.0,0.0,0.0,0.0,0.0,0.0,0.0,0.0,0.0,0.0,0.0,0.0,0.0,0.0,0.0,0.0,0.0,0.0,0.0,0.0,0.0,0.0,0.0,0.0,0.0,0.0,0.0
11245,75,182,0,0.0,0.0,0.0,0.0,0.0,0.0,0.0,0.0,0.0,0.0,0.0,0.0,0.0,0.0,0.0,0.0,0.0,0.0,0.0,0.0,0.0,0.0,0.0,0.0,0.0,0.0,0.0,0.0,0.0,0.0,0.0,0.0,0.0,0.0,0.0
11246,75,186,0,0.0,0.0,0.0,0.0,0.0,0.0,0.0,0.0,0.0,0.0,0.0,0.0,0.0,0.0,0.0,0.0,0.0,0.0,0.0,0.0,0.0,0.0,0.0,0.0,0.0,0.0,0.0,0.0,0.0,0.0,0.0,0.0,0.0,0.0,0.0
11247,75,189,0,0.0,0.0,0.0,0.0,0.0,0.0,0.0,0.0,0.0,0.0,0.0,0.0,0.0,0.0,0.0,0.0,0.0,0.0,0.0,0.0,0.0,0.0,0.0,0.0,0.0,0.0,0.0,0.0,0.0,0.0,0.0,0.0,0.0,0.0,0.0
11248,75,190,0,0.0,0.0,0.0,0.0,0.0,0.0,0.0,0.0,0.0,0.0,0.0,0.0,0.0,0.0,0.0,0.0,0.0,0.0,0.0,0.0,0.0,0.0,0.0,0.0,0.0,0.0,0.0,0.0,0.0,0.0,0.0,0.0,0.0,0.0,0.0
11249,75,191,0,0.0,0.0,0.0,0.0,0.0,0.0,0.0,0.0,0.0,0.0,0.0,0.0,0.0,0.0,0.0,0.0,0.0,0.0,0.0,0.0,0.0,0.0,0.0,0.0,0.0,0.0,0.0,0.0,0.0,0.0,0.0,0.0,0.0,0.0,0.0
11250,75,194,0,0.0,0.0,0.0,0.0,0.0,0.0,0.0,0.0,0.0,0.0,0.0,0.0,0.0,0.0,0.0,0.0,0.0,0.0,0.0,0.0,0.0,0.0,0.0,0.0,0.0,0.0,0.0,0.0,0.0,0.0,0.0,0.0,0.0,0.0,0.0
11251,75,195,0,0.0,0.0,0.0,0.0,0.0,0.0,0.0,0.0,0.0,0.0,0.0,0.0,0.0,0.0,0.0,0.0,0.0,0.0,0.0,0.0,0.0,0.0,0.0,0.0,0.0,0.0,0.0,0.0,0.0,0.0,0.0,0.0,0.0,0.0,0.0
11252,75,196,0,0.0,0.0,0.0,0.0,0.0,0.0,0.0,0.0,0.0,0.0,0.0,0.0,0.0,0.0,0.0,0.0,0.0,0.0,0.0,0.0,0.0,0.0,0.0,0.0,0.0,0.0,0.0,0.0,0.0,0.0,0.0,0.0,0.0,0.0,0.0
11253,75,197,0,0.0,0.0,0.0,0.0,0.0,0.0,0.0,0.0,0.0,0.0,0.0,0.0,0.0,0.0,0.0,0.0,0.0,0.0,0.0,0.0,0.0,0.0,0.0,0.0,0.0,0.0,0.0,0.0,0.0,0.0,0.0,0.0,0.0,0.0,0.0
11254,75,198,0,0.0,0.0,0.0,0.0,0.0,0.0,0.0,0.0,0.0,0.0,0.0,0.0,0.0,0.0,0.0,0.0,0.0,0.0,0.0,0.0,0.0,0.0,0.0,0.0,0.0,0.0,0.0,0.0,0.0,0.0,0.0,0.0,0.0,0.0,0.0
11255,75,200,0,0.0,0.0,0.0,0.0,0.0,0.0,0.0,0.0,0.0,0.0,0.0,0.0,0.0,0.0,0.0,0.0,0.0,0.0,0.0,0.0,0.0,0.0,0.0,0.0,0.0,0.0,0.0,0.0,0.0,0.0,0.0,0.0,0.0,0.0,0.0
11256,75,202,0,0.0,0.0,0.0,0.0,0.0,0.0,0.0,0.0,0.0,0.0,0.0,0.0,0.0,0.0,0.0,0.0,0.0,0.0,0.0,0.0,0.0,0.0,0.0,0.0,0.0,0.0,0.0,0.0,0.0,0.0,0.0,0.0,0.0,0.0,0.0
11257,75,209,0,0.0,0.0,0.0,0.0,0.0,0.0,0.0,0.0,0.0,0.0,0.0,0.0,0.0,0.0,0.0,0.0,0.0,0.0,0.0,0.0,0.0,0.0,0.0,0.0,0.0,0.0,0.0,0.0,0.0,0.0,0.0,0.0,0.0,0.0,0.0
11258,75,213,0,0.0,0.0,0.0,0.0,0.0,0.0,0.0,0.0,0.0,0.0,0.0,0.0,0.0,0.0,0.0,0.0,0.0,0.0,0.0,0.0,0.0,0.0,0.0,0.0,0.0,0.0,0.0,0.0,0.0,0.0,0.0,0.0,0.0,0.0,0.0
11259,75,216,0,0.0,0.0,0.0,0.0,0.0,0.0,0.0,0.0,0.0,0.0,0.0,0.0,0.0,0.0,0.0,0.0,0.0,0.0,0.0,0.0,0.0,0.0,0.0,0.0,0.0,0.0,0.0,0.0,0.0,0.0,0.0,0.0,0.0,0.0,0.0
11260,75,217,0,0.0,0.0,0.0,0.0,0.0,0.0,0.0,0.0,0.0,0.0,0.0,0.0,0.0,0.0,0.0,0.0,0.0,0.0,0.0,0.0,0.0,0.0,0.0,0.0,0.0,0.0,0.0,0.0,0.0,0.0,0.0,0.0,0.0,0.0,0.0
11261,75,218,0,0.0,0.0,0.0,0.0,0.0,0.0,0.0,0.0,0.0,0.0,0.0,0.0,0.0,0.0,0.0,0.0,0.0,0.0,0.0,0.0,0.0,0.0,0.0,0.0,0.0,0.0,0.0,0.0,0.0,0.0,0.0,0.0,0.0,0.0,0.0
11262,75,222,0,0.0,0.0,0.0,0.0,0.0,0.0,0.0,0.0,0.0,0.0,0.0,0.0,0.0,0.0,0.0,0.0,0.0,0.0,0.0,0.0,0.0,0.0,0.0,0.0,0.0,0.0,0.0,0.0,0.0,0.0,0.0,0.0,0.0,0.0,0.0
11263,75,224,0,0.0,0.0,0.0,0.0,0.0,0.0,0.0,0.0,0.0,0.0,0.0,0.0,0.0,0.0,0.0,0.0,0.0,0.0,0.0,0.0,0.0,0.0,0.0,0.0,0.0,0.0,0.0,0.0,0.0,0.0,0.0,0.0,0.0,0.0,0.0
11264,75,225,0,0.0,0.0,0.0,0.0,0.0,0.0,0.0,0.0,0.0,0.0,0.0,0.0,0.0,0.0,0.0,0.0,0.0,0.0,0.0,0.0,0.0,0.0,0.0,0.0,0.0,0.0,0.0,0.0,0.0,0.0,0.0,0.0,0.0,0.0,0.0
11265,75,226,0,0.0,0.0,0.0,0.0,0.0,0.0,0.0,0.0,0.0,0.0,0.0,0.0,0.0,0.0,0.0,0.0,0.0,0.0,0.0,0.0,0.0,0.0,0.0,0.0,0.0,0.0,0.0,0.0,0.0,0.0,0.0,0.0,0.0,0.0,0.0
11266,75,230,0,0.0,0.0,0.0,0.0,0.0,0.0,0.0,0.0,0.0,0.0,0.0,0.0,0.0,0.0,0.0,0.0,0.0,0.0,0.0,0.0,0.0,0.0,0.0,0.0,0.0,0.0,0.0,0.0,0.0,0.0,0.0,0.0,0.0,0.0,0.0
11267,75,231,0,0.0,0.0,0.0,0.0,0.0,0.0,0.0,0.0,0.0,0.0,0.0,0.0,0.0,0.0,0.0,0.0,0.0,0.0,0.0,0.0,0.0,0.0,0.0,0.0,0.0,0.0,0.0,0.0,0.0,0.0,0.0,0.0,0.0,0.0,0.0
11268,75,234,0,0.0,0.0,0.0,0.0,0.0,0.0,0.0,0.0,0.0,0.0,0.0,0.0,0.0,0.0,0.0,0.0,0.0,0.0,0.0,0.0,0.0,0.0,0.0,0.0,0.0,0.0,0.0,0.0,0.0,0.0,0.0,0.0,0.0,0.0,0.0
11269,75,237,0,0.0,0.0,0.0,0.0,0.0,0.0,0.0,0.0,0.0,0.0,0.0,0.0,0.0,0.0,0.0,0.0,0.0,0.0,0.0,0.0,0.0,0.0,0.0,0.0,0.0,0.0,0.0,0.0,0.0,0.0,0.0,0.0,0.0,0.0,0.0
11270,75,238,0,0.0,0.0,0.0,0.0,0.0,0.0,0.0,0.0,0.0,0.0,0.0,0.0,0.0,0.0,0.0,0.0,0.0,0.0,0.0,0.0,0.0,0.0,0.0,0.0,0.0,0.0,0.0,0.0,0.0,0.0,0.0,0.0,0.0,0.0,0.0
11271,75,239,0,0.0,0.0,0.0,0.0,0.0,0.0,0.0,0.0,0.0,0.0,0.0,0.0,0.0,0.0,0.0,0.0,0.0,0.0,0.0,0.0,0.0,0.0,0.0,0.0,0.0,0.0,0.0,0.0,0.0,0.0,0.0,0.0,0.0,0.0,0.0
11272,75,240,0,0.0,0.0,0.0,0.0,0.0,0.0,0.0,0.0,0.0,0.0,0.0,0.0,0.0,0.0,0.0,0.0,0.0,0.0,0.0,0.0,0.0,0.0,0.0,0.0,0.0,0.0,0.0,0.0,0.0,0.0,0.0,0.0,0.0,0.0,0.0
11273,75,241,0,0.0,0.0,0.0,0.0,0.0,0.0,0.0,0.0,0.0,0.0,0.0,0.0,0.0,0.0,0.0,0.0,0.0,0.0,0.0,0.0,0.0,0.0,0.0,0.0,0.0,0.0,0.0,0.0,0.0,0.0,0.0,0.0,0.0,0.0,0.0
11274,75,243,0,0.0,0.0,0.0,0.0,0.0,0.0,0.0,0.0,0.0,0.0,0.0,0.0,0.0,0.0,0.0,0.0,0.0,0.0,0.0,0.0,0.0,0.0,0.0,0.0,0.0,0.0,0.0,0.0,0.0,0.0,0.0,0.0,0.0,0.0,0.0
11275,76,1,0,0.0,0.0,0.0,0.0,0.0,0.0,0.0,0.0,0.0,0.0,0.0,0.0,0.0,0.0,0.0,0.0,0.0,0.0,0.0,0.0,0.0,0.0,0.0,0.0,0.0,0.0,0.0,0.0,0.0,0.0,0.0,0.0,0.0,0.0,0.0
11276,76,2,0,0.0,0.0,0.0,0.0,0.0,0.0,0.0,0.0,0.0,0.0,0.0,0.0,0.0,0.0,0.0,0.0,0.0,0.0,0.0,0.0,0.0,0.0,0.0,0.0,0.0,0.0,0.0,0.0,0.0,0.0,0.0,0.0,0.0,0.0,0.0
11277,76,3,0,0.0,0.0,0.0,0.0,0.0,0.0,0.0,0.0,0.0,0.0,0.0,0.0,0.0,0.0,0.0,0.0,0.0,0.0,0.0,0.0,0.0,0.0,0.0,0.0,0.0,0.0,0.0,0.0,0.0,0.0,0.0,0.0,0.0,0.0,0.0
11278,76,4,0,0.0,0.0,0.0,0.0,0.0,0.0,0.0,0.0,0.0,0.0,0.0,0.0,0.0,0.0,0.0,0.0,0.0,0.0,0.0,0.0,0.0,0.0,0.0,0.0,0.0,0.0,0.0,0.0,0.0,0.0,0.0,0.0,0.0,0.0,0.0
11279,76,5,0,0.0,0.0,0.0,0.0,0.0,0.0,0.0,0.0,0.0,0.0,0.0,0.0,0.0,0.0,0.0,0.0,0.0,0.0,0.0,0.0,0.0,0.0,0.0,0.0,0.0,0.0,0.0,0.0,0.0,0.0,0.0,0.0,0.0,0.0,0.0
11280,76,6,0,0.0,0.0,0.0,0.0,0.0,0.0,0.0,0.0,0.0,0.0,0.0,0.0,0.0,0.0,0.0,0.0,0.0,0.0,0.0,0.0,0.0,0.0,0.0,0.0,0.0,0.0,0.0,0.0,0.0,0.0,0.0,0.0,0.0,0.0,0.0
11281,76,7,0,0.0,0.0,0.0,0.0,0.0,0.0,0.0,0.0,0.0,0.0,0.0,0.0,0.0,0.0,0.0,0.0,0.0,0.0,0.0,0.0,0.0,0.0,0.0,0.0,0.0,0.0,0.0,0.0,0.0,0.0,0.0,0.0,0.0,0.0,0.0
11282,76,8,0,0.0,0.0,0.0,0.0,0.0,0.0,0.0,0.0,0.0,0.0,0.0,0.0,0.0,0.0,0.0,0.0,0.0,0.0,0.0,0.0,0.0,0.0,0.0,0.0,0.0,0.0,0.0,0.0,0.0,0.0,0.0,0.0,0.0,0.0,0.0
11283,76,9,0,0.0,0.0,0.0,0.0,0.0,0.0,0.0,0.0,0.0,0.0,0.0,0.0,0.0,0.0,0.0,0.0,0.0,0.0,0.0,0.0,0.0,0.0,0.0,0.0,0.0,0.0,0.0,0.0,0.0,0.0,0.0,0.0,0.0,0.0,0.0
11284,76,10,0,0.0,0.0,0.0,0.0,0.0,0.0,0.0,0.0,0.0,0.0,0.0,0.0,0.0,0.0,0.0,0.0,0.0,0.0,0.0,0.0,0.0,0.0,0.0,0.0,0.0,0.0,0.0,0.0,0.0,0.0,0.0,0.0,0.0,0.0,0.0
11285,76,11,0,0.0,0.0,0.0,0.0,0.0,0.0,0.0,0.0,0.0,0.0,0.0,0.0,0.0,0.0,0.0,0.0,0.0,0.0,0.0,0.0,0.0,0.0,0.0,0.0,0.0,0.0,0.0,0.0,0.0,0.0,0.0,0.0,0.0,0.0,0.0
11286,76,12,0,0.0,0.0,0.0,0.0,0.0,0.0,0.0,0.0,0.0,0.0,0.0,0.0,0.0,0.0,0.0,0.0,0.0,0.0,0.0,0.0,0.0,0.0,0.0,0.0,0.0,0.0,0.0,0.0,0.0,0.0,0.0,0.0,0.0,0.0,0.0
11287,76,13,0,0.0,0.0,0.0,0.0,0.0,0.0,0.0,0.0,0.0,0.0,0.0,0.0,0.0,0.0,0.0,0.0,0.0,0.0,0.0,0.0,0.0,0.0,0.0,0.0,0.0,0.0,0.0,0.0,0.0,0.0,0.0,0.0,0.0,0.0,0.0
11288,76,14,0,0.0,0.0,0.0,0.0,0.0,0.0,0.0,0.0,0.0,0.0,0.0,0.0,0.0,0.0,0.0,0.0,0.0,0.0,0.0,0.0,0.0,0.0,0.0,0.0,0.0,0.0,0.0,0.0,0.0,0.0,0.0,0.0,0.0,0.0,0.0
11289,76,15,0,0.0,0.0,0.0,0.0,0.0,0.0,0.0,0.0,0.0,0.0,0.0,0.0,0.0,0.0,0.0,0.0,0.0,0.0,0.0,0.0,0.0,0.0,0.0,0.0,0.0,0.0,0.0,0.0,0.0,0.0,0.0,0.0,0.0,0.0,0.0
11290,76,16,0,0.0,0.0,0.0,0.0,0.0,0.0,0.0,0.0,0.0,0.0,0.0,0.0,0.0,0.0,0.0,0.0,0.0,0.0,0.0,0.0,0.0,0.0,0.0,0.0,0.0,0.0,0.0,0.0,0.0,0.0,0.0,0.0,0.0,0.0,0.0
11291,76,17,0,0.0,0.0,0.0,0.0,0.0,0.0,0.0,0.0,0.0,0.0,0.0,0.0,0.0,0.0,0.0,0.0,0.0,0.0,0.0,0.0,0.0,0.0,0.0,0.0,0.0,0.0,0.0,0.0,0.0,0.0,0.0,0.0,0.0,0.0,0.0
11292,76,18,0,0.0,0.0,0.0,0.0,0.0,0.0,0.0,0.0,0.0,0.0,0.0,0.0,0.0,0.0,0.0,0.0,0.0,0.0,0.0,0.0,0.0,0.0,0.0,0.0,0.0,0.0,0.0,0.0,0.0,0.0,0.0,0.0,0.0,0.0,0.0
11293,76,19,0,0.0,0.0,0.0,0.0,0.0,0.0,0.0,0.0,0.0,0.0,0.0,0.0,0.0,0.0,0.0,0.0,0.0,0.0,0.0,0.0,0.0,0.0,0.0,0.0,0.0,0.0,0.0,0.0,0.0,0.0,0.0,0.0,0.0,0.0,0.0
11294,76,20,0,0.0,0.0,0.0,0.0,0.0,0.0,0.0,0.0,0.0,0.0,0.0,0.0,0.0,0.0,0.0,0.0,0.0,0.0,0.0,0.0,0.0,0.0,0.0,0.0,0.0,0.0,0.0,0.0,0.0,0.0,0.0,0.0,0.0,0.0,0.0
11295,76,21,0,0.0,0.0,0.0,0.0,0.0,0.0,0.0,0.0,0.0,0.0,0.0,0.0,0.0,0.0,0.0,0.0,0.0,0.0,0.0,0.0,0.0,0.0,0.0,0.0,0.0,0.0,0.0,0.0,0.0,0.0,0.0,0.0,0.0,0.0,0.0
11296,76,22,0,0.0,0.0,0.0,0.0,0.0,0.0,0.0,0.0,0.0,0.0,0.0,0.0,0.0,0.0,0.0,0.0,0.0,0.0,0.0,0.0,0.0,0.0,0.0,0.0,0.0,0.0,0.0,0.0,0.0,0.0,0.0,0.0,0.0,0.0,0.0
11297,76,23,0,0.0,0.0,0.0,0.0,0.0,0.0,0.0,0.0,0.0,0.0,0.0,0.0,0.0,0.0,0.0,0.0,0.0,0.0,0.0,0.0,0.0,0.0,0.0,0.0,0.0,0.0,0.0,0.0,0.0,0.0,0.0,0.0,0.0,0.0,0.0
11298,76,24,0,0.0,0.0,0.0,0.0,0.0,0.0,0.0,0.0,0.0,0.0,0.0,0.0,0.0,0.0,0.0,0.0,0.0,0.0,0.0,0.0,0.0,0.0,0.0,0.0,0.0,0.0,0.0,0.0,0.0,0.0,0.0,0.0,0.0,0.0,0.0
11299,76,25,0,0.0,0.0,0.0,0.0,0.0,0.0,0.0,0.0,0.0,0.0,0.0,0.0,0.0,0.0,0.0,0.0,0.0,0.0,0.0,0.0,0.0,0.0,0.0,0.0,0.0,0.0,0.0,0.0,0.0,0.0,0.0,0.0,0.0,0.0,0.0
11300,76,26,0,0.0,0.0,0.0,0.0,0.0,0.0,0.0,0.0,0.0,0.0,0.0,0.0,0.0,0.0,0.0,0.0,0.0,0.0,0.0,0.0,0.0,0.0,0.0,0.0,0.0,0.0,0.0,0.0,0.0,0.0,0.0,0.0,0.0,0.0,0.0
11301,76,27,0,0.0,0.0,0.0,0.0,0.0,0.0,0.0,0.0,0.0,0.0,0.0,0.0,0.0,0.0,0.0,0.0,0.0,0.0,0.0,0.0,0.0,0.0,0.0,0.0,0.0,0.0,0.0,0.0,0.0,0.0,0.0,0.0,0.0,0.0,0.0
11302,76,28,0,0.0,0.0,0.0,0.0,0.0,0.0,0.0,0.0,0.0,0.0,0.0,0.0,0.0,0.0,0.0,0.0,0.0,0.0,0.0,0.0,0.0,0.0,0.0,0.0,0.0,0.0,0.0,0.0,0.0,0.0,0.0,0.0,0.0,0.0,0.0
11303,76,29,0,0.0,0.0,0.0,0.0,0.0,0.0,0.0,0.0,0.0,0.0,0.0,0.0,0.0,0.0,0.0,0.0,0.0,0.0,0.0,0.0,0.0,0.0,0.0,0.0,0.0,0.0,0.0,0.0,0.0,0.0,0.0,0.0,0.0,0.0,0.0
11304,76,30,0,0.0,0.0,0.0,0.0,0.0,0.0,0.0,0.0,0.0,0.0,0.0,0.0,0.0,0.0,0.0,0.0,0.0,0.0,0.0,0.0,0.0,0.0,0.0,0.0,0.0,0.0,0.0,0.0,0.0,0.0,0.0,0.0,0.0,0.0,0.0
11305,76,31,0,0.0,0.0,0.0,0.0,0.0,0.0,0.0,0.0,0.0,0.0,0.0,0.0,0.0,0.0,0.0,0.0,0.0,0.0,0.0,0.0,0.0,0.0,0.0,0.0,0.0,0.0,0.0,0.0,0.0,0.0,0.0,0.0,0.0,0.0,0.0
11306,76,32,0,0.0,0.0,0.0,0.0,0.0,0.0,0.0,0.0,0.0,0.0,0.0,0.0,0.0,0.0,0.0,0.0,0.0,0.0,0.0,0.0,0.0,0.0,0.0,0.0,0.0,0.0,0.0,0.0,0.0,0.0,0.0,0.0,0.0,0.0,0.0
11307,76,33,0,0.0,0.0,0.0,0.0,0.0,0.0,0.0,0.0,0.0,0.0,0.0,0.0,0.0,0.0,0.0,0.0,0.0,0.0,0.0,0.0,0.0,0.0,0.0,0.0,0.0,0.0,0.0,0.0,0.0,0.0,0.0,0.0,0.0,0.0,0.0
11308,76,34,0,0.0,0.0,0.0,0.0,0.0,0.0,0.0,0.0,0.0,0.0,0.0,0.0,0.0,0.0,0.0,0.0,0.0,0.0,0.0,0.0,0.0,0.0,0.0,0.0,0.0,0.0,0.0,0.0,0.0,0.0,0.0,0.0,0.0,0.0,0.0
11309,76,35,0,0.0,0.0,0.0,0.0,0.0,0.0,0.0,0.0,0.0,0.0,0.0,0.0,0.0,0.0,0.0,0.0,0.0,0.0,0.0,0.0,0.0,0.0,0.0,0.0,0.0,0.0,0.0,0.0,0.0,0.0,0.0,0.0,0.0,0.0,0.0
11310,76,36,0,0.0,0.0,0.0,0.0,0.0,0.0,0.0,0.0,0.0,0.0,0.0,0.0,0.0,0.0,0.0,0.0,0.0,0.0,0.0,0.0,0.0,0.0,0.0,0.0,0.0,0.0,0.0,0.0,0.0,0.0,0.0,0.0,0.0,0.0,0.0
11311,76,37,0,0.0,0.0,0.0,0.0,0.0,0.0,0.0,0.0,0.0,0.0,0.0,0.0,0.0,0.0,0.0,0.0,0.0,0.0,0.0,0.0,0.0,0.0,0.0,0.0,0.0,0.0,0.0,0.0,0.0,0.0,0.0,0.0,0.0,0.0,0.0
11312,76,38,0,0.0,0.0,0.0,0.0,0.0,0.0,0.0,0.0,0.0,0.0,0.0,0.0,0.0,0.0,0.0,0.0,0.0,0.0,0.0,0.0,0.0,0.0,0.0,0.0,0.0,0.0,0.0,0.0,0.0,0.0,0.0,0.0,0.0,0.0,0.0
11313,76,39,0,0.0,0.0,0.0,0.0,0.0,0.0,0.0,0.0,0.0,0.0,0.0,0.0,0.0,0.0,0.0,0.0,0.0,0.0,0.0,0.0,0.0,0.0,0.0,0.0,0.0,0.0,0.0,0.0,0.0,0.0,0.0,0.0,0.0,0.0,0.0
11314,76,40,0,0.0,0.0,0.0,0.0,0.0,0.0,0.0,0.0,0.0,0.0,0.0,0.0,0.0,0.0,0.0,0.0,0.0,0.0,0.0,0.0,0.0,0.0,0.0,0.0,0.0,0.0,0.0,0.0,0.0,0.0,0.0,0.0,0.0,0.0,0.0
11315,76,41,0,0.0,0.0,0.0,0.0,0.0,0.0,0.0,0.0,0.0,0.0,0.0,0.0,0.0,0.0,0.0,0.0,0.0,0.0,0.0,0.0,0.0,0.0,0.0,0.0,0.0,0.0,0.0,0.0,0.0,0.0,0.0,0.0,0.0,0.0,0.0
11316,76,42,0,0.0,0.0,0.0,0.0,0.0,0.0,0.0,0.0,0.0,0.0,0.0,0.0,0.0,0.0,0.0,0.0,0.0,0.0,0.0,0.0,0.0,0.0,0.0,0.0,0.0,0.0,0.0,0.0,0.0,0.0,0.0,0.0,0.0,0.0,0.0
11317,76,43,0,0.0,0.0,0.0,0.0,0.0,0.0,0.0,0.0,0.0,0.0,0.0,0.0,0.0,0.0,0.0,0.0,0.0,0.0,0.0,0.0,0.0,0.0,0.0,0.0,0.0,0.0,0.0,0.0,0.0,0.0,0.0,0.0,0.0,0.0,0.0
11318,76,44,0,0.0,0.0,0.0,0.0,0.0,0.0,0.0,0.0,0.0,0.0,0.0,0.0,0.0,0.0,0.0,0.0,0.0,0.0,0.0,0.0,0.0,0.0,0.0,0.0,0.0,0.0,0.0,0.0,0.0,0.0,0.0,0.0,0.0,0.0,0.0
11319,76,45,0,0.0,0.0,0.0,0.0,0.0,0.0,0.0,0.0,0.0,0.0,0.0,0.0,0.0,0.0,0.0,0.0,0.0,0.0,0.0,0.0,0.0,0.0,0.0,0.0,0.0,0.0,0.0,0.0,0.0,0.0,0.0,0.0,0.0,0.0,0.0
11320,76,46,0,0.0,0.0,0.0,0.0,0.0,0.0,0.0,0.0,0.0,0.0,0.0,0.0,0.0,0.0,0.0,0.0,0.0,0.0,0.0,0.0,0.0,0.0,0.0,0.0,0.0,0.0,0.0,0.0,0.0,0.0,0.0,0.0,0.0,0.0,0.0
11321,76,47,0,0.0,0.0,0.0,0.0,0.0,0.0,0.0,0.0,0.0,0.0,0.0,0.0,0.0,0.0,0.0,0.0,0.0,0.0,0.0,0.0,0.0,0.0,0.0,0.0,0.0,0.0,0.0,0.0,0.0,0.0,0.0,0.0,0.0,0.0,0.0
11322,76,48,0,0.0,0.0,0.0,0.0,0.0,0.0,0.0,0.0,0.0,0.0,0.0,0.0,0.0,0.0,0.0,0.0,0.0,0.0,0.0,0.0,0.0,0.0,0.0,0.0,0.0,0.0,0.0,0.0,0.0,0.0,0.0,0.0,0.0,0.0,0.0
11323,76,49,0,0.0,0.0,0.0,0.0,0.0,0.0,0.0,0.0,0.0,0.0,0.0,0.0,0.0,0.0,0.0,0.0,0.0,0.0,0.0,0.0,0.0,0.0,0.0,0.0,0.0,0.0,0.0,0.0,0.0,0.0,0.0,0.0,0.0,0.0,0.0
11324,76,50,0,0.0,0.0,0.0,0.0,0.0,0.0,0.0,0.0,0.0,0.0,0.0,0.0,0.0,0.0,0.0,0.0,0.0,0.0,0.0,0.0,0.0,0.0,0.0,0.0,0.0,0.0,0.0,0.0,0.0,0.0,0.0,0.0,0.0,0.0,0.0
11325,76,51,0,0.0,0.0,0.0,0.0,0.0,0.0,0.0,0.0,0.0,0.0,0.0,0.0,0.0,0.0,0.0,0.0,0.0,0.0,0.0,0.0,0.0,0.0,0.0,0.0,0.0,0.0,0.0,0.0,0.0,0.0,0.0,0.0,0.0,0.0,0.0
11326,76,52,0,0.0,0.0,0.0,0.0,0.0,0.0,0.0,0.0,0.0,0.0,0.0,0.0,0.0,0.0,0.0,0.0,0.0,0.0,0.0,0.0,0.0,0.0,0.0,0.0,0.0,0.0,0.0,0.0,0.0,0.0,0.0,0.0,0.0,0.0,0.0
11327,76,53,0,0.0,0.0,0.0,0.0,0.0,0.0,0.0,0.0,0.0,0.0,0.0,0.0,0.0,0.0,0.0,0.0,0.0,0.0,0.0,0.0,0.0,0.0,0.0,0.0,0.0,0.0,0.0,0.0,0.0,0.0,0.0,0.0,0.0,0.0,0.0
11328,76,54,0,0.0,0.0,0.0,0.0,0.0,0.0,0.0,0.0,0.0,0.0,0.0,0.0,0.0,0.0,0.0,0.0,0.0,0.0,0.0,0.0,0.0,0.0,0.0,0.0,0.0,0.0,0.0,0.0,0.0,0.0,0.0,0.0,0.0,0.0,0.0
11329,76,55,0,0.0,0.0,0.0,0.0,0.0,0.0,0.0,0.0,0.0,0.0,0.0,0.0,0.0,0.0,0.0,0.0,0.0,0.0,0.0,0.0,0.0,0.0,0.0,0.0,0.0,0.0,0.0,0.0,0.0,0.0,0.0,0.0,0.0,0.0,0.0
11330,76,56,0,0.0,0.0,0.0,0.0,0.0,0.0,0.0,0.0,0.0,0.0,0.0,0.0,0.0,0.0,0.0,0.0,0.0,0.0,0.0,0.0,0.0,0.0,0.0,0.0,0.0,0.0,0.0,0.0,0.0,0.0,0.0,0.0,0.0,0.0,0.0
11331,76,57,0,0.0,0.0,0.0,0.0,0.0,0.0,0.0,0.0,0.0,0.0,0.0,0.0,0.0,0.0,0.0,0.0,0.0,0.0,0.0,0.0,0.0,0.0,0.0,0.0,0.0,0.0,0.0,0.0,0.0,0.0,0.0,0.0,0.0,0.0,0.0
11332,76,58,0,0.0,0.0,0.0,0.0,0.0,0.0,0.0,0.0,0.0,0.0,0.0,0.0,0.0,0.0,0.0,0.0,0.0,0.0,0.0,0.0,0.0,0.0,0.0,0.0,0.0,0.0,0.0,0.0,0.0,0.0,0.0,0.0,0.0,0.0,0.0
11333,76,59,0,0.0,0.0,0.0,0.0,0.0,0.0,0.0,0.0,0.0,0.0,0.0,0.0,0.0,0.0,0.0,0.0,0.0,0.0,0.0,0.0,0.0,0.0,0.0,0.0,0.0,0.0,0.0,0.0,0.0,0.0,0.0,0.0,0.0,0.0,0.0
11334,76,60,0,0.0,0.0,0.0,0.0,0.0,0.0,0.0,0.0,0.0,0.0,0.0,0.0,0.0,0.0,0.0,0.0,0.0,0.0,0.0,0.0,0.0,0.0,0.0,0.0,0.0,0.0,0.0,0.0,0.0,0.0,0.0,0.0,0.0,0.0,0.0
11335,76,61,0,0.0,0.0,0.0,0.0,0.0,0.0,0.0,0.0,0.0,0.0,0.0,0.0,0.0,0.0,0.0,0.0,0.0,0.0,0.0,0.0,0.0,0.0,0.0,0.0,0.0,0.0,0.0,0.0,0.0,0.0,0.0,0.0,0.0,0.0,0.0
11336,76,62,0,0.0,0.0,0.0,0.0,0.0,0.0,0.0,0.0,0.0,0.0,0.0,0.0,0.0,0.0,0.0,0.0,0.0,0.0,0.0,0.0,0.0,0.0,0.0,0.0,0.0,0.0,0.0,0.0,0.0,0.0,0.0,0.0,0.0,0.0,0.0
11337,76,63,0,0.0,0.0,0.0,0.0,0.0,0.0,0.0,0.0,0.0,0.0,0.0,0.0,0.0,0.0,0.0,0.0,0.0,0.0,0.0,0.0,0.0,0.0,0.0,0.0,0.0,0.0,0.0,0.0,0.0,0.0,0.0,0.0,0.0,0.0,0.0
11338,76,64,0,0.0,0.0,0.0,0.0,0.0,0.0,0.0,0.0,0.0,0.0,0.0,0.0,0.0,0.0,0.0,0.0,0.0,0.0,0.0,0.0,0.0,0.0,0.0,0.0,0.0,0.0,0.0,0.0,0.0,0.0,0.0,0.0,0.0,0.0,0.0
11339,76,65,0,0.0,0.0,0.0,0.0,0.0,0.0,0.0,0.0,0.0,0.0,0.0,0.0,0.0,0.0,0.0,0.0,0.0,0.0,0.0,0.0,0.0,0.0,0.0,0.0,0.0,0.0,0.0,0.0,0.0,0.0,0.0,0.0,0.0,0.0,0.0
11340,76,66,0,0.0,0.0,0.0,0.0,0.0,0.0,0.0,0.0,0.0,0.0,0.0,0.0,0.0,0.0,0.0,0.0,0.0,0.0,0.0,0.0,0.0,0.0,0.0,0.0,0.0,0.0,0.0,0.0,0.0,0.0,0.0,0.0,0.0,0.0,0.0
11341,76,67,0,0.0,0.0,0.0,0.0,0.0,0.0,0.0,0.0,0.0,0.0,0.0,0.0,0.0,0.0,0.0,0.0,0.0,0.0,0.0,0.0,0.0,0.0,0.0,0.0,0.0,0.0,0.0,0.0,0.0,0.0,0.0,0.0,0.0,0.0,0.0
11342,76,68,0,0.0,0.0,0.0,0.0,0.0,0.0,0.0,0.0,0.0,0.0,0.0,0.0,0.0,0.0,0.0,0.0,0.0,0.0,0.0,0.0,0.0,0.0,0.0,0.0,0.0,0.0,0.0,0.0,0.0,0.0,0.0,0.0,0.0,0.0,0.0
11343,76,69,0,0.0,0.0,0.0,0.0,0.0,0.0,0.0,0.0,0.0,0.0,0.0,0.0,0.0,0.0,0.0,0.0,0.0,0.0,0.0,0.0,0.0,0.0,0.0,0.0,0.0,0.0,0.0,0.0,0.0,0.0,0.0,0.0,0.0,0.0,0.0
11344,76,70,0,0.0,0.0,0.0,0.0,0.0,0.0,0.0,0.0,0.0,0.0,0.0,0.0,0.0,0.0,0.0,0.0,0.0,0.0,0.0,0.0,0.0,0.0,0.0,0.0,0.0,0.0,0.0,0.0,0.0,0.0,0.0,0.0,0.0,0.0,0.0
11345,76,71,0,0.0,0.0,0.0,0.0,0.0,0.0,0.0,0.0,0.0,0.0,0.0,0.0,0.0,0.0,0.0,0.0,0.0,0.0,0.0,0.0,0.0,0.0,0.0,0.0,0.0,0.0,0.0,0.0,0.0,0.0,0.0,0.0,0.0,0.0,0.0
11346,76,72,0,0.0,0.0,0.0,0.0,0.0,0.0,0.0,0.0,0.0,0.0,0.0,0.0,0.0,0.0,0.0,0.0,0.0,0.0,0.0,0.0,0.0,0.0,0.0,0.0,0.0,0.0,0.0,0.0,0.0,0.0,0.0,0.0,0.0,0.0,0.0
11347,76,73,0,0.0,0.0,0.0,0.0,0.0,0.0,0.0,0.0,0.0,0.0,0.0,0.0,0.0,0.0,0.0,0.0,0.0,0.0,0.0,0.0,0.0,0.0,0.0,0.0,0.0,0.0,0.0,0.0,0.0,0.0,0.0,0.0,0.0,0.0,0.0
11348,76,74,0,0.0,0.0,0.0,0.0,0.0,0.0,0.0,0.0,0.0,0.0,0.0,0.0,0.0,0.0,0.0,0.0,0.0,0.0,0.0,0.0,0.0,0.0,0.0,0.0,0.0,0.0,0.0,0.0,0.0,0.0,0.0,0.0,0.0,0.0,0.0
11349,76,75,0,0.0,0.0,0.0,0.0,0.0,0.0,0.0,0.0,0.0,0.0,0.0,0.0,0.0,0.0,0.0,0.0,0.0,0.0,0.0,0.0,0.0,0.0,0.0,0.0,0.0,0.0,0.0,0.0,0.0,0.0,0.0,0.0,0.0,0.0,0.0
11350,76,76,0,0.0,0.0,0.0,0.0,0.0,0.0,0.0,0.0,0.0,0.0,0.0,0.0,0.0,0.0,0.0,0.0,0.0,0.0,0.0,0.0,0.0,0.0,0.0,0.0,0.0,0.0,0.0,0.0,0.0,0.0,0.0,0.0,0.0,0.0,0.0
11351,76,77,0,0.0,0.0,0.0,0.0,0.0,0.0,0.0,0.0,0.0,0.0,0.0,0.0,0.0,0.0,0.0,0.0,0.0,0.0,0.0,0.0,0.0,0.0,0.0,0.0,0.0,0.0,0.0,0.0,0.0,0.0,0.0,0.0,0.0,0.0,0.0
11352,76,78,0,0.0,0.0,0.0,0.0,0.0,0.0,0.0,0.0,0.0,0.0,0.0,0.0,0.0,0.0,0.0,0.0,0.0,0.0,0.0,0.0,0.0,0.0,0.0,0.0,0.0,0.0,0.0,0.0,0.0,0.0,0.0,0.0,0.0,0.0,0.0
11353,76,79,0,0.0,0.0,0.0,0.0,0.0,0.0,0.0,0.0,0.0,0.0,0.0,0.0,0.0,0.0,0.0,0.0,0.0,0.0,0.0,0.0,0.0,0.0,0.0,0.0,0.0,0.0,0.0,0.0,0.0,0.0,0.0,0.0,0.0,0.0,0.0
11354,76,80,0,0.0,0.0,0.0,0.0,0.0,0.0,0.0,0.0,0.0,0.0,0.0,0.0,0.0,0.0,0.0,0.0,0.0,0.0,0.0,0.0,0.0,0.0,0.0,0.0,0.0,0.0,0.0,0.0,0.0,0.0,0.0,0.0,0.0,0.0,0.0
11355,76,81,0,0.0,0.0,0.0,0.0,0.0,0.0,0.0,0.0,0.0,0.0,0.0,0.0,0.0,0.0,0.0,0.0,0.0,0.0,0.0,0.0,0.0,0.0,0.0,0.0,0.0,0.0,0.0,0.0,0.0,0.0,0.0,0.0,0.0,0.0,0.0
11356,76,82,0,0.0,0.0,0.0,0.0,0.0,0.0,0.0,0.0,0.0,0.0,0.0,0.0,0.0,0.0,0.0,0.0,0.0,0.0,0.0,0.0,0.0,0.0,0.0,0.0,0.0,0.0,0.0,0.0,0.0,0.0,0.0,0.0,0.0,0.0,0.0
11357,76,83,0,0.0,0.0,0.0,0.0,0.0,0.0,0.0,0.0,0.0,0.0,0.0,0.0,0.0,0.0,0.0,0.0,0.0,0.0,0.0,0.0,0.0,0.0,0.0,0.0,0.0,0.0,0.0,0.0,0.0,0.0,0.0,0.0,0.0,0.0,0.0
11358,76,84,0,0.0,0.0,0.0,0.0,0.0,0.0,0.0,0.0,0.0,0.0,0.0,0.0,0.0,0.0,0.0,0.0,0.0,0.0,0.0,0.0,0.0,0.0,0.0,0.0,0.0,0.0,0.0,0.0,0.0,0.0,0.0,0.0,0.0,0.0,0.0
11359,76,85,0,0.0,0.0,0.0,0.0,0.0,0.0,0.0,0.0,0.0,0.0,0.0,0.0,0.0,0.0,0.0,0.0,0.0,0.0,0.0,0.0,0.0,0.0,0.0,0.0,0.0,0.0,0.0,0.0,0.0,0.0,0.0,0.0,0.0,0.0,0.0
11360,76,86,0,0.0,0.0,0.0,0.0,0.0,0.0,0.0,0.0,0.0,0.0,0.0,0.0,0.0,0.0,0.0,0.0,0.0,0.0,0.0,0.0,0.0,0.0,0.0,0.0,0.0,0.0,0.0,0.0,0.0,0.0,0.0,0.0,0.0,0.0,0.0
11361,76,87,0,0.0,0.0,0.0,0.0,0.0,0.0,0.0,0.0,0.0,0.0,0.0,0.0,0.0,0.0,0.0,0.0,0.0,0.0,0.0,0.0,0.0,0.0,0.0,0.0,0.0,0.0,0.0,0.0,0.0,0.0,0.0,0.0,0.0,0.0,0.0
11362,76,88,0,0.0,0.0,0.0,0.0,0.0,0.0,0.0,0.0,0.0,0.0,0.0,0.0,0.0,0.0,0.0,0.0,0.0,0.0,0.0,0.0,0.0,0.0,0.0,0.0,0.0,0.0,0.0,0.0,0.0,0.0,0.0,0.0,0.0,0.0,0.0
11363,76,89,0,0.0,0.0,0.0,0.0,0.0,0.0,0.0,0.0,0.0,0.0,0.0,0.0,0.0,0.0,0.0,0.0,0.0,0.0,0.0,0.0,0.0,0.0,0.0,0.0,0.0,0.0,0.0,0.0,0.0,0.0,0.0,0.0,0.0,0.0,0.0
11364,76,90,0,0.0,0.0,0.0,0.0,0.0,0.0,0.0,0.0,0.0,0.0,0.0,0.0,0.0,0.0,0.0,0.0,0.0,0.0,0.0,0.0,0.0,0.0,0.0,0.0,0.0,0.0,0.0,0.0,0.0,0.0,0.0,0.0,0.0,0.0,0.0
11365,76,91,0,0.0,0.0,0.0,0.0,0.0,0.0,0.0,0.0,0.0,0.0,0.0,0.0,0.0,0.0,0.0,0.0,0.0,0.0,0.0,0.0,0.0,0.0,0.0,0.0,0.0,0.0,0.0,0.0,0.0,0.0,0.0,0.0,0.0,0.0,0.0
11366,76,92,0,0.0,0.0,0.0,0.0,0.0,0.0,0.0,0.0,0.0,0.0,0.0,0.0,0.0,0.0,0.0,0.0,0.0,0.0,0.0,0.0,0.0,0.0,0.0,0.0,0.0,0.0,0.0,0.0,0.0,0.0,0.0,0.0,0.0,0.0,0.0
11367,76,93,0,0.0,0.0,0.0,0.0,0.0,0.0,0.0,0.0,0.0,0.0,0.0,0.0,0.0,0.0,0.0,0.0,0.0,0.0,0.0,0.0,0.0,0.0,0.0,0.0,0.0,0.0,0.0,0.0,0.0,0.0,0.0,0.0,0.0,0.0,0.0
11368,76,94,0,0.0,0.0,0.0,0.0,0.0,0.0,0.0,0.0,0.0,0.0,0.0,0.0,0.0,0.0,0.0,0.0,0.0,0.0,0.0,0.0,0.0,0.0,0.0,0.0,0.0,0.0,0.0,0.0,0.0,0.0,0.0,0.0,0.0,0.0,0.0
11369,76,95,0,0.0,0.0,0.0,0.0,0.0,0.0,0.0,0.0,0.0,0.0,0.0,0.0,0.0,0.0,0.0,0.0,0.0,0.0,0.0,0.0,0.0,0.0,0.0,0.0,0.0,0.0,0.0,0.0,0.0,0.0,0.0,0.0,0.0,0.0,0.0
11370,76,96,0,0.0,0.0,0.0,0.0,0.0,0.0,0.0,0.0,0.0,0.0,0.0,0.0,0.0,0.0,0.0,0.0,0.0,0.0,0.0,0.0,0.0,0.0,0.0,0.0,0.0,0.0,0.0,0.0,0.0,0.0,0.0,0.0,0.0,0.0,0.0
11371,76,97,0,0.0,0.0,0.0,0.0,0.0,0.0,0.0,0.0,0.0,0.0,0.0,0.0,0.0,0.0,0.0,0.0,0.0,0.0,0.0,0.0,0.0,0.0,0.0,0.0,0.0,0.0,0.0,0.0,0.0,0.0,0.0,0.0,0.0,0.0,0.0
11372,76,98,0,0.0,0.0,0.0,0.0,0.0,0.0,0.0,0.0,0.0,0.0,0.0,0.0,0.0,0.0,0.0,0.0,0.0,0.0,0.0,0.0,0.0,0.0,0.0,0.0,0.0,0.0,0.0,0.0,0.0,0.0,0.0,0.0,0.0,0.0,0.0
11373,76,99,0,0.0,0.0,0.0,0.0,0.0,0.0,0.0,0.0,0.0,0.0,0.0,0.0,0.0,0.0,0.0,0.0,0.0,0.0,0.0,0.0,0.0,0.0,0.0,0.0,0.0,0.0,0.0,0.0,0.0,0.0,0.0,0.0,0.0,0.0,0.0
11374,76,100,0,0.0,0.0,0.0,0.0,0.0,0.0,0.0,0.0,0.0,0.0,0.0,0.0,0.0,0.0,0.0,0.0,0.0,0.0,0.0,0.0,0.0,0.0,0.0,0.0,0.0,0.0,0.0,0.0,0.0,0.0,0.0,0.0,0.0,0.0,0.0
11375,76,101,0,0.0,0.0,0.0,0.0,0.0,0.0,0.0,0.0,0.0,0.0,0.0,0.0,0.0,0.0,0.0,0.0,0.0,0.0,0.0,0.0,0.0,0.0,0.0,0.0,0.0,0.0,0.0,0.0,0.0,0.0,0.0,0.0,0.0,0.0,0.0
11376,76,102,0,0.0,0.0,0.0,0.0,0.0,0.0,0.0,0.0,0.0,0.0,0.0,0.0,0.0,0.0,0.0,0.0,0.0,0.0,0.0,0.0,0.0,0.0,0.0,0.0,0.0,0.0,0.0,0.0,0.0,0.0,0.0,0.0,0.0,0.0,0.0
11377,76,103,0,0.0,0.0,0.0,0.0,0.0,0.0,0.0,0.0,0.0,0.0,0.0,0.0,0.0,0.0,0.0,0.0,0.0,0.0,0.0,0.0,0.0,0.0,0.0,0.0,0.0,0.0,0.0,0.0,0.0,0.0,0.0,0.0,0.0,0.0,0.0
11378,76,104,0,0.0,0.0,0.0,0.0,0.0,0.0,0.0,0.0,0.0,0.0,0.0,0.0,0.0,0.0,0.0,0.0,0.0,0.0,0.0,0.0,0.0,0.0,0.0,0.0,0.0,0.0,0.0,0.0,0.0,0.0,0.0,0.0,0.0,0.0,0.0
11379,76,105,0,0.0,0.0,0.0,0.0,0.0,0.0,0.0,0.0,0.0,0.0,0.0,0.0,0.0,0.0,0.0,0.0,0.0,0.0,0.0,0.0,0.0,0.0,0.0,0.0,0.0,0.0,0.0,0.0,0.0,0.0,0.0,0.0,0.0,0.0,0.0
11380,76,106,0,0.0,0.0,0.0,0.0,0.0,0.0,0.0,0.0,0.0,0.0,0.0,0.0,0.0,0.0,0.0,0.0,0.0,0.0,0.0,0.0,0.0,0.0,0.0,0.0,0.0,0.0,0.0,0.0,0.0,0.0,0.0,0.0,0.0,0.0,0.0
11381,76,107,0,0.0,0.0,0.0,0.0,0.0,0.0,0.0,0.0,0.0,0.0,0.0,0.0,0.0,0.0,0.0,0.0,0.0,0.0,0.0,0.0,0.0,0.0,0.0,0.0,0.0,0.0,0.0,0.0,0.0,0.0,0.0,0.0,0.0,0.0,0.0
11382,76,108,0,0.0,0.0,0.0,0.0,0.0,0.0,0.0,0.0,0.0,0.0,0.0,0.0,0.0,0.0,0.0,0.0,0.0,0.0,0.0,0.0,0.0,0.0,0.0,0.0,0.0,0.0,0.0,0.0,0.0,0.0,0.0,0.0,0.0,0.0,0.0
11383,76,109,0,0.0,0.0,0.0,0.0,0.0,0.0,0.0,0.0,0.0,0.0,0.0,0.0,0.0,0.0,0.0,0.0,0.0,0.0,0.0,0.0,0.0,0.0,0.0,0.0,0.0,0.0,0.0,0.0,0.0,0.0,0.0,0.0,0.0,0.0,0.0
11384,76,110,0,0.0,0.0,0.0,0.0,0.0,0.0,0.0,0.0,0.0,0.0,0.0,0.0,0.0,0.0,0.0,0.0,0.0,0.0,0.0,0.0,0.0,0.0,0.0,0.0,0.0,0.0,0.0,0.0,0.0,0.0,0.0,0.0,0.0,0.0,0.0
11385,76,111,0,0.0,0.0,0.0,0.0,0.0,0.0,0.0,0.0,0.0,0.0,0.0,0.0,0.0,0.0,0.0,0.0,0.0,0.0,0.0,0.0,0.0,0.0,0.0,0.0,0.0,0.0,0.0,0.0,0.0,0.0,0.0,0.0,0.0,0.0,0.0
11386,76,112,0,0.0,0.0,0.0,0.0,0.0,0.0,0.0,0.0,0.0,0.0,0.0,0.0,0.0,0.0,0.0,0.0,0.0,0.0,0.0,0.0,0.0,0.0,0.0,0.0,0.0,0.0,0.0,0.0,0.0,0.0,0.0,0.0,0.0,0.0,0.0
11387,76,113,0,0.0,0.0,0.0,0.0,0.0,0.0,0.0,0.0,0.0,0.0,0.0,0.0,0.0,0.0,0.0,0.0,0.0,0.0,0.0,0.0,0.0,0.0,0.0,0.0,0.0,0.0,0.0,0.0,0.0,0.0,0.0,0.0,0.0,0.0,0.0
11388,76,114,0,0.0,0.0,0.0,0.0,0.0,0.0,0.0,0.0,0.0,0.0,0.0,0.0,0.0,0.0,0.0,0.0,0.0,0.0,0.0,0.0,0.0,0.0,0.0,0.0,0.0,0.0,0.0,0.0,0.0,0.0,0.0,0.0,0.0,0.0,0.0
11389,76,115,0,0.0,0.0,0.0,0.0,0.0,0.0,0.0,0.0,0.0,0.0,0.0,0.0,0.0,0.0,0.0,0.0,0.0,0.0,0.0,0.0,0.0,0.0,0.0,0.0,0.0,0.0,0.0,0.0,0.0,0.0,0.0,0.0,0.0,0.0,0.0
11390,76,116,0,0.0,0.0,0.0,0.0,0.0,0.0,0.0,0.0,0.0,0.0,0.0,0.0,0.0,0.0,0.0,0.0,0.0,0.0,0.0,0.0,0.0,0.0,0.0,0.0,0.0,0.0,0.0,0.0,0.0,0.0,0.0,0.0,0.0,0.0,0.0
11391,76,117,0,0.0,0.0,0.0,0.0,0.0,0.0,0.0,0.0,0.0,0.0,0.0,0.0,0.0,0.0,0.0,0.0,0.0,0.0,0.0,0.0,0.0,0.0,0.0,0.0,0.0,0.0,0.0,0.0,0.0,0.0,0.0,0.0,0.0,0.0,0.0
11392,76,118,0,0.0,0.0,0.0,0.0,0.0,0.0,0.0,0.0,0.0,0.0,0.0,0.0,0.0,0.0,0.0,0.0,0.0,0.0,0.0,0.0,0.0,0.0,0.0,0.0,0.0,0.0,0.0,0.0,0.0,0.0,0.0,0.0,0.0,0.0,0.0
11393,76,119,0,0.0,0.0,0.0,0.0,0.0,0.0,0.0,0.0,0.0,0.0,0.0,0.0,0.0,0.0,0.0,0.0,0.0,0.0,0.0,0.0,0.0,0.0,0.0,0.0,0.0,0.0,0.0,0.0,0.0,0.0,0.0,0.0,0.0,0.0,0.0
11394,76,120,0,0.0,0.0,0.0,0.0,0.0,0.0,0.0,0.0,0.0,0.0,0.0,0.0,0.0,0.0,0.0,0.0,0.0,0.0,0.0,0.0,0.0,0.0,0.0,0.0,0.0,0.0,0.0,0.0,0.0,0.0,0.0,0.0,0.0,0.0,0.0
11395,76,121,0,0.0,0.0,0.0,0.0,0.0,0.0,0.0,0.0,0.0,0.0,0.0,0.0,0.0,0.0,0.0,0.0,0.0,0.0,0.0,0.0,0.0,0.0,0.0,0.0,0.0,0.0,0.0,0.0,0.0,0.0,0.0,0.0,0.0,0.0,0.0
11396,76,122,0,0.0,0.0,0.0,0.0,0.0,0.0,0.0,0.0,0.0,0.0,0.0,0.0,0.0,0.0,0.0,0.0,0.0,0.0,0.0,0.0,0.0,0.0,0.0,0.0,0.0,0.0,0.0,0.0,0.0,0.0,0.0,0.0,0.0,0.0,0.0
11397,76,123,0,0.0,0.0,0.0,0.0,0.0,0.0,0.0,0.0,0.0,0.0,0.0,0.0,0.0,0.0,0.0,0.0,0.0,0.0,0.0,0.0,0.0,0.0,0.0,0.0,0.0,0.0,0.0,0.0,0.0,0.0,0.0,0.0,0.0,0.0,0.0
11398,76,124,0,0.0,0.0,0.0,0.0,0.0,0.0,0.0,0.0,0.0,0.0,0.0,0.0,0.0,0.0,0.0,0.0,0.0,0.0,0.0,0.0,0.0,0.0,0.0,0.0,0.0,0.0,0.0,0.0,0.0,0.0,0.0,0.0,0.0,0.0,0.0
11399,76,125,0,0.0,0.0,0.0,0.0,0.0,0.0,0.0,0.0,0.0,0.0,0.0,0.0,0.0,0.0,0.0,0.0,0.0,0.0,0.0,0.0,0.0,0.0,0.0,0.0,0.0,0.0,0.0,0.0,0.0,0.0,0.0,0.0,0.0,0.0,0.0
11400,76,126,0,0.0,0.0,0.0,0.0,0.0,0.0,0.0,0.0,0.0,0.0,0.0,0.0,0.0,0.0,0.0,0.0,0.0,0.0,0.0,0.0,0.0,0.0,0.0,0.0,0.0,0.0,0.0,0.0,0.0,0.0,0.0,0.0,0.0,0.0,0.0
11401,76,127,0,0.0,0.0,0.0,0.0,0.0,0.0,0.0,0.0,0.0,0.0,0.0,0.0,0.0,0.0,0.0,0.0,0.0,0.0,0.0,0.0,0.0,0.0,0.0,0.0,0.0,0.0,0.0,0.0,0.0,0.0,0.0,0.0,0.0,0.0,0.0
11402,76,128,0,0.0,0.0,0.0,0.0,0.0,0.0,0.0,0.0,0.0,0.0,0.0,0.0,0.0,0.0,0.0,0.0,0.0,0.0,0.0,0.0,0.0,0.0,0.0,0.0,0.0,0.0,0.0,0.0,0.0,0.0,0.0,0.0,0.0,0.0,0.0
11403,76,129,0,0.0,0.0,0.0,0.0,0.0,0.0,0.0,0.0,0.0,0.0,0.0,0.0,0.0,0.0,0.0,0.0,0.0,0.0,0.0,0.0,0.0,0.0,0.0,0.0,0.0,0.0,0.0,0.0,0.0,0.0,0.0,0.0,0.0,0.0,0.0
11404,76,130,0,0.0,0.0,0.0,0.0,0.0,0.0,0.0,0.0,0.0,0.0,0.0,0.0,0.0,0.0,0.0,0.0,0.0,0.0,0.0,0.0,0.0,0.0,0.0,0.0,0.0,0.0,0.0,0.0,0.0,0.0,0.0,0.0,0.0,0.0,0.0
11405,76,131,0,0.0,0.0,0.0,0.0,0.0,0.0,0.0,0.0,0.0,0.0,0.0,0.0,0.0,0.0,0.0,0.0,0.0,0.0,0.0,0.0,0.0,0.0,0.0,0.0,0.0,0.0,0.0,0.0,0.0,0.0,0.0,0.0,0.0,0.0,0.0
11406,76,132,0,0.0,0.0,0.0,0.0,0.0,0.0,0.0,0.0,0.0,0.0,0.0,0.0,0.0,0.0,0.0,0.0,0.0,0.0,0.0,0.0,0.0,0.0,0.0,0.0,0.0,0.0,0.0,0.0,0.0,0.0,0.0,0.0,0.0,0.0,0.0
11407,76,133,0,0.0,0.0,0.0,0.0,0.0,0.0,0.0,0.0,0.0,0.0,0.0,0.0,0.0,0.0,0.0,0.0,0.0,0.0,0.0,0.0,0.0,0.0,0.0,0.0,0.0,0.0,0.0,0.0,0.0,0.0,0.0,0.0,0.0,0.0,0.0
11408,76,134,0,0.0,0.0,0.0,0.0,0.0,0.0,0.0,0.0,0.0,0.0,0.0,0.0,0.0,0.0,0.0,0.0,0.0,0.0,0.0,0.0,0.0,0.0,0.0,0.0,0.0,0.0,0.0,0.0,0.0,0.0,0.0,0.0,0.0,0.0,0.0
11409,76,135,0,0.0,0.0,0.0,0.0,0.0,0.0,0.0,0.0,0.0,0.0,0.0,0.0,0.0,0.0,0.0,0.0,0.0,0.0,0.0,0.0,0.0,0.0,0.0,0.0,0.0,0.0,0.0,0.0,0.0,0.0,0.0,0.0,0.0,0.0,0.0
11410,76,136,0,0.0,0.0,0.0,0.0,0.0,0.0,0.0,0.0,0.0,0.0,0.0,0.0,0.0,0.0,0.0,0.0,0.0,0.0,0.0,0.0,0.0,0.0,0.0,0.0,0.0,0.0,0.0,0.0,0.0,0.0,0.0,0.0,0.0,0.0,0.0
11411,76,137,0,0.0,0.0,0.0,0.0,0.0,0.0,0.0,0.0,0.0,0.0,0.0,0.0,0.0,0.0,0.0,0.0,0.0,0.0,0.0,0.0,0.0,0.0,0.0,0.0,0.0,0.0,0.0,0.0,0.0,0.0,0.0,0.0,0.0,0.0,0.0
11412,76,138,0,0.0,0.0,0.0,0.0,0.0,0.0,0.0,0.0,0.0,0.0,0.0,0.0,0.0,0.0,0.0,0.0,0.0,0.0,0.0,0.0,0.0,0.0,0.0,0.0,0.0,0.0,0.0,0.0,0.0,0.0,0.0,0.0,0.0,0.0,0.0
11413,76,139,0,0.0,0.0,0.0,0.0,0.0,0.0,0.0,0.0,0.0,0.0,0.0,0.0,0.0,0.0,0.0,0.0,0.0,0.0,0.0,0.0,0.0,0.0,0.0,0.0,0.0,0.0,0.0,0.0,0.0,0.0,0.0,0.0,0.0,0.0,0.0
11414,76,140,0,0.0,0.0,0.0,0.0,0.0,0.0,0.0,0.0,0.0,0.0,0.0,0.0,0.0,0.0,0.0,0.0,0.0,0.0,0.0,0.0,0.0,0.0,0.0,0.0,0.0,0.0,0.0,0.0,0.0,0.0,0.0,0.0,0.0,0.0,0.0
11415,76,141,0,0.0,0.0,0.0,0.0,0.0,0.0,0.0,0.0,0.0,0.0,0.0,0.0,0.0,0.0,0.0,0.0,0.0,0.0,0.0,0.0,0.0,0.0,0.0,0.0,0.0,0.0,0.0,0.0,0.0,0.0,0.0,0.0,0.0,0.0,0.0
11416,76,142,0,0.0,0.0,0.0,0.0,0.0,0.0,0.0,0.0,0.0,0.0,0.0,0.0,0.0,0.0,0.0,0.0,0.0,0.0,0.0,0.0,0.0,0.0,0.0,0.0,0.0,0.0,0.0,0.0,0.0,0.0,0.0,0.0,0.0,0.0,0.0
11417,76,143,0,0.0,0.0,0.0,0.0,0.0,0.0,0.0,0.0,0.0,0.0,0.0,0.0,0.0,0.0,0.0,0.0,0.0,0.0,0.0,0.0,0.0,0.0,0.0,0.0,0.0,0.0,0.0,0.0,0.0,0.0,0.0,0.0,0.0,0.0,0.0
11418,76,144,0,0.0,0.0,0.0,0.0,0.0,0.0,0.0,0.0,0.0,0.0,0.0,0.0,0.0,0.0,0.0,0.0,0.0,0.0,0.0,0.0,0.0,0.0,0.0,0.0,0.0,0.0,0.0,0.0,0.0,0.0,0.0,0.0,0.0,0.0,0.0
11419,76,145,0,0.0,0.0,0.0,0.0,0.0,0.0,0.0,0.0,0.0,0.0,0.0,0.0,0.0,0.0,0.0,0.0,0.0,0.0,0.0,0.0,0.0,0.0,0.0,0.0,0.0,0.0,0.0,0.0,0.0,0.0,0.0,0.0,0.0,0.0,0.0
11420,76,146,0,0.0,0.0,0.0,0.0,0.0,0.0,0.0,0.0,0.0,0.0,0.0,0.0,0.0,0.0,0.0,0.0,0.0,0.0,0.0,0.0,0.0,0.0,0.0,0.0,0.0,0.0,0.0,0.0,0.0,0.0,0.0,0.0,0.0,0.0,0.0
11421,76,147,0,0.0,0.0,0.0,0.0,0.0,0.0,0.0,0.0,0.0,0.0,0.0,0.0,0.0,0.0,0.0,0.0,0.0,0.0,0.0,0.0,0.0,0.0,0.0,0.0,0.0,0.0,0.0,0.0,0.0,0.0,0.0,0.0,0.0,0.0,0.0
11422,76,148,0,0.0,0.0,0.0,0.0,0.0,0.0,0.0,0.0,0.0,0.0,0.0,0.0,0.0,0.0,0.0,0.0,0.0,0.0,0.0,0.0,0.0,0.0,0.0,0.0,0.0,0.0,0.0,0.0,0.0,0.0,0.0,0.0,0.0,0.0,0.0
11423,76,149,0,0.0,0.0,0.0,0.0,0.0,0.0,0.0,0.0,0.0,0.0,0.0,0.0,0.0,0.0,0.0,0.0,0.0,0.0,0.0,0.0,0.0,0.0,0.0,0.0,0.0,0.0,0.0,0.0,0.0,0.0,0.0,0.0,0.0,0.0,0.0
11424,76,150,0,0.0,0.0,0.0,0.0,0.0,0.0,0.0,0.0,0.0,0.0,0.0,0.0,0.0,0.0,0.0,0.0,0.0,0.0,0.0,0.0,0.0,0.0,0.0,0.0,0.0,0.0,0.0,0.0,0.0,0.0,0.0,0.0,0.0,0.0,0.0
11425,76,151,0,0.0,0.0,0.0,0.0,0.0,0.0,0.0,0.0,0.0,0.0,0.0,0.0,0.0,0.0,0.0,0.0,0.0,0.0,0.0,0.0,0.0,0.0,0.0,0.0,0.0,0.0,0.0,0.0,0.0,0.0,0.0,0.0,0.0,0.0,0.0
11426,76,152,0,0.0,0.0,0.0,0.0,0.0,0.0,0.0,0.0,0.0,0.0,0.0,0.0,0.0,0.0,0.0,0.0,0.0,0.0,0.0,0.0,0.0,0.0,0.0,0.0,0.0,0.0,0.0,0.0,0.0,0.0,0.0,0.0,0.0,0.0,0.0
11427,76,153,0,0.0,0.0,0.0,0.0,0.0,0.0,0.0,0.0,0.0,0.0,0.0,0.0,0.0,0.0,0.0,0.0,0.0,0.0,0.0,0.0,0.0,0.0,0.0,0.0,0.0,0.0,0.0,0.0,0.0,0.0,0.0,0.0,0.0,0.0,0.0
11428,76,154,0,0.0,0.0,0.0,0.0,0.0,0.0,0.0,0.0,0.0,0.0,0.0,0.0,0.0,0.0,0.0,0.0,0.0,0.0,0.0,0.0,0.0,0.0,0.0,0.0,0.0,0.0,0.0,0.0,0.0,0.0,0.0,0.0,0.0,0.0,0.0
11429,76,155,0,0.0,0.0,0.0,0.0,0.0,0.0,0.0,0.0,0.0,0.0,0.0,0.0,0.0,0.0,0.0,0.0,0.0,0.0,0.0,0.0,0.0,0.0,0.0,0.0,0.0,0.0,0.0,0.0,0.0,0.0,0.0,0.0,0.0,0.0,0.0
11430,76,156,0,0.0,0.0,0.0,0.0,0.0,0.0,0.0,0.0,0.0,0.0,0.0,0.0,0.0,0.0,0.0,0.0,0.0,0.0,0.0,0.0,0.0,0.0,0.0,0.0,0.0,0.0,0.0,0.0,0.0,0.0,0.0,0.0,0.0,0.0,0.0
11431,76,157,0,0.0,0.0,0.0,0.0,0.0,0.0,0.0,0.0,0.0,0.0,0.0,0.0,0.0,0.0,0.0,0.0,0.0,0.0,0.0,0.0,0.0,0.0,0.0,0.0,0.0,0.0,0.0,0.0,0.0,0.0,0.0,0.0,0.0,0.0,0.0
11432,76,158,0,0.0,0.0,0.0,0.0,0.0,0.0,0.0,0.0,0.0,0.0,0.0,0.0,0.0,0.0,0.0,0.0,0.0,0.0,0.0,0.0,0.0,0.0,0.0,0.0,0.0,0.0,0.0,0.0,0.0,0.0,0.0,0.0,0.0,0.0,0.0
11433,76,159,0,0.0,0.0,0.0,0.0,0.0,0.0,0.0,0.0,0.0,0.0,0.0,0.0,0.0,0.0,0.0,0.0,0.0,0.0,0.0,0.0,0.0,0.0,0.0,0.0,0.0,0.0,0.0,0.0,0.0,0.0,0.0,0.0,0.0,0.0,0.0
11434,76,160,0,0.0,0.0,0.0,0.0,0.0,0.0,0.0,0.0,0.0,0.0,0.0,0.0,0.0,0.0,0.0,0.0,0.0,0.0,0.0,0.0,0.0,0.0,0.0,0.0,0.0,0.0,0.0,0.0,0.0,0.0,0.0,0.0,0.0,0.0,0.0
11435,76,161,0,0.0,0.0,0.0,0.0,0.0,0.0,0.0,0.0,0.0,0.0,0.0,0.0,0.0,0.0,0.0,0.0,0.0,0.0,0.0,0.0,0.0,0.0,0.0,0.0,0.0,0.0,0.0,0.0,0.0,0.0,0.0,0.0,0.0,0.0,0.0
11436,76,162,0,0.0,0.0,0.0,0.0,0.0,0.0,0.0,0.0,0.0,0.0,0.0,0.0,0.0,0.0,0.0,0.0,0.0,0.0,0.0,0.0,0.0,0.0,0.0,0.0,0.0,0.0,0.0,0.0,0.0,0.0,0.0,0.0,0.0,0.0,0.0
11437,76,163,0,0.0,0.0,0.0,0.0,0.0,0.0,0.0,0.0,0.0,0.0,0.0,0.0,0.0,0.0,0.0,0.0,0.0,0.0,0.0,0.0,0.0,0.0,0.0,0.0,0.0,0.0,0.0,0.0,0.0,0.0,0.0,0.0,0.0,0.0,0.0
11438,76,164,0,0.0,0.0,0.0,0.0,0.0,0.0,0.0,0.0,0.0,0.0,0.0,0.0,0.0,0.0,0.0,0.0,0.0,0.0,0.0,0.0,0.0,0.0,0.0,0.0,0.0,0.0,0.0,0.0,0.0,0.0,0.0,0.0,0.0,0.0,0.0
11439,76,165,0,0.0,0.0,0.0,0.0,0.0,0.0,0.0,0.0,0.0,0.0,0.0,0.0,0.0,0.0,0.0,0.0,0.0,0.0,0.0,0.0,0.0,0.0,0.0,0.0,0.0,0.0,0.0,0.0,0.0,0.0,0.0,0.0,0.0,0.0,0.0
11440,76,166,0,0.0,0.0,0.0,0.0,0.0,0.0,0.0,0.0,0.0,0.0,0.0,0.0,0.0,0.0,0.0,0.0,0.0,0.0,0.0,0.0,0.0,0.0,0.0,0.0,0.0,0.0,0.0,0.0,0.0,0.0,0.0,0.0,0.0,0.0,0.0
11441,76,167,0,0.0,0.0,0.0,0.0,0.0,0.0,0.0,0.0,0.0,0.0,0.0,0.0,0.0,0.0,0.0,0.0,0.0,0.0,0.0,0.0,0.0,0.0,0.0,0.0,0.0,0.0,0.0,0.0,0.0,0.0,0.0,0.0,0.0,0.0,0.0
11442,76,168,0,0.0,0.0,0.0,0.0,0.0,0.0,0.0,0.0,0.0,0.0,0.0,0.0,0.0,0.0,0.0,0.0,0.0,0.0,0.0,0.0,0.0,0.0,0.0,0.0,0.0,0.0,0.0,0.0,0.0,0.0,0.0,0.0,0.0,0.0,0.0
11443,76,169,0,0.0,0.0,0.0,0.0,0.0,0.0,0.0,0.0,0.0,0.0,0.0,0.0,0.0,0.0,0.0,0.0,0.0,0.0,0.0,0.0,0.0,0.0,0.0,0.0,0.0,0.0,0.0,0.0,0.0,0.0,0.0,0.0,0.0,0.0,0.0
11444,76,170,0,0.0,0.0,0.0,0.0,0.0,0.0,0.0,0.0,0.0,0.0,0.0,0.0,0.0,0.0,0.0,0.0,0.0,0.0,0.0,0.0,0.0,0.0,0.0,0.0,0.0,0.0,0.0,0.0,0.0,0.0,0.0,0.0,0.0,0.0,0.0
11445,76,171,0,0.0,0.0,0.0,0.0,0.0,0.0,0.0,0.0,0.0,0.0,0.0,0.0,0.0,0.0,0.0,0.0,0.0,0.0,0.0,0.0,0.0,0.0,0.0,0.0,0.0,0.0,0.0,0.0,0.0,0.0,0.0,0.0,0.0,0.0,0.0
11446,76,172,0,0.0,0.0,0.0,0.0,0.0,0.0,0.0,0.0,0.0,0.0,0.0,0.0,0.0,0.0,0.0,0.0,0.0,0.0,0.0,0.0,0.0,0.0,0.0,0.0,0.0,0.0,0.0,0.0,0.0,0.0,0.0,0.0,0.0,0.0,0.0
11447,76,173,0,0.0,0.0,0.0,0.0,0.0,0.0,0.0,0.0,0.0,0.0,0.0,0.0,0.0,0.0,0.0,0.0,0.0,0.0,0.0,0.0,0.0,0.0,0.0,0.0,0.0,0.0,0.0,0.0,0.0,0.0,0.0,0.0,0.0,0.0,0.0
11448,76,174,0,0.0,0.0,0.0,0.0,0.0,0.0,0.0,0.0,0.0,0.0,0.0,0.0,0.0,0.0,0.0,0.0,0.0,0.0,0.0,0.0,0.0,0.0,0.0,0.0,0.0,0.0,0.0,0.0,0.0,0.0,0.0,0.0,0.0,0.0,0.0
11449,76,175,0,0.0,0.0,0.0,0.0,0.0,0.0,0.0,0.0,0.0,0.0,0.0,0.0,0.0,0.0,0.0,0.0,0.0,0.0,0.0,0.0,0.0,0.0,0.0,0.0,0.0,0.0,0.0,0.0,0.0,0.0,0.0,0.0,0.0,0.0,0.0
11450,76,176,0,0.0,0.0,0.0,0.0,0.0,0.0,0.0,0.0,0.0,0.0,0.0,0.0,0.0,0.0,0.0,0.0,0.0,0.0,0.0,0.0,0.0,0.0,0.0,0.0,0.0,0.0,0.0,0.0,0.0,0.0,0.0,0.0,0.0,0.0,0.0
11451,76,177,0,0.0,0.0,0.0,0.0,0.0,0.0,0.0,0.0,0.0,0.0,0.0,0.0,0.0,0.0,0.0,0.0,0.0,0.0,0.0,0.0,0.0,0.0,0.0,0.0,0.0,0.0,0.0,0.0,0.0,0.0,0.0,0.0,0.0,0.0,0.0
11452,76,178,0,0.0,0.0,0.0,0.0,0.0,0.0,0.0,0.0,0.0,0.0,0.0,0.0,0.0,0.0,0.0,0.0,0.0,0.0,0.0,0.0,0.0,0.0,0.0,0.0,0.0,0.0,0.0,0.0,0.0,0.0,0.0,0.0,0.0,0.0,0.0
11453,76,179,0,0.0,0.0,0.0,0.0,0.0,0.0,0.0,0.0,0.0,0.0,0.0,0.0,0.0,0.0,0.0,0.0,0.0,0.0,0.0,0.0,0.0,0.0,0.0,0.0,0.0,0.0,0.0,0.0,0.0,0.0,0.0,0.0,0.0,0.0,0.0
11454,76,180,0,0.0,0.0,0.0,0.0,0.0,0.0,0.0,0.0,0.0,0.0,0.0,0.0,0.0,0.0,0.0,0.0,0.0,0.0,0.0,0.0,0.0,0.0,0.0,0.0,0.0,0.0,0.0,0.0,0.0,0.0,0.0,0.0,0.0,0.0,0.0
11455,76,181,0,0.0,0.0,0.0,0.0,0.0,0.0,0.0,0.0,0.0,0.0,0.0,0.0,0.0,0.0,0.0,0.0,0.0,0.0,0.0,0.0,0.0,0.0,0.0,0.0,0.0,0.0,0.0,0.0,0.0,0.0,0.0,0.0,0.0,0.0,0.0
11456,76,182,0,0.0,0.0,0.0,0.0,0.0,0.0,0.0,0.0,0.0,0.0,0.0,0.0,0.0,0.0,0.0,0.0,0.0,0.0,0.0,0.0,0.0,0.0,0.0,0.0,0.0,0.0,0.0,0.0,0.0,0.0,0.0,0.0,0.0,0.0,0.0
11457,76,183,0,0.0,0.0,0.0,0.0,0.0,0.0,0.0,0.0,0.0,0.0,0.0,0.0,0.0,0.0,0.0,0.0,0.0,0.0,0.0,0.0,0.0,0.0,0.0,0.0,0.0,0.0,0.0,0.0,0.0,0.0,0.0,0.0,0.0,0.0,0.0
11458,76,184,0,0.0,0.0,0.0,0.0,0.0,0.0,0.0,0.0,0.0,0.0,0.0,0.0,0.0,0.0,0.0,0.0,0.0,0.0,0.0,0.0,0.0,0.0,0.0,0.0,0.0,0.0,0.0,0.0,0.0,0.0,0.0,0.0,0.0,0.0,0.0
11459,76,185,0,0.0,0.0,0.0,0.0,0.0,0.0,0.0,0.0,0.0,0.0,0.0,0.0,0.0,0.0,0.0,0.0,0.0,0.0,0.0,0.0,0.0,0.0,0.0,0.0,0.0,0.0,0.0,0.0,0.0,0.0,0.0,0.0,0.0,0.0,0.0
11460,76,186,0,0.0,0.0,0.0,0.0,0.0,0.0,0.0,0.0,0.0,0.0,0.0,0.0,0.0,0.0,0.0,0.0,0.0,0.0,0.0,0.0,0.0,0.0,0.0,0.0,0.0,0.0,0.0,0.0,0.0,0.0,0.0,0.0,0.0,0.0,0.0
11461,76,187,0,0.0,0.0,0.0,0.0,0.0,0.0,0.0,0.0,0.0,0.0,0.0,0.0,0.0,0.0,0.0,0.0,0.0,0.0,0.0,0.0,0.0,0.0,0.0,0.0,0.0,0.0,0.0,0.0,0.0,0.0,0.0,0.0,0.0,0.0,0.0
11462,76,188,0,0.0,0.0,0.0,0.0,0.0,0.0,0.0,0.0,0.0,0.0,0.0,0.0,0.0,0.0,0.0,0.0,0.0,0.0,0.0,0.0,0.0,0.0,0.0,0.0,0.0,0.0,0.0,0.0,0.0,0.0,0.0,0.0,0.0,0.0,0.0
11463,76,189,0,0.0,0.0,0.0,0.0,0.0,0.0,0.0,0.0,0.0,0.0,0.0,0.0,0.0,0.0,0.0,0.0,0.0,0.0,0.0,0.0,0.0,0.0,0.0,0.0,0.0,0.0,0.0,0.0,0.0,0.0,0.0,0.0,0.0,0.0,0.0
11464,76,190,0,0.0,0.0,0.0,0.0,0.0,0.0,0.0,0.0,0.0,0.0,0.0,0.0,0.0,0.0,0.0,0.0,0.0,0.0,0.0,0.0,0.0,0.0,0.0,0.0,0.0,0.0,0.0,0.0,0.0,0.0,0.0,0.0,0.0,0.0,0.0
11465,76,191,0,0.0,0.0,0.0,0.0,0.0,0.0,0.0,0.0,0.0,0.0,0.0,0.0,0.0,0.0,0.0,0.0,0.0,0.0,0.0,0.0,0.0,0.0,0.0,0.0,0.0,0.0,0.0,0.0,0.0,0.0,0.0,0.0,0.0,0.0,0.0
11466,76,192,0,0.0,0.0,0.0,0.0,0.0,0.0,0.0,0.0,0.0,0.0,0.0,0.0,0.0,0.0,0.0,0.0,0.0,0.0,0.0,0.0,0.0,0.0,0.0,0.0,0.0,0.0,0.0,0.0,0.0,0.0,0.0,0.0,0.0,0.0,0.0
11467,76,193,0,0.0,0.0,0.0,0.0,0.0,0.0,0.0,0.0,0.0,0.0,0.0,0.0,0.0,0.0,0.0,0.0,0.0,0.0,0.0,0.0,0.0,0.0,0.0,0.0,0.0,0.0,0.0,0.0,0.0,0.0,0.0,0.0,0.0,0.0,0.0
11468,76,194,0,0.0,0.0,0.0,0.0,0.0,0.0,0.0,0.0,0.0,0.0,0.0,0.0,0.0,0.0,0.0,0.0,0.0,0.0,0.0,0.0,0.0,0.0,0.0,0.0,0.0,0.0,0.0,0.0,0.0,0.0,0.0,0.0,0.0,0.0,0.0
11469,76,195,0,0.0,0.0,0.0,0.0,0.0,0.0,0.0,0.0,0.0,0.0,0.0,0.0,0.0,0.0,0.0,0.0,0.0,0.0,0.0,0.0,0.0,0.0,0.0,0.0,0.0,0.0,0.0,0.0,0.0,0.0,0.0,0.0,0.0,0.0,0.0
11470,76,196,0,0.0,0.0,0.0,0.0,0.0,0.0,0.0,0.0,0.0,0.0,0.0,0.0,0.0,0.0,0.0,0.0,0.0,0.0,0.0,0.0,0.0,0.0,0.0,0.0,0.0,0.0,0.0,0.0,0.0,0.0,0.0,0.0,0.0,0.0,0.0
11471,76,197,0,0.0,0.0,0.0,0.0,0.0,0.0,0.0,0.0,0.0,0.0,0.0,0.0,0.0,0.0,0.0,0.0,0.0,0.0,0.0,0.0,0.0,0.0,0.0,0.0,0.0,0.0,0.0,0.0,0.0,0.0,0.0,0.0,0.0,0.0,0.0
11472,76,198,0,0.0,0.0,0.0,0.0,0.0,0.0,0.0,0.0,0.0,0.0,0.0,0.0,0.0,0.0,0.0,0.0,0.0,0.0,0.0,0.0,0.0,0.0,0.0,0.0,0.0,0.0,0.0,0.0,0.0,0.0,0.0,0.0,0.0,0.0,0.0
11473,76,199,0,0.0,0.0,0.0,0.0,0.0,0.0,0.0,0.0,0.0,0.0,0.0,0.0,0.0,0.0,0.0,0.0,0.0,0.0,0.0,0.0,0.0,0.0,0.0,0.0,0.0,0.0,0.0,0.0,0.0,0.0,0.0,0.0,0.0,0.0,0.0
11474,76,200,0,0.0,0.0,0.0,0.0,0.0,0.0,0.0,0.0,0.0,0.0,0.0,0.0,0.0,0.0,0.0,0.0,0.0,0.0,0.0,0.0,0.0,0.0,0.0,0.0,0.0,0.0,0.0,0.0,0.0,0.0,0.0,0.0,0.0,0.0,0.0
11475,76,201,0,0.0,0.0,0.0,0.0,0.0,0.0,0.0,0.0,0.0,0.0,0.0,0.0,0.0,0.0,0.0,0.0,0.0,0.0,0.0,0.0,0.0,0.0,0.0,0.0,0.0,0.0,0.0,0.0,0.0,0.0,0.0,0.0,0.0,0.0,0.0
11476,76,202,0,0.0,0.0,0.0,0.0,0.0,0.0,0.0,0.0,0.0,0.0,0.0,0.0,0.0,0.0,0.0,0.0,0.0,0.0,0.0,0.0,0.0,0.0,0.0,0.0,0.0,0.0,0.0,0.0,0.0,0.0,0.0,0.0,0.0,0.0,0.0
11477,76,203,0,0.0,0.0,0.0,0.0,0.0,0.0,0.0,0.0,0.0,0.0,0.0,0.0,0.0,0.0,0.0,0.0,0.0,0.0,0.0,0.0,0.0,0.0,0.0,0.0,0.0,0.0,0.0,0.0,0.0,0.0,0.0,0.0,0.0,0.0,0.0
11478,76,204,0,0.0,0.0,0.0,0.0,0.0,0.0,0.0,0.0,0.0,0.0,0.0,0.0,0.0,0.0,0.0,0.0,0.0,0.0,0.0,0.0,0.0,0.0,0.0,0.0,0.0,0.0,0.0,0.0,0.0,0.0,0.0,0.0,0.0,0.0,0.0
11479,76,205,0,0.0,0.0,0.0,0.0,0.0,0.0,0.0,0.0,0.0,0.0,0.0,0.0,0.0,0.0,0.0,0.0,0.0,0.0,0.0,0.0,0.0,0.0,0.0,0.0,0.0,0.0,0.0,0.0,0.0,0.0,0.0,0.0,0.0,0.0,0.0
11480,76,206,0,0.0,0.0,0.0,0.0,0.0,0.0,0.0,0.0,0.0,0.0,0.0,0.0,0.0,0.0,0.0,0.0,0.0,0.0,0.0,0.0,0.0,0.0,0.0,0.0,0.0,0.0,0.0,0.0,0.0,0.0,0.0,0.0,0.0,0.0,0.0
11481,76,207,0,0.0,0.0,0.0,0.0,0.0,0.0,0.0,0.0,0.0,0.0,0.0,0.0,0.0,0.0,0.0,0.0,0.0,0.0,0.0,0.0,0.0,0.0,0.0,0.0,0.0,0.0,0.0,0.0,0.0,0.0,0.0,0.0,0.0,0.0,0.0
11482,76,208,0,0.0,0.0,0.0,0.0,0.0,0.0,0.0,0.0,0.0,0.0,0.0,0.0,0.0,0.0,0.0,0.0,0.0,0.0,0.0,0.0,0.0,0.0,0.0,0.0,0.0,0.0,0.0,0.0,0.0,0.0,0.0,0.0,0.0,0.0,0.0
11483,76,209,0,0.0,0.0,0.0,0.0,0.0,0.0,0.0,0.0,0.0,0.0,0.0,0.0,0.0,0.0,0.0,0.0,0.0,0.0,0.0,0.0,0.0,0.0,0.0,0.0,0.0,0.0,0.0,0.0,0.0,0.0,0.0,0.0,0.0,0.0,0.0
11484,76,210,0,0.0,0.0,0.0,0.0,0.0,0.0,0.0,0.0,0.0,0.0,0.0,0.0,0.0,0.0,0.0,0.0,0.0,0.0,0.0,0.0,0.0,0.0,0.0,0.0,0.0,0.0,0.0,0.0,0.0,0.0,0.0,0.0,0.0,0.0,0.0
11485,76,211,0,0.0,0.0,0.0,0.0,0.0,0.0,0.0,0.0,0.0,0.0,0.0,0.0,0.0,0.0,0.0,0.0,0.0,0.0,0.0,0.0,0.0,0.0,0.0,0.0,0.0,0.0,0.0,0.0,0.0,0.0,0.0,0.0,0.0,0.0,0.0
11486,76,212,0,0.0,0.0,0.0,0.0,0.0,0.0,0.0,0.0,0.0,0.0,0.0,0.0,0.0,0.0,0.0,0.0,0.0,0.0,0.0,0.0,0.0,0.0,0.0,0.0,0.0,0.0,0.0,0.0,0.0,0.0,0.0,0.0,0.0,0.0,0.0
11487,76,213,0,0.0,0.0,0.0,0.0,0.0,0.0,0.0,0.0,0.0,0.0,0.0,0.0,0.0,0.0,0.0,0.0,0.0,0.0,0.0,0.0,0.0,0.0,0.0,0.0,0.0,0.0,0.0,0.0,0.0,0.0,0.0,0.0,0.0,0.0,0.0
11488,76,214,0,0.0,0.0,0.0,0.0,0.0,0.0,0.0,0.0,0.0,0.0,0.0,0.0,0.0,0.0,0.0,0.0,0.0,0.0,0.0,0.0,0.0,0.0,0.0,0.0,0.0,0.0,0.0,0.0,0.0,0.0,0.0,0.0,0.0,0.0,0.0
11489,76,215,0,0.0,0.0,0.0,0.0,0.0,0.0,0.0,0.0,0.0,0.0,0.0,0.0,0.0,0.0,0.0,0.0,0.0,0.0,0.0,0.0,0.0,0.0,0.0,0.0,0.0,0.0,0.0,0.0,0.0,0.0,0.0,0.0,0.0,0.0,0.0
11490,76,216,0,0.0,0.0,0.0,0.0,0.0,0.0,0.0,0.0,0.0,0.0,0.0,0.0,0.0,0.0,0.0,0.0,0.0,0.0,0.0,0.0,0.0,0.0,0.0,0.0,0.0,0.0,0.0,0.0,0.0,0.0,0.0,0.0,0.0,0.0,0.0
11491,76,217,0,0.0,0.0,0.0,0.0,0.0,0.0,0.0,0.0,0.0,0.0,0.0,0.0,0.0,0.0,0.0,0.0,0.0,0.0,0.0,0.0,0.0,0.0,0.0,0.0,0.0,0.0,0.0,0.0,0.0,0.0,0.0,0.0,0.0,0.0,0.0
11492,76,218,0,0.0,0.0,0.0,0.0,0.0,0.0,0.0,0.0,0.0,0.0,0.0,0.0,0.0,0.0,0.0,0.0,0.0,0.0,0.0,0.0,0.0,0.0,0.0,0.0,0.0,0.0,0.0,0.0,0.0,0.0,0.0,0.0,0.0,0.0,0.0
11493,76,219,0,0.0,0.0,0.0,0.0,0.0,0.0,0.0,0.0,0.0,0.0,0.0,0.0,0.0,0.0,0.0,0.0,0.0,0.0,0.0,0.0,0.0,0.0,0.0,0.0,0.0,0.0,0.0,0.0,0.0,0.0,0.0,0.0,0.0,0.0,0.0
11494,76,220,0,0.0,0.0,0.0,0.0,0.0,0.0,0.0,0.0,0.0,0.0,0.0,0.0,0.0,0.0,0.0,0.0,0.0,0.0,0.0,0.0,0.0,0.0,0.0,0.0,0.0,0.0,0.0,0.0,0.0,0.0,0.0,0.0,0.0,0.0,0.0
11495,76,221,0,0.0,0.0,0.0,0.0,0.0,0.0,0.0,0.0,0.0,0.0,0.0,0.0,0.0,0.0,0.0,0.0,0.0,0.0,0.0,0.0,0.0,0.0,0.0,0.0,0.0,0.0,0.0,0.0,0.0,0.0,0.0,0.0,0.0,0.0,0.0
11496,76,222,0,0.0,0.0,0.0,0.0,0.0,0.0,0.0,0.0,0.0,0.0,0.0,0.0,0.0,0.0,0.0,0.0,0.0,0.0,0.0,0.0,0.0,0.0,0.0,0.0,0.0,0.0,0.0,0.0,0.0,0.0,0.0,0.0,0.0,0.0,0.0
11497,76,223,0,0.0,0.0,0.0,0.0,0.0,0.0,0.0,0.0,0.0,0.0,0.0,0.0,0.0,0.0,0.0,0.0,0.0,0.0,0.0,0.0,0.0,0.0,0.0,0.0,0.0,0.0,0.0,0.0,0.0,0.0,0.0,0.0,0.0,0.0,0.0
11498,76,224,0,0.0,0.0,0.0,0.0,0.0,0.0,0.0,0.0,0.0,0.0,0.0,0.0,0.0,0.0,0.0,0.0,0.0,0.0,0.0,0.0,0.0,0.0,0.0,0.0,0.0,0.0,0.0,0.0,0.0,0.0,0.0,0.0,0.0,0.0,0.0
11499,76,225,0,0.0,0.0,0.0,0.0,0.0,0.0,0.0,0.0,0.0,0.0,0.0,0.0,0.0,0.0,0.0,0.0,0.0,0.0,0.0,0.0,0.0,0.0,0.0,0.0,0.0,0.0,0.0,0.0,0.0,0.0,0.0,0.0,0.0,0.0,0.0
11500,76,226,0,0.0,0.0,0.0,0.0,0.0,0.0,0.0,0.0,0.0,0.0,0.0,0.0,0.0,0.0,0.0,0.0,0.0,0.0,0.0,0.0,0.0,0.0,0.0,0.0,0.0,0.0,0.0,0.0,0.0,0.0,0.0,0.0,0.0,0.0,0.0
11501,76,227,0,0.0,0.0,0.0,0.0,0.0,0.0,0.0,0.0,0.0,0.0,0.0,0.0,0.0,0.0,0.0,0.0,0.0,0.0,0.0,0.0,0.0,0.0,0.0,0.0,0.0,0.0,0.0,0.0,0.0,0.0,0.0,0.0,0.0,0.0,0.0
11502,76,228,0,0.0,0.0,0.0,0.0,0.0,0.0,0.0,0.0,0.0,0.0,0.0,0.0,0.0,0.0,0.0,0.0,0.0,0.0,0.0,0.0,0.0,0.0,0.0,0.0,0.0,0.0,0.0,0.0,0.0,0.0,0.0,0.0,0.0,0.0,0.0
11503,76,229,0,0.0,0.0,0.0,0.0,0.0,0.0,0.0,0.0,0.0,0.0,0.0,0.0,0.0,0.0,0.0,0.0,0.0,0.0,0.0,0.0,0.0,0.0,0.0,0.0,0.0,0.0,0.0,0.0,0.0,0.0,0.0,0.0,0.0,0.0,0.0
11504,76,230,0,0.0,0.0,0.0,0.0,0.0,0.0,0.0,0.0,0.0,0.0,0.0,0.0,0.0,0.0,0.0,0.0,0.0,0.0,0.0,0.0,0.0,0.0,0.0,0.0,0.0,0.0,0.0,0.0,0.0,0.0,0.0,0.0,0.0,0.0,0.0
11505,76,231,0,0.0,0.0,0.0,0.0,0.0,0.0,0.0,0.0,0.0,0.0,0.0,0.0,0.0,0.0,0.0,0.0,0.0,0.0,0.0,0.0,0.0,0.0,0.0,0.0,0.0,0.0,0.0,0.0,0.0,0.0,0.0,0.0,0.0,0.0,0.0
11506,76,232,0,0.0,0.0,0.0,0.0,0.0,0.0,0.0,0.0,0.0,0.0,0.0,0.0,0.0,0.0,0.0,0.0,0.0,0.0,0.0,0.0,0.0,0.0,0.0,0.0,0.0,0.0,0.0,0.0,0.0,0.0,0.0,0.0,0.0,0.0,0.0
11507,76,233,0,0.0,0.0,0.0,0.0,0.0,0.0,0.0,0.0,0.0,0.0,0.0,0.0,0.0,0.0,0.0,0.0,0.0,0.0,0.0,0.0,0.0,0.0,0.0,0.0,0.0,0.0,0.0,0.0,0.0,0.0,0.0,0.0,0.0,0.0,0.0
11508,76,234,0,0.0,0.0,0.0,0.0,0.0,0.0,0.0,0.0,0.0,0.0,0.0,0.0,0.0,0.0,0.0,0.0,0.0,0.0,0.0,0.0,0.0,0.0,0.0,0.0,0.0,0.0,0.0,0.0,0.0,0.0,0.0,0.0,0.0,0.0,0.0
11509,76,235,0,0.0,0.0,0.0,0.0,0.0,0.0,0.0,0.0,0.0,0.0,0.0,0.0,0.0,0.0,0.0,0.0,0.0,0.0,0.0,0.0,0.0,0.0,0.0,0.0,0.0,0.0,0.0,0.0,0.0,0.0,0.0,0.0,0.0,0.0,0.0
11510,76,236,0,0.0,0.0,0.0,0.0,0.0,0.0,0.0,0.0,0.0,0.0,0.0,0.0,0.0,0.0,0.0,0.0,0.0,0.0,0.0,0.0,0.0,0.0,0.0,0.0,0.0,0.0,0.0,0.0,0.0,0.0,0.0,0.0,0.0,0.0,0.0
11511,76,237,0,0.0,0.0,0.0,0.0,0.0,0.0,0.0,0.0,0.0,0.0,0.0,0.0,0.0,0.0,0.0,0.0,0.0,0.0,0.0,0.0,0.0,0.0,0.0,0.0,0.0,0.0,0.0,0.0,0.0,0.0,0.0,0.0,0.0,0.0,0.0
11512,76,238,0,0.0,0.0,0.0,0.0,0.0,0.0,0.0,0.0,0.0,0.0,0.0,0.0,0.0,0.0,0.0,0.0,0.0,0.0,0.0,0.0,0.0,0.0,0.0,0.0,0.0,0.0,0.0,0.0,0.0,0.0,0.0,0.0,0.0,0.0,0.0
11513,76,239,0,0.0,0.0,0.0,0.0,0.0,0.0,0.0,0.0,0.0,0.0,0.0,0.0,0.0,0.0,0.0,0.0,0.0,0.0,0.0,0.0,0.0,0.0,0.0,0.0,0.0,0.0,0.0,0.0,0.0,0.0,0.0,0.0,0.0,0.0,0.0
11514,76,240,0,0.0,0.0,0.0,0.0,0.0,0.0,0.0,0.0,0.0,0.0,0.0,0.0,0.0,0.0,0.0,0.0,0.0,0.0,0.0,0.0,0.0,0.0,0.0,0.0,0.0,0.0,0.0,0.0,0.0,0.0,0.0,0.0,0.0,0.0,0.0
11515,76,241,0,0.0,0.0,0.0,0.0,0.0,0.0,0.0,0.0,0.0,0.0,0.0,0.0,0.0,0.0,0.0,0.0,0.0,0.0,0.0,0.0,0.0,0.0,0.0,0.0,0.0,0.0,0.0,0.0,0.0,0.0,0.0,0.0,0.0,0.0,0.0
11516,76,242,0,0.0,0.0,0.0,0.0,0.0,0.0,0.0,0.0,0.0,0.0,0.0,0.0,0.0,0.0,0.0,0.0,0.0,0.0,0.0,0.0,0.0,0.0,0.0,0.0,0.0,0.0,0.0,0.0,0.0,0.0,0.0,0.0,0.0,0.0,0.0
11517,76,243,0,0.0,0.0,0.0,0.0,0.0,0.0,0.0,0.0,0.0,0.0,0.0,0.0,0.0,0.0,0.0,0.0,0.0,0.0,0.0,0.0,0.0,0.0,0.0,0.0,0.0,0.0,0.0,0.0,0.0,0.0,0.0,0.0,0.0,0.0,0.0
11518,76,244,0,0.0,0.0,0.0,0.0,0.0,0.0,0.0,0.0,0.0,0.0,0.0,0.0,0.0,0.0,0.0,0.0,0.0,0.0,0.0,0.0,0.0,0.0,0.0,0.0,0.0,0.0,0.0,0.0,0.0,0.0,0.0,0.0,0.0,0.0,0.0
11519,76,245,0,0.0,0.0,0.0,0.0,0.0,0.0,0.0,0.0,0.0,0.0,0.0,0.0,0.0,0.0,0.0,0.0,0.0,0.0,0.0,0.0,0.0,0.0,0.0,0.0,0.0,0.0,0.0,0.0,0.0,0.0,0.0,0.0,0.0,0.0,0.0
11520,76,246,0,0.0,0.0,0.0,0.0,0.0,0.0,0.0,0.0,0.0,0.0,0.0,0.0,0.0,0.0,0.0,0.0,0.0,0.0,0.0,0.0,0.0,0.0,0.0,0.0,0.0,0.0,0.0,0.0,0.0,0.0,0.0,0.0,0.0,0.0,0.0
11521,76,247,0,0.0,0.0,0.0,0.0,0.0,0.0,0.0,0.0,0.0,0.0,0.0,0.0,0.0,0.0,0.0,0.0,0.0,0.0,0.0,0.0,0.0,0.0,0.0,0.0,0.0,0.0,0.0,0.0,0.0,0.0,0.0,0.0,0.0,0.0,0.0
11522,76,248,0,0.0,0.0,0.0,0.0,0.0,0.0,0.0,0.0,0.0,0.0,0.0,0.0,0.0,0.0,0.0,0.0,0.0,0.0,0.0,0.0,0.0,0.0,0.0,0.0,0.0,0.0,0.0,0.0,0.0,0.0,0.0,0.0,0.0,0.0,0.0
11523,76,249,0,0.0,0.0,0.0,0.0,0.0,0.0,0.0,0.0,0.0,0.0,0.0,0.0,0.0,0.0,0.0,0.0,0.0,0.0,0.0,0.0,0.0,0.0,0.0,0.0,0.0,0.0,0.0,0.0,0.0,0.0,0.0,0.0,0.0,0.0,0.0
11524,76,250,0,0.0,0.0,0.0,0.0,0.0,0.0,0.0,0.0,0.0,0.0,0.0,0.0,0.0,0.0,0.0,0.0,0.0,0.0,0.0,0.0,0.0,0.0,0.0,0.0,0.0,0.0,0.0,0.0,0.0,0.0,0.0,0.0,0.0,0.0,0.0
11525,76,251,0,0.0,0.0,0.0,0.0,0.0,0.0,0.0,0.0,0.0,0.0,0.0,0.0,0.0,0.0,0.0,0.0,0.0,0.0,0.0,0.0,0.0,0.0,0.0,0.0,0.0,0.0,0.0,0.0,0.0,0.0,0.0,0.0,0.0,0.0,0.0
11526,76,252,0,0.0,0.0,0.0,0.0,0.0,0.0,0.0,0.0,0.0,0.0,0.0,0.0,0.0,0.0,0.0,0.0,0.0,0.0,0.0,0.0,0.0,0.0,0.0,0.0,0.0,0.0,0.0,0.0,0.0,0.0,0.0,0.0,0.0,0.0,0.0
11527,76,253,0,0.0,0.0,0.0,0.0,0.0,0.0,0.0,0.0,0.0,0.0,0.0,0.0,0.0,0.0,0.0,0.0,0.0,0.0,0.0,0.0,0.0,0.0,0.0,0.0,0.0,0.0,0.0,0.0,0.0,0.0,0.0,0.0,0.0,0.0,0.0
11528,76,254,0,0.0,0.0,0.0,0.0,0.0,0.0,0.0,0.0,0.0,0.0,0.0,0.0,0.0,0.0,0.0,0.0,0.0,0.0,0.0,0.0,0.0,0.0,0.0,0.0,0.0,0.0,0.0,0.0,0.0,0.0,0.0,0.0,0.0,0.0,0.0
11529,76,255,0,0.0,0.0,0.0,0.0,0.0,0.0,0.0,0.0,0.0,0.0,0.0,0.0,0.0,0.0,0.0,0.0,0.0,0.0,0.0,0.0,0.0,0.0,0.0,0.0,0.0,0.0,0.0,0.0,0.0,0.0,0.0,0.0,0.0,0.0,0.0
11530,76,256,0,0.0,0.0,0.0,0.0,0.0,0.0,0.0,0.0,0.0,0.0,0.0,0.0,0.0,0.0,0.0,0.0,0.0,0.0,0.0,0.0,0.0,0.0,0.0,0.0,0.0,0.0,0.0,0.0,0.0,0.0,0.0,0.0,0.0,0.0,0.0
11531,76,257,0,0.0,0.0,0.0,0.0,0.0,0.0,0.0,0.0,0.0,0.0,0.0,0.0,0.0,0.0,0.0,0.0,0.0,0.0,0.0,0.0,0.0,0.0,0.0,0.0,0.0,0.0,0.0,0.0,0.0,0.0,0.0,0.0,0.0,0.0,0.0
11532,76,258,0,0.0,0.0,0.0,0.0,0.0,0.0,0.0,0.0,0.0,0.0,0.0,0.0,0.0,0.0,0.0,0.0,0.0,0.0,0.0,0.0,0.0,0.0,0.0,0.0,0.0,0.0,0.0,0.0,0.0,0.0,0.0,0.0,0.0,0.0,0.0
11533,76,259,0,0.0,0.0,0.0,0.0,0.0,0.0,0.0,0.0,0.0,0.0,0.0,0.0,0.0,0.0,0.0,0.0,0.0,0.0,0.0,0.0,0.0,0.0,0.0,0.0,0.0,0.0,0.0,0.0,0.0,0.0,0.0,0.0,0.0,0.0,0.0
11534,76,260,0,0.0,0.0,0.0,0.0,0.0,0.0,0.0,0.0,0.0,0.0,0.0,0.0,0.0,0.0,0.0,0.0,0.0,0.0,0.0,0.0,0.0,0.0,0.0,0.0,0.0,0.0,0.0,0.0,0.0,0.0,0.0,0.0,0.0,0.0,0.0
11535,76,261,0,0.0,0.0,0.0,0.0,0.0,0.0,0.0,0.0,0.0,0.0,0.0,0.0,0.0,0.0,0.0,0.0,0.0,0.0,0.0,0.0,0.0,0.0,0.0,0.0,0.0,0.0,0.0,0.0,0.0,0.0,0.0,0.0,0.0,0.0,0.0
11536,76,262,0,0.0,0.0,0.0,0.0,0.0,0.0,0.0,0.0,0.0,0.0,0.0,0.0,0.0,0.0,0.0,0.0,0.0,0.0,0.0,0.0,0.0,0.0,0.0,0.0,0.0,0.0,0.0,0.0,0.0,0.0,0.0,0.0,0.0,0.0,0.0
11537,76,263,0,0.0,0.0,0.0,0.0,0.0,0.0,0.0,0.0,0.0,0.0,0.0,0.0,0.0,0.0,0.0,0.0,0.0,0.0,0.0,0.0,0.0,0.0,0.0,0.0,0.0,0.0,0.0,0.0,0.0,0.0,0.0,0.0,0.0,0.0,0.0
11538,76,264,0,0.0,0.0,0.0,0.0,0.0,0.0,0.0,0.0,0.0,0.0,0.0,0.0,0.0,0.0,0.0,0.0,0.0,0.0,0.0,0.0,0.0,0.0,0.0,0.0,0.0,0.0,0.0,0.0,0.0,0.0,0.0,0.0,0.0,0.0,0.0
11539,76,265,0,0.0,0.0,0.0,0.0,0.0,0.0,0.0,0.0,0.0,0.0,0.0,0.0,0.0,0.0,0.0,0.0,0.0,0.0,0.0,0.0,0.0,0.0,0.0,0.0,0.0,0.0,0.0,0.0,0.0,0.0,0.0,0.0,0.0,0.0,0.0
11540,76,266,0,0.0,0.0,0.0,0.0,0.0,0.0,0.0,0.0,0.0,0.0,0.0,0.0,0.0,0.0,0.0,0.0,0.0,0.0,0.0,0.0,0.0,0.0,0.0,0.0,0.0,0.0,0.0,0.0,0.0,0.0,0.0,0.0,0.0,0.0,0.0
11541,76,267,0,0.0,0.0,0.0,0.0,0.0,0.0,0.0,0.0,0.0,0.0,0.0,0.0,0.0,0.0,0.0,0.0,0.0,0.0,0.0,0.0,0.0,0.0,0.0,0.0,0.0,0.0,0.0,0.0,0.0,0.0,0.0,0.0,0.0,0.0,0.0
11542,76,268,0,0.0,0.0,0.0,0.0,0.0,0.0,0.0,0.0,0.0,0.0,0.0,0.0,0.0,0.0,0.0,0.0,0.0,0.0,0.0,0.0,0.0,0.0,0.0,0.0,0.0,0.0,0.0,0.0,0.0,0.0,0.0,0.0,0.0,0.0,0.0
11543,76,269,0,0.0,0.0,0.0,0.0,0.0,0.0,0.0,0.0,0.0,0.0,0.0,0.0,0.0,0.0,0.0,0.0,0.0,0.0,0.0,0.0,0.0,0.0,0.0,0.0,0.0,0.0,0.0,0.0,0.0,0.0,0.0,0.0,0.0,0.0,0.0
11544,76,270,0,0.0,0.0,0.0,0.0,0.0,0.0,0.0,0.0,0.0,0.0,0.0,0.0,0.0,0.0,0.0,0.0,0.0,0.0,0.0,0.0,0.0,0.0,0.0,0.0,0.0,0.0,0.0,0.0,0.0,0.0,0.0,0.0,0.0,0.0,0.0
11545,76,271,0,0.0,0.0,0.0,0.0,0.0,0.0,0.0,0.0,0.0,0.0,0.0,0.0,0.0,0.0,0.0,0.0,0.0,0.0,0.0,0.0,0.0,0.0,0.0,0.0,0.0,0.0,0.0,0.0,0.0,0.0,0.0,0.0,0.0,0.0,0.0
11546,76,272,0,0.0,0.0,0.0,0.0,0.0,0.0,0.0,0.0,0.0,0.0,0.0,0.0,0.0,0.0,0.0,0.0,0.0,0.0,0.0,0.0,0.0,0.0,0.0,0.0,0.0,0.0,0.0,0.0,0.0,0.0,0.0,0.0,0.0,0.0,0.0
11547,76,273,0,0.0,0.0,0.0,0.0,0.0,0.0,0.0,0.0,0.0,0.0,0.0,0.0,0.0,0.0,0.0,0.0,0.0,0.0,0.0,0.0,0.0,0.0,0.0,0.0,0.0,0.0,0.0,0.0,0.0,0.0,0.0,0.0,0.0,0.0,0.0
11548,76,274,0,0.0,0.0,0.0,0.0,0.0,0.0,0.0,0.0,0.0,0.0,0.0,0.0,0.0,0.0,0.0,0.0,0.0,0.0,0.0,0.0,0.0,0.0,0.0,0.0,0.0,0.0,0.0,0.0,0.0,0.0,0.0,0.0,0.0,0.0,0.0
11549,76,275,0,0.0,0.0,0.0,0.0,0.0,0.0,0.0,0.0,0.0,0.0,0.0,0.0,0.0,0.0,0.0,0.0,0.0,0.0,0.0,0.0,0.0,0.0,0.0,0.0,0.0,0.0,0.0,0.0,0.0,0.0,0.0,0.0,0.0,0.0,0.0
11550,76,276,0,0.0,0.0,0.0,0.0,0.0,0.0,0.0,0.0,0.0,0.0,0.0,0.0,0.0,0.0,0.0,0.0,0.0,0.0,0.0,0.0,0.0,0.0,0.0,0.0,0.0,0.0,0.0,0.0,0.0,0.0,0.0,0.0,0.0,0.0,0.0
11551,76,277,0,0.0,0.0,0.0,0.0,0.0,0.0,0.0,0.0,0.0,0.0,0.0,0.0,0.0,0.0,0.0,0.0,0.0,0.0,0.0,0.0,0.0,0.0,0.0,0.0,0.0,0.0,0.0,0.0,0.0,0.0,0.0,0.0,0.0,0.0,0.0
11552,76,278,0,0.0,0.0,0.0,0.0,0.0,0.0,0.0,0.0,0.0,0.0,0.0,0.0,0.0,0.0,0.0,0.0,0.0,0.0,0.0,0.0,0.0,0.0,0.0,0.0,0.0,0.0,0.0,0.0,0.0,0.0,0.0,0.0,0.0,0.0,0.0
11553,76,279,0,0.0,0.0,0.0,0.0,0.0,0.0,0.0,0.0,0.0,0.0,0.0,0.0,0.0,0.0,0.0,0.0,0.0,0.0,0.0,0.0,0.0,0.0,0.0,0.0,0.0,0.0,0.0,0.0,0.0,0.0,0.0,0.0,0.0,0.0,0.0
11554,76,280,0,0.0,0.0,0.0,0.0,0.0,0.0,0.0,0.0,0.0,0.0,0.0,0.0,0.0,0.0,0.0,0.0,0.0,0.0,0.0,0.0,0.0,0.0,0.0,0.0,0.0,0.0,0.0,0.0,0.0,0.0,0.0,0.0,0.0,0.0,0.0
11555,76,281,0,0.0,0.0,0.0,0.0,0.0,0.0,0.0,0.0,0.0,0.0,0.0,0.0,0.0,0.0,0.0,0.0,0.0,0.0,0.0,0.0,0.0,0.0,0.0,0.0,0.0,0.0,0.0,0.0,0.0,0.0,0.0,0.0,0.0,0.0,0.0
11556,76,282,0,0.0,0.0,0.0,0.0,0.0,0.0,0.0,0.0,0.0,0.0,0.0,0.0,0.0,0.0,0.0,0.0,0.0,0.0,0.0,0.0,0.0,0.0,0.0,0.0,0.0,0.0,0.0,0.0,0.0,0.0,0.0,0.0,0.0,0.0,0.0
11557,76,283,0,0.0,0.0,0.0,0.0,0.0,0.0,0.0,0.0,0.0,0.0,0.0,0.0,0.0,0.0,0.0,0.0,0.0,0.0,0.0,0.0,0.0,0.0,0.0,0.0,0.0,0.0,0.0,0.0,0.0,0.0,0.0,0.0,0.0,0.0,0.0
11558,76,284,0,0.0,0.0,0.0,0.0,0.0,0.0,0.0,0.0,0.0,0.0,0.0,0.0,0.0,0.0,0.0,0.0,0.0,0.0,0.0,0.0,0.0,0.0,0.0,0.0,0.0,0.0,0.0,0.0,0.0,0.0,0.0,0.0,0.0,0.0,0.0
11559,76,285,0,0.0,0.0,0.0,0.0,0.0,0.0,0.0,0.0,0.0,0.0,0.0,0.0,0.0,0.0,0.0,0.0,0.0,0.0,0.0,0.0,0.0,0.0,0.0,0.0,0.0,0.0,0.0,0.0,0.0,0.0,0.0,0.0,0.0,0.0,0.0
11560,76,286,0,0.0,0.0,0.0,0.0,0.0,0.0,0.0,0.0,0.0,0.0,0.0,0.0,0.0,0.0,0.0,0.0,0.0,0.0,0.0,0.0,0.0,0.0,0.0,0.0,0.0,0.0,0.0,0.0,0.0,0.0,0.0,0.0,0.0,0.0,0.0
11561,76,287,0,0.0,0.0,0.0,0.0,0.0,0.0,0.0,0.0,0.0,0.0,0.0,0.0,0.0,0.0,0.0,0.0,0.0,0.0,0.0,0.0,0.0,0.0,0.0,0.0,0.0,0.0,0.0,0.0,0.0,0.0,0.0,0.0,0.0,0.0,0.0
11562,76,288,0,0.0,0.0,0.0,0.0,0.0,0.0,0.0,0.0,0.0,0.0,0.0,0.0,0.0,0.0,0.0,0.0,0.0,0.0,0.0,0.0,0.0,0.0,0.0,0.0,0.0,0.0,0.0,0.0,0.0,0.0,0.0,0.0,0.0,0.0,0.0
11563,76,289,0,0.0,0.0,0.0,0.0,0.0,0.0,0.0,0.0,0.0,0.0,0.0,0.0,0.0,0.0,0.0,0.0,0.0,0.0,0.0,0.0,0.0,0.0,0.0,0.0,0.0,0.0,0.0,0.0,0.0,0.0,0.0,0.0,0.0,0.0,0.0
11564,76,290,0,0.0,0.0,0.0,0.0,0.0,0.0,0.0,0.0,0.0,0.0,0.0,0.0,0.0,0.0,0.0,0.0,0.0,0.0,0.0,0.0,0.0,0.0,0.0,0.0,0.0,0.0,0.0,0.0,0.0,0.0,0.0,0.0,0.0,0.0,0.0
11565,76,291,0,0.0,0.0,0.0,0.0,0.0,0.0,0.0,0.0,0.0,0.0,0.0,0.0,0.0,0.0,0.0,0.0,0.0,0.0,0.0,0.0,0.0,0.0,0.0,0.0,0.0,0.0,0.0,0.0,0.0,0.0,0.0,0.0,0.0,0.0,0.0
11566,76,292,0,0.0,0.0,0.0,0.0,0.0,0.0,0.0,0.0,0.0,0.0,0.0,0.0,0.0,0.0,0.0,0.0,0.0,0.0,0.0,0.0,0.0,0.0,0.0,0.0,0.0,0.0,0.0,0.0,0.0,0.0,0.0,0.0,0.0,0.0,0.0
11567,76,293,0,0.0,0.0,0.0,0.0,0.0,0.0,0.0,0.0,0.0,0.0,0.0,0.0,0.0,0.0,0.0,0.0,0.0,0.0,0.0,0.0,0.0,0.0,0.0,0.0,0.0,0.0,0.0,0.0,0.0,0.0,0.0,0.0,0.0,0.0,0.0
11568,76,294,0,0.0,0.0,0.0,0.0,0.0,0.0,0.0,0.0,0.0,0.0,0.0,0.0,0.0,0.0,0.0,0.0,0.0,0.0,0.0,0.0,0.0,0.0,0.0,0.0,0.0,0.0,0.0,0.0,0.0,0.0,0.0,0.0,0.0,0.0,0.0
11569,76,295,0,0.0,0.0,0.0,0.0,0.0,0.0,0.0,0.0,0.0,0.0,0.0,0.0,0.0,0.0,0.0,0.0,0.0,0.0,0.0,0.0,0.0,0.0,0.0,0.0,0.0,0.0,0.0,0.0,0.0,0.0,0.0,0.0,0.0,0.0,0.0
11570,76,296,0,0.0,0.0,0.0,0.0,0.0,0.0,0.0,0.0,0.0,0.0,0.0,0.0,0.0,0.0,0.0,0.0,0.0,0.0,0.0,0.0,0.0,0.0,0.0,0.0,0.0,0.0,0.0,0.0,0.0,0.0,0.0,0.0,0.0,0.0,0.0
11571,76,297,0,0.0,0.0,0.0,0.0,0.0,0.0,0.0,0.0,0.0,0.0,0.0,0.0,0.0,0.0,0.0,0.0,0.0,0.0,0.0,0.0,0.0,0.0,0.0,0.0,0.0,0.0,0.0,0.0,0.0,0.0,0.0,0.0,0.0,0.0,0.0
11572,76,298,0,0.0,0.0,0.0,0.0,0.0,0.0,0.0,0.0,0.0,0.0,0.0,0.0,0.0,0.0,0.0,0.0,0.0,0.0,0.0,0.0,0.0,0.0,0.0,0.0,0.0,0.0,0.0,0.0,0.0,0.0,0.0,0.0,0.0,0.0,0.0
11573,76,299,0,0.0,0.0,0.0,0.0,0.0,0.0,0.0,0.0,0.0,0.0,0.0,0.0,0.0,0.0,0.0,0.0,0.0,0.0,0.0,0.0,0.0,0.0,0.0,0.0,0.0,0.0,0.0,0.0,0.0,0.0,0.0,0.0,0.0,0.0,0.0
11574,76,300,0,0.0,0.0,0.0,0.0,0.0,0.0,0.0,0.0,0.0,0.0,0.0,0.0,0.0,0.0,0.0,0.0,0.0,0.0,0.0,0.0,0.0,0.0,0.0,0.0,0.0,0.0,0.0,0.0,0.0,0.0,0.0,0.0,0.0,0.0,0.0
11575,76,301,0,0.0,0.0,0.0,0.0,0.0,0.0,0.0,0.0,0.0,0.0,0.0,0.0,0.0,0.0,0.0,0.0,0.0,0.0,0.0,0.0,0.0,0.0,0.0,0.0,0.0,0.0,0.0,0.0,0.0,0.0,0.0,0.0,0.0,0.0,0.0
11576,76,302,0,0.0,0.0,0.0,0.0,0.0,0.0,0.0,0.0,0.0,0.0,0.0,0.0,0.0,0.0,0.0,0.0,0.0,0.0,0.0,0.0,0.0,0.0,0.0,0.0,0.0,0.0,0.0,0.0,0.0,0.0,0.0,0.0,0.0,0.0,0.0
11577,76,303,0,0.0,0.0,0.0,0.0,0.0,0.0,0.0,0.0,0.0,0.0,0.0,0.0,0.0,0.0,0.0,0.0,0.0,0.0,0.0,0.0,0.0,0.0,0.0,0.0,0.0,0.0,0.0,0.0,0.0,0.0,0.0,0.0,0.0,0.0,0.0
11578,76,304,0,0.0,0.0,0.0,0.0,0.0,0.0,0.0,0.0,0.0,0.0,0.0,0.0,0.0,0.0,0.0,0.0,0.0,0.0,0.0,0.0,0.0,0.0,0.0,0.0,0.0,0.0,0.0,0.0,0.0,0.0,0.0,0.0,0.0,0.0,0.0
11579,76,305,0,0.0,0.0,0.0,0.0,0.0,0.0,0.0,0.0,0.0,0.0,0.0,0.0,0.0,0.0,0.0,0.0,0.0,0.0,0.0,0.0,0.0,0.0,0.0,0.0,0.0,0.0,0.0,0.0,0.0,0.0,0.0,0.0,0.0,0.0,0.0
11580,76,306,0,0.0,0.0,0.0,0.0,0.0,0.0,0.0,0.0,0.0,0.0,0.0,0.0,0.0,0.0,0.0,0.0,0.0,0.0,0.0,0.0,0.0,0.0,0.0,0.0,0.0,0.0,0.0,0.0,0.0,0.0,0.0,0.0,0.0,0.0,0.0
11581,76,307,0,0.0,0.0,0.0,0.0,0.0,0.0,0.0,0.0,0.0,0.0,0.0,0.0,0.0,0.0,0.0,0.0,0.0,0.0,0.0,0.0,0.0,0.0,0.0,0.0,0.0,0.0,0.0,0.0,0.0,0.0,0.0,0.0,0.0,0.0,0.0
11582,76,308,0,0.0,0.0,0.0,0.0,0.0,0.0,0.0,0.0,0.0,0.0,0.0,0.0,0.0,0.0,0.0,0.0,0.0,0.0,0.0,0.0,0.0,0.0,0.0,0.0,0.0,0.0,0.0,0.0,0.0,0.0,0.0,0.0,0.0,0.0,0.0
11583,76,309,0,0.0,0.0,0.0,0.0,0.0,0.0,0.0,0.0,0.0,0.0,0.0,0.0,0.0,0.0,0.0,0.0,0.0,0.0,0.0,0.0,0.0,0.0,0.0,0.0,0.0,0.0,0.0,0.0,0.0,0.0,0.0,0.0,0.0,0.0,0.0
11584,76,310,0,0.0,0.0,0.0,0.0,0.0,0.0,0.0,0.0,0.0,0.0,0.0,0.0,0.0,0.0,0.0,0.0,0.0,0.0,0.0,0.0,0.0,0.0,0.0,0.0,0.0,0.0,0.0,0.0,0.0,0.0,0.0,0.0,0.0,0.0,0.0
11585,76,311,0,0.0,0.0,0.0,0.0,0.0,0.0,0.0,0.0,0.0,0.0,0.0,0.0,0.0,0.0,0.0,0.0,0.0,0.0,0.0,0.0,0.0,0.0,0.0,0.0,0.0,0.0,0.0,0.0,0.0,0.0,0.0,0.0,0.0,0.0,0.0
11586,76,312,0,0.0,0.0,0.0,0.0,0.0,0.0,0.0,0.0,0.0,0.0,0.0,0.0,0.0,0.0,0.0,0.0,0.0,0.0,0.0,0.0,0.0,0.0,0.0,0.0,0.0,0.0,0.0,0.0,0.0,0.0,0.0,0.0,0.0,0.0,0.0
11587,76,313,0,0.0,0.0,0.0,0.0,0.0,0.0,0.0,0.0,0.0,0.0,0.0,0.0,0.0,0.0,0.0,0.0,0.0,0.0,0.0,0.0,0.0,0.0,0.0,0.0,0.0,0.0,0.0,0.0,0.0,0.0,0.0,0.0,0.0,0.0,0.0
11588,76,314,0,0.0,0.0,0.0,0.0,0.0,0.0,0.0,0.0,0.0,0.0,0.0,0.0,0.0,0.0,0.0,0.0,0.0,0.0,0.0,0.0,0.0,0.0,0.0,0.0,0.0,0.0,0.0,0.0,0.0,0.0,0.0,0.0,0.0,0.0,0.0
11589,76,315,0,0.0,0.0,0.0,0.0,0.0,0.0,0.0,0.0,0.0,0.0,0.0,0.0,0.0,0.0,0.0,0.0,0.0,0.0,0.0,0.0,0.0,0.0,0.0,0.0,0.0,0.0,0.0,0.0,0.0,0.0,0.0,0.0,0.0,0.0,0.0
11590,76,316,0,0.0,0.0,0.0,0.0,0.0,0.0,0.0,0.0,0.0,0.0,0.0,0.0,0.0,0.0,0.0,0.0,0.0,0.0,0.0,0.0,0.0,0.0,0.0,0.0,0.0,0.0,0.0,0.0,0.0,0.0,0.0,0.0,0.0,0.0,0.0
11591,76,317,0,0.0,0.0,0.0,0.0,0.0,0.0,0.0,0.0,0.0,0.0,0.0,0.0,0.0,0.0,0.0,0.0,0.0,0.0,0.0,0.0,0.0,0.0,0.0,0.0,0.0,0.0,0.0,0.0,0.0,0.0,0.0,0.0,0.0,0.0,0.0
11592,76,318,0,0.0,0.0,0.0,0.0,0.0,0.0,0.0,0.0,0.0,0.0,0.0,0.0,0.0,0.0,0.0,0.0,0.0,0.0,0.0,0.0,0.0,0.0,0.0,0.0,0.0,0.0,0.0,0.0,0.0,0.0,0.0,0.0,0.0,0.0,0.0
11593,76,319,0,0.0,0.0,0.0,0.0,0.0,0.0,0.0,0.0,0.0,0.0,0.0,0.0,0.0,0.0,0.0,0.0,0.0,0.0,0.0,0.0,0.0,0.0,0.0,0.0,0.0,0.0,0.0,0.0,0.0,0.0,0.0,0.0,0.0,0.0,0.0
11594,76,320,0,0.0,0.0,0.0,0.0,0.0,0.0,0.0,0.0,0.0,0.0,0.0,0.0,0.0,0.0,0.0,0.0,0.0,0.0,0.0,0.0,0.0,0.0,0.0,0.0,0.0,0.0,0.0,0.0,0.0,0.0,0.0,0.0,0.0,0.0,0.0
11595,76,321,0,0.0,0.0,0.0,0.0,0.0,0.0,0.0,0.0,0.0,0.0,0.0,0.0,0.0,0.0,0.0,0.0,0.0,0.0,0.0,0.0,0.0,0.0,0.0,0.0,0.0,0.0,0.0,0.0,0.0,0.0,0.0,0.0,0.0,0.0,0.0
11596,76,322,0,0.0,0.0,0.0,0.0,0.0,0.0,0.0,0.0,0.0,0.0,0.0,0.0,0.0,0.0,0.0,0.0,0.0,0.0,0.0,0.0,0.0,0.0,0.0,0.0,0.0,0.0,0.0,0.0,0.0,0.0,0.0,0.0,0.0,0.0,0.0
11597,76,323,0,0.0,0.0,0.0,0.0,0.0,0.0,0.0,0.0,0.0,0.0,0.0,0.0,0.0,0.0,0.0,0.0,0.0,0.0,0.0,0.0,0.0,0.0,0.0,0.0,0.0,0.0,0.0,0.0,0.0,0.0,0.0,0.0,0.0,0.0,0.0
11598,76,324,0,0.0,0.0,0.0,0.0,0.0,0.0,0.0,0.0,0.0,0.0,0.0,0.0,0.0,0.0,0.0,0.0,0.0,0.0,0.0,0.0,0.0,0.0,0.0,0.0,0.0,0.0,0.0,0.0,0.0,0.0,0.0,0.0,0.0,0.0,0.0
11599,76,325,0,0.0,0.0,0.0,0.0,0.0,0.0,0.0,0.0,0.0,0.0,0.0,0.0,0.0,0.0,0.0,0.0,0.0,0.0,0.0,0.0,0.0,0.0,0.0,0.0,0.0,0.0,0.0,0.0,0.0,0.0,0.0,0.0,0.0,0.0,0.0
11600,76,326,0,0.0,0.0,0.0,0.0,0.0,0.0,0.0,0.0,0.0,0.0,0.0,0.0,0.0,0.0,0.0,0.0,0.0,0.0,0.0,0.0,0.0,0.0,0.0,0.0,0.0,0.0,0.0,0.0,0.0,0.0,0.0,0.0,0.0,0.0,0.0
11601,76,327,0,0.0,0.0,0.0,0.0,0.0,0.0,0.0,0.0,0.0,0.0,0.0,0.0,0.0,0.0,0.0,0.0,0.0,0.0,0.0,0.0,0.0,0.0,0.0,0.0,0.0,0.0,0.0,0.0,0.0,0.0,0.0,0.0,0.0,0.0,0.0
11602,76,328,0,0.0,0.0,0.0,0.0,0.0,0.0,0.0,0.0,0.0,0.0,0.0,0.0,0.0,0.0,0.0,0.0,0.0,0.0,0.0,0.0,0.0,0.0,0.0,0.0,0.0,0.0,0.0,0.0,0.0,0.0,0.0,0.0,0.0,0.0,0.0
11603,76,329,0,0.0,0.0,0.0,0.0,0.0,0.0,0.0,0.0,0.0,0.0,0.0,0.0,0.0,0.0,0.0,0.0,0.0,0.0,0.0,0.0,0.0,0.0,0.0,0.0,0.0,0.0,0.0,0.0,0.0,0.0,0.0,0.0,0.0,0.0,0.0
11604,76,330,0,0.0,0.0,0.0,0.0,0.0,0.0,0.0,0.0,0.0,0.0,0.0,0.0,0.0,0.0,0.0,0.0,0.0,0.0,0.0,0.0,0.0,0.0,0.0,0.0,0.0,0.0,0.0,0.0,0.0,0.0,0.0,0.0,0.0,0.0,0.0
11605,76,331,0,0.0,0.0,0.0,0.0,0.0,0.0,0.0,0.0,0.0,0.0,0.0,0.0,0.0,0.0,0.0,0.0,0.0,0.0,0.0,0.0,0.0,0.0,0.0,0.0,0.0,0.0,0.0,0.0,0.0,0.0,0.0,0.0,0.0,0.0,0.0
11606,76,332,0,0.0,0.0,0.0,0.0,0.0,0.0,0.0,0.0,0.0,0.0,0.0,0.0,0.0,0.0,0.0,0.0,0.0,0.0,0.0,0.0,0.0,0.0,0.0,0.0,0.0,0.0,0.0,0.0,0.0,0.0,0.0,0.0,0.0,0.0,0.0
11607,76,333,0,0.0,0.0,0.0,0.0,0.0,0.0,0.0,0.0,0.0,0.0,0.0,0.0,0.0,0.0,0.0,0.0,0.0,0.0,0.0,0.0,0.0,0.0,0.0,0.0,0.0,0.0,0.0,0.0,0.0,0.0,0.0,0.0,0.0,0.0,0.0
11608,76,334,0,0.0,0.0,0.0,0.0,0.0,0.0,0.0,0.0,0.0,0.0,0.0,0.0,0.0,0.0,0.0,0.0,0.0,0.0,0.0,0.0,0.0,0.0,0.0,0.0,0.0,0.0,0.0,0.0,0.0,0.0,0.0,0.0,0.0,0.0,0.0
11609,76,335,0,0.0,0.0,0.0,0.0,0.0,0.0,0.0,0.0,0.0,0.0,0.0,0.0,0.0,0.0,0.0,0.0,0.0,0.0,0.0,0.0,0.0,0.0,0.0,0.0,0.0,0.0,0.0,0.0,0.0,0.0,0.0,0.0,0.0,0.0,0.0
11610,76,336,0,0.0,0.0,0.0,0.0,0.0,0.0,0.0,0.0,0.0,0.0,0.0,0.0,0.0,0.0,0.0,0.0,0.0,0.0,0.0,0.0,0.0,0.0,0.0,0.0,0.0,0.0,0.0,0.0,0.0,0.0,0.0,0.0,0.0,0.0,0.0
11611,76,337,0,0.0,0.0,0.0,0.0,0.0,0.0,0.0,0.0,0.0,0.0,0.0,0.0,0.0,0.0,0.0,0.0,0.0,0.0,0.0,0.0,0.0,0.0,0.0,0.0,0.0,0.0,0.0,0.0,0.0,0.0,0.0,0.0,0.0,0.0,0.0
11612,76,338,0,0.0,0.0,0.0,0.0,0.0,0.0,0.0,0.0,0.0,0.0,0.0,0.0,0.0,0.0,0.0,0.0,0.0,0.0,0.0,0.0,0.0,0.0,0.0,0.0,0.0,0.0,0.0,0.0,0.0,0.0,0.0,0.0,0.0,0.0,0.0
11613,76,339,0,0.0,0.0,0.0,0.0,0.0,0.0,0.0,0.0,0.0,0.0,0.0,0.0,0.0,0.0,0.0,0.0,0.0,0.0,0.0,0.0,0.0,0.0,0.0,0.0,0.0,0.0,0.0,0.0,0.0,0.0,0.0,0.0,0.0,0.0,0.0
11614,76,340,0,0.0,0.0,0.0,0.0,0.0,0.0,0.0,0.0,0.0,0.0,0.0,0.0,0.0,0.0,0.0,0.0,0.0,0.0,0.0,0.0,0.0,0.0,0.0,0.0,0.0,0.0,0.0,0.0,0.0,0.0,0.0,0.0,0.0,0.0,0.0
11615,76,341,0,0.0,0.0,0.0,0.0,0.0,0.0,0.0,0.0,0.0,0.0,0.0,0.0,0.0,0.0,0.0,0.0,0.0,0.0,0.0,0.0,0.0,0.0,0.0,0.0,0.0,0.0,0.0,0.0,0.0,0.0,0.0,0.0,0.0,0.0,0.0
11616,77,3,0,0.0,0.0,0.0,0.0,0.0,0.0,0.0,0.0,0.0,0.0,0.0,0.0,0.0,0.0,0.0,0.0,0.0,0.0,0.0,0.0,0.0,0.0,0.0,0.0,0.0,0.0,0.0,0.0,0.0,0.0,0.0,0.0,0.0,0.0,0.0
11617,77,5,0,0.0,0.0,0.0,0.0,0.0,0.0,0.0,0.0,0.0,0.0,0.0,0.0,0.0,0.0,0.0,0.0,0.0,0.0,0.0,0.0,0.0,0.0,0.0,0.0,0.0,0.0,0.0,0.0,0.0,0.0,0.0,0.0,0.0,0.0,0.0
11618,77,10,0,0.0,0.0,0.0,0.0,0.0,0.0,0.0,0.0,0.0,0.0,0.0,0.0,0.0,0.0,0.0,0.0,0.0,0.0,0.0,0.0,0.0,0.0,0.0,0.0,0.0,0.0,0.0,0.0,0.0,0.0,0.0,0.0,0.0,0.0,0.0
11619,77,14,0,0.0,0.0,0.0,0.0,0.0,0.0,0.0,0.0,0.0,0.0,0.0,0.0,0.0,0.0,0.0,0.0,0.0,0.0,0.0,0.0,0.0,0.0,0.0,0.0,0.0,0.0,0.0,0.0,0.0,0.0,0.0,0.0,0.0,0.0,0.0
11620,77,23,0,0.0,0.0,0.0,0.0,0.0,0.0,0.0,0.0,0.0,0.0,0.0,0.0,0.0,0.0,0.0,0.0,0.0,0.0,0.0,0.0,0.0,0.0,0.0,0.0,0.0,0.0,0.0,0.0,0.0,0.0,0.0,0.0,0.0,0.0,0.0
11621,77,26,0,0.0,0.0,0.0,0.0,0.0,0.0,0.0,0.0,0.0,0.0,0.0,0.0,0.0,0.0,0.0,0.0,0.0,0.0,0.0,0.0,0.0,0.0,0.0,0.0,0.0,0.0,0.0,0.0,0.0,0.0,0.0,0.0,0.0,0.0,0.0
11622,77,27,0,0.0,0.0,0.0,0.0,0.0,0.0,0.0,0.0,0.0,0.0,0.0,0.0,0.0,0.0,0.0,0.0,0.0,0.0,0.0,0.0,0.0,0.0,0.0,0.0,0.0,0.0,0.0,0.0,0.0,0.0,0.0,0.0,0.0,0.0,0.0
11623,77,28,0,0.0,0.0,0.0,0.0,0.0,0.0,0.0,0.0,0.0,0.0,0.0,0.0,0.0,0.0,0.0,0.0,0.0,0.0,0.0,0.0,0.0,0.0,0.0,0.0,0.0,0.0,0.0,0.0,0.0,0.0,0.0,0.0,0.0,0.0,0.0
11624,77,32,0,0.0,0.0,0.0,0.0,0.0,0.0,0.0,0.0,0.0,0.0,0.0,0.0,0.0,0.0,0.0,0.0,0.0,0.0,0.0,0.0,0.0,0.0,0.0,0.0,0.0,0.0,0.0,0.0,0.0,0.0,0.0,0.0,0.0,0.0,0.0
11625,77,35,0,0.0,0.0,0.0,0.0,0.0,0.0,0.0,0.0,0.0,0.0,0.0,0.0,0.0,0.0,0.0,0.0,0.0,0.0,0.0,0.0,0.0,0.0,0.0,0.0,0.0,0.0,0.0,0.0,0.0,0.0,0.0,0.0,0.0,0.0,0.0
11626,77,37,0,0.0,0.0,0.0,0.0,0.0,0.0,0.0,0.0,0.0,0.0,0.0,0.0,0.0,0.0,0.0,0.0,0.0,0.0,0.0,0.0,0.0,0.0,0.0,0.0,0.0,0.0,0.0,0.0,0.0,0.0,0.0,0.0,0.0,0.0,0.0
11627,77,39,0,0.0,0.0,0.0,0.0,0.0,0.0,0.0,0.0,0.0,0.0,0.0,0.0,0.0,0.0,0.0,0.0,0.0,0.0,0.0,0.0,0.0,0.0,0.0,0.0,0.0,0.0,0.0,0.0,0.0,0.0,0.0,0.0,0.0,0.0,0.0
11628,77,40,0,0.0,0.0,0.0,0.0,0.0,0.0,0.0,0.0,0.0,0.0,0.0,0.0,0.0,0.0,0.0,0.0,0.0,0.0,0.0,0.0,0.0,0.0,0.0,0.0,0.0,0.0,0.0,0.0,0.0,0.0,0.0,0.0,0.0,0.0,0.0
11629,77,41,0,0.0,0.0,0.0,0.0,0.0,0.0,0.0,0.0,0.0,0.0,0.0,0.0,0.0,0.0,0.0,0.0,0.0,0.0,0.0,0.0,0.0,0.0,0.0,0.0,0.0,0.0,0.0,0.0,0.0,0.0,0.0,0.0,0.0,0.0,0.0
11630,77,44,0,0.0,0.0,0.0,0.0,0.0,0.0,0.0,0.0,0.0,0.0,0.0,0.0,0.0,0.0,0.0,0.0,0.0,0.0,0.0,0.0,0.0,0.0,0.0,0.0,0.0,0.0,0.0,0.0,0.0,0.0,0.0,0.0,0.0,0.0,0.0
11631,77,45,0,0.0,0.0,0.0,0.0,0.0,0.0,0.0,0.0,0.0,0.0,0.0,0.0,0.0,0.0,0.0,0.0,0.0,0.0,0.0,0.0,0.0,0.0,0.0,0.0,0.0,0.0,0.0,0.0,0.0,0.0,0.0,0.0,0.0,0.0,0.0
11632,77,48,0,0.0,0.0,0.0,0.0,0.0,0.0,0.0,0.0,0.0,0.0,0.0,0.0,0.0,0.0,0.0,0.0,0.0,0.0,0.0,0.0,0.0,0.0,0.0,0.0,0.0,0.0,0.0,0.0,0.0,0.0,0.0,0.0,0.0,0.0,0.0
11633,77,56,0,0.0,0.0,0.0,0.0,0.0,0.0,0.0,0.0,0.0,0.0,0.0,0.0,0.0,0.0,0.0,0.0,0.0,0.0,0.0,0.0,0.0,0.0,0.0,0.0,0.0,0.0,0.0,0.0,0.0,0.0,0.0,0.0,0.0,0.0,0.0
11634,77,59,0,0.0,0.0,0.0,0.0,0.0,0.0,0.0,0.0,0.0,0.0,0.0,0.0,0.0,0.0,0.0,0.0,0.0,0.0,0.0,0.0,0.0,0.0,0.0,0.0,0.0,0.0,0.0,0.0,0.0,0.0,0.0,0.0,0.0,0.0,0.0
11635,77,62,0,0.0,0.0,0.0,0.0,0.0,0.0,0.0,0.0,0.0,0.0,0.0,0.0,0.0,0.0,0.0,0.0,0.0,0.0,0.0,0.0,0.0,0.0,0.0,0.0,0.0,0.0,0.0,0.0,0.0,0.0,0.0,0.0,0.0,0.0,0.0
11636,77,66,0,0.0,0.0,0.0,0.0,0.0,0.0,0.0,0.0,0.0,0.0,0.0,0.0,0.0,0.0,0.0,0.0,0.0,0.0,0.0,0.0,0.0,0.0,0.0,0.0,0.0,0.0,0.0,0.0,0.0,0.0,0.0,0.0,0.0,0.0,0.0
11637,77,69,0,0.0,0.0,0.0,0.0,0.0,0.0,0.0,0.0,0.0,0.0,0.0,0.0,0.0,0.0,0.0,0.0,0.0,0.0,0.0,0.0,0.0,0.0,0.0,0.0,0.0,0.0,0.0,0.0,0.0,0.0,0.0,0.0,0.0,0.0,0.0
11638,77,71,0,0.0,0.0,0.0,0.0,0.0,0.0,0.0,0.0,0.0,0.0,0.0,0.0,0.0,0.0,0.0,0.0,0.0,0.0,0.0,0.0,0.0,0.0,0.0,0.0,0.0,0.0,0.0,0.0,0.0,0.0,0.0,0.0,0.0,0.0,0.0
11639,77,77,0,0.0,0.0,0.0,0.0,0.0,0.0,0.0,0.0,0.0,0.0,0.0,0.0,0.0,0.0,0.0,0.0,0.0,0.0,0.0,0.0,0.0,0.0,0.0,0.0,0.0,0.0,0.0,0.0,0.0,0.0,0.0,0.0,0.0,0.0,0.0
11640,77,79,0,0.0,0.0,0.0,0.0,0.0,0.0,0.0,0.0,0.0,0.0,0.0,0.0,0.0,0.0,0.0,0.0,0.0,0.0,0.0,0.0,0.0,0.0,0.0,0.0,0.0,0.0,0.0,0.0,0.0,0.0,0.0,0.0,0.0,0.0,0.0
11641,77,81,0,0.0,0.0,0.0,0.0,0.0,0.0,0.0,0.0,0.0,0.0,0.0,0.0,0.0,0.0,0.0,0.0,0.0,0.0,0.0,0.0,0.0,0.0,0.0,0.0,0.0,0.0,0.0,0.0,0.0,0.0,0.0,0.0,0.0,0.0,0.0
11642,77,87,0,0.0,0.0,0.0,0.0,0.0,0.0,0.0,0.0,0.0,0.0,0.0,0.0,0.0,0.0,0.0,0.0,0.0,0.0,0.0,0.0,0.0,0.0,0.0,0.0,0.0,0.0,0.0,0.0,0.0,0.0,0.0,0.0,0.0,0.0,0.0
11643,77,88,0,0.0,0.0,0.0,0.0,0.0,0.0,0.0,0.0,0.0,0.0,0.0,0.0,0.0,0.0,0.0,0.0,0.0,0.0,0.0,0.0,0.0,0.0,0.0,0.0,0.0,0.0,0.0,0.0,0.0,0.0,0.0,0.0,0.0,0.0,0.0
11644,77,91,0,0.0,0.0,0.0,0.0,0.0,0.0,0.0,0.0,0.0,0.0,0.0,0.0,0.0,0.0,0.0,0.0,0.0,0.0,0.0,0.0,0.0,0.0,0.0,0.0,0.0,0.0,0.0,0.0,0.0,0.0,0.0,0.0,0.0,0.0,0.0
11645,77,93,0,0.0,0.0,0.0,0.0,0.0,0.0,0.0,0.0,0.0,0.0,0.0,0.0,0.0,0.0,0.0,0.0,0.0,0.0,0.0,0.0,0.0,0.0,0.0,0.0,0.0,0.0,0.0,0.0,0.0,0.0,0.0,0.0,0.0,0.0,0.0
11646,77,94,0,0.0,0.0,0.0,0.0,0.0,0.0,0.0,0.0,0.0,0.0,0.0,0.0,0.0,0.0,0.0,0.0,0.0,0.0,0.0,0.0,0.0,0.0,0.0,0.0,0.0,0.0,0.0,0.0,0.0,0.0,0.0,0.0,0.0,0.0,0.0
11647,77,95,0,0.0,0.0,0.0,0.0,0.0,0.0,0.0,0.0,0.0,0.0,0.0,0.0,0.0,0.0,0.0,0.0,0.0,0.0,0.0,0.0,0.0,0.0,0.0,0.0,0.0,0.0,0.0,0.0,0.0,0.0,0.0,0.0,0.0,0.0,0.0
11648,77,96,0,0.0,0.0,0.0,0.0,0.0,0.0,0.0,0.0,0.0,0.0,0.0,0.0,0.0,0.0,0.0,0.0,0.0,0.0,0.0,0.0,0.0,0.0,0.0,0.0,0.0,0.0,0.0,0.0,0.0,0.0,0.0,0.0,0.0,0.0,0.0
11649,77,98,0,0.0,0.0,0.0,0.0,0.0,0.0,0.0,0.0,0.0,0.0,0.0,0.0,0.0,0.0,0.0,0.0,0.0,0.0,0.0,0.0,0.0,0.0,0.0,0.0,0.0,0.0,0.0,0.0,0.0,0.0,0.0,0.0,0.0,0.0,0.0
11650,77,99,0,0.0,0.0,0.0,0.0,0.0,0.0,0.0,0.0,0.0,0.0,0.0,0.0,0.0,0.0,0.0,0.0,0.0,0.0,0.0,0.0,0.0,0.0,0.0,0.0,0.0,0.0,0.0,0.0,0.0,0.0,0.0,0.0,0.0,0.0,0.0
11651,77,102,0,0.0,0.0,0.0,0.0,0.0,0.0,0.0,0.0,0.0,0.0,0.0,0.0,0.0,0.0,0.0,0.0,0.0,0.0,0.0,0.0,0.0,0.0,0.0,0.0,0.0,0.0,0.0,0.0,0.0,0.0,0.0,0.0,0.0,0.0,0.0
11652,77,109,0,0.0,0.0,0.0,0.0,0.0,0.0,0.0,0.0,0.0,0.0,0.0,0.0,0.0,0.0,0.0,0.0,0.0,0.0,0.0,0.0,0.0,0.0,0.0,0.0,0.0,0.0,0.0,0.0,0.0,0.0,0.0,0.0,0.0,0.0,0.0
11653,77,110,0,0.0,0.0,0.0,0.0,0.0,0.0,0.0,0.0,0.0,0.0,0.0,0.0,0.0,0.0,0.0,0.0,0.0,0.0,0.0,0.0,0.0,0.0,0.0,0.0,0.0,0.0,0.0,0.0,0.0,0.0,0.0,0.0,0.0,0.0,0.0
11654,77,113,0,0.0,0.0,0.0,0.0,0.0,0.0,0.0,0.0,0.0,0.0,0.0,0.0,0.0,0.0,0.0,0.0,0.0,0.0,0.0,0.0,0.0,0.0,0.0,0.0,0.0,0.0,0.0,0.0,0.0,0.0,0.0,0.0,0.0,0.0,0.0
11655,77,117,0,0.0,0.0,0.0,0.0,0.0,0.0,0.0,0.0,0.0,0.0,0.0,0.0,0.0,0.0,0.0,0.0,0.0,0.0,0.0,0.0,0.0,0.0,0.0,0.0,0.0,0.0,0.0,0.0,0.0,0.0,0.0,0.0,0.0,0.0,0.0
11656,77,118,0,0.0,0.0,0.0,0.0,0.0,0.0,0.0,0.0,0.0,0.0,0.0,0.0,0.0,0.0,0.0,0.0,0.0,0.0,0.0,0.0,0.0,0.0,0.0,0.0,0.0,0.0,0.0,0.0,0.0,0.0,0.0,0.0,0.0,0.0,0.0
11657,77,120,0,0.0,0.0,0.0,0.0,0.0,0.0,0.0,0.0,0.0,0.0,0.0,0.0,0.0,0.0,0.0,0.0,0.0,0.0,0.0,0.0,0.0,0.0,0.0,0.0,0.0,0.0,0.0,0.0,0.0,0.0,0.0,0.0,0.0,0.0,0.0
11658,77,125,0,0.0,0.0,0.0,0.0,0.0,0.0,0.0,0.0,0.0,0.0,0.0,0.0,0.0,0.0,0.0,0.0,0.0,0.0,0.0,0.0,0.0,0.0,0.0,0.0,0.0,0.0,0.0,0.0,0.0,0.0,0.0,0.0,0.0,0.0,0.0
11659,77,126,0,0.0,0.0,0.0,0.0,0.0,0.0,0.0,0.0,0.0,0.0,0.0,0.0,0.0,0.0,0.0,0.0,0.0,0.0,0.0,0.0,0.0,0.0,0.0,0.0,0.0,0.0,0.0,0.0,0.0,0.0,0.0,0.0,0.0,0.0,0.0
11660,77,127,0,0.0,0.0,0.0,0.0,0.0,0.0,0.0,0.0,0.0,0.0,0.0,0.0,0.0,0.0,0.0,0.0,0.0,0.0,0.0,0.0,0.0,0.0,0.0,0.0,0.0,0.0,0.0,0.0,0.0,0.0,0.0,0.0,0.0,0.0,0.0
11661,77,129,0,0.0,0.0,0.0,0.0,0.0,0.0,0.0,0.0,0.0,0.0,0.0,0.0,0.0,0.0,0.0,0.0,0.0,0.0,0.0,0.0,0.0,0.0,0.0,0.0,0.0,0.0,0.0,0.0,0.0,0.0,0.0,0.0,0.0,0.0,0.0
11662,77,131,0,0.0,0.0,0.0,0.0,0.0,0.0,0.0,0.0,0.0,0.0,0.0,0.0,0.0,0.0,0.0,0.0,0.0,0.0,0.0,0.0,0.0,0.0,0.0,0.0,0.0,0.0,0.0,0.0,0.0,0.0,0.0,0.0,0.0,0.0,0.0
11663,77,132,0,0.0,0.0,0.0,0.0,0.0,0.0,0.0,0.0,0.0,0.0,0.0,0.0,0.0,0.0,0.0,0.0,0.0,0.0,0.0,0.0,0.0,0.0,0.0,0.0,0.0,0.0,0.0,0.0,0.0,0.0,0.0,0.0,0.0,0.0,0.0
11664,77,134,0,0.0,0.0,0.0,0.0,0.0,0.0,0.0,0.0,0.0,0.0,0.0,0.0,0.0,0.0,0.0,0.0,0.0,0.0,0.0,0.0,0.0,0.0,0.0,0.0,0.0,0.0,0.0,0.0,0.0,0.0,0.0,0.0,0.0,0.0,0.0
11665,77,141,0,0.0,0.0,0.0,0.0,0.0,0.0,0.0,0.0,0.0,0.0,0.0,0.0,0.0,0.0,0.0,0.0,0.0,0.0,0.0,0.0,0.0,0.0,0.0,0.0,0.0,0.0,0.0,0.0,0.0,0.0,0.0,0.0,0.0,0.0,0.0
11666,77,145,0,0.0,0.0,0.0,0.0,0.0,0.0,0.0,0.0,0.0,0.0,0.0,0.0,0.0,0.0,0.0,0.0,0.0,0.0,0.0,0.0,0.0,0.0,0.0,0.0,0.0,0.0,0.0,0.0,0.0,0.0,0.0,0.0,0.0,0.0,0.0
11667,77,147,0,0.0,0.0,0.0,0.0,0.0,0.0,0.0,0.0,0.0,0.0,0.0,0.0,0.0,0.0,0.0,0.0,0.0,0.0,0.0,0.0,0.0,0.0,0.0,0.0,0.0,0.0,0.0,0.0,0.0,0.0,0.0,0.0,0.0,0.0,0.0
11668,77,148,0,0.0,0.0,0.0,0.0,0.0,0.0,0.0,0.0,0.0,0.0,0.0,0.0,0.0,0.0,0.0,0.0,0.0,0.0,0.0,0.0,0.0,0.0,0.0,0.0,0.0,0.0,0.0,0.0,0.0,0.0,0.0,0.0,0.0,0.0,0.0
11669,77,151,0,0.0,0.0,0.0,0.0,0.0,0.0,0.0,0.0,0.0,0.0,0.0,0.0,0.0,0.0,0.0,0.0,0.0,0.0,0.0,0.0,0.0,0.0,0.0,0.0,0.0,0.0,0.0,0.0,0.0,0.0,0.0,0.0,0.0,0.0,0.0
11670,77,152,0,0.0,0.0,0.0,0.0,0.0,0.0,0.0,0.0,0.0,0.0,0.0,0.0,0.0,0.0,0.0,0.0,0.0,0.0,0.0,0.0,0.0,0.0,0.0,0.0,0.0,0.0,0.0,0.0,0.0,0.0,0.0,0.0,0.0,0.0,0.0
11671,77,154,0,0.0,0.0,0.0,0.0,0.0,0.0,0.0,0.0,0.0,0.0,0.0,0.0,0.0,0.0,0.0,0.0,0.0,0.0,0.0,0.0,0.0,0.0,0.0,0.0,0.0,0.0,0.0,0.0,0.0,0.0,0.0,0.0,0.0,0.0,0.0
11672,77,156,0,0.0,0.0,0.0,0.0,0.0,0.0,0.0,0.0,0.0,0.0,0.0,0.0,0.0,0.0,0.0,0.0,0.0,0.0,0.0,0.0,0.0,0.0,0.0,0.0,0.0,0.0,0.0,0.0,0.0,0.0,0.0,0.0,0.0,0.0,0.0
11673,77,160,0,0.0,0.0,0.0,0.0,0.0,0.0,0.0,0.0,0.0,0.0,0.0,0.0,0.0,0.0,0.0,0.0,0.0,0.0,0.0,0.0,0.0,0.0,0.0,0.0,0.0,0.0,0.0,0.0,0.0,0.0,0.0,0.0,0.0,0.0,0.0
11674,77,163,0,0.0,0.0,0.0,0.0,0.0,0.0,0.0,0.0,0.0,0.0,0.0,0.0,0.0,0.0,0.0,0.0,0.0,0.0,0.0,0.0,0.0,0.0,0.0,0.0,0.0,0.0,0.0,0.0,0.0,0.0,0.0,0.0,0.0,0.0,0.0
11675,77,166,0,0.0,0.0,0.0,0.0,0.0,0.0,0.0,0.0,0.0,0.0,0.0,0.0,0.0,0.0,0.0,0.0,0.0,0.0,0.0,0.0,0.0,0.0,0.0,0.0,0.0,0.0,0.0,0.0,0.0,0.0,0.0,0.0,0.0,0.0,0.0
11676,77,168,0,0.0,0.0,0.0,0.0,0.0,0.0,0.0,0.0,0.0,0.0,0.0,0.0,0.0,0.0,0.0,0.0,0.0,0.0,0.0,0.0,0.0,0.0,0.0,0.0,0.0,0.0,0.0,0.0,0.0,0.0,0.0,0.0,0.0,0.0,0.0
11677,77,172,0,0.0,0.0,0.0,0.0,0.0,0.0,0.0,0.0,0.0,0.0,0.0,0.0,0.0,0.0,0.0,0.0,0.0,0.0,0.0,0.0,0.0,0.0,0.0,0.0,0.0,0.0,0.0,0.0,0.0,0.0,0.0,0.0,0.0,0.0,0.0
11678,77,173,0,0.0,0.0,0.0,0.0,0.0,0.0,0.0,0.0,0.0,0.0,0.0,0.0,0.0,0.0,0.0,0.0,0.0,0.0,0.0,0.0,0.0,0.0,0.0,0.0,0.0,0.0,0.0,0.0,0.0,0.0,0.0,0.0,0.0,0.0,0.0
11679,77,174,0,0.0,0.0,0.0,0.0,0.0,0.0,0.0,0.0,0.0,0.0,0.0,0.0,0.0,0.0,0.0,0.0,0.0,0.0,0.0,0.0,0.0,0.0,0.0,0.0,0.0,0.0,0.0,0.0,0.0,0.0,0.0,0.0,0.0,0.0,0.0
11680,77,179,0,0.0,0.0,0.0,0.0,0.0,0.0,0.0,0.0,0.0,0.0,0.0,0.0,0.0,0.0,0.0,0.0,0.0,0.0,0.0,0.0,0.0,0.0,0.0,0.0,0.0,0.0,0.0,0.0,0.0,0.0,0.0,0.0,0.0,0.0,0.0
11681,77,183,0,0.0,0.0,0.0,0.0,0.0,0.0,0.0,0.0,0.0,0.0,0.0,0.0,0.0,0.0,0.0,0.0,0.0,0.0,0.0,0.0,0.0,0.0,0.0,0.0,0.0,0.0,0.0,0.0,0.0,0.0,0.0,0.0,0.0,0.0,0.0
11682,77,186,0,0.0,0.0,0.0,0.0,0.0,0.0,0.0,0.0,0.0,0.0,0.0,0.0,0.0,0.0,0.0,0.0,0.0,0.0,0.0,0.0,0.0,0.0,0.0,0.0,0.0,0.0,0.0,0.0,0.0,0.0,0.0,0.0,0.0,0.0,0.0
11683,77,187,0,0.0,0.0,0.0,0.0,0.0,0.0,0.0,0.0,0.0,0.0,0.0,0.0,0.0,0.0,0.0,0.0,0.0,0.0,0.0,0.0,0.0,0.0,0.0,0.0,0.0,0.0,0.0,0.0,0.0,0.0,0.0,0.0,0.0,0.0,0.0
11684,77,190,0,0.0,0.0,0.0,0.0,0.0,0.0,0.0,0.0,0.0,0.0,0.0,0.0,0.0,0.0,0.0,0.0,0.0,0.0,0.0,0.0,0.0,0.0,0.0,0.0,0.0,0.0,0.0,0.0,0.0,0.0,0.0,0.0,0.0,0.0,0.0
11685,77,194,0,0.0,0.0,0.0,0.0,0.0,0.0,0.0,0.0,0.0,0.0,0.0,0.0,0.0,0.0,0.0,0.0,0.0,0.0,0.0,0.0,0.0,0.0,0.0,0.0,0.0,0.0,0.0,0.0,0.0,0.0,0.0,0.0,0.0,0.0,0.0
11686,77,196,0,0.0,0.0,0.0,0.0,0.0,0.0,0.0,0.0,0.0,0.0,0.0,0.0,0.0,0.0,0.0,0.0,0.0,0.0,0.0,0.0,0.0,0.0,0.0,0.0,0.0,0.0,0.0,0.0,0.0,0.0,0.0,0.0,0.0,0.0,0.0
11687,77,197,0,0.0,0.0,0.0,0.0,0.0,0.0,0.0,0.0,0.0,0.0,0.0,0.0,0.0,0.0,0.0,0.0,0.0,0.0,0.0,0.0,0.0,0.0,0.0,0.0,0.0,0.0,0.0,0.0,0.0,0.0,0.0,0.0,0.0,0.0,0.0
11688,77,198,0,0.0,0.0,0.0,0.0,0.0,0.0,0.0,0.0,0.0,0.0,0.0,0.0,0.0,0.0,0.0,0.0,0.0,0.0,0.0,0.0,0.0,0.0,0.0,0.0,0.0,0.0,0.0,0.0,0.0,0.0,0.0,0.0,0.0,0.0,0.0
11689,77,199,0,0.0,0.0,0.0,0.0,0.0,0.0,0.0,0.0,0.0,0.0,0.0,0.0,0.0,0.0,0.0,0.0,0.0,0.0,0.0,0.0,0.0,0.0,0.0,0.0,0.0,0.0,0.0,0.0,0.0,0.0,0.0,0.0,0.0,0.0,0.0
11690,77,202,0,0.0,0.0,0.0,0.0,0.0,0.0,0.0,0.0,0.0,0.0,0.0,0.0,0.0,0.0,0.0,0.0,0.0,0.0,0.0,0.0,0.0,0.0,0.0,0.0,0.0,0.0,0.0,0.0,0.0,0.0,0.0,0.0,0.0,0.0,0.0
11691,77,203,0,0.0,0.0,0.0,0.0,0.0,0.0,0.0,0.0,0.0,0.0,0.0,0.0,0.0,0.0,0.0,0.0,0.0,0.0,0.0,0.0,0.0,0.0,0.0,0.0,0.0,0.0,0.0,0.0,0.0,0.0,0.0,0.0,0.0,0.0,0.0
11692,77,209,0,0.0,0.0,0.0,0.0,0.0,0.0,0.0,0.0,0.0,0.0,0.0,0.0,0.0,0.0,0.0,0.0,0.0,0.0,0.0,0.0,0.0,0.0,0.0,0.0,0.0,0.0,0.0,0.0,0.0,0.0,0.0,0.0,0.0,0.0,0.0
11693,77,215,0,0.0,0.0,0.0,0.0,0.0,0.0,0.0,0.0,0.0,0.0,0.0,0.0,0.0,0.0,0.0,0.0,0.0,0.0,0.0,0.0,0.0,0.0,0.0,0.0,0.0,0.0,0.0,0.0,0.0,0.0,0.0,0.0,0.0,0.0,0.0
11694,77,218,0,0.0,0.0,0.0,0.0,0.0,0.0,0.0,0.0,0.0,0.0,0.0,0.0,0.0,0.0,0.0,0.0,0.0,0.0,0.0,0.0,0.0,0.0,0.0,0.0,0.0,0.0,0.0,0.0,0.0,0.0,0.0,0.0,0.0,0.0,0.0
11695,77,220,0,0.0,0.0,0.0,0.0,0.0,0.0,0.0,0.0,0.0,0.0,0.0,0.0,0.0,0.0,0.0,0.0,0.0,0.0,0.0,0.0,0.0,0.0,0.0,0.0,0.0,0.0,0.0,0.0,0.0,0.0,0.0,0.0,0.0,0.0,0.0
11696,77,221,0,0.0,0.0,0.0,0.0,0.0,0.0,0.0,0.0,0.0,0.0,0.0,0.0,0.0,0.0,0.0,0.0,0.0,0.0,0.0,0.0,0.0,0.0,0.0,0.0,0.0,0.0,0.0,0.0,0.0,0.0,0.0,0.0,0.0,0.0,0.0
11697,77,222,0,0.0,0.0,0.0,0.0,0.0,0.0,0.0,0.0,0.0,0.0,0.0,0.0,0.0,0.0,0.0,0.0,0.0,0.0,0.0,0.0,0.0,0.0,0.0,0.0,0.0,0.0,0.0,0.0,0.0,0.0,0.0,0.0,0.0,0.0,0.0
11698,77,224,0,0.0,0.0,0.0,0.0,0.0,0.0,0.0,0.0,0.0,0.0,0.0,0.0,0.0,0.0,0.0,0.0,0.0,0.0,0.0,0.0,0.0,0.0,0.0,0.0,0.0,0.0,0.0,0.0,0.0,0.0,0.0,0.0,0.0,0.0,0.0
11699,77,229,0,0.0,0.0,0.0,0.0,0.0,0.0,0.0,0.0,0.0,0.0,0.0,0.0,0.0,0.0,0.0,0.0,0.0,0.0,0.0,0.0,0.0,0.0,0.0,0.0,0.0,0.0,0.0,0.0,0.0,0.0,0.0,0.0,0.0,0.0,0.0
11700,77,233,0,0.0,0.0,0.0,0.0,0.0,0.0,0.0,0.0,0.0,0.0,0.0,0.0,0.0,0.0,0.0,0.0,0.0,0.0,0.0,0.0,0.0,0.0,0.0,0.0,0.0,0.0,0.0,0.0,0.0,0.0,0.0,0.0,0.0,0.0,0.0
11701,77,235,0,0.0,0.0,0.0,0.0,0.0,0.0,0.0,0.0,0.0,0.0,0.0,0.0,0.0,0.0,0.0,0.0,0.0,0.0,0.0,0.0,0.0,0.0,0.0,0.0,0.0,0.0,0.0,0.0,0.0,0.0,0.0,0.0,0.0,0.0,0.0
11702,77,237,0,0.0,0.0,0.0,0.0,0.0,0.0,0.0,0.0,0.0,0.0,0.0,0.0,0.0,0.0,0.0,0.0,0.0,0.0,0.0,0.0,0.0,0.0,0.0,0.0,0.0,0.0,0.0,0.0,0.0,0.0,0.0,0.0,0.0,0.0,0.0
11703,77,248,0,0.0,0.0,0.0,0.0,0.0,0.0,0.0,0.0,0.0,0.0,0.0,0.0,0.0,0.0,0.0,0.0,0.0,0.0,0.0,0.0,0.0,0.0,0.0,0.0,0.0,0.0,0.0,0.0,0.0,0.0,0.0,0.0,0.0,0.0,0.0
11704,77,249,0,0.0,0.0,0.0,0.0,0.0,0.0,0.0,0.0,0.0,0.0,0.0,0.0,0.0,0.0,0.0,0.0,0.0,0.0,0.0,0.0,0.0,0.0,0.0,0.0,0.0,0.0,0.0,0.0,0.0,0.0,0.0,0.0,0.0,0.0,0.0
11705,77,253,0,0.0,0.0,0.0,0.0,0.0,0.0,0.0,0.0,0.0,0.0,0.0,0.0,0.0,0.0,0.0,0.0,0.0,0.0,0.0,0.0,0.0,0.0,0.0,0.0,0.0,0.0,0.0,0.0,0.0,0.0,0.0,0.0,0.0,0.0,0.0
11706,77,254,0,0.0,0.0,0.0,0.0,0.0,0.0,0.0,0.0,0.0,0.0,0.0,0.0,0.0,0.0,0.0,0.0,0.0,0.0,0.0,0.0,0.0,0.0,0.0,0.0,0.0,0.0,0.0,0.0,0.0,0.0,0.0,0.0,0.0,0.0,0.0
11707,77,257,0,0.0,0.0,0.0,0.0,0.0,0.0,0.0,0.0,0.0,0.0,0.0,0.0,0.0,0.0,0.0,0.0,0.0,0.0,0.0,0.0,0.0,0.0,0.0,0.0,0.0,0.0,0.0,0.0,0.0,0.0,0.0,0.0,0.0,0.0,0.0
11708,77,258,0,0.0,0.0,0.0,0.0,0.0,0.0,0.0,0.0,0.0,0.0,0.0,0.0,0.0,0.0,0.0,0.0,0.0,0.0,0.0,0.0,0.0,0.0,0.0,0.0,0.0,0.0,0.0,0.0,0.0,0.0,0.0,0.0,0.0,0.0,0.0
11709,77,259,0,0.0,0.0,0.0,0.0,0.0,0.0,0.0,0.0,0.0,0.0,0.0,0.0,0.0,0.0,0.0,0.0,0.0,0.0,0.0,0.0,0.0,0.0,0.0,0.0,0.0,0.0,0.0,0.0,0.0,0.0,0.0,0.0,0.0,0.0,0.0
11710,77,265,0,0.0,0.0,0.0,0.0,0.0,0.0,0.0,0.0,0.0,0.0,0.0,0.0,0.0,0.0,0.0,0.0,0.0,0.0,0.0,0.0,0.0,0.0,0.0,0.0,0.0,0.0,0.0,0.0,0.0,0.0,0.0,0.0,0.0,0.0,0.0
11711,77,271,0,0.0,0.0,0.0,0.0,0.0,0.0,0.0,0.0,0.0,0.0,0.0,0.0,0.0,0.0,0.0,0.0,0.0,0.0,0.0,0.0,0.0,0.0,0.0,0.0,0.0,0.0,0.0,0.0,0.0,0.0,0.0,0.0,0.0,0.0,0.0
11712,77,275,0,0.0,0.0,0.0,0.0,0.0,0.0,0.0,0.0,0.0,0.0,0.0,0.0,0.0,0.0,0.0,0.0,0.0,0.0,0.0,0.0,0.0,0.0,0.0,0.0,0.0,0.0,0.0,0.0,0.0,0.0,0.0,0.0,0.0,0.0,0.0
11713,77,276,0,0.0,0.0,0.0,0.0,0.0,0.0,0.0,0.0,0.0,0.0,0.0,0.0,0.0,0.0,0.0,0.0,0.0,0.0,0.0,0.0,0.0,0.0,0.0,0.0,0.0,0.0,0.0,0.0,0.0,0.0,0.0,0.0,0.0,0.0,0.0
11714,77,280,0,0.0,0.0,0.0,0.0,0.0,0.0,0.0,0.0,0.0,0.0,0.0,0.0,0.0,0.0,0.0,0.0,0.0,0.0,0.0,0.0,0.0,0.0,0.0,0.0,0.0,0.0,0.0,0.0,0.0,0.0,0.0,0.0,0.0,0.0,0.0
11715,77,281,0,0.0,0.0,0.0,0.0,0.0,0.0,0.0,0.0,0.0,0.0,0.0,0.0,0.0,0.0,0.0,0.0,0.0,0.0,0.0,0.0,0.0,0.0,0.0,0.0,0.0,0.0,0.0,0.0,0.0,0.0,0.0,0.0,0.0,0.0,0.0
11716,77,282,0,0.0,0.0,0.0,0.0,0.0,0.0,0.0,0.0,0.0,0.0,0.0,0.0,0.0,0.0,0.0,0.0,0.0,0.0,0.0,0.0,0.0,0.0,0.0,0.0,0.0,0.0,0.0,0.0,0.0,0.0,0.0,0.0,0.0,0.0,0.0
11717,77,283,0,0.0,0.0,0.0,0.0,0.0,0.0,0.0,0.0,0.0,0.0,0.0,0.0,0.0,0.0,0.0,0.0,0.0,0.0,0.0,0.0,0.0,0.0,0.0,0.0,0.0,0.0,0.0,0.0,0.0,0.0,0.0,0.0,0.0,0.0,0.0
11718,77,288,0,0.0,0.0,0.0,0.0,0.0,0.0,0.0,0.0,0.0,0.0,0.0,0.0,0.0,0.0,0.0,0.0,0.0,0.0,0.0,0.0,0.0,0.0,0.0,0.0,0.0,0.0,0.0,0.0,0.0,0.0,0.0,0.0,0.0,0.0,0.0
11719,77,292,0,0.0,0.0,0.0,0.0,0.0,0.0,0.0,0.0,0.0,0.0,0.0,0.0,0.0,0.0,0.0,0.0,0.0,0.0,0.0,0.0,0.0,0.0,0.0,0.0,0.0,0.0,0.0,0.0,0.0,0.0,0.0,0.0,0.0,0.0,0.0
11720,77,293,0,0.0,0.0,0.0,0.0,0.0,0.0,0.0,0.0,0.0,0.0,0.0,0.0,0.0,0.0,0.0,0.0,0.0,0.0,0.0,0.0,0.0,0.0,0.0,0.0,0.0,0.0,0.0,0.0,0.0,0.0,0.0,0.0,0.0,0.0,0.0
11721,77,301,0,0.0,0.0,0.0,0.0,0.0,0.0,0.0,0.0,0.0,0.0,0.0,0.0,0.0,0.0,0.0,0.0,0.0,0.0,0.0,0.0,0.0,0.0,0.0,0.0,0.0,0.0,0.0,0.0,0.0,0.0,0.0,0.0,0.0,0.0,0.0
11722,77,302,0,0.0,0.0,0.0,0.0,0.0,0.0,0.0,0.0,0.0,0.0,0.0,0.0,0.0,0.0,0.0,0.0,0.0,0.0,0.0,0.0,0.0,0.0,0.0,0.0,0.0,0.0,0.0,0.0,0.0,0.0,0.0,0.0,0.0,0.0,0.0
11723,77,314,0,0.0,0.0,0.0,0.0,0.0,0.0,0.0,0.0,0.0,0.0,0.0,0.0,0.0,0.0,0.0,0.0,0.0,0.0,0.0,0.0,0.0,0.0,0.0,0.0,0.0,0.0,0.0,0.0,0.0,0.0,0.0,0.0,0.0,0.0,0.0
11724,77,317,0,0.0,0.0,0.0,0.0,0.0,0.0,0.0,0.0,0.0,0.0,0.0,0.0,0.0,0.0,0.0,0.0,0.0,0.0,0.0,0.0,0.0,0.0,0.0,0.0,0.0,0.0,0.0,0.0,0.0,0.0,0.0,0.0,0.0,0.0,0.0
11725,77,320,0,0.0,0.0,0.0,0.0,0.0,0.0,0.0,0.0,0.0,0.0,0.0,0.0,0.0,0.0,0.0,0.0,0.0,0.0,0.0,0.0,0.0,0.0,0.0,0.0,0.0,0.0,0.0,0.0,0.0,0.0,0.0,0.0,0.0,0.0,0.0
11726,77,323,0,0.0,0.0,0.0,0.0,0.0,0.0,0.0,0.0,0.0,0.0,0.0,0.0,0.0,0.0,0.0,0.0,0.0,0.0,0.0,0.0,0.0,0.0,0.0,0.0,0.0,0.0,0.0,0.0,0.0,0.0,0.0,0.0,0.0,0.0,0.0
11727,77,328,0,0.0,0.0,0.0,0.0,0.0,0.0,0.0,0.0,0.0,0.0,0.0,0.0,0.0,0.0,0.0,0.0,0.0,0.0,0.0,0.0,0.0,0.0,0.0,0.0,0.0,0.0,0.0,0.0,0.0,0.0,0.0,0.0,0.0,0.0,0.0
11728,77,329,0,0.0,0.0,0.0,0.0,0.0,0.0,0.0,0.0,0.0,0.0,0.0,0.0,0.0,0.0,0.0,0.0,0.0,0.0,0.0,0.0,0.0,0.0,0.0,0.0,0.0,0.0,0.0,0.0,0.0,0.0,0.0,0.0,0.0,0.0,0.0
11729,77,331,0,0.0,0.0,0.0,0.0,0.0,0.0,0.0,0.0,0.0,0.0,0.0,0.0,0.0,0.0,0.0,0.0,0.0,0.0,0.0,0.0,0.0,0.0,0.0,0.0,0.0,0.0,0.0,0.0,0.0,0.0,0.0,0.0,0.0,0.0,0.0
11730,77,333,0,0.0,0.0,0.0,0.0,0.0,0.0,0.0,0.0,0.0,0.0,0.0,0.0,0.0,0.0,0.0,0.0,0.0,0.0,0.0,0.0,0.0,0.0,0.0,0.0,0.0,0.0,0.0,0.0,0.0,0.0,0.0,0.0,0.0,0.0,0.0
11731,77,335,0,0.0,0.0,0.0,0.0,0.0,0.0,0.0,0.0,0.0,0.0,0.0,0.0,0.0,0.0,0.0,0.0,0.0,0.0,0.0,0.0,0.0,0.0,0.0,0.0,0.0,0.0,0.0,0.0,0.0,0.0,0.0,0.0,0.0,0.0,0.0
11732,77,337,0,0.0,0.0,0.0,0.0,0.0,0.0,0.0,0.0,0.0,0.0,0.0,0.0,0.0,0.0,0.0,0.0,0.0,0.0,0.0,0.0,0.0,0.0,0.0,0.0,0.0,0.0,0.0,0.0,0.0,0.0,0.0,0.0,0.0,0.0,0.0
11733,77,341,0,0.0,0.0,0.0,0.0,0.0,0.0,0.0,0.0,0.0,0.0,0.0,0.0,0.0,0.0,0.0,0.0,0.0,0.0,0.0,0.0,0.0,0.0,0.0,0.0,0.0,0.0,0.0,0.0,0.0,0.0,0.0,0.0,0.0,0.0,0.0
11734,78,146,752,2.39,39.95,18.27,37.03,16.12,45.34,40.0,53.13,10.35,40.8,19.85,67.1,30.65,43.52,19.86,47.11,1.63,53.16,27.09,33.33,1.22,37.88,11.76,33.33,1.49,27.45,12.01,36.36,1.49,48.09,22.11,63.63,0.0,56.75,373.0
11735,78,169,391,1.79,36.35,16.77,35.78,16.43,39.64,35.84,72.65,10.15,36.07,17.36,56.41,11.45,35.65,17.49,43.18,1.3,45.2,28.23,20.0,2.34,40.55,12.78,33.33,0.26,83.0,0.0,100.0,1.82,37.71,10.12,42.85,0.0,69.54,140.0
11736,78,217,673,1.04,41.85,18.84,48.0,21.2,40.26,47.05,2.55,3.3,50.59,16.66,18.18,87.83,40.66,18.33,41.36,1.35,42.44,17.91,22.22,1.05,50.71,19.29,14.28,2.25,39.86,22.94,33.33,1.65,65.54,14.54,45.45,0.0,33.3,338.0
11737,78,1,0,0.0,0.0,0.0,0.0,0.0,0.0,0.0,0.0,0.0,0.0,0.0,0.0,0.0,0.0,0.0,0.0,0.0,0.0,0.0,0.0,0.0,0.0,0.0,0.0,0.0,0.0,0.0,0.0,0.0,0.0,0.0,0.0,0.0,0.0,0.0
11738,78,3,0,0.0,0.0,0.0,0.0,0.0,0.0,0.0,0.0,0.0,0.0,0.0,0.0,0.0,0.0,0.0,0.0,0.0,0.0,0.0,0.0,0.0,0.0,0.0,0.0,0.0,0.0,0.0,0.0,0.0,0.0,0.0,0.0,0.0,0.0,0.0
11739,78,4,0,0.0,0.0,0.0,0.0,0.0,0.0,0.0,0.0,0.0,0.0,0.0,0.0,0.0,0.0,0.0,0.0,0.0,0.0,0.0,0.0,0.0,0.0,0.0,0.0,0.0,0.0,0.0,0.0,0.0,0.0,0.0,0.0,0.0,0.0,0.0
11740,78,6,0,0.0,0.0,0.0,0.0,0.0,0.0,0.0,0.0,0.0,0.0,0.0,0.0,0.0,0.0,0.0,0.0,0.0,0.0,0.0,0.0,0.0,0.0,0.0,0.0,0.0,0.0,0.0,0.0,0.0,0.0,0.0,0.0,0.0,0.0,0.0
11741,78,8,0,0.0,0.0,0.0,0.0,0.0,0.0,0.0,0.0,0.0,0.0,0.0,0.0,0.0,0.0,0.0,0.0,0.0,0.0,0.0,0.0,0.0,0.0,0.0,0.0,0.0,0.0,0.0,0.0,0.0,0.0,0.0,0.0,0.0,0.0,0.0
11742,78,10,0,0.0,0.0,0.0,0.0,0.0,0.0,0.0,0.0,0.0,0.0,0.0,0.0,0.0,0.0,0.0,0.0,0.0,0.0,0.0,0.0,0.0,0.0,0.0,0.0,0.0,0.0,0.0,0.0,0.0,0.0,0.0,0.0,0.0,0.0,0.0
11743,78,19,0,0.0,0.0,0.0,0.0,0.0,0.0,0.0,0.0,0.0,0.0,0.0,0.0,0.0,0.0,0.0,0.0,0.0,0.0,0.0,0.0,0.0,0.0,0.0,0.0,0.0,0.0,0.0,0.0,0.0,0.0,0.0,0.0,0.0,0.0,0.0
11744,78,20,0,0.0,0.0,0.0,0.0,0.0,0.0,0.0,0.0,0.0,0.0,0.0,0.0,0.0,0.0,0.0,0.0,0.0,0.0,0.0,0.0,0.0,0.0,0.0,0.0,0.0,0.0,0.0,0.0,0.0,0.0,0.0,0.0,0.0,0.0,0.0
11745,78,21,0,0.0,0.0,0.0,0.0,0.0,0.0,0.0,0.0,0.0,0.0,0.0,0.0,0.0,0.0,0.0,0.0,0.0,0.0,0.0,0.0,0.0,0.0,0.0,0.0,0.0,0.0,0.0,0.0,0.0,0.0,0.0,0.0,0.0,0.0,0.0
11746,78,22,0,0.0,0.0,0.0,0.0,0.0,0.0,0.0,0.0,0.0,0.0,0.0,0.0,0.0,0.0,0.0,0.0,0.0,0.0,0.0,0.0,0.0,0.0,0.0,0.0,0.0,0.0,0.0,0.0,0.0,0.0,0.0,0.0,0.0,0.0,0.0
11747,78,23,0,0.0,0.0,0.0,0.0,0.0,0.0,0.0,0.0,0.0,0.0,0.0,0.0,0.0,0.0,0.0,0.0,0.0,0.0,0.0,0.0,0.0,0.0,0.0,0.0,0.0,0.0,0.0,0.0,0.0,0.0,0.0,0.0,0.0,0.0,0.0
11748,78,28,0,0.0,0.0,0.0,0.0,0.0,0.0,0.0,0.0,0.0,0.0,0.0,0.0,0.0,0.0,0.0,0.0,0.0,0.0,0.0,0.0,0.0,0.0,0.0,0.0,0.0,0.0,0.0,0.0,0.0,0.0,0.0,0.0,0.0,0.0,0.0
11749,78,29,0,0.0,0.0,0.0,0.0,0.0,0.0,0.0,0.0,0.0,0.0,0.0,0.0,0.0,0.0,0.0,0.0,0.0,0.0,0.0,0.0,0.0,0.0,0.0,0.0,0.0,0.0,0.0,0.0,0.0,0.0,0.0,0.0,0.0,0.0,0.0
11750,78,30,0,0.0,0.0,0.0,0.0,0.0,0.0,0.0,0.0,0.0,0.0,0.0,0.0,0.0,0.0,0.0,0.0,0.0,0.0,0.0,0.0,0.0,0.0,0.0,0.0,0.0,0.0,0.0,0.0,0.0,0.0,0.0,0.0,0.0,0.0,0.0
11751,78,31,0,0.0,0.0,0.0,0.0,0.0,0.0,0.0,0.0,0.0,0.0,0.0,0.0,0.0,0.0,0.0,0.0,0.0,0.0,0.0,0.0,0.0,0.0,0.0,0.0,0.0,0.0,0.0,0.0,0.0,0.0,0.0,0.0,0.0,0.0,0.0
11752,78,33,0,0.0,0.0,0.0,0.0,0.0,0.0,0.0,0.0,0.0,0.0,0.0,0.0,0.0,0.0,0.0,0.0,0.0,0.0,0.0,0.0,0.0,0.0,0.0,0.0,0.0,0.0,0.0,0.0,0.0,0.0,0.0,0.0,0.0,0.0,0.0
11753,78,35,0,0.0,0.0,0.0,0.0,0.0,0.0,0.0,0.0,0.0,0.0,0.0,0.0,0.0,0.0,0.0,0.0,0.0,0.0,0.0,0.0,0.0,0.0,0.0,0.0,0.0,0.0,0.0,0.0,0.0,0.0,0.0,0.0,0.0,0.0,0.0
11754,78,37,0,0.0,0.0,0.0,0.0,0.0,0.0,0.0,0.0,0.0,0.0,0.0,0.0,0.0,0.0,0.0,0.0,0.0,0.0,0.0,0.0,0.0,0.0,0.0,0.0,0.0,0.0,0.0,0.0,0.0,0.0,0.0,0.0,0.0,0.0,0.0
11755,78,41,0,0.0,0.0,0.0,0.0,0.0,0.0,0.0,0.0,0.0,0.0,0.0,0.0,0.0,0.0,0.0,0.0,0.0,0.0,0.0,0.0,0.0,0.0,0.0,0.0,0.0,0.0,0.0,0.0,0.0,0.0,0.0,0.0,0.0,0.0,0.0
11756,78,42,0,0.0,0.0,0.0,0.0,0.0,0.0,0.0,0.0,0.0,0.0,0.0,0.0,0.0,0.0,0.0,0.0,0.0,0.0,0.0,0.0,0.0,0.0,0.0,0.0,0.0,0.0,0.0,0.0,0.0,0.0,0.0,0.0,0.0,0.0,0.0
11757,78,43,0,0.0,0.0,0.0,0.0,0.0,0.0,0.0,0.0,0.0,0.0,0.0,0.0,0.0,0.0,0.0,0.0,0.0,0.0,0.0,0.0,0.0,0.0,0.0,0.0,0.0,0.0,0.0,0.0,0.0,0.0,0.0,0.0,0.0,0.0,0.0
11758,78,46,0,0.0,0.0,0.0,0.0,0.0,0.0,0.0,0.0,0.0,0.0,0.0,0.0,0.0,0.0,0.0,0.0,0.0,0.0,0.0,0.0,0.0,0.0,0.0,0.0,0.0,0.0,0.0,0.0,0.0,0.0,0.0,0.0,0.0,0.0,0.0
11759,78,47,0,0.0,0.0,0.0,0.0,0.0,0.0,0.0,0.0,0.0,0.0,0.0,0.0,0.0,0.0,0.0,0.0,0.0,0.0,0.0,0.0,0.0,0.0,0.0,0.0,0.0,0.0,0.0,0.0,0.0,0.0,0.0,0.0,0.0,0.0,0.0
11760,78,51,0,0.0,0.0,0.0,0.0,0.0,0.0,0.0,0.0,0.0,0.0,0.0,0.0,0.0,0.0,0.0,0.0,0.0,0.0,0.0,0.0,0.0,0.0,0.0,0.0,0.0,0.0,0.0,0.0,0.0,0.0,0.0,0.0,0.0,0.0,0.0
11761,78,52,0,0.0,0.0,0.0,0.0,0.0,0.0,0.0,0.0,0.0,0.0,0.0,0.0,0.0,0.0,0.0,0.0,0.0,0.0,0.0,0.0,0.0,0.0,0.0,0.0,0.0,0.0,0.0,0.0,0.0,0.0,0.0,0.0,0.0,0.0,0.0
11762,78,53,0,0.0,0.0,0.0,0.0,0.0,0.0,0.0,0.0,0.0,0.0,0.0,0.0,0.0,0.0,0.0,0.0,0.0,0.0,0.0,0.0,0.0,0.0,0.0,0.0,0.0,0.0,0.0,0.0,0.0,0.0,0.0,0.0,0.0,0.0,0.0
11763,78,55,0,0.0,0.0,0.0,0.0,0.0,0.0,0.0,0.0,0.0,0.0,0.0,0.0,0.0,0.0,0.0,0.0,0.0,0.0,0.0,0.0,0.0,0.0,0.0,0.0,0.0,0.0,0.0,0.0,0.0,0.0,0.0,0.0,0.0,0.0,0.0
11764,78,61,0,0.0,0.0,0.0,0.0,0.0,0.0,0.0,0.0,0.0,0.0,0.0,0.0,0.0,0.0,0.0,0.0,0.0,0.0,0.0,0.0,0.0,0.0,0.0,0.0,0.0,0.0,0.0,0.0,0.0,0.0,0.0,0.0,0.0,0.0,0.0
11765,78,62,0,0.0,0.0,0.0,0.0,0.0,0.0,0.0,0.0,0.0,0.0,0.0,0.0,0.0,0.0,0.0,0.0,0.0,0.0,0.0,0.0,0.0,0.0,0.0,0.0,0.0,0.0,0.0,0.0,0.0,0.0,0.0,0.0,0.0,0.0,0.0
11766,78,63,0,0.0,0.0,0.0,0.0,0.0,0.0,0.0,0.0,0.0,0.0,0.0,0.0,0.0,0.0,0.0,0.0,0.0,0.0,0.0,0.0,0.0,0.0,0.0,0.0,0.0,0.0,0.0,0.0,0.0,0.0,0.0,0.0,0.0,0.0,0.0
11767,78,66,0,0.0,0.0,0.0,0.0,0.0,0.0,0.0,0.0,0.0,0.0,0.0,0.0,0.0,0.0,0.0,0.0,0.0,0.0,0.0,0.0,0.0,0.0,0.0,0.0,0.0,0.0,0.0,0.0,0.0,0.0,0.0,0.0,0.0,0.0,0.0
11768,78,69,0,0.0,0.0,0.0,0.0,0.0,0.0,0.0,0.0,0.0,0.0,0.0,0.0,0.0,0.0,0.0,0.0,0.0,0.0,0.0,0.0,0.0,0.0,0.0,0.0,0.0,0.0,0.0,0.0,0.0,0.0,0.0,0.0,0.0,0.0,0.0
11769,78,70,0,0.0,0.0,0.0,0.0,0.0,0.0,0.0,0.0,0.0,0.0,0.0,0.0,0.0,0.0,0.0,0.0,0.0,0.0,0.0,0.0,0.0,0.0,0.0,0.0,0.0,0.0,0.0,0.0,0.0,0.0,0.0,0.0,0.0,0.0,0.0
11770,78,71,0,0.0,0.0,0.0,0.0,0.0,0.0,0.0,0.0,0.0,0.0,0.0,0.0,0.0,0.0,0.0,0.0,0.0,0.0,0.0,0.0,0.0,0.0,0.0,0.0,0.0,0.0,0.0,0.0,0.0,0.0,0.0,0.0,0.0,0.0,0.0
11771,78,72,0,0.0,0.0,0.0,0.0,0.0,0.0,0.0,0.0,0.0,0.0,0.0,0.0,0.0,0.0,0.0,0.0,0.0,0.0,0.0,0.0,0.0,0.0,0.0,0.0,0.0,0.0,0.0,0.0,0.0,0.0,0.0,0.0,0.0,0.0,0.0
11772,78,74,0,0.0,0.0,0.0,0.0,0.0,0.0,0.0,0.0,0.0,0.0,0.0,0.0,0.0,0.0,0.0,0.0,0.0,0.0,0.0,0.0,0.0,0.0,0.0,0.0,0.0,0.0,0.0,0.0,0.0,0.0,0.0,0.0,0.0,0.0,0.0
11773,78,75,0,0.0,0.0,0.0,0.0,0.0,0.0,0.0,0.0,0.0,0.0,0.0,0.0,0.0,0.0,0.0,0.0,0.0,0.0,0.0,0.0,0.0,0.0,0.0,0.0,0.0,0.0,0.0,0.0,0.0,0.0,0.0,0.0,0.0,0.0,0.0
11774,78,77,0,0.0,0.0,0.0,0.0,0.0,0.0,0.0,0.0,0.0,0.0,0.0,0.0,0.0,0.0,0.0,0.0,0.0,0.0,0.0,0.0,0.0,0.0,0.0,0.0,0.0,0.0,0.0,0.0,0.0,0.0,0.0,0.0,0.0,0.0,0.0
11775,78,80,0,0.0,0.0,0.0,0.0,0.0,0.0,0.0,0.0,0.0,0.0,0.0,0.0,0.0,0.0,0.0,0.0,0.0,0.0,0.0,0.0,0.0,0.0,0.0,0.0,0.0,0.0,0.0,0.0,0.0,0.0,0.0,0.0,0.0,0.0,0.0
11776,78,81,0,0.0,0.0,0.0,0.0,0.0,0.0,0.0,0.0,0.0,0.0,0.0,0.0,0.0,0.0,0.0,0.0,0.0,0.0,0.0,0.0,0.0,0.0,0.0,0.0,0.0,0.0,0.0,0.0,0.0,0.0,0.0,0.0,0.0,0.0,0.0
11777,78,82,0,0.0,0.0,0.0,0.0,0.0,0.0,0.0,0.0,0.0,0.0,0.0,0.0,0.0,0.0,0.0,0.0,0.0,0.0,0.0,0.0,0.0,0.0,0.0,0.0,0.0,0.0,0.0,0.0,0.0,0.0,0.0,0.0,0.0,0.0,0.0
11778,78,84,0,0.0,0.0,0.0,0.0,0.0,0.0,0.0,0.0,0.0,0.0,0.0,0.0,0.0,0.0,0.0,0.0,0.0,0.0,0.0,0.0,0.0,0.0,0.0,0.0,0.0,0.0,0.0,0.0,0.0,0.0,0.0,0.0,0.0,0.0,0.0
11779,78,87,0,0.0,0.0,0.0,0.0,0.0,0.0,0.0,0.0,0.0,0.0,0.0,0.0,0.0,0.0,0.0,0.0,0.0,0.0,0.0,0.0,0.0,0.0,0.0,0.0,0.0,0.0,0.0,0.0,0.0,0.0,0.0,0.0,0.0,0.0,0.0
11780,78,88,0,0.0,0.0,0.0,0.0,0.0,0.0,0.0,0.0,0.0,0.0,0.0,0.0,0.0,0.0,0.0,0.0,0.0,0.0,0.0,0.0,0.0,0.0,0.0,0.0,0.0,0.0,0.0,0.0,0.0,0.0,0.0,0.0,0.0,0.0,0.0
11781,78,91,0,0.0,0.0,0.0,0.0,0.0,0.0,0.0,0.0,0.0,0.0,0.0,0.0,0.0,0.0,0.0,0.0,0.0,0.0,0.0,0.0,0.0,0.0,0.0,0.0,0.0,0.0,0.0,0.0,0.0,0.0,0.0,0.0,0.0,0.0,0.0
11782,78,92,0,0.0,0.0,0.0,0.0,0.0,0.0,0.0,0.0,0.0,0.0,0.0,0.0,0.0,0.0,0.0,0.0,0.0,0.0,0.0,0.0,0.0,0.0,0.0,0.0,0.0,0.0,0.0,0.0,0.0,0.0,0.0,0.0,0.0,0.0,0.0
11783,78,96,0,0.0,0.0,0.0,0.0,0.0,0.0,0.0,0.0,0.0,0.0,0.0,0.0,0.0,0.0,0.0,0.0,0.0,0.0,0.0,0.0,0.0,0.0,0.0,0.0,0.0,0.0,0.0,0.0,0.0,0.0,0.0,0.0,0.0,0.0,0.0
11784,78,98,0,0.0,0.0,0.0,0.0,0.0,0.0,0.0,0.0,0.0,0.0,0.0,0.0,0.0,0.0,0.0,0.0,0.0,0.0,0.0,0.0,0.0,0.0,0.0,0.0,0.0,0.0,0.0,0.0,0.0,0.0,0.0,0.0,0.0,0.0,0.0
11785,78,100,0,0.0,0.0,0.0,0.0,0.0,0.0,0.0,0.0,0.0,0.0,0.0,0.0,0.0,0.0,0.0,0.0,0.0,0.0,0.0,0.0,0.0,0.0,0.0,0.0,0.0,0.0,0.0,0.0,0.0,0.0,0.0,0.0,0.0,0.0,0.0
11786,78,101,0,0.0,0.0,0.0,0.0,0.0,0.0,0.0,0.0,0.0,0.0,0.0,0.0,0.0,0.0,0.0,0.0,0.0,0.0,0.0,0.0,0.0,0.0,0.0,0.0,0.0,0.0,0.0,0.0,0.0,0.0,0.0,0.0,0.0,0.0,0.0
11787,78,102,0,0.0,0.0,0.0,0.0,0.0,0.0,0.0,0.0,0.0,0.0,0.0,0.0,0.0,0.0,0.0,0.0,0.0,0.0,0.0,0.0,0.0,0.0,0.0,0.0,0.0,0.0,0.0,0.0,0.0,0.0,0.0,0.0,0.0,0.0,0.0
11788,78,103,0,0.0,0.0,0.0,0.0,0.0,0.0,0.0,0.0,0.0,0.0,0.0,0.0,0.0,0.0,0.0,0.0,0.0,0.0,0.0,0.0,0.0,0.0,0.0,0.0,0.0,0.0,0.0,0.0,0.0,0.0,0.0,0.0,0.0,0.0,0.0
11789,78,104,0,0.0,0.0,0.0,0.0,0.0,0.0,0.0,0.0,0.0,0.0,0.0,0.0,0.0,0.0,0.0,0.0,0.0,0.0,0.0,0.0,0.0,0.0,0.0,0.0,0.0,0.0,0.0,0.0,0.0,0.0,0.0,0.0,0.0,0.0,0.0
11790,78,105,0,0.0,0.0,0.0,0.0,0.0,0.0,0.0,0.0,0.0,0.0,0.0,0.0,0.0,0.0,0.0,0.0,0.0,0.0,0.0,0.0,0.0,0.0,0.0,0.0,0.0,0.0,0.0,0.0,0.0,0.0,0.0,0.0,0.0,0.0,0.0
11791,78,107,0,0.0,0.0,0.0,0.0,0.0,0.0,0.0,0.0,0.0,0.0,0.0,0.0,0.0,0.0,0.0,0.0,0.0,0.0,0.0,0.0,0.0,0.0,0.0,0.0,0.0,0.0,0.0,0.0,0.0,0.0,0.0,0.0,0.0,0.0,0.0
11792,78,111,0,0.0,0.0,0.0,0.0,0.0,0.0,0.0,0.0,0.0,0.0,0.0,0.0,0.0,0.0,0.0,0.0,0.0,0.0,0.0,0.0,0.0,0.0,0.0,0.0,0.0,0.0,0.0,0.0,0.0,0.0,0.0,0.0,0.0,0.0,0.0
11793,78,114,0,0.0,0.0,0.0,0.0,0.0,0.0,0.0,0.0,0.0,0.0,0.0,0.0,0.0,0.0,0.0,0.0,0.0,0.0,0.0,0.0,0.0,0.0,0.0,0.0,0.0,0.0,0.0,0.0,0.0,0.0,0.0,0.0,0.0,0.0,0.0
11794,78,115,0,0.0,0.0,0.0,0.0,0.0,0.0,0.0,0.0,0.0,0.0,0.0,0.0,0.0,0.0,0.0,0.0,0.0,0.0,0.0,0.0,0.0,0.0,0.0,0.0,0.0,0.0,0.0,0.0,0.0,0.0,0.0,0.0,0.0,0.0,0.0
11795,78,119,0,0.0,0.0,0.0,0.0,0.0,0.0,0.0,0.0,0.0,0.0,0.0,0.0,0.0,0.0,0.0,0.0,0.0,0.0,0.0,0.0,0.0,0.0,0.0,0.0,0.0,0.0,0.0,0.0,0.0,0.0,0.0,0.0,0.0,0.0,0.0
11796,78,122,0,0.0,0.0,0.0,0.0,0.0,0.0,0.0,0.0,0.0,0.0,0.0,0.0,0.0,0.0,0.0,0.0,0.0,0.0,0.0,0.0,0.0,0.0,0.0,0.0,0.0,0.0,0.0,0.0,0.0,0.0,0.0,0.0,0.0,0.0,0.0
11797,78,123,0,0.0,0.0,0.0,0.0,0.0,0.0,0.0,0.0,0.0,0.0,0.0,0.0,0.0,0.0,0.0,0.0,0.0,0.0,0.0,0.0,0.0,0.0,0.0,0.0,0.0,0.0,0.0,0.0,0.0,0.0,0.0,0.0,0.0,0.0,0.0
11798,78,124,0,0.0,0.0,0.0,0.0,0.0,0.0,0.0,0.0,0.0,0.0,0.0,0.0,0.0,0.0,0.0,0.0,0.0,0.0,0.0,0.0,0.0,0.0,0.0,0.0,0.0,0.0,0.0,0.0,0.0,0.0,0.0,0.0,0.0,0.0,0.0
11799,78,127,0,0.0,0.0,0.0,0.0,0.0,0.0,0.0,0.0,0.0,0.0,0.0,0.0,0.0,0.0,0.0,0.0,0.0,0.0,0.0,0.0,0.0,0.0,0.0,0.0,0.0,0.0,0.0,0.0,0.0,0.0,0.0,0.0,0.0,0.0,0.0
11800,78,128,0,0.0,0.0,0.0,0.0,0.0,0.0,0.0,0.0,0.0,0.0,0.0,0.0,0.0,0.0,0.0,0.0,0.0,0.0,0.0,0.0,0.0,0.0,0.0,0.0,0.0,0.0,0.0,0.0,0.0,0.0,0.0,0.0,0.0,0.0,0.0
11801,78,129,0,0.0,0.0,0.0,0.0,0.0,0.0,0.0,0.0,0.0,0.0,0.0,0.0,0.0,0.0,0.0,0.0,0.0,0.0,0.0,0.0,0.0,0.0,0.0,0.0,0.0,0.0,0.0,0.0,0.0,0.0,0.0,0.0,0.0,0.0,0.0
11802,78,130,0,0.0,0.0,0.0,0.0,0.0,0.0,0.0,0.0,0.0,0.0,0.0,0.0,0.0,0.0,0.0,0.0,0.0,0.0,0.0,0.0,0.0,0.0,0.0,0.0,0.0,0.0,0.0,0.0,0.0,0.0,0.0,0.0,0.0,0.0,0.0
11803,78,133,0,0.0,0.0,0.0,0.0,0.0,0.0,0.0,0.0,0.0,0.0,0.0,0.0,0.0,0.0,0.0,0.0,0.0,0.0,0.0,0.0,0.0,0.0,0.0,0.0,0.0,0.0,0.0,0.0,0.0,0.0,0.0,0.0,0.0,0.0,0.0
11804,78,136,0,0.0,0.0,0.0,0.0,0.0,0.0,0.0,0.0,0.0,0.0,0.0,0.0,0.0,0.0,0.0,0.0,0.0,0.0,0.0,0.0,0.0,0.0,0.0,0.0,0.0,0.0,0.0,0.0,0.0,0.0,0.0,0.0,0.0,0.0,0.0
11805,78,137,0,0.0,0.0,0.0,0.0,0.0,0.0,0.0,0.0,0.0,0.0,0.0,0.0,0.0,0.0,0.0,0.0,0.0,0.0,0.0,0.0,0.0,0.0,0.0,0.0,0.0,0.0,0.0,0.0,0.0,0.0,0.0,0.0,0.0,0.0,0.0
11806,78,139,0,0.0,0.0,0.0,0.0,0.0,0.0,0.0,0.0,0.0,0.0,0.0,0.0,0.0,0.0,0.0,0.0,0.0,0.0,0.0,0.0,0.0,0.0,0.0,0.0,0.0,0.0,0.0,0.0,0.0,0.0,0.0,0.0,0.0,0.0,0.0
11807,78,141,0,0.0,0.0,0.0,0.0,0.0,0.0,0.0,0.0,0.0,0.0,0.0,0.0,0.0,0.0,0.0,0.0,0.0,0.0,0.0,0.0,0.0,0.0,0.0,0.0,0.0,0.0,0.0,0.0,0.0,0.0,0.0,0.0,0.0,0.0,0.0
11808,78,143,0,0.0,0.0,0.0,0.0,0.0,0.0,0.0,0.0,0.0,0.0,0.0,0.0,0.0,0.0,0.0,0.0,0.0,0.0,0.0,0.0,0.0,0.0,0.0,0.0,0.0,0.0,0.0,0.0,0.0,0.0,0.0,0.0,0.0,0.0,0.0
11809,78,145,0,0.0,0.0,0.0,0.0,0.0,0.0,0.0,0.0,0.0,0.0,0.0,0.0,0.0,0.0,0.0,0.0,0.0,0.0,0.0,0.0,0.0,0.0,0.0,0.0,0.0,0.0,0.0,0.0,0.0,0.0,0.0,0.0,0.0,0.0,0.0
11810,78,149,0,0.0,0.0,0.0,0.0,0.0,0.0,0.0,0.0,0.0,0.0,0.0,0.0,0.0,0.0,0.0,0.0,0.0,0.0,0.0,0.0,0.0,0.0,0.0,0.0,0.0,0.0,0.0,0.0,0.0,0.0,0.0,0.0,0.0,0.0,0.0
11811,78,152,0,0.0,0.0,0.0,0.0,0.0,0.0,0.0,0.0,0.0,0.0,0.0,0.0,0.0,0.0,0.0,0.0,0.0,0.0,0.0,0.0,0.0,0.0,0.0,0.0,0.0,0.0,0.0,0.0,0.0,0.0,0.0,0.0,0.0,0.0,0.0
11812,78,153,0,0.0,0.0,0.0,0.0,0.0,0.0,0.0,0.0,0.0,0.0,0.0,0.0,0.0,0.0,0.0,0.0,0.0,0.0,0.0,0.0,0.0,0.0,0.0,0.0,0.0,0.0,0.0,0.0,0.0,0.0,0.0,0.0,0.0,0.0,0.0
11813,78,155,0,0.0,0.0,0.0,0.0,0.0,0.0,0.0,0.0,0.0,0.0,0.0,0.0,0.0,0.0,0.0,0.0,0.0,0.0,0.0,0.0,0.0,0.0,0.0,0.0,0.0,0.0,0.0,0.0,0.0,0.0,0.0,0.0,0.0,0.0,0.0
11814,78,157,0,0.0,0.0,0.0,0.0,0.0,0.0,0.0,0.0,0.0,0.0,0.0,0.0,0.0,0.0,0.0,0.0,0.0,0.0,0.0,0.0,0.0,0.0,0.0,0.0,0.0,0.0,0.0,0.0,0.0,0.0,0.0,0.0,0.0,0.0,0.0
11815,78,159,0,0.0,0.0,0.0,0.0,0.0,0.0,0.0,0.0,0.0,0.0,0.0,0.0,0.0,0.0,0.0,0.0,0.0,0.0,0.0,0.0,0.0,0.0,0.0,0.0,0.0,0.0,0.0,0.0,0.0,0.0,0.0,0.0,0.0,0.0,0.0
11816,78,160,0,0.0,0.0,0.0,0.0,0.0,0.0,0.0,0.0,0.0,0.0,0.0,0.0,0.0,0.0,0.0,0.0,0.0,0.0,0.0,0.0,0.0,0.0,0.0,0.0,0.0,0.0,0.0,0.0,0.0,0.0,0.0,0.0,0.0,0.0,0.0
11817,78,161,0,0.0,0.0,0.0,0.0,0.0,0.0,0.0,0.0,0.0,0.0,0.0,0.0,0.0,0.0,0.0,0.0,0.0,0.0,0.0,0.0,0.0,0.0,0.0,0.0,0.0,0.0,0.0,0.0,0.0,0.0,0.0,0.0,0.0,0.0,0.0
11818,78,162,0,0.0,0.0,0.0,0.0,0.0,0.0,0.0,0.0,0.0,0.0,0.0,0.0,0.0,0.0,0.0,0.0,0.0,0.0,0.0,0.0,0.0,0.0,0.0,0.0,0.0,0.0,0.0,0.0,0.0,0.0,0.0,0.0,0.0,0.0,0.0
11819,78,166,0,0.0,0.0,0.0,0.0,0.0,0.0,0.0,0.0,0.0,0.0,0.0,0.0,0.0,0.0,0.0,0.0,0.0,0.0,0.0,0.0,0.0,0.0,0.0,0.0,0.0,0.0,0.0,0.0,0.0,0.0,0.0,0.0,0.0,0.0,0.0
11820,78,170,0,0.0,0.0,0.0,0.0,0.0,0.0,0.0,0.0,0.0,0.0,0.0,0.0,0.0,0.0,0.0,0.0,0.0,0.0,0.0,0.0,0.0,0.0,0.0,0.0,0.0,0.0,0.0,0.0,0.0,0.0,0.0,0.0,0.0,0.0,0.0
11821,78,173,0,0.0,0.0,0.0,0.0,0.0,0.0,0.0,0.0,0.0,0.0,0.0,0.0,0.0,0.0,0.0,0.0,0.0,0.0,0.0,0.0,0.0,0.0,0.0,0.0,0.0,0.0,0.0,0.0,0.0,0.0,0.0,0.0,0.0,0.0,0.0
11822,78,175,0,0.0,0.0,0.0,0.0,0.0,0.0,0.0,0.0,0.0,0.0,0.0,0.0,0.0,0.0,0.0,0.0,0.0,0.0,0.0,0.0,0.0,0.0,0.0,0.0,0.0,0.0,0.0,0.0,0.0,0.0,0.0,0.0,0.0,0.0,0.0
11823,78,177,0,0.0,0.0,0.0,0.0,0.0,0.0,0.0,0.0,0.0,0.0,0.0,0.0,0.0,0.0,0.0,0.0,0.0,0.0,0.0,0.0,0.0,0.0,0.0,0.0,0.0,0.0,0.0,0.0,0.0,0.0,0.0,0.0,0.0,0.0,0.0
11824,78,178,0,0.0,0.0,0.0,0.0,0.0,0.0,0.0,0.0,0.0,0.0,0.0,0.0,0.0,0.0,0.0,0.0,0.0,0.0,0.0,0.0,0.0,0.0,0.0,0.0,0.0,0.0,0.0,0.0,0.0,0.0,0.0,0.0,0.0,0.0,0.0
11825,78,180,0,0.0,0.0,0.0,0.0,0.0,0.0,0.0,0.0,0.0,0.0,0.0,0.0,0.0,0.0,0.0,0.0,0.0,0.0,0.0,0.0,0.0,0.0,0.0,0.0,0.0,0.0,0.0,0.0,0.0,0.0,0.0,0.0,0.0,0.0,0.0
11826,78,181,0,0.0,0.0,0.0,0.0,0.0,0.0,0.0,0.0,0.0,0.0,0.0,0.0,0.0,0.0,0.0,0.0,0.0,0.0,0.0,0.0,0.0,0.0,0.0,0.0,0.0,0.0,0.0,0.0,0.0,0.0,0.0,0.0,0.0,0.0,0.0
11827,78,183,0,0.0,0.0,0.0,0.0,0.0,0.0,0.0,0.0,0.0,0.0,0.0,0.0,0.0,0.0,0.0,0.0,0.0,0.0,0.0,0.0,0.0,0.0,0.0,0.0,0.0,0.0,0.0,0.0,0.0,0.0,0.0,0.0,0.0,0.0,0.0
11828,78,184,0,0.0,0.0,0.0,0.0,0.0,0.0,0.0,0.0,0.0,0.0,0.0,0.0,0.0,0.0,0.0,0.0,0.0,0.0,0.0,0.0,0.0,0.0,0.0,0.0,0.0,0.0,0.0,0.0,0.0,0.0,0.0,0.0,0.0,0.0,0.0
11829,78,187,0,0.0,0.0,0.0,0.0,0.0,0.0,0.0,0.0,0.0,0.0,0.0,0.0,0.0,0.0,0.0,0.0,0.0,0.0,0.0,0.0,0.0,0.0,0.0,0.0,0.0,0.0,0.0,0.0,0.0,0.0,0.0,0.0,0.0,0.0,0.0
11830,78,188,0,0.0,0.0,0.0,0.0,0.0,0.0,0.0,0.0,0.0,0.0,0.0,0.0,0.0,0.0,0.0,0.0,0.0,0.0,0.0,0.0,0.0,0.0,0.0,0.0,0.0,0.0,0.0,0.0,0.0,0.0,0.0,0.0,0.0,0.0,0.0
11831,78,189,0,0.0,0.0,0.0,0.0,0.0,0.0,0.0,0.0,0.0,0.0,0.0,0.0,0.0,0.0,0.0,0.0,0.0,0.0,0.0,0.0,0.0,0.0,0.0,0.0,0.0,0.0,0.0,0.0,0.0,0.0,0.0,0.0,0.0,0.0,0.0
11832,78,191,0,0.0,0.0,0.0,0.0,0.0,0.0,0.0,0.0,0.0,0.0,0.0,0.0,0.0,0.0,0.0,0.0,0.0,0.0,0.0,0.0,0.0,0.0,0.0,0.0,0.0,0.0,0.0,0.0,0.0,0.0,0.0,0.0,0.0,0.0,0.0
11833,78,192,0,0.0,0.0,0.0,0.0,0.0,0.0,0.0,0.0,0.0,0.0,0.0,0.0,0.0,0.0,0.0,0.0,0.0,0.0,0.0,0.0,0.0,0.0,0.0,0.0,0.0,0.0,0.0,0.0,0.0,0.0,0.0,0.0,0.0,0.0,0.0
11834,78,194,0,0.0,0.0,0.0,0.0,0.0,0.0,0.0,0.0,0.0,0.0,0.0,0.0,0.0,0.0,0.0,0.0,0.0,0.0,0.0,0.0,0.0,0.0,0.0,0.0,0.0,0.0,0.0,0.0,0.0,0.0,0.0,0.0,0.0,0.0,0.0
11835,78,195,0,0.0,0.0,0.0,0.0,0.0,0.0,0.0,0.0,0.0,0.0,0.0,0.0,0.0,0.0,0.0,0.0,0.0,0.0,0.0,0.0,0.0,0.0,0.0,0.0,0.0,0.0,0.0,0.0,0.0,0.0,0.0,0.0,0.0,0.0,0.0
11836,78,202,0,0.0,0.0,0.0,0.0,0.0,0.0,0.0,0.0,0.0,0.0,0.0,0.0,0.0,0.0,0.0,0.0,0.0,0.0,0.0,0.0,0.0,0.0,0.0,0.0,0.0,0.0,0.0,0.0,0.0,0.0,0.0,0.0,0.0,0.0,0.0
11837,78,204,0,0.0,0.0,0.0,0.0,0.0,0.0,0.0,0.0,0.0,0.0,0.0,0.0,0.0,0.0,0.0,0.0,0.0,0.0,0.0,0.0,0.0,0.0,0.0,0.0,0.0,0.0,0.0,0.0,0.0,0.0,0.0,0.0,0.0,0.0,0.0
11838,78,205,0,0.0,0.0,0.0,0.0,0.0,0.0,0.0,0.0,0.0,0.0,0.0,0.0,0.0,0.0,0.0,0.0,0.0,0.0,0.0,0.0,0.0,0.0,0.0,0.0,0.0,0.0,0.0,0.0,0.0,0.0,0.0,0.0,0.0,0.0,0.0
11839,78,206,0,0.0,0.0,0.0,0.0,0.0,0.0,0.0,0.0,0.0,0.0,0.0,0.0,0.0,0.0,0.0,0.0,0.0,0.0,0.0,0.0,0.0,0.0,0.0,0.0,0.0,0.0,0.0,0.0,0.0,0.0,0.0,0.0,0.0,0.0,0.0
11840,78,209,0,0.0,0.0,0.0,0.0,0.0,0.0,0.0,0.0,0.0,0.0,0.0,0.0,0.0,0.0,0.0,0.0,0.0,0.0,0.0,0.0,0.0,0.0,0.0,0.0,0.0,0.0,0.0,0.0,0.0,0.0,0.0,0.0,0.0,0.0,0.0
11841,78,211,0,0.0,0.0,0.0,0.0,0.0,0.0,0.0,0.0,0.0,0.0,0.0,0.0,0.0,0.0,0.0,0.0,0.0,0.0,0.0,0.0,0.0,0.0,0.0,0.0,0.0,0.0,0.0,0.0,0.0,0.0,0.0,0.0,0.0,0.0,0.0
11842,78,212,0,0.0,0.0,0.0,0.0,0.0,0.0,0.0,0.0,0.0,0.0,0.0,0.0,0.0,0.0,0.0,0.0,0.0,0.0,0.0,0.0,0.0,0.0,0.0,0.0,0.0,0.0,0.0,0.0,0.0,0.0,0.0,0.0,0.0,0.0,0.0
11843,78,214,0,0.0,0.0,0.0,0.0,0.0,0.0,0.0,0.0,0.0,0.0,0.0,0.0,0.0,0.0,0.0,0.0,0.0,0.0,0.0,0.0,0.0,0.0,0.0,0.0,0.0,0.0,0.0,0.0,0.0,0.0,0.0,0.0,0.0,0.0,0.0
11844,78,215,0,0.0,0.0,0.0,0.0,0.0,0.0,0.0,0.0,0.0,0.0,0.0,0.0,0.0,0.0,0.0,0.0,0.0,0.0,0.0,0.0,0.0,0.0,0.0,0.0,0.0,0.0,0.0,0.0,0.0,0.0,0.0,0.0,0.0,0.0,0.0
11845,78,216,0,0.0,0.0,0.0,0.0,0.0,0.0,0.0,0.0,0.0,0.0,0.0,0.0,0.0,0.0,0.0,0.0,0.0,0.0,0.0,0.0,0.0,0.0,0.0,0.0,0.0,0.0,0.0,0.0,0.0,0.0,0.0,0.0,0.0,0.0,0.0
11846,78,218,0,0.0,0.0,0.0,0.0,0.0,0.0,0.0,0.0,0.0,0.0,0.0,0.0,0.0,0.0,0.0,0.0,0.0,0.0,0.0,0.0,0.0,0.0,0.0,0.0,0.0,0.0,0.0,0.0,0.0,0.0,0.0,0.0,0.0,0.0,0.0
11847,78,219,0,0.0,0.0,0.0,0.0,0.0,0.0,0.0,0.0,0.0,0.0,0.0,0.0,0.0,0.0,0.0,0.0,0.0,0.0,0.0,0.0,0.0,0.0,0.0,0.0,0.0,0.0,0.0,0.0,0.0,0.0,0.0,0.0,0.0,0.0,0.0
11848,78,220,0,0.0,0.0,0.0,0.0,0.0,0.0,0.0,0.0,0.0,0.0,0.0,0.0,0.0,0.0,0.0,0.0,0.0,0.0,0.0,0.0,0.0,0.0,0.0,0.0,0.0,0.0,0.0,0.0,0.0,0.0,0.0,0.0,0.0,0.0,0.0
11849,78,222,0,0.0,0.0,0.0,0.0,0.0,0.0,0.0,0.0,0.0,0.0,0.0,0.0,0.0,0.0,0.0,0.0,0.0,0.0,0.0,0.0,0.0,0.0,0.0,0.0,0.0,0.0,0.0,0.0,0.0,0.0,0.0,0.0,0.0,0.0,0.0
11850,78,223,0,0.0,0.0,0.0,0.0,0.0,0.0,0.0,0.0,0.0,0.0,0.0,0.0,0.0,0.0,0.0,0.0,0.0,0.0,0.0,0.0,0.0,0.0,0.0,0.0,0.0,0.0,0.0,0.0,0.0,0.0,0.0,0.0,0.0,0.0,0.0
11851,78,225,0,0.0,0.0,0.0,0.0,0.0,0.0,0.0,0.0,0.0,0.0,0.0,0.0,0.0,0.0,0.0,0.0,0.0,0.0,0.0,0.0,0.0,0.0,0.0,0.0,0.0,0.0,0.0,0.0,0.0,0.0,0.0,0.0,0.0,0.0,0.0
11852,78,226,0,0.0,0.0,0.0,0.0,0.0,0.0,0.0,0.0,0.0,0.0,0.0,0.0,0.0,0.0,0.0,0.0,0.0,0.0,0.0,0.0,0.0,0.0,0.0,0.0,0.0,0.0,0.0,0.0,0.0,0.0,0.0,0.0,0.0,0.0,0.0
11853,78,228,0,0.0,0.0,0.0,0.0,0.0,0.0,0.0,0.0,0.0,0.0,0.0,0.0,0.0,0.0,0.0,0.0,0.0,0.0,0.0,0.0,0.0,0.0,0.0,0.0,0.0,0.0,0.0,0.0,0.0,0.0,0.0,0.0,0.0,0.0,0.0
11854,78,229,0,0.0,0.0,0.0,0.0,0.0,0.0,0.0,0.0,0.0,0.0,0.0,0.0,0.0,0.0,0.0,0.0,0.0,0.0,0.0,0.0,0.0,0.0,0.0,0.0,0.0,0.0,0.0,0.0,0.0,0.0,0.0,0.0,0.0,0.0,0.0
11855,78,230,0,0.0,0.0,0.0,0.0,0.0,0.0,0.0,0.0,0.0,0.0,0.0,0.0,0.0,0.0,0.0,0.0,0.0,0.0,0.0,0.0,0.0,0.0,0.0,0.0,0.0,0.0,0.0,0.0,0.0,0.0,0.0,0.0,0.0,0.0,0.0
11856,78,231,0,0.0,0.0,0.0,0.0,0.0,0.0,0.0,0.0,0.0,0.0,0.0,0.0,0.0,0.0,0.0,0.0,0.0,0.0,0.0,0.0,0.0,0.0,0.0,0.0,0.0,0.0,0.0,0.0,0.0,0.0,0.0,0.0,0.0,0.0,0.0
11857,78,233,0,0.0,0.0,0.0,0.0,0.0,0.0,0.0,0.0,0.0,0.0,0.0,0.0,0.0,0.0,0.0,0.0,0.0,0.0,0.0,0.0,0.0,0.0,0.0,0.0,0.0,0.0,0.0,0.0,0.0,0.0,0.0,0.0,0.0,0.0,0.0
11858,78,235,0,0.0,0.0,0.0,0.0,0.0,0.0,0.0,0.0,0.0,0.0,0.0,0.0,0.0,0.0,0.0,0.0,0.0,0.0,0.0,0.0,0.0,0.0,0.0,0.0,0.0,0.0,0.0,0.0,0.0,0.0,0.0,0.0,0.0,0.0,0.0
11859,78,237,0,0.0,0.0,0.0,0.0,0.0,0.0,0.0,0.0,0.0,0.0,0.0,0.0,0.0,0.0,0.0,0.0,0.0,0.0,0.0,0.0,0.0,0.0,0.0,0.0,0.0,0.0,0.0,0.0,0.0,0.0,0.0,0.0,0.0,0.0,0.0
11860,78,238,0,0.0,0.0,0.0,0.0,0.0,0.0,0.0,0.0,0.0,0.0,0.0,0.0,0.0,0.0,0.0,0.0,0.0,0.0,0.0,0.0,0.0,0.0,0.0,0.0,0.0,0.0,0.0,0.0,0.0,0.0,0.0,0.0,0.0,0.0,0.0
11861,80,1,700,4.57,37.75,16.99,36.61,15.49,44.42,45.11,79.64,0.44,31.66,5.85,66.66,14.82,40.1,19.96,37.37,0.14,30.0,0.0,100.0,3.29,47.09,20.9,54.54,0.44,30.33,27.93,33.33,1.19,44.12,14.69,50.0,0.0,0.0,0.0
11862,80,2,587,5.62,41.41,19.27,39.61,17.75,38.67,35.66,82.49,0.18,93.0,0.0,100.0,12.27,49.51,19.09,44.11,0.36,87.0,16.97,100.0,2.88,37.31,18.21,50.0,0.0,0.0,0.0,0.0,1.8,43.4,20.7,50.0,0.0,0.0,0.0
11863,80,3,0,0.0,0.0,0.0,0.0,0.0,0.0,0.0,0.0,0.0,0.0,0.0,0.0,0.0,0.0,0.0,0.0,0.0,0.0,0.0,0.0,0.0,0.0,0.0,0.0,0.0,0.0,0.0,0.0,0.0,0.0,0.0,0.0,0.0,0.0,0.0
11864,80,4,0,0.0,0.0,0.0,0.0,0.0,0.0,0.0,0.0,0.0,0.0,0.0,0.0,0.0,0.0,0.0,0.0,0.0,0.0,0.0,0.0,0.0,0.0,0.0,0.0,0.0,0.0,0.0,0.0,0.0,0.0,0.0,0.0,0.0,0.0,0.0
11865,80,5,0,0.0,0.0,0.0,0.0,0.0,0.0,0.0,0.0,0.0,0.0,0.0,0.0,0.0,0.0,0.0,0.0,0.0,0.0,0.0,0.0,0.0,0.0,0.0,0.0,0.0,0.0,0.0,0.0,0.0,0.0,0.0,0.0,0.0,0.0,0.0
11866,80,6,1098,4.82,39.94,17.54,38.43,17.19,41.89,40.0,75.59,1.14,40.58,15.8,75.0,17.22,43.45,17.93,39.44,0.76,43.75,20.16,50.0,1.33,46.14,19.84,50.0,1.33,46.07,14.31,57.14,2.58,47.7,19.24,51.85,0.0,0.0,0.0
11867,80,7,1143,5.59,40.65,17.83,39.6,17.3,42.16,41.29,86.19,0.37,40.5,16.82,75.0,6.11,48.66,18.15,42.42,0.09,52.0,0.0,100.0,3.15,39.29,17.03,47.05,0.92,59.1,19.12,50.0,3.15,42.5,18.34,35.29,0.0,0.0,0.0
11868,80,8,0,0.0,0.0,0.0,0.0,0.0,0.0,0.0,0.0,0.0,0.0,0.0,0.0,0.0,0.0,0.0,0.0,0.0,0.0,0.0,0.0,0.0,0.0,0.0,0.0,0.0,0.0,0.0,0.0,0.0,0.0,0.0,0.0,0.0,0.0,0.0
11869,80,9,461,5.63,39.67,17.63,38.66,16.79,40.56,39.16,82.75,0.22,38.0,0.0,0.0,10.57,47.71,23.38,41.3,0.45,35.5,2.12,0.0,2.75,37.75,16.03,50.0,0.0,0.0,0.0,0.0,3.21,41.42,18.38,42.85,0.0,0.0,0.0
11870,80,10,0,0.0,0.0,0.0,0.0,0.0,0.0,0.0,0.0,0.0,0.0,0.0,0.0,0.0,0.0,0.0,0.0,0.0,0.0,0.0,0.0,0.0,0.0,0.0,0.0,0.0,0.0,0.0,0.0,0.0,0.0,0.0,0.0,0.0,0.0,0.0
11871,80,11,848,8.37,38.59,17.13,37.37,16.75,44.81,43.82,80.18,0.51,44.0,17.43,50.0,12.22,39.75,17.08,49.47,1.15,43.44,14.68,55.55,2.7,40.47,16.69,52.38,0.51,40.25,29.84,25.0,2.7,40.47,21.38,47.61,0.0,0.0,0.0
11872,80,12,852,5.86,38.28,16.86,36.57,16.12,43.19,41.7,74.43,1.49,37.25,18.16,75.0,17.58,41.17,17.35,44.68,0.49,47.0,22.52,75.0,1.87,32.26,16.17,60.0,0.74,68.66,14.96,16.66,3.36,41.44,21.59,48.14,0.0,0.0,0.0
11873,80,13,902,6.54,36.55,16.58,35.28,16.38,43.68,43.05,76.03,0.83,38.0,16.63,42.85,16.13,38.65,15.23,42.64,1.06,46.33,12.73,33.33,2.96,33.72,13.25,44.0,0.35,58.66,31.34,0.0,2.6,40.81,20.26,45.45,0.0,0.0,0.0
11874,80,14,848,5.77,37.67,16.9,35.72,16.63,42.21,41.53,73.21,0.87,41.14,20.46,57.14,15.14,42.58,18.52,42.97,0.87,52.14,14.55,57.14,4.38,36.11,9.99,54.28,1.0,38.62,11.92,25.0,4.5,41.69,16.9,38.88,0.0,0.0,0.0
11875,80,15,0,0.0,0.0,0.0,0.0,0.0,0.0,0.0,0.0,0.0,0.0,0.0,0.0,0.0,0.0,0.0,0.0,0.0,0.0,0.0,0.0,0.0,0.0,0.0,0.0,0.0,0.0,0.0,0.0,0.0,0.0,0.0,0.0,0.0,0.0,0.0
11876,80,16,928,6.46,39.35,17.1,37.95,16.29,42.56,40.95,77.07,1.03,31.11,22.82,44.44,15.09,42.16,17.8,48.09,1.26,50.63,25.25,36.36,2.07,43.5,22.33,61.11,0.46,40.5,13.91,50.0,2.99,44.19,17.76,50.0,0.0,0.0,0.0
11877,80,17,792,4.92,38.84,18.5,38.14,18.27,43.18,41.69,81.54,1.32,25.1,22.79,30.0,10.49,40.78,17.19,44.3,0.66,55.4,23.29,60.0,2.92,36.81,18.09,27.27,0.53,43.25,17.48,50.0,2.52,45.73,21.53,57.89,0.0,0.0,0.0
11878,80,18,635,4.56,39.16,17.1,36.9,15.97,43.14,41.75,81.02,0.82,35.0,14.69,60.0,12.04,48.6,17.87,41.09,1.15,49.57,13.15,28.57,3.13,42.36,19.82,47.36,0.0,0.0,0.0,0.0,1.81,40.81,20.34,63.63,0.0,0.0,0.0
11879,80,19,0,0.0,0.0,0.0,0.0,0.0,0.0,0.0,0.0,0.0,0.0,0.0,0.0,0.0,0.0,0.0,0.0,0.0,0.0,0.0,0.0,0.0,0.0,0.0,0.0,0.0,0.0,0.0,0.0,0.0,0.0,0.0,0.0,0.0,0.0,0.0
11880,80,20,825,5.93,38.61,18.52,37.27,17.55,43.03,41.81,79.51,0.38,46.33,27.46,66.66,13.53,42.05,18.87,39.04,0.25,48.5,30.4,0.0,2.31,32.72,18.84,66.66,1.28,49.8,24.37,10.0,2.7,43.52,23.93,61.9,0.0,0.0,0.0
11881,80,22,999,7.5,37.93,17.98,37.12,17.45,41.44,40.49,78.03,0.54,32.79,9.31,40.0,14.61,39.86,18.3,42.22,0.21,36.5,19.09,100.0,3.24,39.06,17.52,56.66,0.75,55.71,21.08,14.28,2.59,39.08,19.85,41.66,0.0,0.0,0.0
11882,80,23,891,4.71,39.74,17.8,39.11,17.53,41.18,37.62,79.5,0.58,37.4,26.32,20.0,15.9,42.31,17.62,48.14,0.23,23.5,33.23,100.0,1.64,41.0,18.92,42.85,0.23,26.5,2.12,50.0,1.88,28.56,17.33,62.5,0.0,0.0,0.0
11883,80,24,972,6.48,39.98,18.43,37.86,17.34,40.02,38.33,77.77,0.66,42.83,22.34,66.66,16.39,45.05,19.0,39.59,0.44,42.75,40.01,50.0,1.65,40.6,18.47,53.33,0.22,63.5,28.99,0.0,2.86,51.34,19.8,46.15,0.0,0.0,0.0
11884,80,25,845,3.9,39.16,16.89,37.91,16.32,40.82,40.03,80.29,0.73,42.5,16.42,50.0,13.91,43.09,17.4,37.16,0.24,29.5,7.77,100.0,2.7,45.68,23.16,40.9,0.0,0.0,0.0,0.0,2.09,49.05,17.69,58.82,0.0,0.0,0.0
11885,80,26,0,0.0,0.0,0.0,0.0,0.0,0.0,0.0,0.0,0.0,0.0,0.0,0.0,0.0,0.0,0.0,0.0,0.0,0.0,0.0,0.0,0.0,0.0,0.0,0.0,0.0,0.0,0.0,0.0,0.0,0.0,0.0,0.0,0.0,0.0,0.0
11886,80,27,0,0.0,0.0,0.0,0.0,0.0,0.0,0.0,0.0,0.0,0.0,0.0,0.0,0.0,0.0,0.0,0.0,0.0,0.0,0.0,0.0,0.0,0.0,0.0,0.0,0.0,0.0,0.0,0.0,0.0,0.0,0.0,0.0,0.0,0.0,0.0
11887,80,28,0,0.0,0.0,0.0,0.0,0.0,0.0,0.0,0.0,0.0,0.0,0.0,0.0,0.0,0.0,0.0,0.0,0.0,0.0,0.0,0.0,0.0,0.0,0.0,0.0,0.0,0.0,0.0,0.0,0.0,0.0,0.0,0.0,0.0,0.0,0.0
11888,80,29,0,0.0,0.0,0.0,0.0,0.0,0.0,0.0,0.0,0.0,0.0,0.0,0.0,0.0,0.0,0.0,0.0,0.0,0.0,0.0,0.0,0.0,0.0,0.0,0.0,0.0,0.0,0.0,0.0,0.0,0.0,0.0,0.0,0.0,0.0,0.0
11889,80,30,772,8.93,39.87,18.88,38.36,17.81,40.93,40.14,80.79,0.56,64.5,26.33,50.0,11.52,43.64,21.71,39.5,0.42,61.33,3.78,0.0,3.55,35.79,15.6,40.0,0.14,26.0,0.0,0.0,2.98,47.14,24.89,57.14,0.0,0.0,0.0
11890,80,31,0,0.0,0.0,0.0,0.0,0.0,0.0,0.0,0.0,0.0,0.0,0.0,0.0,0.0,0.0,0.0,0.0,0.0,0.0,0.0,0.0,0.0,0.0,0.0,0.0,0.0,0.0,0.0,0.0,0.0,0.0,0.0,0.0,0.0,0.0,0.0
11891,80,32,0,0.0,0.0,0.0,0.0,0.0,0.0,0.0,0.0,0.0,0.0,0.0,0.0,0.0,0.0,0.0,0.0,0.0,0.0,0.0,0.0,0.0,0.0,0.0,0.0,0.0,0.0,0.0,0.0,0.0,0.0,0.0,0.0,0.0,0.0,0.0
11892,80,33,0,0.0,0.0,0.0,0.0,0.0,0.0,0.0,0.0,0.0,0.0,0.0,0.0,0.0,0.0,0.0,0.0,0.0,0.0,0.0,0.0,0.0,0.0,0.0,0.0,0.0,0.0,0.0,0.0,0.0,0.0,0.0,0.0,0.0,0.0,0.0
11893,80,34,820,4.75,40.14,17.46,38.38,16.49,43.17,43.42,54.54,0.76,51.0,18.51,50.0,37.38,40.62,17.84,42.12,1.02,53.75,16.66,37.5,1.66,32.69,12.96,53.84,1.15,47.66,17.24,33.33,3.45,46.92,19.57,48.14,0.0,0.0,0.0
11894,80,35,0,0.0,0.0,0.0,0.0,0.0,0.0,0.0,0.0,0.0,0.0,0.0,0.0,0.0,0.0,0.0,0.0,0.0,0.0,0.0,0.0,0.0,0.0,0.0,0.0,0.0,0.0,0.0,0.0,0.0,0.0,0.0,0.0,0.0,0.0,0.0
11895,80,36,709,4.79,38.59,18.31,36.04,16.73,42.17,41.22,75.11,0.44,46.0,16.37,66.66,18.22,45.21,21.18,44.71,0.88,32.16,22.56,66.66,2.66,48.72,15.52,50.0,1.03,40.71,20.93,28.57,1.62,37.0,16.52,45.45,0.0,0.0,0.0
11896,80,37,724,4.14,40.3,19.14,39.2,18.67,41.85,39.64,80.69,1.58,43.9,20.26,72.72,12.1,44.67,20.54,42.85,0.57,57.75,23.92,0.0,2.16,37.13,16.64,40.0,0.14,49.0,0.0,100.0,2.73,42.57,24.21,68.42,0.0,0.0,0.0
11897,80,38,832,5.88,40.45,18.29,38.94,17.09,40.26,38.89,83.39,0.63,54.6,31.83,20.0,8.3,46.07,19.52,41.53,0.76,62.33,12.98,33.33,3.95,36.67,14.27,51.61,0.38,89.66,6.42,33.33,2.29,48.33,27.91,50.0,0.0,0.0,0.0
11898,80,39,0,0.0,0.0,0.0,0.0,0.0,0.0,0.0,0.0,0.0,0.0,0.0,0.0,0.0,0.0,0.0,0.0,0.0,0.0,0.0,0.0,0.0,0.0,0.0,0.0,0.0,0.0,0.0,0.0,0.0,0.0,0.0,0.0,0.0,0.0,0.0
11899,80,40,0,0.0,0.0,0.0,0.0,0.0,0.0,0.0,0.0,0.0,0.0,0.0,0.0,0.0,0.0,0.0,0.0,0.0,0.0,0.0,0.0,0.0,0.0,0.0,0.0,0.0,0.0,0.0,0.0,0.0,0.0,0.0,0.0,0.0,0.0,0.0
11900,80,42,1020,3.43,38.95,18.45,36.96,17.61,42.64,39.73,77.15,1.31,43.38,24.66,53.84,15.02,45.48,19.4,52.02,0.6,53.66,17.82,100.0,2.53,32.72,14.97,52.0,0.71,51.0,25.38,28.57,2.63,46.19,20.48,42.3,0.0,0.0,0.0
11901,80,43,1125,4.97,41.01,18.3,40.76,18.36,40.44,38.45,83.44,1.02,46.45,18.08,36.36,10.0,41.61,17.87,53.27,0.65,49.71,25.98,14.28,1.87,36.35,11.1,55.0,0.28,34.0,7.21,66.66,2.71,39.37,17.51,37.93,0.0,0.0,0.0
11902,80,44,905,6.51,38.24,18.16,35.86,16.98,41.87,40.14,82.15,0.47,43.25,23.18,75.0,13.47,46.57,19.28,39.47,0.59,50.6,23.79,60.0,1.77,32.0,11.88,60.0,0.47,45.25,20.36,25.0,1.06,48.77,24.23,55.55,0.0,0.0,0.0
11903,80,45,872,5.38,37.93,17.51,36.55,16.3,41.62,39.93,73.45,1.09,48.66,17.52,44.44,18.42,39.23,19.17,42.1,0.48,17.5,22.45,75.0,2.78,39.52,12.75,43.47,0.48,27.25,19.93,25.0,3.27,48.59,16.35,48.14,0.0,0.0,0.0
11904,80,46,701,6.27,38.5,16.37,36.66,15.52,42.08,40.95,73.21,1.67,43.45,16.12,63.63,16.59,43.15,17.31,36.69,0.3,51.5,7.77,0.0,4.1,43.81,19.82,40.74,0.15,24.0,0.0,0.0,3.95,39.38,13.74,69.23,0.0,0.0,0.0
11905,80,47,716,9.49,37.58,17.46,36.33,16.57,41.62,40.22,82.09,1.54,28.0,16.54,40.0,9.72,40.88,19.15,46.03,0.61,42.25,14.86,50.0,2.93,37.42,13.09,47.36,0.3,74.5,17.67,0.0,2.77,38.77,19.36,38.88,0.0,0.0,0.0
11906,80,48,0,0.0,0.0,0.0,0.0,0.0,0.0,0.0,0.0,0.0,0.0,0.0,0.0,0.0,0.0,0.0,0.0,0.0,0.0,0.0,0.0,0.0,0.0,0.0,0.0,0.0,0.0,0.0,0.0,0.0,0.0,0.0,0.0,0.0,0.0,0.0
11907,80,49,661,6.2,40.06,18.51,38.48,17.75,41.14,38.13,79.51,1.12,38.28,15.27,85.71,14.03,42.68,19.56,45.97,0.32,55.0,25.45,50.0,1.45,35.22,11.54,66.66,0.64,61.25,25.47,50.0,2.9,41.38,19.59,61.11,0.0,0.0,0.0
11908,80,50,720,6.11,38.39,18.19,37.47,17.44,43.33,42.69,77.95,2.07,39.0,17.16,42.85,12.27,38.91,19.72,34.93,1.18,36.5,20.51,37.5,3.69,45.8,21.09,56.0,0.44,36.66,11.01,0.0,2.36,43.5,20.93,56.25,0.0,0.0,0.0
11909,80,51,0,0.0,0.0,0.0,0.0,0.0,0.0,0.0,0.0,0.0,0.0,0.0,0.0,0.0,0.0,0.0,0.0,0.0,0.0,0.0,0.0,0.0,0.0,0.0,0.0,0.0,0.0,0.0,0.0,0.0,0.0,0.0,0.0,0.0,0.0,0.0
11910,80,52,0,0.0,0.0,0.0,0.0,0.0,0.0,0.0,0.0,0.0,0.0,0.0,0.0,0.0,0.0,0.0,0.0,0.0,0.0,0.0,0.0,0.0,0.0,0.0,0.0,0.0,0.0,0.0,0.0,0.0,0.0,0.0,0.0,0.0,0.0,0.0
11911,80,53,0,0.0,0.0,0.0,0.0,0.0,0.0,0.0,0.0,0.0,0.0,0.0,0.0,0.0,0.0,0.0,0.0,0.0,0.0,0.0,0.0,0.0,0.0,0.0,0.0,0.0,0.0,0.0,0.0,0.0,0.0,0.0,0.0,0.0,0.0,0.0
11912,80,54,574,2.09,39.51,17.99,37.81,17.38,41.98,38.7,79.53,0.35,36.0,0.0,100.0,15.12,44.16,18.67,54.11,0.88,52.8,22.38,40.0,1.06,38.0,21.15,50.0,0.35,40.0,0.0,50.0,2.66,47.26,17.07,60.0,0.0,0.0,0.0
11913,80,55,0,0.0,0.0,0.0,0.0,0.0,0.0,0.0,0.0,0.0,0.0,0.0,0.0,0.0,0.0,0.0,0.0,0.0,0.0,0.0,0.0,0.0,0.0,0.0,0.0,0.0,0.0,0.0,0.0,0.0,0.0,0.0,0.0,0.0,0.0,0.0
11914,80,56,710,4.92,38.75,19.16,37.8,18.28,41.4,38.07,83.25,1.62,42.09,18.42,63.63,11.25,42.07,23.76,52.63,0.14,47.0,0.0,100.0,1.03,40.71,16.58,42.85,0.29,54.0,5.65,0.0,2.37,41.31,22.96,62.5,0.0,0.0,0.0
11915,80,57,0,0.0,0.0,0.0,0.0,0.0,0.0,0.0,0.0,0.0,0.0,0.0,0.0,0.0,0.0,0.0,0.0,0.0,0.0,0.0,0.0,0.0,0.0,0.0,0.0,0.0,0.0,0.0,0.0,0.0,0.0,0.0,0.0,0.0,0.0,0.0
11916,80,58,618,5.5,39.17,16.94,37.18,16.23,42.23,42.29,74.48,0.68,26.75,5.73,50.0,17.97,42.72,18.06,41.9,0.17,95.0,0.0,100.0,2.56,37.33,13.43,53.33,0.34,30.5,3.53,0.0,3.76,53.5,17.44,40.9,0.0,0.0,0.0
11917,80,59,944,4.13,40.9,17.52,37.57,16.58,41.94,38.16,28.95,0.66,46.66,30.3,50.0,61.65,41.98,17.21,41.93,3.64,34.54,18.57,45.45,0.66,48.33,21.77,66.66,1.32,45.08,21.2,58.33,3.09,45.28,18.57,46.42,0.0,0.0,0.0
11918,80,60,0,0.0,0.0,0.0,0.0,0.0,0.0,0.0,0.0,0.0,0.0,0.0,0.0,0.0,0.0,0.0,0.0,0.0,0.0,0.0,0.0,0.0,0.0,0.0,0.0,0.0,0.0,0.0,0.0,0.0,0.0,0.0,0.0,0.0,0.0,0.0
11919,80,61,0,0.0,0.0,0.0,0.0,0.0,0.0,0.0,0.0,0.0,0.0,0.0,0.0,0.0,0.0,0.0,0.0,0.0,0.0,0.0,0.0,0.0,0.0,0.0,0.0,0.0,0.0,0.0,0.0,0.0,0.0,0.0,0.0,0.0,0.0,0.0
11920,80,62,834,4.55,39.52,18.47,38.08,17.42,43.76,40.68,58.66,0.87,74.71,9.86,57.14,35.42,41.14,18.88,44.68,1.5,33.41,12.65,75.0,1.63,29.53,14.5,53.84,0.37,45.33,39.27,0.0,1.5,36.33,17.93,83.33,0.0,0.0,0.0
11921,80,63,688,0.14,41.46,17.85,42.7,19.13,42.29,41.17,2.47,0.43,44.33,3.78,33.33,91.99,41.8,17.73,41.61,1.6,36.09,9.18,72.72,0.72,36.4,23.28,40.0,1.74,27.33,18.94,41.66,1.01,45.0,26.65,71.42,0.0,0.0,0.0
11922,80,64,456,2.85,39.98,16.73,36.72,14.68,43.85,36.64,29.57,0.45,34.5,13.43,100.0,62.97,41.77,16.96,46.95,2.48,42.9,20.07,54.54,1.58,39.57,25.67,28.57,1.35,25.16,15.07,50.0,1.58,43.85,23.21,42.85,0.0,0.0,0.0
11923,80,65,590,4.06,41.72,17.42,39.62,17.47,40.84,38.59,60.42,0.53,46.66,24.02,0.0,32.33,44.79,16.27,41.53,0.17,43.0,0.0,100.0,1.76,36.7,11.33,60.0,2.12,45.5,14.11,33.33,2.65,39.26,26.54,53.33,0.0,0.0,0.0
11924,80,66,970,4.43,38.74,17.48,37.04,16.95,41.44,37.75,73.13,0.43,34.5,5.56,75.0,19.63,43.36,16.88,45.05,1.29,38.58,25.09,50.0,1.83,34.94,16.81,76.47,1.18,43.27,13.9,54.54,2.48,36.47,24.44,56.52,0.0,0.0,0.0
11925,80,67,286,0.69,36.68,16.31,29.83,15.62,40.2,36.66,10.56,0.35,39.0,0.0,100.0,83.8,37.5,16.45,39.49,2.11,33.66,12.11,83.33,0.0,0.0,0.0,0.0,2.11,40.66,18.26,33.33,1.05,38.66,15.56,33.33,0.0,0.0,0.0
11926,80,68,706,5.94,37.46,16.1,36.53,15.54,41.21,38.85,84.48,0.15,0.0,0.0,100.0,9.33,41.37,17.29,40.32,0.45,46.33,8.14,0.0,3.61,38.75,14.67,41.66,0.15,34.0,0.0,100.0,1.8,51.83,19.75,91.66,0.0,0.0,0.0
11927,80,69,685,5.83,40.15,16.25,38.0,14.9,43.35,43.08,78.44,0.46,44.66,26.35,66.66,15.34,45.6,19.13,39.39,0.46,48.33,21.07,66.66,2.17,40.92,17.39,35.71,0.93,42.33,22.61,50.0,2.17,45.85,16.34,85.71,0.0,0.0,0.0
11928,80,70,0,0.0,0.0,0.0,0.0,0.0,0.0,0.0,0.0,0.0,0.0,0.0,0.0,0.0,0.0,0.0,0.0,0.0,0.0,0.0,0.0,0.0,0.0,0.0,0.0,0.0,0.0,0.0,0.0,0.0,0.0,0.0,0.0,0.0,0.0,0.0
11929,80,71,568,8.27,40.24,17.78,38.39,16.88,43.66,44.0,81.57,0.76,58.5,20.48,25.0,10.74,44.1,19.77,44.64,1.15,49.66,27.31,16.66,2.3,41.41,21.95,33.33,0.76,45.0,5.29,25.0,2.68,41.78,21.64,42.85,0.0,0.0,0.0
11930,80,72,886,7.9,37.32,18.18,36.04,17.24,41.64,40.85,77.69,0.85,41.85,31.16,71.42,13.97,39.93,19.68,37.71,0.85,48.14,20.54,28.57,3.67,30.33,13.13,43.33,0.49,33.75,13.76,0.0,2.45,42.55,24.16,45.0,0.0,0.0,0.0
11931,80,73,1109,5.32,38.2,16.41,37.15,16.66,42.56,40.17,66.38,0.95,35.79,16.63,50.0,26.66,39.42,16.24,43.92,1.23,44.76,16.95,30.76,1.61,36.0,8.69,64.7,1.23,42.46,16.91,30.76,1.9,43.8,16.02,65.0,0.0,0.0,0.0
11932,80,74,507,5.12,39.61,17.81,37.33,15.36,42.01,40.6,40.95,0.41,66.5,27.57,100.0,50.1,39.2,18.46,41.49,1.24,27.83,15.41,100.0,1.66,51.37,13.49,37.5,1.24,40.5,13.86,33.33,4.36,45.52,20.9,42.85,0.0,0.0,0.0
11933,80,75,896,1.45,38.75,17.39,34.7,17.0,44.53,40.81,16.64,0.45,26.75,24.51,25.0,76.21,39.01,17.02,44.87,0.79,50.71,24.83,71.42,1.01,37.77,11.14,55.55,2.83,41.32,21.13,36.0,2.03,47.66,16.13,55.55,0.0,0.0,0.0
11934,80,76,861,4.87,36.91,16.99,36.22,15.91,42.85,41.65,65.07,0.85,25.57,19.17,42.85,28.93,37.41,18.6,43.88,0.97,36.0,19.64,75.0,1.22,37.9,12.8,60.0,0.48,41.25,18.06,25.0,2.44,41.5,23.54,40.0,0.0,0.0,0.0
11935,80,77,785,6.49,40.05,18.26,38.49,17.39,43.31,42.34,83.65,0.4,32.33,4.72,66.66,8.99,45.65,21.65,43.93,0.27,57.0,1.41,0.0,4.08,42.66,16.7,46.66,0.27,40.5,7.77,100.0,2.31,51.0,18.46,41.17,0.0,0.0,0.0
11936,80,78,826,4.11,38.9,15.39,37.76,14.45,43.34,41.02,76.01,0.37,41.0,29.44,33.33,17.04,40.68,17.55,46.66,0.12,33.0,0.0,100.0,2.9,39.78,14.8,56.52,0.37,29.66,8.32,0.0,3.15,46.4,21.51,56.0,0.0,0.0,0.0
11937,80,79,619,3.39,39.49,16.11,37.99,15.21,41.51,38.6,71.9,0.83,57.0,23.46,20.0,20.23,41.32,16.38,44.62,0.5,55.66,7.02,0.0,2.84,38.35,12.53,41.17,1.0,40.0,18.41,33.33,2.67,42.31,22.82,87.5,0.0,0.0,0.0
11938,80,81,0,0.0,0.0,0.0,0.0,0.0,0.0,0.0,0.0,0.0,0.0,0.0,0.0,0.0,0.0,0.0,0.0,0.0,0.0,0.0,0.0,0.0,0.0,0.0,0.0,0.0,0.0,0.0,0.0,0.0,0.0,0.0,0.0,0.0,0.0,0.0
11939,80,82,702,4.27,41.01,19.3,38.79,18.34,40.88,39.91,70.08,0.44,45.0,16.09,0.0,21.72,43.35,19.79,39.04,1.04,49.28,33.7,85.71,1.48,41.4,15.48,50.0,1.04,52.57,17.11,42.85,4.16,49.92,23.99,42.85,0.0,0.0,0.0
11940,80,83,0,0.0,0.0,0.0,0.0,0.0,0.0,0.0,0.0,0.0,0.0,0.0,0.0,0.0,0.0,0.0,0.0,0.0,0.0,0.0,0.0,0.0,0.0,0.0,0.0,0.0,0.0,0.0,0.0,0.0,0.0,0.0,0.0,0.0,0.0,0.0
11941,80,84,0,0.0,0.0,0.0,0.0,0.0,0.0,0.0,0.0,0.0,0.0,0.0,0.0,0.0,0.0,0.0,0.0,0.0,0.0,0.0,0.0,0.0,0.0,0.0,0.0,0.0,0.0,0.0,0.0,0.0,0.0,0.0,0.0,0.0,0.0,0.0
11942,80,85,1308,5.12,37.63,16.98,36.36,16.23,44.64,44.11,73.97,0.48,42.0,23.24,50.0,17.8,39.66,18.28,42.98,0.64,47.0,12.02,50.0,2.25,37.5,18.09,50.0,0.8,32.6,20.05,30.0,4.02,45.54,16.11,54.0,0.0,0.0,0.0
11943,80,86,0,0.0,0.0,0.0,0.0,0.0,0.0,0.0,0.0,0.0,0.0,0.0,0.0,0.0,0.0,0.0,0.0,0.0,0.0,0.0,0.0,0.0,0.0,0.0,0.0,0.0,0.0,0.0,0.0,0.0,0.0,0.0,0.0,0.0,0.0,0.0
11944,80,87,0,0.0,0.0,0.0,0.0,0.0,0.0,0.0,0.0,0.0,0.0,0.0,0.0,0.0,0.0,0.0,0.0,0.0,0.0,0.0,0.0,0.0,0.0,0.0,0.0,0.0,0.0,0.0,0.0,0.0,0.0,0.0,0.0,0.0,0.0,0.0
11945,80,88,890,8.08,39.42,17.23,37.22,15.9,39.43,38.46,77.87,1.22,51.3,22.47,40.0,12.46,42.83,17.62,43.13,0.61,56.4,18.63,40.0,3.05,45.96,20.4,44.0,0.73,63.16,19.09,16.66,4.03,47.63,20.37,42.42,0.0,0.0,0.0
11946,80,89,0,0.0,0.0,0.0,0.0,0.0,0.0,0.0,0.0,0.0,0.0,0.0,0.0,0.0,0.0,0.0,0.0,0.0,0.0,0.0,0.0,0.0,0.0,0.0,0.0,0.0,0.0,0.0,0.0,0.0,0.0,0.0,0.0,0.0,0.0,0.0
11947,80,90,954,4.4,39.79,16.08,38.28,15.31,41.71,41.93,50.98,0.54,48.2,24.1,80.0,40.89,41.13,16.32,38.87,0.32,31.0,3.6,66.66,1.86,43.0,16.18,58.82,2.3,33.33,11.08,33.33,3.07,43.46,18.88,50.0,0.0,0.0,0.0
11948,80,92,0,0.0,0.0,0.0,0.0,0.0,0.0,0.0,0.0,0.0,0.0,0.0,0.0,0.0,0.0,0.0,0.0,0.0,0.0,0.0,0.0,0.0,0.0,0.0,0.0,0.0,0.0,0.0,0.0,0.0,0.0,0.0,0.0,0.0,0.0,0.0
11949,80,93,0,0.0,0.0,0.0,0.0,0.0,0.0,0.0,0.0,0.0,0.0,0.0,0.0,0.0,0.0,0.0,0.0,0.0,0.0,0.0,0.0,0.0,0.0,0.0,0.0,0.0,0.0,0.0,0.0,0.0,0.0,0.0,0.0,0.0,0.0,0.0
11950,80,94,433,6.46,37.96,18.1,35.45,17.02,43.64,43.04,76.29,0.49,36.0,15.55,100.0,14.81,42.78,19.86,50.0,1.48,49.0,16.91,50.0,2.22,51.11,13.6,22.22,0.24,0.0,0.0,0.0,4.44,47.5,22.84,22.22,0.0,0.0,0.0
11951,80,95,537,1.3,40.48,16.29,41.18,14.78,43.01,31.25,3.01,0.37,72.5,17.67,100.0,87.73,39.81,15.56,43.65,1.88,37.2,19.75,50.0,0.94,45.8,26.64,20.0,3.58,39.0,12.84,26.31,2.45,59.07,19.97,46.15,0.0,0.0,0.0
11952,80,96,0,0.0,0.0,0.0,0.0,0.0,0.0,0.0,0.0,0.0,0.0,0.0,0.0,0.0,0.0,0.0,0.0,0.0,0.0,0.0,0.0,0.0,0.0,0.0,0.0,0.0,0.0,0.0,0.0,0.0,0.0,0.0,0.0,0.0,0.0,0.0
11953,80,97,0,0.0,0.0,0.0,0.0,0.0,0.0,0.0,0.0,0.0,0.0,0.0,0.0,0.0,0.0,0.0,0.0,0.0,0.0,0.0,0.0,0.0,0.0,0.0,0.0,0.0,0.0,0.0,0.0,0.0,0.0,0.0,0.0,0.0,0.0,0.0
11954,80,98,1082,5.73,39.34,17.49,38.33,16.43,41.68,41.19,80.19,0.78,46.12,27.95,37.5,12.45,40.03,18.89,42.51,0.39,44.75,16.02,75.0,2.25,40.86,18.75,34.78,0.58,45.83,25.29,33.33,3.33,45.17,21.8,41.17,0.0,0.0,0.0
11955,80,99,714,4.06,39.93,17.61,36.31,16.93,43.41,43.18,50.36,0.58,38.25,12.97,75.0,42.18,43.04,17.63,40.13,1.16,45.12,22.68,62.5,1.75,36.25,10.06,50.0,2.04,43.42,18.82,28.57,1.89,48.76,21.84,61.53,0.0,0.0,0.0
11956,80,100,978,7.36,39.62,17.41,37.61,16.78,42.53,41.6,75.6,1.32,46.83,19.89,58.33,15.89,42.67,18.47,41.66,0.77,51.42,17.34,28.57,3.2,44.82,17.96,44.82,0.44,42.0,12.83,25.0,2.75,42.4,16.2,48.0,0.0,0.0,0.0
11957,80,101,0,0.0,0.0,0.0,0.0,0.0,0.0,0.0,0.0,0.0,0.0,0.0,0.0,0.0,0.0,0.0,0.0,0.0,0.0,0.0,0.0,0.0,0.0,0.0,0.0,0.0,0.0,0.0,0.0,0.0,0.0,0.0,0.0,0.0,0.0,0.0
11958,80,102,0,0.0,0.0,0.0,0.0,0.0,0.0,0.0,0.0,0.0,0.0,0.0,0.0,0.0,0.0,0.0,0.0,0.0,0.0,0.0,0.0,0.0,0.0,0.0,0.0,0.0,0.0,0.0,0.0,0.0,0.0,0.0,0.0,0.0,0.0,0.0
11959,80,103,0,0.0,0.0,0.0,0.0,0.0,0.0,0.0,0.0,0.0,0.0,0.0,0.0,0.0,0.0,0.0,0.0,0.0,0.0,0.0,0.0,0.0,0.0,0.0,0.0,0.0,0.0,0.0,0.0,0.0,0.0,0.0,0.0,0.0,0.0,0.0
11960,80,104,612,7.02,41.25,19.33,39.05,18.79,41.83,38.32,71.52,1.4,44.75,34.73,62.5,18.45,42.27,18.15,42.85,0.52,66.0,37.26,66.66,2.98,42.88,10.51,58.82,1.75,53.0,17.57,10.0,3.33,43.26,20.27,57.89,0.0,0.0,0.0
11961,80,105,977,3.68,39.95,17.33,37.88,16.0,41.45,40.47,58.02,0.42,64.0,19.96,50.0,35.06,43.33,17.69,40.0,2.33,37.9,11.33,50.0,1.8,37.76,23.33,41.17,0.21,54.0,26.87,50.0,2.12,42.2,24.98,55.0,0.0,0.0,0.0
11962,80,106,0,0.0,0.0,0.0,0.0,0.0,0.0,0.0,0.0,0.0,0.0,0.0,0.0,0.0,0.0,0.0,0.0,0.0,0.0,0.0,0.0,0.0,0.0,0.0,0.0,0.0,0.0,0.0,0.0,0.0,0.0,0.0,0.0,0.0,0.0,0.0
11963,80,107,626,6.54,40.2,18.17,39.35,17.65,40.73,38.71,71.96,1.53,56.11,25.53,66.66,18.97,40.09,17.37,45.04,0.85,48.8,17.79,20.0,2.39,34.14,16.56,35.71,0.68,47.5,29.81,50.0,3.58,36.47,18.39,47.61,0.0,0.0,0.0
11964,80,108,984,6.6,39.39,17.84,38.11,17.92,43.08,42.85,75.4,1.19,44.72,12.83,63.63,16.32,40.34,17.85,36.0,0.65,43.0,10.91,50.0,2.93,40.51,12.03,62.96,0.43,45.5,9.14,50.0,3.04,45.35,16.64,14.28,0.0,0.0,0.0
11965,80,110,972,7.09,38.9,18.14,36.87,17.13,38.47,36.71,79.62,0.55,55.0,14.78,40.0,11.96,42.02,21.11,38.88,0.33,55.33,11.5,33.33,4.2,45.44,16.62,42.1,0.44,64.0,14.46,25.0,2.87,48.84,21.19,53.84,0.0,0.0,0.0
11966,80,111,0,0.0,0.0,0.0,0.0,0.0,0.0,0.0,0.0,0.0,0.0,0.0,0.0,0.0,0.0,0.0,0.0,0.0,0.0,0.0,0.0,0.0,0.0,0.0,0.0,0.0,0.0,0.0,0.0,0.0,0.0,0.0,0.0,0.0,0.0,0.0
11967,80,112,821,8.52,39.75,19.13,37.48,18.42,42.14,40.3,78.96,0.93,51.57,30.66,42.85,11.58,41.19,19.1,45.97,0.66,65.0,16.43,60.0,3.72,47.82,20.85,46.42,0.53,49.0,14.98,25.0,3.59,50.22,16.92,48.14,0.0,0.0,0.0
11968,80,113,814,7.24,37.56,16.41,36.15,16.02,43.24,40.34,76.82,1.19,45.0,17.23,55.55,15.36,36.6,14.49,50.86,0.13,49.0,0.0,100.0,1.98,42.8,14.57,66.66,0.39,27.66,4.72,66.66,4.1,44.29,18.79,54.83,0.0,0.0,0.0
11969,80,114,1072,8.67,38.75,17.14,36.13,16.24,42.72,41.21,75.58,0.71,54.42,18.21,28.57,16.13,42.6,16.53,45.56,0.2,61.5,26.16,50.0,2.55,38.0,18.63,72.0,0.4,32.5,9.14,50.0,4.39,47.2,19.68,41.86,0.0,0.0,0.0
11970,80,115,1081,7.21,39.91,18.15,38.45,17.06,43.1,40.87,72.68,0.89,42.44,22.57,55.55,20.03,41.0,18.92,47.76,0.29,35.33,1.52,66.66,2.19,37.18,17.48,59.09,0.39,55.5,38.14,50.0,3.48,45.48,21.24,40.0,0.0,0.0,0.0
11971,80,116,327,7.03,39.77,17.43,37.43,16.32,40.97,40.8,73.35,0.65,51.5,40.3,50.0,19.4,42.57,20.56,37.28,1.31,56.75,20.12,75.0,1.97,44.5,12.67,66.66,0.65,42.5,7.77,100.0,2.63,55.25,11.14,50.0,0.0,0.0,0.0
11972,80,117,706,7.08,38.77,17.22,38.15,15.19,46.03,44.84,63.56,0.3,39.5,10.6,50.0,28.2,39.33,19.72,48.1,0.3,38.5,16.26,50.0,2.43,38.43,10.47,50.0,1.67,37.54,12.82,36.36,3.5,30.52,22.12,56.52,0.0,0.0,0.0
11973,80,118,680,5.0,41.08,17.11,38.21,15.72,42.64,41.49,60.06,0.77,50.2,27.59,60.0,32.35,43.48,18.15,41.62,1.54,51.0,16.86,20.0,1.39,33.11,13.1,44.44,0.92,47.16,17.17,50.0,2.94,52.31,17.9,68.42,0.0,0.0,0.0
11974,80,119,818,8.19,40.15,18.11,38.71,17.46,41.93,40.65,77.62,1.59,45.5,23.38,66.66,13.04,42.18,19.51,40.81,0.39,46.66,15.82,66.66,3.19,43.58,15.68,41.66,0.39,49.0,29.59,0.0,3.72,42.71,19.8,57.14,0.0,0.0,0.0
11975,80,120,486,8.02,40.54,19.27,39.31,18.52,40.74,41.12,79.41,0.67,54.33,13.05,0.0,11.85,43.16,21.98,37.73,2.01,54.88,15.03,22.22,1.78,40.5,13.07,100.0,0.67,55.0,17.05,0.0,3.57,39.37,19.65,31.25,0.0,0.0,0.0
11976,80,121,0,0.0,0.0,0.0,0.0,0.0,0.0,0.0,0.0,0.0,0.0,0.0,0.0,0.0,0.0,0.0,0.0,0.0,0.0,0.0,0.0,0.0,0.0,0.0,0.0,0.0,0.0,0.0,0.0,0.0,0.0,0.0,0.0,0.0,0.0,0.0
11977,80,122,961,10.71,40.67,20.4,38.59,19.27,42.55,40.93,75.17,1.63,40.71,30.64,71.42,13.28,47.15,20.86,45.61,1.39,54.41,19.99,41.66,4.54,36.74,19.61,48.71,0.46,54.5,2.38,0.0,3.49,39.93,21.88,56.66,0.0,0.0,0.0
11978,80,123,625,9.92,39.29,17.81,36.47,15.94,43.52,41.88,67.85,2.13,42.16,25.42,50.0,19.18,43.75,19.28,41.66,1.42,52.37,18.29,62.5,3.19,38.83,20.1,55.55,0.71,31.0,3.46,50.0,5.5,44.93,17.92,41.93,0.0,0.0,0.0
11979,80,124,611,11.29,40.12,18.95,38.54,17.99,41.08,41.7,73.43,1.29,59.57,31.48,28.57,18.45,42.68,19.94,37.0,0.36,66.5,19.09,50.0,2.02,32.18,15.83,54.54,0.18,50.0,0.0,0.0,4.24,42.0,16.02,34.78,0.0,0.0,0.0
11980,80,125,0,0.0,0.0,0.0,0.0,0.0,0.0,0.0,0.0,0.0,0.0,0.0,0.0,0.0,0.0,0.0,0.0,0.0,0.0,0.0,0.0,0.0,0.0,0.0,0.0,0.0,0.0,0.0,0.0,0.0,0.0,0.0,0.0,0.0,0.0,0.0
11981,80,127,640,7.65,41.72,18.26,40.0,17.9,40.93,39.95,75.8,0.5,47.0,19.31,66.66,14.21,45.86,17.61,35.71,0.84,53.6,16.07,80.0,3.21,49.36,23.48,52.63,0.84,50.0,32.31,0.0,4.56,44.55,17.12,48.14,0.0,0.0,0.0
11982,80,128,0,0.0,0.0,0.0,0.0,0.0,0.0,0.0,0.0,0.0,0.0,0.0,0.0,0.0,0.0,0.0,0.0,0.0,0.0,0.0,0.0,0.0,0.0,0.0,0.0,0.0,0.0,0.0,0.0,0.0,0.0,0.0,0.0,0.0,0.0,0.0
11983,80,129,860,7.67,39.23,17.59,37.95,16.08,42.79,40.96,78.08,1.25,29.6,15.81,50.0,12.59,45.49,21.82,50.0,0.62,31.6,7.3,20.0,3.65,36.96,14.41,41.37,0.88,39.57,12.55,28.57,2.89,35.34,23.2,43.47,0.0,0.0,0.0
11984,80,130,945,7.4,38.61,17.55,36.86,16.39,42.32,39.88,76.22,0.91,36.75,19.76,50.0,14.28,41.24,20.1,44.8,0.57,47.6,25.32,80.0,2.74,40.83,15.33,66.66,0.8,53.57,18.1,42.85,4.45,46.74,19.02,48.71,0.0,0.0,0.0
11985,80,131,0,0.0,0.0,0.0,0.0,0.0,0.0,0.0,0.0,0.0,0.0,0.0,0.0,0.0,0.0,0.0,0.0,0.0,0.0,0.0,0.0,0.0,0.0,0.0,0.0,0.0,0.0,0.0,0.0,0.0,0.0,0.0,0.0,0.0,0.0,0.0
11986,80,132,784,5.86,40.02,17.4,38.39,15.82,42.21,41.58,68.42,1.08,46.25,18.86,37.5,23.71,42.14,19.74,42.28,1.21,50.0,19.58,44.44,1.49,43.81,15.87,45.45,1.08,33.5,22.3,12.5,2.98,45.81,22.18,45.45,0.0,0.0,0.0
11987,80,133,0,0.0,0.0,0.0,0.0,0.0,0.0,0.0,0.0,0.0,0.0,0.0,0.0,0.0,0.0,0.0,0.0,0.0,0.0,0.0,0.0,0.0,0.0,0.0,0.0,0.0,0.0,0.0,0.0,0.0,0.0,0.0,0.0,0.0,0.0,0.0
11988,80,134,753,5.44,38.33,15.81,35.95,14.14,41.16,38.99,72.75,0.56,38.25,18.83,50.0,19.94,44.47,18.28,41.54,0.42,51.66,6.11,100.0,2.52,38.94,13.67,50.0,0.84,49.16,17.01,66.66,2.94,43.09,14.86,57.14,0.0,0.0,0.0
11989,80,135,744,7.39,40.94,19.58,38.29,18.78,41.39,41.2,76.77,1.3,43.66,25.89,33.33,14.36,47.74,19.7,36.36,0.29,23.5,33.23,50.0,4.06,45.1,18.55,42.85,0.29,32.0,8.48,0.0,2.9,46.85,20.93,50.0,0.0,0.0,0.0
11990,80,136,256,10.54,38.93,18.55,36.18,17.71,41.01,35.71,79.47,0.87,56.5,2.12,0.0,10.91,43.96,20.18,36.0,1.31,62.66,12.66,66.66,3.05,34.71,16.69,28.57,0.0,0.0,0.0,0.0,4.36,45.0,20.98,60.0,0.0,0.0,0.0
11991,80,137,1003,7.37,40.67,16.98,39.09,16.5,42.87,40.85,75.88,0.75,55.28,20.11,71.42,16.57,42.44,16.59,41.55,0.32,67.66,19.34,66.66,2.36,41.86,16.11,50.0,0.1,30.0,0.0,0.0,3.98,46.86,20.39,45.94,0.0,0.0,0.0
11992,80,138,0,0.0,0.0,0.0,0.0,0.0,0.0,0.0,0.0,0.0,0.0,0.0,0.0,0.0,0.0,0.0,0.0,0.0,0.0,0.0,0.0,0.0,0.0,0.0,0.0,0.0,0.0,0.0,0.0,0.0,0.0,0.0,0.0,0.0,0.0,0.0
11993,80,139,0,0.0,0.0,0.0,0.0,0.0,0.0,0.0,0.0,0.0,0.0,0.0,0.0,0.0,0.0,0.0,0.0,0.0,0.0,0.0,0.0,0.0,0.0,0.0,0.0,0.0,0.0,0.0,0.0,0.0,0.0,0.0,0.0,0.0,0.0,0.0
11994,80,140,0,0.0,0.0,0.0,0.0,0.0,0.0,0.0,0.0,0.0,0.0,0.0,0.0,0.0,0.0,0.0,0.0,0.0,0.0,0.0,0.0,0.0,0.0,0.0,0.0,0.0,0.0,0.0,0.0,0.0,0.0,0.0,0.0,0.0,0.0,0.0
11995,80,142,0,0.0,0.0,0.0,0.0,0.0,0.0,0.0,0.0,0.0,0.0,0.0,0.0,0.0,0.0,0.0,0.0,0.0,0.0,0.0,0.0,0.0,0.0,0.0,0.0,0.0,0.0,0.0,0.0,0.0,0.0,0.0,0.0,0.0,0.0,0.0
11996,80,143,951,10.62,39.21,18.0,36.93,17.83,41.85,41.01,74.0,0.58,33.6,21.43,0.0,15.17,43.84,19.67,39.53,0.82,55.0,22.64,42.85,4.0,38.52,13.35,58.82,1.29,55.63,19.92,36.36,4.11,43.4,13.79,37.14,0.0,0.0,0.0
11997,80,144,872,10.32,39.84,18.86,38.33,18.47,40.13,38.46,71.48,1.27,39.7,15.16,60.0,18.03,42.95,18.8,45.39,0.76,72.0,20.82,50.0,2.68,38.23,14.24,57.14,0.76,56.0,33.08,16.66,4.98,40.66,19.32,30.76,0.0,0.0,0.0
11998,80,145,631,9.19,40.96,18.59,37.97,17.86,40.57,38.19,75.39,2.09,56.5,21.91,41.66,13.78,47.02,17.55,43.03,0.52,62.0,3.0,0.0,2.79,41.25,17.79,50.0,0.69,47.5,13.69,50.0,4.71,48.51,19.11,48.14,0.0,0.0,0.0
11999,80,146,613,10.76,41.27,19.4,39.16,18.88,43.55,40.6,78.79,1.46,56.0,24.5,25.0,12.61,46.63,19.43,47.82,0.18,38.0,0.0,0.0,2.92,43.56,17.88,56.25,0.36,35.0,14.14,50.0,3.65,45.65,20.13,55.0,0.0,0.0,0.0
12000,80,147,0,0.0,0.0,0.0,0.0,0.0,0.0,0.0,0.0,0.0,0.0,0.0,0.0,0.0,0.0,0.0,0.0,0.0,0.0,0.0,0.0,0.0,0.0,0.0,0.0,0.0,0.0,0.0,0.0,0.0,0.0,0.0,0.0,0.0,0.0,0.0
12001,80,148,849,10.36,40.09,17.21,37.72,15.47,42.4,42.02,74.11,1.31,50.3,15.95,40.0,15.5,43.57,18.44,38.13,0.39,63.33,11.5,33.33,4.07,44.87,13.89,41.93,0.65,44.4,20.15,20.0,3.94,42.06,22.8,56.66,0.0,0.0,0.0
12002,80,149,999,8.2,37.89,17.98,35.36,16.23,41.44,39.42,72.19,0.87,47.75,19.9,75.0,18.53,40.31,19.68,41.17,0.65,59.33,18.06,50.0,3.81,39.68,17.7,40.0,0.54,63.2,30.35,20.0,3.38,44.06,21.45,54.83,0.0,0.0,0.0
12003,80,150,0,0.0,0.0,0.0,0.0,0.0,0.0,0.0,0.0,0.0,0.0,0.0,0.0,0.0,0.0,0.0,0.0,0.0,0.0,0.0,0.0,0.0,0.0,0.0,0.0,0.0,0.0,0.0,0.0,0.0,0.0,0.0,0.0,0.0,0.0,0.0
12004,80,151,0,0.0,0.0,0.0,0.0,0.0,0.0,0.0,0.0,0.0,0.0,0.0,0.0,0.0,0.0,0.0,0.0,0.0,0.0,0.0,0.0,0.0,0.0,0.0,0.0,0.0,0.0,0.0,0.0,0.0,0.0,0.0,0.0,0.0,0.0,0.0
12005,80,152,640,7.18,38.05,18.09,35.61,16.82,44.53,41.12,77.77,1.34,50.75,20.06,100.0,11.11,45.9,18.05,51.51,1.01,69.5,25.45,66.66,3.19,33.57,15.69,42.1,0.5,67.0,31.04,0.0,5.05,42.4,19.88,60.0,0.0,0.0,0.0
12006,80,153,723,7.46,39.13,17.54,38.07,17.49,44.95,44.17,74.43,0.59,38.5,14.75,50.0,18.68,39.47,16.23,43.2,0.74,40.0,27.51,20.0,2.24,41.13,21.69,53.33,0.44,47.33,12.85,66.66,2.84,43.84,14.89,63.15,0.0,0.0,0.0
12007,80,154,0,0.0,0.0,0.0,0.0,0.0,0.0,0.0,0.0,0.0,0.0,0.0,0.0,0.0,0.0,0.0,0.0,0.0,0.0,0.0,0.0,0.0,0.0,0.0,0.0,0.0,0.0,0.0,0.0,0.0,0.0,0.0,0.0,0.0,0.0,0.0
12008,80,155,977,8.49,38.03,16.66,36.06,15.42,42.78,43.2,51.0,1.34,47.0,24.07,66.66,39.7,37.58,16.9,39.43,0.55,37.2,22.69,60.0,2.23,41.35,14.71,45.0,2.68,41.83,13.35,41.66,2.46,40.63,20.41,50.0,0.0,0.0,0.0
12009,80,156,0,0.0,0.0,0.0,0.0,0.0,0.0,0.0,0.0,0.0,0.0,0.0,0.0,0.0,0.0,0.0,0.0,0.0,0.0,0.0,0.0,0.0,0.0,0.0,0.0,0.0,0.0,0.0,0.0,0.0,0.0,0.0,0.0,0.0,0.0,0.0
12010,80,157,496,9.07,38.38,16.93,36.1,13.96,44.55,42.27,54.54,0.88,33.75,5.18,25.0,38.13,40.72,18.8,44.76,0.66,29.0,4.0,66.66,2.21,28.1,5.93,20.0,1.1,47.4,29.4,40.0,2.43,42.18,21.78,72.72,0.0,0.0,0.0
12011,80,158,958,4.9,38.07,17.31,35.51,15.71,43.42,42.01,78.37,1.64,38.33,17.92,53.33,13.39,45.01,19.7,39.34,0.54,52.0,26.16,80.0,2.52,38.78,22.71,60.86,0.32,70.66,20.52,33.33,3.18,46.96,18.27,55.17,0.0,0.0,0.0
12012,80,159,0,0.0,0.0,0.0,0.0,0.0,0.0,0.0,0.0,0.0,0.0,0.0,0.0,0.0,0.0,0.0,0.0,0.0,0.0,0.0,0.0,0.0,0.0,0.0,0.0,0.0,0.0,0.0,0.0,0.0,0.0,0.0,0.0,0.0,0.0,0.0
12013,80,160,603,9.28,37.54,18.38,36.04,17.34,44.61,43.05,80.25,0.73,19.0,12.72,75.0,11.88,37.81,19.86,46.15,0.18,75.0,0.0,100.0,4.2,41.78,15.53,52.17,0.36,30.0,4.24,50.0,2.37,43.15,23.5,38.46,0.0,0.0,0.0
12014,80,161,1180,7.71,40.59,18.16,38.69,17.69,43.05,41.86,67.76,2.29,50.08,21.79,52.0,21.67,42.16,18.33,43.64,0.82,40.88,24.76,33.33,2.38,35.57,14.0,61.53,1.19,44.69,15.22,23.07,3.85,45.4,17.72,52.38,0.0,0.0,0.0
12015,80,162,822,4.13,36.09,15.61,35.08,14.98,39.41,36.01,66.24,0.76,49.16,20.72,33.33,26.39,36.75,15.35,46.63,0.5,40.5,13.91,75.0,3.42,38.22,19.56,48.14,1.26,44.7,19.94,20.0,1.39,38.81,21.7,36.36,0.0,0.0,0.0
12016,80,163,563,6.03,45.21,18.73,44.07,17.51,44.58,46.42,63.51,0.75,39.75,8.26,50.0,28.73,46.93,19.15,36.84,1.13,40.16,23.71,83.33,2.83,36.73,22.92,60.0,0.56,45.33,11.23,66.66,2.45,48.84,22.94,30.76,0.0,0.0,0.0
12017,80,164,998,4.9,39.18,16.14,38.05,15.04,43.38,42.31,61.01,0.63,32.16,28.3,66.66,32.45,40.24,17.64,42.85,0.31,52.0,21.93,66.66,1.79,39.35,8.52,76.47,1.36,39.46,17.24,46.15,2.42,47.08,19.51,52.17,0.0,0.0,0.0
12018,80,165,742,1.75,39.96,17.33,34.77,15.21,44.6,39.18,20.3,0.54,57.25,16.02,50.0,73.38,41.17,17.31,45.23,1.37,35.6,6.61,70.0,0.54,68.75,12.5,50.0,1.23,27.33,3.64,33.33,2.6,43.1,25.04,47.36,0.0,0.0,0.0
12019,80,166,0,0.0,0.0,0.0,0.0,0.0,0.0,0.0,0.0,0.0,0.0,0.0,0.0,0.0,0.0,0.0,0.0,0.0,0.0,0.0,0.0,0.0,0.0,0.0,0.0,0.0,0.0,0.0,0.0,0.0,0.0,0.0,0.0,0.0,0.0,0.0
12020,80,167,661,1.96,38.57,16.74,38.22,14.47,44.02,44.2,21.29,0.77,33.79,28.21,60.0,70.06,38.56,17.26,42.73,1.23,36.0,14.2,50.0,1.38,33.0,5.97,44.44,2.46,36.75,13.01,50.0,2.77,39.44,23.42,55.55,0.0,0.0,0.0
12021,80,168,685,0.72,38.67,16.61,37.81,15.25,43.21,46.45,22.79,1.02,40.28,12.07,57.14,68.52,38.8,16.69,42.91,1.47,29.8,13.79,60.0,1.17,50.0,28.88,37.5,3.08,41.23,18.86,28.57,1.91,38.76,20.99,30.76,0.0,0.0,0.0
12022,80,169,678,2.5,36.85,16.7,37.86,14.15,41.44,37.78,32.82,0.0,0.0,0.0,0.0,60.36,35.34,17.04,42.85,1.51,48.3,27.7,30.0,1.36,36.33,17.09,33.33,1.96,43.46,17.28,46.15,1.96,35.15,16.81,61.53,0.0,0.0,0.0
12023,80,170,707,2.68,41.74,17.92,39.87,16.5,42.99,43.23,33.28,0.29,63.5,9.19,50.0,59.44,41.71,18.28,43.52,0.87,50.66,29.04,33.33,1.74,44.83,20.16,41.66,2.61,44.61,17.57,16.66,1.74,49.83,17.32,50.0,0.0,0.0,0.0
12024,80,171,349,1.43,39.37,16.82,39.97,18.68,37.24,37.14,30.52,0.29,37.0,0.0,0.0,59.59,38.72,15.2,39.02,5.81,30.9,15.99,30.0,1.45,52.8,21.44,20.0,0.87,56.0,16.64,0.0,1.45,60.0,17.04,40.0,0.0,0.0,0.0
12025,80,172,1084,1.47,42.29,18.2,36.73,16.17,45.84,45.91,29.77,0.65,35.71,20.56,57.14,63.2,45.23,18.54,45.03,2.62,38.85,16.41,50.0,1.4,31.73,13.27,80.0,0.65,46.85,15.98,57.14,1.68,46.94,18.96,27.77,0.0,0.0,0.0
12026,80,173,1250,1.68,39.82,17.29,37.06,16.81,43.6,41.15,28.07,0.4,47.0,19.88,40.0,65.25,40.91,17.27,44.01,2.35,32.34,12.97,51.72,0.81,36.6,20.69,60.0,1.3,47.0,13.96,31.25,1.79,51.77,18.88,36.36,0.0,0.0,0.0
12027,80,174,1010,1.48,43.06,18.11,33.33,19.84,43.96,38.09,2.11,0.9,47.66,23.76,44.44,87.03,43.86,17.88,43.87,6.83,34.54,15.67,48.52,0.1,25.0,0.0,0.0,2.81,38.39,18.72,35.71,0.2,53.5,44.54,50.0,0.0,0.0,0.0
12028,80,175,0,0.0,0.0,0.0,0.0,0.0,0.0,0.0,0.0,0.0,0.0,0.0,0.0,0.0,0.0,0.0,0.0,0.0,0.0,0.0,0.0,0.0,0.0,0.0,0.0,0.0,0.0,0.0,0.0,0.0,0.0,0.0,0.0,0.0,0.0,0.0
12029,80,176,808,1.6,40.8,17.9,42.33,19.66,48.01,47.82,11.57,0.37,61.66,32.51,66.66,83.27,40.38,17.58,48.33,1.5,35.33,13.12,58.33,0.5,42.0,10.73,50.0,1.38,34.36,18.6,36.36,1.38,46.9,14.34,27.27,0.0,0.0,0.0
12030,80,177,991,1.51,44.27,19.91,35.53,17.88,41.06,36.73,10.04,0.51,54.8,17.9,60.0,82.06,45.65,19.82,41.32,3.58,34.85,17.99,51.42,0.3,13.0,22.51,33.33,2.35,40.39,17.07,26.08,1.12,60.63,22.68,54.54,0.0,0.0,0.0
12031,80,178,0,0.0,0.0,0.0,0.0,0.0,0.0,0.0,0.0,0.0,0.0,0.0,0.0,0.0,0.0,0.0,0.0,0.0,0.0,0.0,0.0,0.0,0.0,0.0,0.0,0.0,0.0,0.0,0.0,0.0,0.0,0.0,0.0,0.0,0.0,0.0
12032,80,179,821,0.12,47.72,18.4,45.36,20.88,42.14,50.0,9.26,0.97,37.0,21.94,50.0,85.0,48.04,18.11,41.46,1.34,45.0,12.04,36.36,0.97,53.75,11.88,50.0,1.46,50.91,22.5,25.0,0.97,44.87,22.2,50.0,0.0,0.0,0.0
12033,80,180,854,1.75,38.54,18.0,34.33,17.24,42.38,44.79,11.44,0.11,22.0,0.0,0.0,83.19,38.82,17.78,41.11,1.07,26.0,17.49,55.55,0.11,25.0,0.0,100.0,2.86,45.66,21.16,54.16,1.19,41.4,20.78,40.0,0.0,0.0,0.0
12034,80,181,0,0.0,0.0,0.0,0.0,0.0,0.0,0.0,0.0,0.0,0.0,0.0,0.0,0.0,0.0,0.0,0.0,0.0,0.0,0.0,0.0,0.0,0.0,0.0,0.0,0.0,0.0,0.0,0.0,0.0,0.0,0.0,0.0,0.0,0.0,0.0
12035,80,182,588,4.08,38.24,16.99,37.22,16.87,41.32,39.44,77.3,1.06,53.83,17.45,50.0,15.6,39.93,16.63,43.18,0.17,62.0,0.0,0.0,2.65,40.2,16.47,53.33,0.35,62.5,17.67,50.0,2.83,35.75,11.69,43.75,0.0,0.0,0.0
12036,80,183,0,0.0,0.0,0.0,0.0,0.0,0.0,0.0,0.0,0.0,0.0,0.0,0.0,0.0,0.0,0.0,0.0,0.0,0.0,0.0,0.0,0.0,0.0,0.0,0.0,0.0,0.0,0.0,0.0,0.0,0.0,0.0,0.0,0.0,0.0,0.0
12037,80,184,419,8.83,38.14,16.19,35.77,14.77,43.19,45.18,78.79,0.52,50.5,9.19,0.0,9.94,41.55,19.5,34.21,0.26,50.0,0.0,0.0,5.23,43.45,17.79,40.0,0.26,37.0,0.0,100.0,4.97,40.21,16.86,26.31,0.0,0.0,0.0
12038,80,185,698,6.16,39.69,18.71,36.71,18.21,44.41,42.71,47.17,1.06,68.57,17.36,28.57,46.1,40.75,17.36,46.02,0.76,29.6,21.88,100.0,1.52,37.6,9.91,60.0,0.91,52.66,19.71,33.33,2.44,49.56,23.11,50.0,0.0,0.0,0.0
12039,80,186,690,7.53,39.26,18.68,37.51,17.97,42.89,41.8,74.6,1.88,44.58,14.79,58.33,15.51,41.31,18.81,39.39,0.31,84.0,2.82,0.0,2.03,38.15,23.05,53.84,1.09,54.0,23.65,57.14,4.54,44.75,19.45,41.37,0.0,0.0,0.0
12040,80,187,706,7.79,38.18,17.67,36.85,17.04,43.9,42.85,70.96,1.38,41.55,17.35,33.33,18.43,40.2,19.66,44.16,1.53,44.1,20.72,60.0,2.15,41.0,14.96,57.14,2.15,47.07,17.37,28.57,3.37,34.9,18.86,63.63,0.0,0.0,0.0
12041,80,188,0,0.0,0.0,0.0,0.0,0.0,0.0,0.0,0.0,0.0,0.0,0.0,0.0,0.0,0.0,0.0,0.0,0.0,0.0,0.0,0.0,0.0,0.0,0.0,0.0,0.0,0.0,0.0,0.0,0.0,0.0,0.0,0.0,0.0,0.0,0.0
12042,80,189,652,5.67,36.44,16.48,34.67,14.82,45.7,43.67,77.07,0.81,44.6,19.04,60.0,14.14,41.17,19.21,45.97,0.65,54.25,15.32,100.0,3.08,31.52,19.89,63.15,0.81,53.2,26.09,40.0,3.41,44.42,18.29,52.38,0.0,0.0,0.0
12043,80,190,598,5.01,37.42,16.21,37.26,14.97,41.97,39.7,72.71,1.76,37.7,13.34,30.0,17.6,35.82,17.42,54.0,0.7,46.25,23.81,25.0,2.46,35.0,18.49,42.85,1.4,40.75,14.9,37.5,3.34,46.63,25.08,47.36,0.0,0.0,0.0
12044,80,191,621,10.62,39.09,17.49,35.69,14.82,38.48,36.52,60.18,1.44,49.87,23.43,37.5,28.46,41.1,19.61,36.07,0.0,0.0,0.0,0.0,2.88,38.06,18.52,50.0,2.34,52.53,17.36,7.69,4.68,44.11,16.59,46.15,0.0,0.0,0.0
12045,80,192,578,4.32,41.62,19.13,36.17,15.18,41.17,37.86,18.62,0.54,71.0,12.16,33.33,71.06,42.13,19.55,41.98,0.9,35.0,28.97,40.0,1.8,48.4,18.11,50.0,4.33,38.54,16.31,20.83,2.71,50.46,22.7,60.0,0.0,0.0,0.0
12046,80,194,0,0.0,0.0,0.0,0.0,0.0,0.0,0.0,0.0,0.0,0.0,0.0,0.0,0.0,0.0,0.0,0.0,0.0,0.0,0.0,0.0,0.0,0.0,0.0,0.0,0.0,0.0,0.0,0.0,0.0,0.0,0.0,0.0,0.0,0.0,0.0
12047,80,195,0,0.0,0.0,0.0,0.0,0.0,0.0,0.0,0.0,0.0,0.0,0.0,0.0,0.0,0.0,0.0,0.0,0.0,0.0,0.0,0.0,0.0,0.0,0.0,0.0,0.0,0.0,0.0,0.0,0.0,0.0,0.0,0.0,0.0,0.0,0.0
12048,80,196,651,2.61,39.77,18.47,37.4,16.89,39.47,37.02,45.58,0.63,44.5,12.66,50.0,48.1,41.85,18.96,42.62,0.31,34.5,0.7,100.0,1.41,41.33,31.72,44.44,1.57,39.7,19.0,20.0,2.36,39.66,27.28,20.0,0.0,0.0,0.0
12049,80,197,0,0.0,0.0,0.0,0.0,0.0,0.0,0.0,0.0,0.0,0.0,0.0,0.0,0.0,0.0,0.0,0.0,0.0,0.0,0.0,0.0,0.0,0.0,0.0,0.0,0.0,0.0,0.0,0.0,0.0,0.0,0.0,0.0,0.0,0.0,0.0
12050,80,198,965,7.66,39.21,16.43,36.9,15.07,41.13,37.4,74.41,1.23,48.36,19.8,54.54,16.72,45.62,18.21,48.99,1.23,38.9,11.13,36.36,3.14,44.75,16.01,53.57,0.33,45.66,14.57,0.0,2.69,31.08,13.5,58.33,0.0,0.0,0.0
12051,80,199,950,7.15,40.94,17.84,38.57,16.13,40.42,38.5,68.02,1.13,40.6,19.47,80.0,21.99,45.13,19.07,40.2,1.13,43.0,22.78,60.0,2.49,40.22,21.28,27.27,0.9,42.5,28.25,37.5,4.3,45.28,22.17,50.0,0.0,0.0,0.0
12052,80,200,608,10.19,42.8,16.82,39.62,15.44,43.91,43.64,73.44,1.46,44.75,12.06,75.0,17.94,49.88,18.01,35.71,0.36,75.0,14.14,50.0,2.19,42.41,11.52,66.66,1.46,50.37,7.57,37.5,3.11,48.88,20.84,58.82,0.0,0.0,0.0
12053,80,201,653,7.81,42.04,19.78,40.31,18.47,42.72,41.08,76.41,0.33,48.5,40.3,50.0,16.77,44.57,23.28,36.63,0.16,65.0,0.0,0.0,2.49,47.4,16.58,46.66,0.83,42.4,29.22,40.0,2.99,54.83,21.19,72.22,0.0,0.0,0.0
12054,80,202,767,9.77,38.52,17.34,36.41,15.86,41.59,38.92,78.32,0.86,34.83,19.6,33.33,11.56,46.93,20.03,57.5,0.72,52.0,20.13,0.0,3.75,38.53,15.48,50.0,0.28,22.0,31.11,0.0,4.47,45.38,18.49,45.16,0.0,0.0,0.0
12055,80,203,768,11.84,40.82,17.96,38.48,16.48,44.01,46.33,74.59,1.62,52.09,27.11,54.54,14.62,46.04,20.14,36.36,0.73,48.4,19.39,80.0,5.31,39.38,16.74,50.0,0.44,53.0,16.64,0.0,2.65,40.38,23.82,38.88,0.0,0.0,0.0
12056,80,204,666,6.0,37.24,17.48,35.84,16.52,39.18,37.98,85.78,0.31,33.5,4.94,100.0,8.78,39.4,19.26,36.36,0.47,65.0,11.13,0.0,2.23,37.14,19.83,35.71,0.15,53.0,0.0,0.0,2.23,42.42,18.6,64.28,0.0,0.0,0.0
12057,80,205,0,0.0,0.0,0.0,0.0,0.0,0.0,0.0,0.0,0.0,0.0,0.0,0.0,0.0,0.0,0.0,0.0,0.0,0.0,0.0,0.0,0.0,0.0,0.0,0.0,0.0,0.0,0.0,0.0,0.0,0.0,0.0,0.0,0.0,0.0,0.0
12058,80,206,1022,6.75,38.71,16.85,37.9,16.14,44.91,43.16,79.01,0.41,43.0,9.27,75.0,13.11,39.85,17.41,50.4,0.1,57.0,0.0,100.0,3.56,32.73,16.83,35.29,0.62,58.16,21.76,66.66,3.14,44.93,16.18,63.33,0.0,0.0,0.0
12059,80,207,1048,5.72,38.04,16.36,36.77,15.31,42.93,43.36,79.35,0.8,37.25,23.54,62.5,12.95,41.33,18.5,42.96,1.61,46.0,15.78,25.0,1.82,41.38,16.85,27.77,0.2,75.0,16.97,50.0,3.23,46.09,20.52,43.75,0.0,0.0,0.0
12060,80,208,569,2.63,37.99,16.84,36.56,16.13,43.58,42.93,31.94,0.54,30.66,7.09,33.33,60.83,39.05,17.07,42.13,0.9,34.79,12.61,100.0,0.9,26.0,27.1,40.0,2.16,32.83,11.18,58.33,2.7,38.2,18.4,53.33,0.0,0.0,0.0
12061,80,209,0,0.0,0.0,0.0,0.0,0.0,0.0,0.0,0.0,0.0,0.0,0.0,0.0,0.0,0.0,0.0,0.0,0.0,0.0,0.0,0.0,0.0,0.0,0.0,0.0,0.0,0.0,0.0,0.0,0.0,0.0,0.0,0.0,0.0,0.0,0.0
12062,80,210,0,0.0,0.0,0.0,0.0,0.0,0.0,0.0,0.0,0.0,0.0,0.0,0.0,0.0,0.0,0.0,0.0,0.0,0.0,0.0,0.0,0.0,0.0,0.0,0.0,0.0,0.0,0.0,0.0,0.0,0.0,0.0,0.0,0.0,0.0,0.0
12063,80,211,0,0.0,0.0,0.0,0.0,0.0,0.0,0.0,0.0,0.0,0.0,0.0,0.0,0.0,0.0,0.0,0.0,0.0,0.0,0.0,0.0,0.0,0.0,0.0,0.0,0.0,0.0,0.0,0.0,0.0,0.0,0.0,0.0,0.0,0.0,0.0
12064,80,212,843,4.38,38.88,16.94,38.1,16.79,45.43,42.97,77.66,1.36,37.18,13.84,45.45,14.51,41.79,16.43,51.28,0.24,23.0,32.52,100.0,2.1,37.82,16.41,64.7,0.74,33.33,20.18,50.0,3.34,39.29,20.16,59.25,0.0,0.0,0.0
12065,80,213,0,0.0,0.0,0.0,0.0,0.0,0.0,0.0,0.0,0.0,0.0,0.0,0.0,0.0,0.0,0.0,0.0,0.0,0.0,0.0,0.0,0.0,0.0,0.0,0.0,0.0,0.0,0.0,0.0,0.0,0.0,0.0,0.0,0.0,0.0,0.0
12066,80,214,765,5.88,39.55,18.39,38.33,17.78,42.74,39.78,78.19,0.83,26.33,23.57,66.66,12.63,41.46,18.51,46.15,0.69,42.2,16.51,60.0,2.91,39.66,18.04,38.09,0.69,55.6,33.87,40.0,4.02,45.55,19.89,48.27,0.0,0.0,0.0
12067,80,215,716,7.54,39.31,17.43,37.61,16.71,41.06,38.63,79.75,0.75,39.2,26.3,40.0,13.59,43.35,19.1,38.88,0.75,45.2,10.05,60.0,2.41,40.18,16.09,62.5,0.45,52.66,15.04,33.33,2.26,46.53,16.06,53.33,0.0,0.0,0.0
12068,80,216,695,5.17,41.05,17.79,38.07,15.92,42.01,44.22,38.08,0.6,41.5,13.02,75.0,50.68,41.96,18.37,41.01,0.91,42.83,26.3,33.33,3.18,41.66,16.15,38.09,2.57,36.47,14.71,17.64,3.79,50.92,17.15,64.0,0.0,0.0,0.0
12069,80,217,531,9.79,40.57,19.48,38.11,18.02,42.56,39.37,73.69,1.46,47.0,21.28,14.28,17.95,41.82,19.75,45.34,0.41,38.5,54.44,100.0,1.46,48.0,21.79,57.14,0.83,53.5,29.01,75.0,4.17,51.2,18.77,50.0,0.0,0.0,0.0
12070,80,218,554,7.03,40.35,17.4,38.48,17.17,41.15,40.68,73.98,1.55,44.0,13.88,62.5,15.33,44.77,18.19,37.97,0.58,58.33,15.27,100.0,5.04,36.96,17.92,30.76,0.38,58.5,4.94,0.0,3.1,51.93,17.33,43.75,0.0,0.0,0.0
12071,80,219,1040,7.4,40.56,17.62,36.39,16.17,43.65,41.94,49.01,1.03,42.7,18.01,40.0,42.99,43.17,17.84,44.44,0.31,45.0,24.97,100.0,2.38,44.0,19.22,43.47,1.34,44.23,23.32,46.15,2.9,51.92,18.22,60.71,0.0,0.0,0.0
12072,80,220,1026,6.92,38.8,17.19,37.23,16.52,42.0,40.26,62.93,1.46,39.28,18.74,71.42,29.31,41.24,18.36,41.78,0.41,60.25,5.05,75.0,2.61,38.24,9.57,40.0,1.15,42.72,13.92,27.27,2.09,44.6,23.01,45.0,0.0,0.0,0.0
12073,80,221,0,0.0,0.0,0.0,0.0,0.0,0.0,0.0,0.0,0.0,0.0,0.0,0.0,0.0,0.0,0.0,0.0,0.0,0.0,0.0,0.0,0.0,0.0,0.0,0.0,0.0,0.0,0.0,0.0,0.0,0.0,0.0,0.0,0.0,0.0,0.0
12074,80,222,878,6.37,38.61,17.03,36.15,15.32,41.57,41.41,63.74,0.6,43.6,20.05,40.0,27.37,41.78,18.43,41.77,0.6,38.4,17.79,80.0,2.43,41.65,18.61,40.0,1.82,33.53,10.02,33.33,3.16,46.96,16.48,42.3,0.0,0.0,0.0
12075,80,223,910,9.01,40.03,17.44,37.71,16.43,44.83,44.54,68.59,1.08,50.66,25.65,55.55,23.67,41.84,15.82,44.89,0.36,45.66,10.21,0.0,2.05,35.76,17.07,76.47,1.2,53.9,15.49,10.0,3.01,45.44,20.59,52.0,0.0,0.0,0.0
12076,80,224,955,7.01,39.69,17.7,38.05,17.28,42.4,38.8,77.47,1.01,43.22,14.95,77.77,14.63,43.75,17.89,46.92,0.56,46.4,29.06,80.0,3.26,36.03,16.85,55.17,0.22,40.0,21.21,50.0,2.81,46.92,20.98,60.0,0.0,0.0,0.0
12077,80,225,831,5.29,38.95,17.37,36.73,16.44,42.71,42.96,66.83,1.14,43.55,17.97,44.44,22.1,40.67,17.94,40.22,0.5,47.5,20.79,75.0,3.68,39.79,21.05,48.27,1.01,41.25,14.81,25.0,4.7,46.89,18.75,45.94,0.0,0.0,0.0
12078,80,226,974,8.21,40.37,18.16,38.46,17.36,41.99,38.51,74.04,1.67,40.86,22.62,60.0,16.77,42.43,19.49,46.66,1.0,53.0,23.09,66.66,2.46,46.45,23.38,59.09,0.55,55.4,11.86,40.0,3.46,48.09,17.66,58.06,0.0,0.0,0.0
12079,80,227,317,4.73,39.11,17.32,37.61,16.13,42.27,41.74,72.18,0.33,77.0,0.0,0.0,17.54,44.22,20.58,43.39,0.33,45.0,0.0,0.0,3.31,30.2,15.44,70.0,0.99,25.0,26.62,0.0,5.29,44.31,16.59,56.25,0.0,0.0,0.0
12080,80,228,550,5.27,36.33,15.51,36.86,15.48,39.09,33.23,62.38,0.19,65.0,0.0,100.0,30.9,34.4,14.85,44.72,0.57,41.0,29.51,100.0,1.91,39.0,10.54,70.0,1.53,20.75,13.14,50.0,2.49,47.92,16.6,30.76,0.0,0.0,0.0
12081,80,229,845,9.94,39.3,17.42,37.63,16.93,41.3,39.08,77.66,1.05,49.75,26.85,50.0,12.61,38.81,17.62,48.95,0.39,48.66,20.2,33.33,2.89,41.72,17.45,50.0,0.52,60.25,16.99,25.0,4.86,43.97,20.26,40.54,0.0,0.0,0.0
12082,80,230,769,8.06,39.56,16.61,36.68,15.54,41.35,40.55,56.15,1.98,42.35,19.09,57.14,28.28,41.44,16.37,41.5,1.13,56.12,16.77,37.5,3.81,44.51,20.38,37.03,1.27,42.66,16.23,33.33,7.35,43.42,16.14,50.0,0.0,0.0,0.0
12083,80,231,0,0.0,0.0,0.0,0.0,0.0,0.0,0.0,0.0,0.0,0.0,0.0,0.0,0.0,0.0,0.0,0.0,0.0,0.0,0.0,0.0,0.0,0.0,0.0,0.0,0.0,0.0,0.0,0.0,0.0,0.0,0.0,0.0,0.0,0.0,0.0
12084,80,232,1047,8.69,39.04,17.5,37.3,16.55,44.69,43.18,77.51,0.62,37.16,24.21,66.66,15.16,42.08,18.36,48.96,0.52,47.6,13.31,20.0,3.24,37.7,19.34,38.7,0.2,64.5,10.6,0.0,2.71,46.42,22.74,53.84,0.0,0.0,0.0
12085,80,234,691,5.78,41.45,18.59,37.44,15.7,45.44,43.57,49.0,1.53,44.4,23.83,70.0,42.7,44.58,19.99,44.24,1.22,49.62,22.39,37.5,1.22,39.37,12.44,75.0,0.61,42.0,25.07,50.0,3.68,47.83,24.62,50.0,0.0,0.0,0.0
12086,80,236,586,7.84,39.68,19.05,38.5,17.95,43.0,41.72,49.25,0.92,50.0,23.32,60.0,41.11,37.81,19.29,41.89,2.03,50.45,17.77,36.36,2.59,48.85,20.58,35.71,0.55,38.33,9.86,66.66,3.51,39.0,18.52,68.42,0.0,0.0,0.0
12087,80,237,600,4.33,39.8,17.9,35.54,15.67,41.5,43.19,29.44,0.34,42.5,60.1,50.0,62.71,41.03,18.38,38.61,1.04,30.0,2.89,50.0,2.26,36.07,11.34,61.53,1.56,38.22,16.36,44.44,2.61,45.53,21.45,46.66,0.0,0.0,0.0
12088,80,238,591,8.96,39.24,18.69,38.1,17.78,42.63,40.92,68.58,1.67,43.0,19.8,55.55,23.04,38.63,18.94,40.32,0.18,28.0,0.0,100.0,1.48,33.12,26.81,50.0,0.0,0.0,0.0,0.0,5.01,51.7,17.61,44.44,0.0,0.0,0.0
12089,80,239,1002,9.48,38.68,17.71,37.6,17.12,42.41,41.1,68.13,1.76,42.62,18.78,62.5,21.49,41.55,19.26,41.02,0.77,50.85,30.12,71.42,3.08,37.57,14.99,57.14,1.21,38.81,14.68,36.36,3.52,40.0,18.85,46.87,0.0,0.0,0.0
12090,80,240,422,2.36,38.72,18.45,39.03,18.88,41.23,45.78,20.14,0.0,0.0,0.0,0.0,69.9,38.02,18.16,39.93,0.24,27.0,0.0,0.0,0.97,43.75,17.67,50.0,3.88,37.25,25.12,18.75,4.85,48.5,16.58,40.0,0.0,0.0,0.0
12091,80,241,0,0.0,0.0,0.0,0.0,0.0,0.0,0.0,0.0,0.0,0.0,0.0,0.0,0.0,0.0,0.0,0.0,0.0,0.0,0.0,0.0,0.0,0.0,0.0,0.0,0.0,0.0,0.0,0.0,0.0,0.0,0.0,0.0,0.0,0.0,0.0
12092,80,242,793,4.66,39.05,17.15,36.76,15.26,42.87,37.3,25.52,0.52,47.5,14.52,100.0,67.32,39.57,17.91,44.0,0.79,27.66,8.89,66.66,0.92,37.57,19.26,14.28,1.98,39.4,18.56,46.66,2.91,47.81,17.15,59.09,0.0,0.0,0.0
12093,81,1,816,7.84,37.96,14.09,36.77,13.33,42.89,39.61,76.19,0.53,31.0,7.02,100.0,15.95,41.36,14.95,45.0,1.06,39.37,10.91,12.5,1.99,38.06,15.56,60.0,0.53,30.75,3.86,0.0,3.72,40.6,16.76,53.57,0.0,0.0,0.0
12094,81,2,0,0.0,0.0,0.0,0.0,0.0,0.0,0.0,0.0,0.0,0.0,0.0,0.0,0.0,0.0,0.0,0.0,0.0,0.0,0.0,0.0,0.0,0.0,0.0,0.0,0.0,0.0,0.0,0.0,0.0,0.0,0.0,0.0,0.0,0.0,0.0
12095,81,3,951,4.62,39.07,17.23,37.1,16.62,41.21,38.06,75.3,0.55,31.4,13.81,60.0,15.54,45.02,17.92,43.97,0.77,53.42,25.43,42.85,4.18,40.86,15.38,57.89,0.99,38.44,21.73,66.66,2.64,48.16,18.21,58.33,0.0,0.0,0.0
12096,81,4,876,5.25,38.48,16.39,37.3,15.76,40.52,39.57,84.33,0.72,58.0,25.56,50.0,8.19,40.44,17.24,41.17,0.36,50.33,26.27,0.0,1.92,43.18,15.52,56.25,0.36,30.66,4.61,66.66,4.09,46.23,14.9,41.17,0.0,0.0,0.0
12097,81,5,893,4.81,40.1,19.75,38.34,19.74,39.75,36.58,67.52,0.47,45.0,11.74,25.0,24.58,41.79,19.41,41.62,0.94,57.75,32.92,62.5,2.0,37.05,13.81,41.17,0.94,44.12,21.58,37.5,3.52,49.06,17.76,63.33,0.0,0.0,0.0
12098,81,6,1147,4.79,40.12,17.72,39.19,17.65,39.4,37.05,71.42,0.18,12.0,16.97,100.0,22.8,42.17,17.75,39.75,0.73,46.62,11.96,37.5,1.64,34.16,16.74,66.66,1.73,41.05,16.18,47.36,1.46,43.56,14.59,25.0,0.0,0.0,0.0
12099,81,8,0,0.0,0.0,0.0,0.0,0.0,0.0,0.0,0.0,0.0,0.0,0.0,0.0,0.0,0.0,0.0,0.0,0.0,0.0,0.0,0.0,0.0,0.0,0.0,0.0,0.0,0.0,0.0,0.0,0.0,0.0,0.0,0.0,0.0,0.0,0.0
12100,81,9,801,9.86,41.56,19.72,39.19,18.85,42.82,40.36,82.68,0.83,65.66,24.35,50.0,9.55,46.42,20.58,42.02,0.83,67.16,25.13,50.0,2.77,40.5,12.45,70.0,0.13,27.0,0.0,0.0,3.18,44.91,24.34,56.52,0.0,0.0,0.0
12101,81,10,0,0.0,0.0,0.0,0.0,0.0,0.0,0.0,0.0,0.0,0.0,0.0,0.0,0.0,0.0,0.0,0.0,0.0,0.0,0.0,0.0,0.0,0.0,0.0,0.0,0.0,0.0,0.0,0.0,0.0,0.0,0.0,0.0,0.0,0.0,0.0
12102,81,11,654,4.43,38.23,17.38,36.27,17.05,39.75,39.9,66.56,0.32,25.5,0.7,100.0,26.4,40.08,17.89,36.96,0.32,34.0,8.48,0.0,2.4,39.06,8.82,46.66,1.91,52.66,19.81,8.33,2.08,48.23,16.7,61.53,0.0,0.0,0.0
12103,81,12,993,5.03,39.26,16.81,37.04,15.98,43.0,41.04,73.38,0.31,45.0,40.92,0.0,18.55,43.42,17.72,45.14,0.84,49.12,20.4,50.0,2.12,46.6,17.58,65.0,0.74,31.57,8.52,28.57,4.02,41.73,15.86,50.0,0.0,0.0,0.0
12104,81,13,552,7.24,37.15,16.73,35.46,16.53,39.31,38.8,82.03,0.19,25.0,0.0,0.0,11.32,40.89,14.42,36.2,1.36,47.71,24.0,14.28,2.34,39.0,11.65,58.33,0.19,45.0,0.0,0.0,2.53,42.0,19.2,30.76,0.0,0.0,0.0
12105,81,14,1036,7.43,39.94,18.16,38.1,17.36,41.5,40.32,77.58,0.93,44.55,26.75,55.55,13.66,44.92,18.87,40.45,0.72,66.14,12.38,14.28,1.66,32.0,14.21,50.0,0.93,34.55,25.06,0.0,4.48,42.39,17.82,48.83,0.0,0.0,0.0
12106,81,15,624,8.01,37.79,17.47,35.68,16.12,40.7,38.1,79.09,0.87,60.4,29.91,40.0,13.06,43.02,18.61,46.66,0.87,58.0,23.76,60.0,2.09,36.5,13.64,50.0,0.17,24.0,0.0,100.0,3.83,37.27,20.1,36.36,0.0,0.0,0.0
12107,81,16,796,5.4,40.83,18.69,39.97,18.34,40.7,40.17,74.36,0.26,27.5,0.7,50.0,18.45,44.79,19.41,42.44,0.53,39.5,12.15,25.0,2.52,41.15,17.41,26.31,0.53,28.0,22.46,50.0,3.32,40.24,20.25,48.0,0.0,0.0,0.0
12108,81,17,624,4.48,37.17,16.71,35.45,15.92,43.1,41.23,87.08,0.16,37.0,0.0,100.0,8.55,45.5,19.34,50.98,0.16,58.0,0.0,0.0,2.51,36.6,13.2,46.66,0.16,66.0,0.0,0.0,1.34,53.5,14.13,75.0,0.0,0.0,0.0
12109,81,18,625,5.6,39.85,16.77,38.25,15.56,43.68,41.72,76.77,0.0,0.0,0.0,0.0,16.61,42.16,18.23,41.83,0.33,24.5,34.64,50.0,2.88,44.47,18.7,70.58,0.84,50.2,15.92,40.0,2.54,41.66,21.14,66.66,0.0,0.0,0.0
12110,81,19,0,0.0,0.0,0.0,0.0,0.0,0.0,0.0,0.0,0.0,0.0,0.0,0.0,0.0,0.0,0.0,0.0,0.0,0.0,0.0,0.0,0.0,0.0,0.0,0.0,0.0,0.0,0.0,0.0,0.0,0.0,0.0,0.0,0.0,0.0,0.0
12111,81,20,1126,8.88,38.45,16.85,37.0,16.05,41.91,38.54,77.87,0.38,21.0,15.18,75.0,15.39,40.08,17.28,46.83,0.38,51.0,27.73,25.0,2.24,43.0,12.09,69.56,0.68,41.71,18.68,57.14,3.02,38.61,19.17,41.93,0.0,0.0,0.0
12112,81,21,643,3.26,36.88,15.71,36.63,15.81,39.96,37.75,78.77,0.0,0.0,0.0,0.0,12.86,36.33,13.04,41.25,0.48,63.0,14.42,33.33,3.53,39.59,12.7,50.0,0.96,24.16,12.38,33.33,3.37,38.0,18.88,66.66,0.0,0.0,0.0
12113,81,22,671,6.11,38.32,17.16,37.33,16.83,42.47,39.04,69.52,0.0,0.0,0.0,0.0,21.11,36.52,15.79,44.36,0.95,47.33,32.19,66.66,3.33,44.71,19.16,61.9,1.74,34.45,15.45,54.54,3.33,42.04,15.84,52.38,0.0,0.0,0.0
12114,81,23,1041,7.1,39.45,17.35,38.51,16.76,39.96,37.57,83.66,0.31,39.66,14.57,66.66,8.79,38.95,19.42,34.11,0.51,65.8,13.14,60.0,2.68,46.07,13.84,57.69,0.72,55.42,20.33,14.28,3.3,45.06,16.79,53.12,0.0,0.0,0.0
12115,81,24,970,8.04,38.18,17.87,36.21,17.61,41.23,41.13,68.94,0.67,42.0,21.04,66.66,17.37,40.78,17.65,38.7,0.78,33.85,18.23,42.85,4.48,38.77,15.48,45.0,2.57,43.08,16.57,21.73,5.15,42.93,19.13,50.0,0.0,0.0,0.0
12116,81,25,1115,7.71,40.29,18.56,38.88,17.74,42.51,40.96,78.52,0.48,24.8,15.31,60.0,14.09,42.62,19.91,42.75,0.58,54.5,30.05,0.0,3.01,39.83,21.43,61.29,0.58,57.83,17.41,50.0,2.72,44.0,22.13,42.85,0.0,0.0,0.0
12117,81,26,1188,4.04,38.35,17.72,37.19,17.16,43.51,41.11,69.12,0.52,46.5,18.52,50.0,23.42,39.97,18.54,43.82,0.61,43.85,26.14,71.42,1.75,38.75,13.75,55.0,1.05,35.16,14.87,41.66,3.5,44.4,19.71,52.5,0.0,0.0,0.0
12118,81,27,883,4.86,39.49,18.03,38.95,18.01,41.67,39.38,77.38,0.11,27.0,0.0,100.0,15.83,42.81,18.45,45.86,0.71,35.83,15.06,83.33,2.61,37.36,14.87,54.54,1.07,41.22,13.92,33.33,2.26,38.36,20.92,68.42,0.0,0.0,0.0
12119,81,28,1161,6.2,40.28,18.32,38.62,17.55,40.22,37.15,72.91,0.18,81.5,10.6,50.0,19.1,40.09,18.6,41.82,0.64,48.0,16.76,28.57,3.12,43.17,22.0,44.11,0.55,60.83,20.22,33.33,3.48,50.73,16.91,52.63,0.0,0.0,0.0
12120,81,29,592,5.91,39.38,17.06,37.84,15.24,40.54,38.61,72.53,0.71,47.0,32.44,75.0,20.1,41.25,20.43,41.07,1.61,48.33,21.1,66.66,2.33,46.07,10.61,38.46,1.43,48.62,24.99,37.5,1.25,25.0,12.24,57.14,0.0,0.0,0.0
12121,81,30,1157,4.14,39.18,17.35,38.38,17.55,41.14,38.22,66.99,0.18,56.0,1.41,50.0,24.79,39.09,16.19,45.45,0.36,27.5,6.02,50.0,3.51,41.23,14.75,38.46,1.44,39.43,13.25,31.25,2.7,48.66,20.57,60.0,0.0,0.0,0.0
12122,81,31,878,4.32,45.48,17.56,44.66,17.38,41.79,39.09,76.42,0.47,55.75,17.28,50.0,15.59,48.23,18.48,46.56,0.95,47.62,21.31,25.0,2.38,40.25,19.35,50.0,0.59,51.0,14.89,60.0,3.57,46.66,17.16,50.0,0.0,0.0,0.0
12123,81,32,0,0.0,0.0,0.0,0.0,0.0,0.0,0.0,0.0,0.0,0.0,0.0,0.0,0.0,0.0,0.0,0.0,0.0,0.0,0.0,0.0,0.0,0.0,0.0,0.0,0.0,0.0,0.0,0.0,0.0,0.0,0.0,0.0,0.0,0.0,0.0
12124,81,33,1038,4.62,39.5,17.1,38.3,16.35,42.19,40.02,70.4,0.3,54.0,18.52,100.0,20.7,40.62,17.85,44.87,0.8,38.87,15.8,62.5,2.32,37.17,16.39,52.17,2.02,44.05,16.19,40.0,3.43,44.23,18.1,44.11,0.0,0.0,0.0
12125,81,34,1152,6.16,41.16,18.11,39.63,17.22,40.1,39.0,81.59,0.18,48.0,1.41,100.0,12.67,46.81,18.11,38.68,0.18,66.5,12.02,50.0,2.31,38.24,13.87,52.0,0.74,54.37,27.62,37.5,2.31,39.0,28.43,64.0,0.0,0.0,0.0
12126,81,35,747,4.81,42.98,20.71,41.44,20.38,39.75,36.3,69.33,0.42,39.0,15.09,100.0,24.33,46.86,22.03,43.93,0.42,59.66,32.95,100.0,1.82,42.23,19.18,53.84,0.42,45.66,31.56,33.33,3.23,41.34,18.02,43.47,0.0,0.0,0.0
12127,81,36,1014,4.53,42.1,18.07,40.39,17.42,42.2,41.41,78.82,0.51,42.8,11.09,60.0,14.35,47.17,19.66,43.88,0.82,57.12,16.33,62.5,3.71,45.47,15.62,44.44,0.72,67.0,33.27,42.85,0.92,56.88,23.51,55.55,0.0,0.0,0.0
12128,81,37,853,3.86,39.24,17.81,38.49,17.53,40.56,36.72,74.39,0.24,61.0,8.48,100.0,19.87,38.7,18.16,46.01,0.12,62.0,0.0,0.0,1.58,37.84,11.78,69.23,1.34,49.36,16.69,18.18,2.43,45.65,20.51,55.0,0.0,0.0,0.0
12129,81,38,945,3.38,42.35,18.58,41.09,18.22,41.05,38.61,53.88,0.65,55.5,20.12,66.66,37.56,43.23,19.4,42.56,0.43,36.0,11.77,25.0,2.3,46.23,14.81,42.85,1.53,40.28,19.47,28.57,3.61,44.18,19.4,39.39,0.0,0.0,0.0
12130,81,39,980,6.53,42.0,19.37,40.36,18.82,40.81,40.12,67.46,0.32,35.66,15.04,33.33,22.59,44.45,19.59,38.16,0.65,40.5,15.0,16.66,4.36,40.92,16.59,47.5,0.65,36.66,36.35,50.0,3.93,47.83,17.91,50.0,0.0,0.0,0.0
12131,81,40,806,5.83,40.49,18.56,38.39,17.2,37.96,34.94,70.88,0.52,62.0,16.3,50.0,20.42,45.23,20.07,39.35,0.79,34.16,30.45,50.0,3.16,41.37,13.61,54.16,1.31,31.3,15.08,50.0,2.89,51.0,23.78,54.54,0.0,0.0,0.0
12132,81,41,877,8.89,41.23,18.2,40.41,18.02,42.07,40.3,81.35,0.37,30.66,8.32,66.66,11.38,42.65,18.16,42.85,0.5,41.75,19.8,50.0,3.87,41.96,13.59,38.7,0.12,87.0,0.0,0.0,2.37,47.31,19.69,68.42,0.0,0.0,0.0
12133,81,42,0,0.0,0.0,0.0,0.0,0.0,0.0,0.0,0.0,0.0,0.0,0.0,0.0,0.0,0.0,0.0,0.0,0.0,0.0,0.0,0.0,0.0,0.0,0.0,0.0,0.0,0.0,0.0,0.0,0.0,0.0,0.0,0.0,0.0,0.0,0.0
12134,81,43,827,8.82,40.46,17.48,38.75,16.45,40.74,38.07,81.16,0.39,16.33,14.36,66.66,10.21,46.41,20.51,57.14,1.19,46.11,16.35,55.55,3.18,41.95,18.63,33.33,0.79,44.16,12.89,33.33,3.05,42.21,14.12,52.17,0.0,0.0,0.0
12135,81,44,745,6.17,39.51,18.58,37.65,17.75,39.46,38.16,73.1,0.85,56.66,28.14,66.66,18.02,41.71,20.37,33.33,0.57,47.0,6.16,75.0,1.85,44.38,18.89,61.53,1.14,32.12,19.78,62.5,4.43,44.87,21.56,35.48,0.0,0.0,0.0
12136,81,45,0,0.0,0.0,0.0,0.0,0.0,0.0,0.0,0.0,0.0,0.0,0.0,0.0,0.0,0.0,0.0,0.0,0.0,0.0,0.0,0.0,0.0,0.0,0.0,0.0,0.0,0.0,0.0,0.0,0.0,0.0,0.0,0.0,0.0,0.0,0.0
12137,81,46,1043,6.71,43.2,17.73,42.18,17.44,41.51,38.91,69.98,0.51,58.4,27.09,40.0,22.4,43.44,17.31,45.41,0.71,44.85,18.07,71.42,2.56,38.6,12.4,52.0,1.02,36.5,16.72,10.0,2.77,50.25,20.44,48.14,0.0,0.0,0.0
12138,81,47,884,8.59,40.06,17.32,37.94,16.39,44.68,43.5,74.25,0.37,33.33,8.96,100.0,14.72,44.25,18.16,43.69,0.37,55.0,26.45,66.66,4.82,42.69,15.27,51.28,0.86,52.28,25.85,0.0,4.57,41.35,15.64,56.75,0.0,0.0,0.0
12139,81,48,1016,4.03,40.26,16.97,38.84,16.03,43.5,41.55,76.51,0.3,50.33,22.5,66.66,16.41,43.24,18.76,44.37,0.92,59.11,11.82,22.22,2.46,42.83,18.38,50.0,0.92,45.44,20.19,22.22,2.46,43.62,22.49,66.66,0.0,0.0,0.0
12140,81,49,0,0.0,0.0,0.0,0.0,0.0,0.0,0.0,0.0,0.0,0.0,0.0,0.0,0.0,0.0,0.0,0.0,0.0,0.0,0.0,0.0,0.0,0.0,0.0,0.0,0.0,0.0,0.0,0.0,0.0,0.0,0.0,0.0,0.0,0.0,0.0
12141,81,50,759,5.92,39.84,17.37,38.58,17.54,42.29,38.99,80.81,0.7,33.4,20.68,80.0,12.18,42.25,17.72,49.42,0.56,50.5,10.27,25.0,1.4,37.1,9.66,70.0,1.54,40.36,13.75,36.36,2.8,47.7,13.23,60.0,0.0,0.0,0.0
12142,81,51,612,6.04,41.02,17.59,39.31,17.56,42.48,42.11,70.6,0.0,0.0,0.0,0.0,21.56,45.06,17.43,41.93,1.04,46.16,29.29,66.66,2.26,31.84,7.35,46.15,0.86,41.6,22.18,80.0,3.65,40.33,14.41,38.09,0.0,0.0,0.0
12143,81,52,1155,5.28,38.61,15.97,37.53,15.53,43.72,41.7,78.24,0.09,30.0,0.0,0.0,14.89,42.21,15.89,47.85,1.0,33.0,9.31,63.63,3.01,37.69,12.58,54.54,0.73,45.5,25.98,75.0,2.01,43.95,15.14,54.54,0.0,0.0,0.0
12144,81,53,684,5.84,36.11,16.83,35.91,16.21,42.54,40.18,85.4,0.62,55.75,29.63,25.0,8.07,37.51,19.58,44.23,0.31,54.0,26.87,100.0,3.41,33.31,17.56,54.54,0.62,46.75,19.97,75.0,1.55,30.9,16.75,70.0,0.0,0.0,0.0
12145,81,54,631,5.38,38.1,16.22,37.23,15.82,45.95,42.65,84.42,0.67,52.0,18.01,100.0,9.04,38.62,17.25,53.7,0.5,33.33,38.85,33.33,3.01,37.0,11.55,83.33,0.16,73.0,0.0,0.0,2.17,38.69,18.97,53.84,0.0,0.0,0.0
12146,81,55,1068,5.99,40.49,16.33,39.76,16.02,41.66,39.27,82.17,0.29,37.0,8.54,33.33,10.95,43.48,17.14,45.45,0.49,47.2,20.94,80.0,3.18,35.21,10.04,50.0,0.39,22.5,15.67,75.0,2.49,43.52,17.88,36.0,0.0,0.0,0.0
12147,81,56,741,5.93,40.1,17.63,39.73,17.05,42.24,40.0,82.49,0.43,28.0,24.57,33.33,11.47,41.63,20.33,52.5,0.71,27.8,28.67,60.0,2.43,38.35,15.56,64.7,0.43,49.66,19.73,33.33,2.0,45.28,21.54,42.85,0.0,0.0,0.0
12148,81,58,1058,5.1,38.62,15.56,38.48,15.26,43.1,40.27,78.38,0.19,38.0,16.97,50.0,13.94,40.05,16.19,53.57,0.49,34.4,13.86,80.0,2.29,34.69,16.75,52.17,0.89,31.22,17.83,22.22,3.78,37.89,17.16,44.73,0.0,0.0,0.0
12149,81,59,1031,4.46,40.36,18.22,38.68,17.27,41.7,40.14,81.92,0.4,60.25,18.99,25.0,12.38,47.87,19.7,45.08,0.2,51.5,16.26,50.0,2.63,36.46,15.46,53.84,0.2,63.0,14.14,50.0,2.23,45.4,22.42,45.45,0.0,0.0,0.0
12150,81,60,0,0.0,0.0,0.0,0.0,0.0,0.0,0.0,0.0,0.0,0.0,0.0,0.0,0.0,0.0,0.0,0.0,0.0,0.0,0.0,0.0,0.0,0.0,0.0,0.0,0.0,0.0,0.0,0.0,0.0,0.0,0.0,0.0,0.0,0.0,0.0
12151,81,61,906,3.42,40.6,18.54,39.13,18.26,40.28,40.21,62.51,0.91,58.37,18.34,50.0,29.71,41.95,18.27,40.0,0.57,32.79,9.14,20.0,2.05,42.88,17.5,38.88,1.48,38.69,21.85,38.46,2.74,45.91,18.25,37.5,0.0,0.0,0.0
12152,81,62,785,5.85,37.28,19.32,36.22,18.24,43.05,42.22,80.1,0.13,30.0,0.0,100.0,10.01,41.72,22.8,47.29,0.67,36.2,24.87,60.0,5.27,37.92,20.82,43.58,0.54,65.25,13.84,50.0,3.24,37.7,21.29,41.66,0.0,0.0,0.0
12153,81,63,663,8.14,38.71,16.38,37.18,15.42,42.98,40.35,82.59,0.49,24.0,6.92,0.0,10.01,41.72,17.8,57.37,0.82,50.6,6.98,40.0,2.29,32.14,15.58,50.0,0.98,50.0,22.51,33.33,2.79,45.7,16.35,35.29,0.0,0.0,0.0
12154,81,64,0,0.0,0.0,0.0,0.0,0.0,0.0,0.0,0.0,0.0,0.0,0.0,0.0,0.0,0.0,0.0,0.0,0.0,0.0,0.0,0.0,0.0,0.0,0.0,0.0,0.0,0.0,0.0,0.0,0.0,0.0,0.0,0.0,0.0,0.0,0.0
12155,81,65,886,6.54,37.03,18.05,35.54,17.14,42.43,42.16,67.02,0.24,54.0,22.62,0.0,25.0,37.82,18.59,42.51,0.24,49.5,70.0,50.0,2.17,35.94,21.96,38.88,1.08,38.33,18.79,22.22,4.22,38.57,18.37,48.57,0.0,0.0,0.0
12156,81,66,689,2.61,41.02,16.91,37.62,16.45,40.63,41.37,21.6,0.44,59.0,7.54,33.33,71.08,41.83,17.0,38.78,0.74,42.0,17.21,40.0,1.04,31.28,14.9,57.14,1.93,40.23,12.79,30.76,3.12,46.0,15.66,61.9,0.0,0.0,0.0
12157,81,67,954,3.24,38.66,17.11,38.31,17.14,43.5,43.92,49.07,0.43,37.5,7.85,100.0,42.68,39.36,16.43,41.62,1.19,44.45,27.83,45.45,1.95,34.61,15.74,61.11,1.3,34.08,16.71,8.33,3.35,37.87,18.57,51.61,0.0,0.0,0.0
12158,81,68,1187,2.19,40.25,17.83,36.63,17.36,40.94,42.78,35.22,0.25,57.0,18.02,33.33,58.39,42.16,17.6,39.23,0.94,41.27,12.5,27.27,2.15,41.04,25.35,40.0,1.46,39.64,12.41,47.05,1.55,45.22,18.35,66.66,0.0,0.0,0.0
12159,81,69,738,0.94,40.37,17.47,40.33,17.39,40.78,29.82,7.79,0.13,76.0,0.0,100.0,87.0,40.41,17.43,41.19,1.91,36.85,19.31,64.28,0.0,0.0,0.0,0.0,1.77,34.07,16.94,46.15,1.36,47.1,13.27,40.0,0.0,0.0,0.0
12160,81,70,726,3.99,39.93,17.47,39.8,17.17,41.59,39.21,43.9,0.43,39.66,16.86,33.33,46.48,39.25,17.38,43.82,1.14,42.75,18.14,62.5,2.0,37.57,16.01,28.57,3.29,40.43,17.41,30.43,2.72,48.0,24.52,57.89,0.0,0.0,0.0
12161,81,71,0,0.0,0.0,0.0,0.0,0.0,0.0,0.0,0.0,0.0,0.0,0.0,0.0,0.0,0.0,0.0,0.0,0.0,0.0,0.0,0.0,0.0,0.0,0.0,0.0,0.0,0.0,0.0,0.0,0.0,0.0,0.0,0.0,0.0,0.0,0.0
12162,81,72,681,4.4,38.06,17.49,35.65,17.17,43.46,41.35,36.4,0.15,57.0,0.0,100.0,56.68,39.13,17.62,43.63,0.92,40.16,15.62,83.33,0.92,35.83,12.28,50.0,1.99,42.84,19.42,38.46,2.91,42.47,10.94,57.89,0.0,0.0,0.0
12163,81,73,623,7.86,39.13,18.24,38.26,17.98,44.94,43.29,80.48,0.0,0.0,0.0,0.0,14.11,42.12,18.1,45.67,0.34,38.5,16.26,50.0,2.26,37.0,15.67,69.23,0.87,48.4,12.48,40.0,1.91,35.27,28.02,63.63,0.0,0.0,0.0
12164,81,74,703,8.25,38.6,17.95,36.88,16.78,41.67,39.57,81.08,0.31,85.0,7.07,50.0,10.69,40.95,20.44,47.82,0.62,36.25,7.84,50.0,3.56,43.6,15.63,43.47,0.31,46.5,37.47,50.0,3.41,44.22,23.31,50.0,0.0,0.0,0.0
12165,81,75,617,5.02,39.94,18.73,37.44,17.84,45.86,47.11,76.79,0.68,38.25,32.28,0.0,12.79,46.44,20.05,45.33,1.02,48.0,25.13,50.0,3.41,38.45,15.12,50.0,0.17,70.0,0.0,0.0,5.11,48.96,17.96,30.0,0.0,0.0,0.0
12166,81,76,251,7.96,36.87,18.3,34.94,17.46,41.03,39.17,83.98,0.0,0.0,0.0,0.0,12.98,40.79,18.52,40.0,0.0,0.0,0.0,0.0,1.73,34.0,3.16,75.0,0.0,0.0,0.0,0.0,1.29,50.66,28.74,66.66,0.0,0.0,0.0
12167,81,77,0,0.0,0.0,0.0,0.0,0.0,0.0,0.0,0.0,0.0,0.0,0.0,0.0,0.0,0.0,0.0,0.0,0.0,0.0,0.0,0.0,0.0,0.0,0.0,0.0,0.0,0.0,0.0,0.0,0.0,0.0,0.0,0.0,0.0,0.0,0.0
12168,81,78,623,4.97,39.88,17.25,39.09,16.88,41.09,41.16,81.25,0.33,36.0,18.38,100.0,13.68,44.55,18.65,33.33,0.16,37.0,0.0,0.0,1.35,46.75,21.93,37.5,0.5,40.66,14.01,33.33,2.7,38.12,19.17,37.5,0.0,0.0,0.0
12169,81,79,0,0.0,0.0,0.0,0.0,0.0,0.0,0.0,0.0,0.0,0.0,0.0,0.0,0.0,0.0,0.0,0.0,0.0,0.0,0.0,0.0,0.0,0.0,0.0,0.0,0.0,0.0,0.0,0.0,0.0,0.0,0.0,0.0,0.0,0.0,0.0
12170,81,80,861,6.62,39.43,16.54,37.82,15.51,41.92,40.0,78.35,0.99,26.87,13.43,37.5,13.05,43.12,16.41,47.61,0.87,60.42,22.79,57.14,2.98,38.41,10.56,54.16,0.99,43.87,17.38,50.0,2.73,48.77,19.81,50.0,0.0,0.0,0.0
12171,81,81,783,7.27,41.41,17.84,40.36,17.16,42.65,39.42,72.31,0.55,50.25,25.85,25.0,20.38,43.64,18.81,47.97,0.96,47.0,30.01,42.85,3.16,34.65,15.49,52.17,0.41,57.33,28.04,33.33,2.2,45.31,15.18,62.5,0.0,0.0,0.0
12172,81,82,0,0.0,0.0,0.0,0.0,0.0,0.0,0.0,0.0,0.0,0.0,0.0,0.0,0.0,0.0,0.0,0.0,0.0,0.0,0.0,0.0,0.0,0.0,0.0,0.0,0.0,0.0,0.0,0.0,0.0,0.0,0.0,0.0,0.0,0.0,0.0
12173,81,84,562,1.95,38.81,18.01,31.3,11.82,40.03,41.33,13.61,0.18,48.0,0.0,0.0,76.22,39.39,18.28,38.33,2.35,42.84,21.28,46.15,0.54,28.0,7.81,100.0,4.35,35.83,19.23,45.83,2.72,50.66,15.28,53.33,0.0,0.0,0.0
12174,81,85,0,0.0,0.0,0.0,0.0,0.0,0.0,0.0,0.0,0.0,0.0,0.0,0.0,0.0,0.0,0.0,0.0,0.0,0.0,0.0,0.0,0.0,0.0,0.0,0.0,0.0,0.0,0.0,0.0,0.0,0.0,0.0,0.0,0.0,0.0,0.0
12175,81,86,986,6.28,39.25,16.47,37.78,15.44,40.06,38.46,75.97,0.86,41.37,19.12,37.5,16.34,42.5,16.52,37.74,0.54,28.8,18.22,80.0,2.92,40.7,24.04,40.74,0.64,47.83,13.09,33.33,2.7,37.08,13.53,60.0,0.0,0.0,0.0
12176,81,87,0,0.0,0.0,0.0,0.0,0.0,0.0,0.0,0.0,0.0,0.0,0.0,0.0,0.0,0.0,0.0,0.0,0.0,0.0,0.0,0.0,0.0,0.0,0.0,0.0,0.0,0.0,0.0,0.0,0.0,0.0,0.0,0.0,0.0,0.0,0.0
12177,81,88,0,0.0,0.0,0.0,0.0,0.0,0.0,0.0,0.0,0.0,0.0,0.0,0.0,0.0,0.0,0.0,0.0,0.0,0.0,0.0,0.0,0.0,0.0,0.0,0.0,0.0,0.0,0.0,0.0,0.0,0.0,0.0,0.0,0.0,0.0,0.0
12178,81,89,0,0.0,0.0,0.0,0.0,0.0,0.0,0.0,0.0,0.0,0.0,0.0,0.0,0.0,0.0,0.0,0.0,0.0,0.0,0.0,0.0,0.0,0.0,0.0,0.0,0.0,0.0,0.0,0.0,0.0,0.0,0.0,0.0,0.0,0.0,0.0
12179,81,90,782,6.26,39.63,18.04,38.98,17.31,42.45,41.06,79.39,0.4,60.0,10.81,100.0,14.05,40.16,19.49,44.66,0.68,39.6,24.39,60.0,2.86,45.04,19.11,33.33,0.27,18.5,26.16,50.0,2.31,45.0,19.13,58.82,0.0,0.0,0.0
12180,81,91,783,8.04,39.77,17.15,37.41,16.28,44.06,44.72,60.55,0.55,26.0,1.82,50.0,29.72,41.59,17.94,39.71,0.55,64.0,21.26,75.0,2.77,38.35,14.35,50.0,1.66,41.0,11.74,8.33,4.16,47.5,14.5,46.66,0.0,0.0,0.0
12181,81,92,749,6.67,41.79,18.26,40.71,18.02,41.52,38.0,77.53,0.14,60.0,0.0,100.0,14.59,45.56,19.23,50.98,0.71,31.0,20.71,40.0,3.43,42.33,18.18,75.0,1.14,48.25,11.78,12.5,2.43,47.35,18.72,41.17,0.0,0.0,0.0
12182,81,94,0,0.0,0.0,0.0,0.0,0.0,0.0,0.0,0.0,0.0,0.0,0.0,0.0,0.0,0.0,0.0,0.0,0.0,0.0,0.0,0.0,0.0,0.0,0.0,0.0,0.0,0.0,0.0,0.0,0.0,0.0,0.0,0.0,0.0,0.0,0.0
12183,81,95,1052,0.47,39.93,15.72,39.91,17.74,43.06,36.73,4.68,0.09,54.0,0.0,100.0,91.21,39.94,15.67,43.66,0.76,25.87,2.9,50.0,0.09,39.0,0.0,100.0,1.52,39.81,10.56,18.75,1.62,41.41,17.21,47.05,0.0,0.0,0.0
12184,81,96,989,1.61,40.2,17.75,37.74,17.56,45.5,42.97,12.43,0.41,44.0,19.74,0.0,81.91,40.37,17.66,46.8,1.02,37.5,9.9,70.0,0.41,56.0,21.93,25.0,1.84,39.83,21.15,27.77,1.95,44.84,23.15,26.31,0.0,0.0,0.0
12185,81,97,506,0.19,47.22,18.05,37.41,16.2,44.46,48.27,5.74,0.39,38.0,15.55,50.0,87.92,47.6,18.29,44.81,0.79,48.75,10.53,25.0,0.59,57.33,8.62,66.66,2.17,47.27,13.03,45.45,2.37,57.58,10.83,25.0,0.0,0.0,0.0
12186,81,98,1079,3.05,38.54,16.91,36.95,16.33,41.42,38.1,63.47,0.19,21.0,1.41,50.0,29.34,41.33,17.49,44.95,0.95,41.9,22.64,30.0,2.0,36.14,13.7,66.66,1.33,35.42,19.51,21.42,2.67,40.89,18.23,53.57,0.0,0.0,0.0
12187,81,100,990,3.43,37.63,16.42,36.88,16.66,41.61,42.85,32.94,0.31,44.66,22.12,33.33,60.25,37.69,15.91,40.27,1.25,33.16,8.53,58.33,1.15,37.18,20.79,63.63,1.15,42.27,22.68,27.27,2.92,40.28,20.02,46.42,0.0,0.0,0.0
12188,81,101,749,3.47,38.27,17.67,36.99,15.81,44.32,40.25,43.98,0.0,0.0,0.0,0.0,49.79,38.73,18.93,48.61,0.82,46.66,15.01,66.66,1.65,38.33,20.97,33.33,1.79,34.92,18.5,30.76,1.93,45.78,16.37,42.85,0.0,0.0,0.0
12189,81,102,0,0.0,0.0,0.0,0.0,0.0,0.0,0.0,0.0,0.0,0.0,0.0,0.0,0.0,0.0,0.0,0.0,0.0,0.0,0.0,0.0,0.0,0.0,0.0,0.0,0.0,0.0,0.0,0.0,0.0,0.0,0.0,0.0,0.0,0.0,0.0
12190,81,103,1208,2.15,42.49,17.37,39.86,15.89,42.88,37.96,22.5,0.08,44.0,0.0,100.0,70.89,43.4,17.87,43.79,2.45,36.55,18.49,31.03,1.35,47.12,15.41,56.25,1.09,52.0,19.0,38.46,1.6,42.78,11.71,68.42,0.0,0.0,0.0
12191,81,104,0,0.0,0.0,0.0,0.0,0.0,0.0,0.0,0.0,0.0,0.0,0.0,0.0,0.0,0.0,0.0,0.0,0.0,0.0,0.0,0.0,0.0,0.0,0.0,0.0,0.0,0.0,0.0,0.0,0.0,0.0,0.0,0.0,0.0,0.0,0.0
12192,81,105,0,0.0,0.0,0.0,0.0,0.0,0.0,0.0,0.0,0.0,0.0,0.0,0.0,0.0,0.0,0.0,0.0,0.0,0.0,0.0,0.0,0.0,0.0,0.0,0.0,0.0,0.0,0.0,0.0,0.0,0.0,0.0,0.0,0.0,0.0,0.0
12193,81,106,900,8.0,42.9,17.66,41.36,17.19,37.77,34.43,80.67,0.48,35.0,11.57,75.0,12.68,47.82,17.98,40.0,0.72,37.83,18.14,83.33,2.05,36.88,12.68,76.47,0.72,48.16,21.02,33.33,2.65,50.72,20.66,27.27,0.0,0.0,0.0
12194,81,107,796,6.78,38.96,16.59,38.21,15.77,39.94,37.79,80.59,0.4,36.0,2.64,33.33,11.99,40.1,19.37,47.19,0.94,45.14,18.72,42.85,2.96,35.31,11.61,40.9,0.8,44.16,18.53,50.0,2.29,39.88,16.5,35.29,0.0,0.0,0.0
12195,81,108,0,0.0,0.0,0.0,0.0,0.0,0.0,0.0,0.0,0.0,0.0,0.0,0.0,0.0,0.0,0.0,0.0,0.0,0.0,0.0,0.0,0.0,0.0,0.0,0.0,0.0,0.0,0.0,0.0,0.0,0.0,0.0,0.0,0.0,0.0,0.0
12196,81,109,633,8.37,45.62,18.65,43.84,17.73,39.81,38.18,72.24,1.03,56.83,37.54,33.33,19.13,49.59,18.81,44.14,0.68,57.75,22.91,50.0,2.41,46.28,14.76,42.85,1.72,42.4,15.22,40.0,2.75,42.12,24.33,37.5,0.0,0.0,0.0
12197,81,110,822,8.02,38.2,16.76,37.19,15.84,39.65,38.54,76.19,0.13,57.0,0.0,0.0,16.26,38.88,19.45,39.02,0.79,39.83,13.01,33.33,2.51,37.1,15.21,47.36,0.26,38.0,2.82,100.0,3.83,47.89,20.73,55.17,0.0,0.0,0.0
12198,81,111,711,10.26,47.36,18.45,44.82,18.42,43.03,38.08,76.95,0.62,67.0,20.81,100.0,14.57,54.31,15.42,49.46,0.47,62.33,21.93,66.66,1.88,41.33,12.81,75.0,0.31,38.5,23.33,0.0,5.17,54.15,20.57,51.51,0.0,0.0,0.0
12199,81,112,891,8.08,41.2,16.61,39.18,15.77,40.17,39.22,75.94,0.12,53.0,0.0,100.0,16.6,45.68,17.36,43.38,0.36,40.0,4.35,0.0,3.29,45.85,15.28,40.74,0.36,26.66,24.13,66.66,3.29,48.88,17.07,40.74,0.0,0.0,0.0
12200,81,113,580,7.41,38.9,17.15,37.53,16.0,38.27,36.76,72.43,0.0,0.0,0.0,0.0,19.92,39.47,17.27,38.31,0.93,38.0,17.67,20.0,1.86,38.9,20.08,50.0,2.42,45.53,21.03,30.76,2.42,42.0,20.18,30.76,0.0,0.0,0.0
12201,81,114,0,0.0,0.0,0.0,0.0,0.0,0.0,0.0,0.0,0.0,0.0,0.0,0.0,0.0,0.0,0.0,0.0,0.0,0.0,0.0,0.0,0.0,0.0,0.0,0.0,0.0,0.0,0.0,0.0,0.0,0.0,0.0,0.0,0.0,0.0,0.0
12202,81,115,0,0.0,0.0,0.0,0.0,0.0,0.0,0.0,0.0,0.0,0.0,0.0,0.0,0.0,0.0,0.0,0.0,0.0,0.0,0.0,0.0,0.0,0.0,0.0,0.0,0.0,0.0,0.0,0.0,0.0,0.0,0.0,0.0,0.0,0.0,0.0
12203,81,116,503,5.56,44.13,18.15,42.92,18.25,41.15,36.17,79.15,0.0,0.0,0.0,0.0,15.78,47.81,16.43,52.0,0.21,50.0,0.0,0.0,2.31,43.36,17.48,63.63,0.84,37.0,15.53,0.0,1.68,56.87,20.27,87.5,0.0,0.0,0.0
12204,81,117,1058,6.23,37.18,16.0,35.83,14.72,39.6,37.32,79.13,0.1,0.0,0.0,0.0,14.31,40.8,19.09,41.54,0.6,30.5,19.22,50.0,3.93,43.17,15.02,64.1,0.4,44.5,13.77,50.0,1.51,41.6,20.36,40.0,0.0,0.0,0.0
12205,81,118,672,7.29,36.53,14.74,35.94,14.82,38.39,37.45,81.86,0.0,0.0,0.0,0.0,12.84,39.53,13.92,36.25,0.32,32.5,6.36,50.0,2.4,39.4,12.36,40.0,0.64,40.0,12.72,50.0,1.92,36.58,16.07,41.66,0.0,0.0,0.0
12206,81,119,530,7.35,38.94,17.98,37.17,16.76,38.86,36.06,81.87,1.42,49.14,24.74,42.85,11.81,42.91,20.32,50.0,0.4,32.5,17.67,100.0,2.44,43.0,21.18,83.33,0.4,65.0,2.82,100.0,1.62,47.87,19.12,37.5,0.0,0.0,0.0
12207,81,120,575,10.43,47.58,18.14,44.44,18.03,42.95,43.86,71.26,0.97,42.4,17.35,60.0,19.22,55.43,18.08,31.31,0.19,52.0,0.0,100.0,4.46,51.13,16.6,47.82,0.58,42.66,11.01,0.0,3.3,50.76,12.19,76.47,0.0,0.0,0.0
12208,81,121,0,0.0,0.0,0.0,0.0,0.0,0.0,0.0,0.0,0.0,0.0,0.0,0.0,0.0,0.0,0.0,0.0,0.0,0.0,0.0,0.0,0.0,0.0,0.0,0.0,0.0,0.0,0.0,0.0,0.0,0.0,0.0,0.0,0.0,0.0,0.0
12209,81,122,0,0.0,0.0,0.0,0.0,0.0,0.0,0.0,0.0,0.0,0.0,0.0,0.0,0.0,0.0,0.0,0.0,0.0,0.0,0.0,0.0,0.0,0.0,0.0,0.0,0.0,0.0,0.0,0.0,0.0,0.0,0.0,0.0,0.0,0.0,0.0
12210,81,123,1010,5.64,41.66,18.19,39.21,17.08,40.29,39.71,51.52,0.52,61.2,26.73,40.0,37.46,42.29,18.43,38.09,0.94,48.33,21.07,44.44,2.41,40.0,18.01,56.52,2.83,47.18,17.73,33.33,4.3,48.92,17.04,46.34,0.0,0.0,0.0
12211,81,124,767,5.6,40.25,17.42,38.63,16.41,37.41,35.81,57.45,0.27,18.0,25.45,0.0,32.87,41.17,19.02,38.23,1.1,55.37,25.19,50.0,1.79,40.07,16.04,38.46,1.38,35.1,15.52,20.0,5.11,50.59,13.84,48.64,0.0,0.0,0.0
12212,81,125,722,6.64,37.43,17.4,36.12,16.36,44.45,42.68,74.03,1.18,46.25,23.38,75.0,16.91,40.0,20.15,42.98,0.59,39.25,16.35,100.0,4.0,37.7,18.42,55.55,1.18,32.62,9.13,12.5,2.07,39.14,12.9,57.14,0.0,0.0,0.0
12213,81,126,0,0.0,0.0,0.0,0.0,0.0,0.0,0.0,0.0,0.0,0.0,0.0,0.0,0.0,0.0,0.0,0.0,0.0,0.0,0.0,0.0,0.0,0.0,0.0,0.0,0.0,0.0,0.0,0.0,0.0,0.0,0.0,0.0,0.0,0.0,0.0
12214,81,127,617,8.58,39.22,18.08,36.12,16.4,41.97,39.77,79.78,0.17,89.0,0.0,100.0,14.18,45.13,20.09,43.75,0.7,38.5,25.8,25.0,1.95,45.18,14.05,36.36,0.7,44.75,31.78,25.0,2.48,53.85,20.39,50.0,0.0,0.0,0.0
12215,81,128,645,7.13,40.97,19.57,38.61,19.49,42.01,40.0,66.77,1.0,59.0,24.58,16.66,23.03,43.39,19.1,44.2,0.5,36.66,17.61,33.33,2.67,41.75,17.52,43.75,1.66,51.5,21.58,20.0,4.34,46.23,20.21,53.84,0.0,0.0,0.0
12216,81,129,951,6.2,38.92,16.84,37.16,15.91,42.69,42.9,74.21,0.11,26.0,0.0,100.0,19.39,44.06,18.21,42.19,0.78,41.42,11.73,57.14,2.57,34.0,17.12,34.78,0.89,43.25,12.8,25.0,2.01,42.16,16.79,33.33,0.0,0.0,0.0
12217,81,131,501,6.58,38.97,16.25,37.21,15.34,42.11,40.55,76.92,0.64,52.33,24.13,66.66,13.88,44.36,19.61,41.53,0.85,37.5,12.79,50.0,3.63,44.29,16.96,52.94,0.64,32.66,4.16,33.33,3.41,42.87,16.56,56.25,0.0,0.0,0.0
12218,81,132,844,4.97,38.48,17.17,37.21,16.55,38.62,36.78,78.3,0.24,32.0,7.07,100.0,13.46,41.27,18.22,39.81,0.49,33.25,10.81,50.0,3.36,43.55,11.76,40.74,1.74,47.57,21.5,35.71,2.36,45.84,22.03,42.1,0.0,0.0,0.0
12219,81,133,718,6.82,40.98,18.06,39.25,17.21,41.5,39.57,78.17,0.59,52.25,17.68,25.0,13.75,44.48,19.61,38.04,1.04,40.71,16.25,42.85,2.39,45.0,20.28,43.75,1.04,44.85,19.2,71.42,2.98,46.7,16.39,85.0,0.0,0.0,0.0
12220,81,134,624,6.89,38.15,16.99,36.11,16.26,41.18,38.15,65.4,1.03,41.66,17.97,33.33,23.75,38.98,16.52,42.02,0.86,49.8,18.03,40.0,4.99,38.96,19.26,44.82,1.03,48.16,13.42,50.0,2.92,43.29,12.01,70.58,0.0,0.0,0.0
12221,81,135,0,0.0,0.0,0.0,0.0,0.0,0.0,0.0,0.0,0.0,0.0,0.0,0.0,0.0,0.0,0.0,0.0,0.0,0.0,0.0,0.0,0.0,0.0,0.0,0.0,0.0,0.0,0.0,0.0,0.0,0.0,0.0,0.0,0.0,0.0,0.0
12222,81,136,607,10.04,37.17,16.15,35.08,14.69,41.02,38.93,82.78,0.36,67.0,12.72,50.0,10.25,44.69,20.64,46.42,0.36,63.0,28.28,0.0,3.29,35.77,13.12,55.55,0.18,47.0,0.0,100.0,2.74,44.13,10.68,46.66,0.0,0.0,0.0
12223,81,137,599,7.51,37.6,16.16,36.0,15.41,42.23,41.62,81.94,0.0,0.0,0.0,0.0,11.01,39.57,17.32,44.26,0.72,46.75,18.46,25.0,2.88,39.56,14.13,43.75,0.54,47.33,41.0,33.33,2.88,41.87,18.13,50.0,0.0,0.0,0.0
12224,81,138,666,8.7,40.4,17.97,37.96,16.36,40.99,37.6,79.6,0.32,55.0,39.59,50.0,13.65,46.96,19.68,45.78,0.32,68.5,9.19,100.0,3.28,38.7,18.53,55.0,0.0,0.0,0.0,0.0,2.79,49.35,18.11,52.94,0.0,0.0,0.0
12225,81,139,759,8.3,41.59,18.38,39.03,17.85,43.21,41.45,74.85,0.43,49.0,27.05,66.66,17.24,47.05,18.05,44.16,1.0,53.57,11.29,14.28,3.87,45.33,16.52,40.74,0.0,0.0,0.0,0.0,2.58,50.61,19.23,38.88,0.0,0.0,0.0
12226,81,140,0,0.0,0.0,0.0,0.0,0.0,0.0,0.0,0.0,0.0,0.0,0.0,0.0,0.0,0.0,0.0,0.0,0.0,0.0,0.0,0.0,0.0,0.0,0.0,0.0,0.0,0.0,0.0,0.0,0.0,0.0,0.0,0.0,0.0,0.0,0.0
12227,81,141,1012,6.22,41.19,18.15,39.79,17.84,42.29,38.73,78.08,0.52,37.4,10.26,100.0,12.96,45.15,20.74,50.4,0.84,58.12,16.45,25.0,3.16,40.93,14.32,46.66,0.42,30.5,25.64,25.0,4.0,49.13,18.59,47.36,0.0,0.0,0.0
12228,81,142,1040,7.01,39.66,17.83,37.82,17.25,42.21,40.02,76.73,0.62,73.16,11.87,50.0,14.68,44.69,18.95,42.95,1.13,42.09,12.46,36.36,3.3,42.18,14.72,59.37,0.62,41.66,14.92,66.66,2.89,40.25,17.09,57.14,0.0,0.0,0.0
12229,81,143,791,7.58,40.43,17.52,38.64,16.57,39.57,37.74,77.56,0.68,46.0,21.44,80.0,15.45,46.04,19.66,40.7,0.68,34.79,26.35,40.0,2.46,40.44,14.03,55.55,0.82,40.83,13.92,16.66,2.32,40.17,18.05,47.05,0.0,0.0,0.0
12230,81,144,913,5.69,38.52,16.83,36.91,15.95,43.59,42.6,83.97,0.23,23.0,4.24,100.0,9.87,43.61,17.2,48.23,0.34,60.66,6.02,0.0,2.2,43.0,16.81,63.15,0.46,60.0,27.89,0.0,2.9,40.56,22.35,36.0,0.0,0.0,0.0
12231,81,145,593,6.57,38.42,17.42,36.04,16.22,41.82,40.77,74.36,0.18,55.0,0.0,100.0,18.23,43.6,17.27,41.58,0.0,0.0,0.0,0.0,4.15,40.56,20.98,39.13,0.54,51.33,24.54,33.33,2.52,49.14,22.72,42.85,0.0,0.0,0.0
12232,81,146,0,0.0,0.0,0.0,0.0,0.0,0.0,0.0,0.0,0.0,0.0,0.0,0.0,0.0,0.0,0.0,0.0,0.0,0.0,0.0,0.0,0.0,0.0,0.0,0.0,0.0,0.0,0.0,0.0,0.0,0.0,0.0,0.0,0.0,0.0,0.0
12233,81,147,501,12.17,37.46,18.21,34.85,17.93,43.11,42.28,79.54,0.45,30.0,2.82,100.0,10.68,47.27,18.72,46.8,0.22,52.0,0.0,0.0,5.22,38.65,16.6,56.52,1.59,49.0,18.0,28.57,2.27,50.9,16.02,40.0,0.0,0.0,0.0
12234,81,148,727,6.46,38.38,16.51,35.91,15.22,43.46,43.63,64.7,0.0,0.0,0.0,0.0,27.5,41.82,17.43,42.78,1.02,46.57,14.94,0.0,1.91,45.84,20.75,61.53,1.17,42.12,19.54,25.0,3.52,47.45,18.08,45.83,0.0,0.0,0.0
12235,81,149,1046,6.5,41.04,18.5,37.11,18.07,41.3,41.49,45.09,0.1,45.0,0.0,0.0,45.09,42.73,18.28,38.32,0.3,43.0,21.37,100.0,2.76,39.37,11.57,44.44,3.88,47.89,18.41,34.21,2.76,52.7,17.42,55.55,0.0,0.0,0.0
12236,81,150,592,5.91,39.75,16.82,38.34,16.35,44.42,43.2,80.61,0.35,24.0,5.65,50.0,12.02,45.59,19.3,49.25,0.71,29.75,22.66,50.0,2.87,43.93,13.37,43.75,0.35,66.0,18.38,100.0,3.05,48.7,17.47,29.41,0.0,0.0,0.0
12237,81,151,604,7.61,40.91,20.91,39.22,20.75,38.07,38.86,72.4,0.53,53.0,19.97,66.66,17.74,41.51,20.35,32.32,1.07,48.66,28.06,33.33,3.58,40.75,17.79,50.0,0.71,52.0,18.42,50.0,3.94,49.95,25.96,18.18,0.0,0.0,0.0
12238,81,152,607,9.22,38.93,16.76,36.81,16.23,40.03,40.13,80.03,0.18,22.0,0.0,100.0,11.97,45.04,15.41,39.39,1.27,53.0,8.38,14.28,1.81,37.5,13.13,50.0,0.54,56.33,16.01,33.33,4.17,43.82,18.8,30.43,0.0,0.0,0.0
12239,81,153,679,6.03,40.29,18.89,37.21,18.35,40.94,40.2,60.81,0.47,76.0,7.54,66.66,30.87,42.26,18.19,39.59,1.09,52.42,16.56,14.28,3.29,48.38,20.53,66.66,1.41,37.55,20.4,22.22,2.03,46.76,17.21,53.84,0.0,0.0,0.0
12240,81,154,866,7.73,38.57,16.36,36.94,15.36,43.41,40.23,73.09,0.12,60.0,0.0,100.0,18.52,42.93,18.65,48.64,0.25,28.5,4.94,100.0,3.12,40.47,18.33,52.0,0.5,47.25,17.78,25.0,4.38,40.11,15.21,57.14,0.0,0.0,0.0
12241,81,155,845,10.41,39.25,18.08,36.83,16.59,42.72,40.46,73.44,0.39,43.33,30.08,100.0,15.45,43.14,19.7,41.02,1.58,54.16,18.84,75.0,4.35,46.24,23.31,45.45,0.66,32.2,23.41,60.0,3.96,36.29,14.64,60.0,0.0,0.0,0.0
12242,81,156,0,0.0,0.0,0.0,0.0,0.0,0.0,0.0,0.0,0.0,0.0,0.0,0.0,0.0,0.0,0.0,0.0,0.0,0.0,0.0,0.0,0.0,0.0,0.0,0.0,0.0,0.0,0.0,0.0,0.0,0.0,0.0,0.0,0.0,0.0,0.0
12243,81,157,574,12.36,36.81,18.63,36.21,18.91,41.28,44.24,65.6,0.59,33.33,11.84,33.33,22.86,35.0,17.56,36.52,1.19,46.0,15.59,16.66,3.97,32.29,16.32,40.0,0.99,38.0,25.33,40.0,4.77,41.04,18.36,33.33,0.0,0.0,0.0
12244,81,158,542,4.79,40.15,16.53,38.93,16.21,43.54,40.21,72.28,0.38,52.0,39.59,50.0,16.86,42.98,15.71,42.52,0.96,44.6,18.24,60.0,5.03,40.23,19.89,53.84,0.38,43.0,8.48,50.0,4.06,44.8,19.03,76.19,0.0,0.0,0.0
12245,81,159,500,8.59,40.47,16.32,39.07,15.58,44.8,44.2,71.77,0.65,38.33,11.06,33.33,18.81,40.67,15.75,48.83,1.75,49.62,15.91,62.5,2.62,39.0,13.47,58.33,0.65,41.66,20.74,0.0,3.71,42.05,14.05,41.17,0.0,0.0,0.0
12246,81,160,1043,7.95,39.59,17.59,37.34,16.5,42.37,41.84,79.16,0.83,50.87,18.02,37.5,10.31,44.63,18.26,44.44,1.04,50.5,18.33,60.0,3.64,40.79,18.24,48.57,1.04,42.9,27.67,20.0,3.95,48.89,17.02,36.84,0.0,0.0,0.0
12247,81,161,982,10.08,38.7,17.83,37.17,17.32,42.46,39.15,74.63,0.33,46.66,11.01,33.33,17.78,38.72,16.51,40.76,0.79,53.71,19.71,42.85,2.26,35.25,17.95,35.0,0.67,41.16,9.53,50.0,3.51,44.19,16.11,64.51,0.0,0.0,0.0
12248,81,162,285,8.77,39.69,19.09,36.68,18.06,41.4,37.74,78.46,0.38,59.0,0.0,100.0,13.07,50.67,20.67,47.05,0.38,38.0,0.0,0.0,5.0,43.0,17.5,30.76,0.76,44.0,16.97,50.0,1.92,51.8,13.29,60.0,0.0,0.0,0.0
12249,81,163,1063,7.33,41.08,18.67,39.34,17.69,42.7,42.59,76.75,0.71,51.71,27.69,57.14,15.93,46.18,21.62,38.21,0.81,39.0,35.01,75.0,2.23,40.04,12.96,59.09,0.91,37.55,11.43,33.33,2.63,47.34,18.87,34.61,0.0,0.0,0.0
12250,81,164,965,5.07,40.93,18.32,38.97,17.68,41.03,40.58,63.75,0.43,35.5,28.36,25.0,26.52,42.75,18.91,42.79,0.76,67.57,16.49,28.57,2.4,40.27,13.32,50.0,1.52,43.21,13.0,28.57,4.58,42.97,20.6,45.23,0.0,0.0,0.0
12251,81,165,0,0.0,0.0,0.0,0.0,0.0,0.0,0.0,0.0,0.0,0.0,0.0,0.0,0.0,0.0,0.0,0.0,0.0,0.0,0.0,0.0,0.0,0.0,0.0,0.0,0.0,0.0,0.0,0.0,0.0,0.0,0.0,0.0,0.0,0.0,0.0
12252,81,166,704,4.4,39.92,19.15,39.15,18.61,41.47,39.33,62.7,0.74,39.2,24.87,60.0,29.27,39.77,18.62,41.62,1.04,37.14,30.6,42.85,1.78,43.25,22.16,75.0,1.78,53.08,23.5,33.33,2.67,48.27,21.61,66.66,0.0,0.0,0.0
12253,81,167,1019,10.79,39.22,17.49,36.06,16.3,40.23,38.88,76.67,0.33,40.66,12.74,66.66,14.3,47.36,17.87,43.07,0.55,62.8,13.19,0.0,3.74,35.5,15.51,52.94,0.33,47.0,18.35,0.0,4.07,48.05,20.73,40.54,0.0,0.0,0.0
12254,81,168,1000,5.2,41.67,18.41,39.05,17.14,40.5,37.6,72.36,0.1,23.0,0.0,100.0,21.62,46.76,18.75,38.04,0.84,53.12,25.27,37.5,2.53,50.0,21.91,70.83,0.52,59.8,7.39,20.0,2.0,40.89,19.89,47.36,0.0,0.0,0.0
12255,81,169,909,6.38,39.93,17.96,37.71,16.77,41.14,39.57,71.56,0.35,47.0,18.68,33.33,20.56,42.37,18.53,38.85,0.23,33.5,47.37,100.0,3.64,43.09,17.61,54.83,0.58,53.4,25.9,80.0,3.05,47.5,19.95,42.3,0.0,0.0,0.0
12256,81,170,0,0.0,0.0,0.0,0.0,0.0,0.0,0.0,0.0,0.0,0.0,0.0,0.0,0.0,0.0,0.0,0.0,0.0,0.0,0.0,0.0,0.0,0.0,0.0,0.0,0.0,0.0,0.0,0.0,0.0,0.0,0.0,0.0,0.0,0.0,0.0
12257,81,171,985,9.64,40.12,18.55,38.71,18.05,42.84,38.42,77.19,0.33,65.0,22.53,33.33,14.49,42.54,17.02,48.06,0.89,55.0,24.62,50.0,3.14,37.85,17.66,71.42,0.78,50.14,23.19,28.57,3.14,45.32,20.0,67.85,0.0,0.0,0.0
12258,81,173,1026,6.14,41.88,19.08,39.76,17.59,40.93,40.6,55.24,0.31,58.0,24.33,33.33,37.48,43.34,19.5,39.33,1.14,60.36,21.48,63.63,1.97,38.05,28.42,52.63,0.83,61.0,18.29,50.0,3.01,41.65,21.79,41.37,0.0,0.0,0.0
12259,81,174,637,8.63,41.99,18.86,39.16,18.74,40.65,43.2,41.75,0.68,40.5,9.94,50.0,49.31,41.89,18.08,38.32,0.68,57.75,14.03,50.0,1.71,43.1,23.58,60.0,1.89,43.0,22.9,36.36,3.95,51.08,16.71,39.13,0.0,0.0,0.0
12260,81,175,629,8.1,39.0,18.16,38.63,17.57,41.49,41.71,64.7,0.0,0.0,0.0,0.0,26.81,39.48,17.96,40.0,1.9,19.27,12.59,36.36,2.94,39.35,13.75,52.94,0.51,22.0,23.06,0.0,3.11,45.11,20.07,44.44,0.0,0.0,0.0
12261,81,176,519,5.58,40.05,18.89,37.44,19.2,41.04,43.91,38.57,0.0,0.0,0.0,0.0,53.87,39.89,18.08,39.77,0.81,41.75,10.53,75.0,2.44,38.58,23.91,16.66,1.02,28.8,10.56,20.0,3.26,48.37,17.84,37.5,0.0,0.0,0.0
12262,81,177,548,7.66,39.37,18.26,38.35,17.83,41.97,40.24,64.82,0.19,27.0,0.0,100.0,27.66,40.74,17.22,37.85,0.59,61.66,20.55,100.0,1.97,33.0,22.96,90.0,1.18,42.66,19.61,50.0,3.55,43.83,24.72,61.11,0.0,0.0,0.0
12263,81,178,727,6.05,40.44,18.17,38.51,16.74,42.22,41.73,57.54,0.58,45.0,19.13,25.0,34.26,42.7,18.9,40.17,1.02,50.85,18.01,14.28,1.75,34.5,18.03,75.0,2.34,37.81,19.77,31.25,2.48,37.11,21.99,82.35,0.0,0.0,0.0
12264,81,179,983,7.52,39.05,17.87,36.91,16.88,39.16,36.73,75.46,0.11,23.0,0.0,0.0,17.16,45.71,18.19,44.23,0.77,50.42,10.65,28.57,3.19,32.96,20.22,51.72,0.22,63.5,9.19,0.0,3.08,46.82,19.44,50.0,0.0,0.0,0.0
12265,81,180,565,9.2,40.84,17.63,38.3,16.43,40.17,37.42,65.1,0.0,0.0,0.0,0.0,23.78,40.94,18.22,41.8,1.75,48.11,15.18,22.22,4.28,41.22,12.44,36.36,1.16,46.5,29.26,16.66,3.89,51.2,17.38,50.0,0.0,0.0,0.0
12266,81,181,528,6.25,40.24,18.45,36.63,18.02,40.9,43.9,41.41,0.8,46.5,28.34,75.0,48.48,40.9,18.19,37.91,0.8,43.5,14.54,50.0,1.81,51.22,16.69,44.44,3.83,44.1,18.02,31.57,2.82,50.5,23.21,64.28,0.0,0.0,0.0
12267,81,182,742,6.19,39.3,17.25,38.06,16.81,41.37,38.75,80.45,0.43,38.0,19.28,33.33,12.35,45.24,19.26,46.51,0.28,33.5,9.19,50.0,3.44,35.0,15.07,50.0,1.0,47.85,19.4,14.28,2.01,39.92,13.42,57.14,0.0,0.0,0.0
12268,81,183,659,7.43,41.77,16.86,39.28,15.26,41.27,40.5,77.7,0.32,42.0,2.82,50.0,16.72,47.11,18.92,41.17,0.81,65.2,15.2,60.0,0.98,39.0,12.18,33.33,0.98,36.16,16.31,0.0,2.45,53.46,21.23,40.0,0.0,0.0,0.0
12269,81,184,688,8.72,39.62,17.83,38.43,16.89,40.11,39.03,79.14,0.47,50.33,23.11,66.66,12.57,40.36,19.63,40.5,0.79,56.2,21.81,60.0,2.07,36.61,13.13,46.15,0.79,37.6,13.37,40.0,4.14,44.07,23.52,46.15,0.0,0.0,0.0
12270,81,185,692,7.8,42.4,17.99,40.92,17.31,40.17,37.97,69.74,0.62,55.0,19.94,50.0,22.25,43.99,18.79,40.14,0.78,46.4,27.91,40.0,2.82,37.55,14.27,50.0,1.56,47.3,19.56,20.0,2.19,55.5,21.51,57.14,0.0,0.0,0.0
12271,81,186,380,7.36,44.95,16.99,41.94,17.03,41.31,39.41,68.46,0.85,44.66,17.21,66.66,22.72,50.11,13.48,38.75,0.28,24.0,0.0,100.0,3.69,43.53,19.59,53.84,1.13,52.25,8.18,25.0,2.84,59.5,12.57,50.0,0.0,0.0,0.0
12272,81,187,748,7.35,45.74,18.45,43.6,18.16,41.04,38.22,76.62,1.01,54.42,26.24,42.85,15.44,51.15,16.97,40.18,0.43,49.33,22.59,66.66,2.16,45.06,18.86,46.66,0.43,45.0,19.07,33.33,3.89,51.96,16.78,59.25,0.0,0.0,0.0
12273,81,190,1027,8.27,40.6,17.92,37.95,16.87,40.89,39.14,49.89,0.53,68.0,12.8,60.0,39.38,41.57,18.68,40.43,1.38,48.3,23.63,46.15,2.12,44.2,15.39,45.0,3.07,34.79,13.94,37.93,3.6,44.82,16.99,61.76,0.0,0.0,0.0
12274,81,191,0,0.0,0.0,0.0,0.0,0.0,0.0,0.0,0.0,0.0,0.0,0.0,0.0,0.0,0.0,0.0,0.0,0.0,0.0,0.0,0.0,0.0,0.0,0.0,0.0,0.0,0.0,0.0,0.0,0.0,0.0,0.0,0.0,0.0,0.0,0.0
12275,81,192,757,11.09,41.13,18.6,38.55,17.05,43.59,42.88,75.18,0.74,49.2,23.97,40.0,15.45,45.68,20.01,34.61,0.44,52.33,20.4,66.66,3.56,40.75,15.06,50.0,1.04,57.42,33.35,42.85,3.56,46.0,19.6,41.66,0.0,0.0,0.0
12276,81,193,0,0.0,0.0,0.0,0.0,0.0,0.0,0.0,0.0,0.0,0.0,0.0,0.0,0.0,0.0,0.0,0.0,0.0,0.0,0.0,0.0,0.0,0.0,0.0,0.0,0.0,0.0,0.0,0.0,0.0,0.0,0.0,0.0,0.0,0.0,0.0
12277,81,194,0,0.0,0.0,0.0,0.0,0.0,0.0,0.0,0.0,0.0,0.0,0.0,0.0,0.0,0.0,0.0,0.0,0.0,0.0,0.0,0.0,0.0,0.0,0.0,0.0,0.0,0.0,0.0,0.0,0.0,0.0,0.0,0.0,0.0,0.0,0.0
12278,82,1,810,10.0,38.99,18.83,37.81,18.12,41.23,41.11,78.73,2.19,42.43,13.94,56.25,12.75,37.7,18.42,48.38,0.41,34.0,36.16,0.0,2.88,31.57,14.36,47.61,0.41,52.66,22.81,33.33,2.6,50.42,22.71,47.36,0.0,0.0,0.0
12279,82,2,1247,3.6,40.56,18.62,35.0,16.15,42.42,46.42,9.31,0.33,41.25,32.0,50.0,77.45,39.89,18.43,42.64,1.74,41.76,20.07,47.61,0.58,30.57,4.5,42.85,7.07,45.92,16.13,25.88,3.49,48.59,19.41,50.0,0.0,0.0,0.0
12280,82,3,678,2.35,40.58,17.87,40.36,18.07,41.15,39.28,12.68,0.75,59.8,19.94,60.0,73.71,39.79,17.44,41.39,2.41,40.06,17.03,56.25,0.15,52.0,0.0,0.0,7.25,41.81,17.77,25.0,3.02,56.55,22.98,45.0,0.0,0.0,0.0
12281,82,4,465,0.86,38.72,19.4,44.25,16.58,43.01,50.0,1.73,0.0,0.0,0.0,0.0,87.41,38.59,18.85,42.43,1.73,30.75,17.95,62.5,0.65,53.33,17.47,33.33,4.33,36.29,22.65,45.0,4.12,40.68,27.32,47.36,0.0,0.0,0.0
12282,82,5,0,0.0,0.0,0.0,0.0,0.0,0.0,0.0,0.0,0.0,0.0,0.0,0.0,0.0,0.0,0.0,0.0,0.0,0.0,0.0,0.0,0.0,0.0,0.0,0.0,0.0,0.0,0.0,0.0,0.0,0.0,0.0,0.0,0.0,0.0,0.0
12283,82,6,812,2.21,40.99,18.45,50.68,18.63,43.47,56.25,2.01,0.5,43.25,30.46,50.0,87.4,40.11,18.06,42.93,1.51,33.58,7.64,83.33,0.0,0.0,0.0,0.0,5.41,40.41,17.01,37.2,3.14,54.24,22.51,52.0,0.0,0.0,0.0
12284,82,7,606,4.29,34.12,17.26,32.06,16.17,41.08,38.59,78.62,0.34,47.5,36.06,50.0,14.13,37.07,16.47,46.34,1.03,54.83,16.42,33.33,2.24,38.3,15.01,53.84,0.86,31.4,10.45,20.0,2.75,37.68,20.71,68.75,0.0,0.0,0.0
12285,82,9,0,0.0,0.0,0.0,0.0,0.0,0.0,0.0,0.0,0.0,0.0,0.0,0.0,0.0,0.0,0.0,0.0,0.0,0.0,0.0,0.0,0.0,0.0,0.0,0.0,0.0,0.0,0.0,0.0,0.0,0.0,0.0,0.0,0.0,0.0,0.0
12286,82,10,1123,1.95,41.17,17.3,48.07,22.31,42.38,57.14,1.27,0.27,46.66,26.5,66.66,85.83,40.79,17.14,43.7,2.72,39.83,14.67,26.66,0.18,42.0,16.97,50.0,7.26,43.07,16.67,32.5,2.45,44.33,22.5,40.74,0.0,0.0,0.0
12287,82,11,0,0.0,0.0,0.0,0.0,0.0,0.0,0.0,0.0,0.0,0.0,0.0,0.0,0.0,0.0,0.0,0.0,0.0,0.0,0.0,0.0,0.0,0.0,0.0,0.0,0.0,0.0,0.0,0.0,0.0,0.0,0.0,0.0,0.0,0.0,0.0
12288,82,12,0,0.0,0.0,0.0,0.0,0.0,0.0,0.0,0.0,0.0,0.0,0.0,0.0,0.0,0.0,0.0,0.0,0.0,0.0,0.0,0.0,0.0,0.0,0.0,0.0,0.0,0.0,0.0,0.0,0.0,0.0,0.0,0.0,0.0,0.0,0.0
12289,82,13,260,1.92,42.72,17.37,41.16,15.58,40.0,66.66,2.35,0.39,27.0,0.0,100.0,85.09,42.7,17.42,41.01,1.17,41.0,11.53,66.66,1.96,54.6,21.27,0.0,5.09,30.69,13.01,30.76,3.92,52.0,18.2,20.0,0.0,0.0,0.0
12290,82,14,726,2.34,41.39,17.75,40.41,19.97,41.87,41.66,1.69,0.14,42.0,0.0,100.0,85.61,41.31,17.63,41.84,2.11,28.53,14.11,53.33,0.28,46.5,9.19,50.0,6.62,38.21,16.82,36.17,3.52,52.44,18.82,40.0,0.0,0.0,0.0
12291,82,15,712,3.08,41.53,18.77,34.14,18.71,40.73,57.14,1.01,0.43,57.0,8.18,33.33,85.5,40.55,18.12,39.83,2.31,45.68,19.89,50.0,0.14,54.0,0.0,0.0,7.24,42.96,20.79,38.0,3.33,56.73,17.45,52.17,0.0,0.0,0.0
12292,82,16,0,0.0,0.0,0.0,0.0,0.0,0.0,0.0,0.0,0.0,0.0,0.0,0.0,0.0,0.0,0.0,0.0,0.0,0.0,0.0,0.0,0.0,0.0,0.0,0.0,0.0,0.0,0.0,0.0,0.0,0.0,0.0,0.0,0.0,0.0,0.0
12293,82,17,579,2.24,43.12,18.91,56.62,15.15,40.58,62.5,1.41,0.35,69.5,3.53,0.0,83.92,43.06,19.26,41.47,2.65,39.86,16.26,46.66,0.17,29.0,0.0,100.0,8.12,37.95,14.68,26.08,3.35,47.63,19.18,42.1,0.0,0.0,0.0
12294,82,18,0,0.0,0.0,0.0,0.0,0.0,0.0,0.0,0.0,0.0,0.0,0.0,0.0,0.0,0.0,0.0,0.0,0.0,0.0,0.0,0.0,0.0,0.0,0.0,0.0,0.0,0.0,0.0,0.0,0.0,0.0,0.0,0.0,0.0,0.0,0.0
12295,82,19,1002,1.99,42.64,18.72,43.48,23.23,43.81,36.0,2.54,0.4,38.75,33.51,50.0,85.13,42.52,18.36,44.61,1.93,35.42,19.09,73.68,0.4,61.5,26.14,0.0,6.72,41.09,17.63,28.78,2.85,43.07,17.41,42.85,0.0,0.0,0.0
12296,82,20,1131,2.74,43.61,18.2,45.86,22.71,42.79,50.0,4.54,0.63,51.57,30.0,0.0,81.45,42.91,17.9,42.96,2.09,48.17,19.96,39.13,0.9,51.1,12.16,40.0,6.0,43.16,19.08,33.33,4.36,48.29,16.3,56.25,0.0,0.0,0.0
12297,82,21,313,1.91,43.77,20.68,36.2,11.32,38.97,60.0,1.62,0.65,56.5,38.89,50.0,85.99,43.88,20.74,38.25,2.6,48.0,21.23,37.5,0.0,0.0,0.0,0.0,7.16,40.04,19.13,27.27,1.95,50.16,23.01,50.0,0.0,0.0,0.0
12298,82,22,0,0.0,0.0,0.0,0.0,0.0,0.0,0.0,0.0,0.0,0.0,0.0,0.0,0.0,0.0,0.0,0.0,0.0,0.0,0.0,0.0,0.0,0.0,0.0,0.0,0.0,0.0,0.0,0.0,0.0,0.0,0.0,0.0,0.0,0.0,0.0
12299,82,23,546,2.38,43.03,19.33,36.66,11.46,41.2,66.66,1.12,0.18,57.0,0.0,0.0,83.3,42.61,19.11,40.99,2.43,37.61,21.19,53.84,0.18,56.0,0.0,100.0,9.0,43.0,19.61,33.33,3.75,48.15,22.45,45.0,0.0,0.0,0.0
12300,82,24,0,0.0,0.0,0.0,0.0,0.0,0.0,0.0,0.0,0.0,0.0,0.0,0.0,0.0,0.0,0.0,0.0,0.0,0.0,0.0,0.0,0.0,0.0,0.0,0.0,0.0,0.0,0.0,0.0,0.0,0.0,0.0,0.0,0.0,0.0,0.0
12301,82,25,0,0.0,0.0,0.0,0.0,0.0,0.0,0.0,0.0,0.0,0.0,0.0,0.0,0.0,0.0,0.0,0.0,0.0,0.0,0.0,0.0,0.0,0.0,0.0,0.0,0.0,0.0,0.0,0.0,0.0,0.0,0.0,0.0,0.0,0.0,0.0
12302,82,26,0,0.0,0.0,0.0,0.0,0.0,0.0,0.0,0.0,0.0,0.0,0.0,0.0,0.0,0.0,0.0,0.0,0.0,0.0,0.0,0.0,0.0,0.0,0.0,0.0,0.0,0.0,0.0,0.0,0.0,0.0,0.0,0.0,0.0,0.0,0.0
12303,82,27,0,0.0,0.0,0.0,0.0,0.0,0.0,0.0,0.0,0.0,0.0,0.0,0.0,0.0,0.0,0.0,0.0,0.0,0.0,0.0,0.0,0.0,0.0,0.0,0.0,0.0,0.0,0.0,0.0,0.0,0.0,0.0,0.0,0.0,0.0,0.0
12304,82,28,609,2.46,39.97,18.51,39.15,23.39,42.85,47.36,6.39,0.5,71.66,5.5,100.0,83.67,39.94,17.55,44.46,1.85,34.09,15.82,45.45,0.16,28.0,0.0,0.0,4.71,33.89,22.15,21.42,2.69,45.31,19.99,31.25,0.0,0.0,0.0
12305,82,29,750,2.93,43.77,18.93,44.37,19.99,40.0,50.0,1.09,0.54,47.75,33.84,0.0,86.67,43.57,18.62,40.57,2.33,39.58,12.71,47.05,0.0,0.0,0.0,0.0,5.63,37.29,22.03,21.95,3.7,51.55,16.68,51.85,0.0,0.0,0.0
12306,82,30,0,0.0,0.0,0.0,0.0,0.0,0.0,0.0,0.0,0.0,0.0,0.0,0.0,0.0,0.0,0.0,0.0,0.0,0.0,0.0,0.0,0.0,0.0,0.0,0.0,0.0,0.0,0.0,0.0,0.0,0.0,0.0,0.0,0.0,0.0,0.0
12307,82,31,0,0.0,0.0,0.0,0.0,0.0,0.0,0.0,0.0,0.0,0.0,0.0,0.0,0.0,0.0,0.0,0.0,0.0,0.0,0.0,0.0,0.0,0.0,0.0,0.0,0.0,0.0,0.0,0.0,0.0,0.0,0.0,0.0,0.0,0.0,0.0
12308,82,32,444,0.67,40.0,16.75,31.85,12.62,40.99,57.14,1.58,0.45,32.0,5.65,0.0,91.38,40.06,16.85,40.94,1.13,42.2,16.31,80.0,0.0,0.0,0.0,0.0,2.94,34.76,15.51,30.76,2.49,48.54,17.28,27.27,0.0,0.0,0.0
12309,82,33,940,1.7,41.28,18.05,44.85,16.82,40.74,71.42,1.51,0.21,57.5,28.99,0.0,85.6,40.82,18.55,41.71,2.7,41.0,12.54,40.0,0.1,56.0,0.0,100.0,6.38,40.35,15.16,28.81,3.46,51.37,13.13,37.5,0.0,0.0,0.0
12310,82,34,0,0.0,0.0,0.0,0.0,0.0,0.0,0.0,0.0,0.0,0.0,0.0,0.0,0.0,0.0,0.0,0.0,0.0,0.0,0.0,0.0,0.0,0.0,0.0,0.0,0.0,0.0,0.0,0.0,0.0,0.0,0.0,0.0,0.0,0.0,0.0
12311,82,35,797,2.13,42.19,17.93,31.84,17.14,41.78,61.53,1.66,0.0,0.0,0.0,0.0,87.69,42.09,17.76,42.25,1.79,38.14,13.24,42.85,0.25,41.5,6.36,50.0,5.12,38.0,14.7,20.0,3.46,44.4,17.86,55.55,0.0,0.0,0.0
12312,82,36,465,1.07,41.26,18.1,35.63,20.66,40.21,27.27,2.39,0.43,53.0,18.38,0.0,87.82,41.54,18.16,39.6,1.95,29.44,21.26,55.55,0.0,0.0,0.0,0.0,5.86,38.59,15.76,40.74,1.52,51.85,9.37,71.42,0.0,0.0,0.0
12313,82,37,615,3.41,41.99,18.34,49.0,17.7,42.27,100.0,0.84,0.33,76.5,26.16,50.0,84.34,40.93,18.02,40.71,1.51,34.22,18.18,88.88,0.5,36.0,16.46,0.0,8.41,42.76,17.93,44.0,4.04,51.87,21.66,54.16,0.0,0.0,0.0
12314,82,38,609,2.95,42.83,17.77,50.84,18.47,41.05,38.46,2.19,0.33,72.0,7.07,0.0,81.72,41.31,17.33,41.2,2.36,47.5,16.5,64.28,0.33,55.0,1.41,0.0,8.29,41.51,19.85,34.69,4.73,54.03,13.34,57.14,0.0,0.0,0.0
12315,82,39,0,0.0,0.0,0.0,0.0,0.0,0.0,0.0,0.0,0.0,0.0,0.0,0.0,0.0,0.0,0.0,0.0,0.0,0.0,0.0,0.0,0.0,0.0,0.0,0.0,0.0,0.0,0.0,0.0,0.0,0.0,0.0,0.0,0.0,0.0,0.0
12316,82,40,0,0.0,0.0,0.0,0.0,0.0,0.0,0.0,0.0,0.0,0.0,0.0,0.0,0.0,0.0,0.0,0.0,0.0,0.0,0.0,0.0,0.0,0.0,0.0,0.0,0.0,0.0,0.0,0.0,0.0,0.0,0.0,0.0,0.0,0.0,0.0
12317,82,41,0,0.0,0.0,0.0,0.0,0.0,0.0,0.0,0.0,0.0,0.0,0.0,0.0,0.0,0.0,0.0,0.0,0.0,0.0,0.0,0.0,0.0,0.0,0.0,0.0,0.0,0.0,0.0,0.0,0.0,0.0,0.0,0.0,0.0,0.0,0.0
12318,82,42,533,5.81,43.65,18.97,55.9,17.47,42.58,63.63,2.19,0.39,71.5,4.94,50.0,79.88,41.91,18.92,42.14,2.19,44.54,15.31,54.54,0.19,37.0,0.0,0.0,9.56,44.06,14.99,37.5,5.57,49.35,20.65,50.0,0.0,0.0,0.0
12319,82,43,1005,2.08,42.72,17.48,41.8,15.97,40.39,46.66,1.52,0.71,48.0,30.08,57.14,84.65,42.09,17.37,39.01,1.42,37.71,19.57,57.14,0.3,48.0,13.45,66.66,6.5,43.25,16.99,29.68,4.87,50.54,14.37,64.58,0.0,0.0,0.0
12320,82,44,386,3.36,39.35,17.99,38.4,38.05,40.41,0.0,1.34,0.53,91.5,4.94,50.0,86.32,38.34,16.98,40.37,2.14,24.37,12.38,37.5,0.0,0.0,0.0,0.0,4.55,38.23,13.08,58.82,5.09,52.1,17.95,57.89,0.0,0.0,0.0
12321,82,45,669,2.54,42.01,16.99,41.7,12.51,41.4,50.0,1.53,0.3,86.0,16.97,50.0,85.58,41.39,16.91,40.68,2.3,39.26,16.76,33.33,0.3,22.0,31.11,0.0,5.82,42.65,16.52,31.57,4.14,48.92,12.72,70.37,0.0,0.0,0.0
12322,82,46,358,1.95,39.73,19.05,43.0,19.13,44.69,80.0,1.42,0.28,48.0,0.0,100.0,86.03,38.89,18.9,41.39,2.56,40.66,18.13,77.77,0.0,0.0,0.0,0.0,4.84,33.29,17.16,35.29,4.84,52.47,18.08,70.58,0.0,0.0,0.0
12323,82,47,560,0.89,41.32,18.66,37.0,17.3,41.42,22.22,1.62,0.0,0.0,0.0,0.0,87.56,40.89,18.57,41.97,0.9,43.8,13.91,60.0,0.9,58.6,24.05,20.0,5.04,34.5,15.13,14.28,3.96,52.18,15.94,68.18,0.0,0.0,0.0
12324,82,48,0,0.0,0.0,0.0,0.0,0.0,0.0,0.0,0.0,0.0,0.0,0.0,0.0,0.0,0.0,0.0,0.0,0.0,0.0,0.0,0.0,0.0,0.0,0.0,0.0,0.0,0.0,0.0,0.0,0.0,0.0,0.0,0.0,0.0,0.0,0.0
12325,82,49,0,0.0,0.0,0.0,0.0,0.0,0.0,0.0,0.0,0.0,0.0,0.0,0.0,0.0,0.0,0.0,0.0,0.0,0.0,0.0,0.0,0.0,0.0,0.0,0.0,0.0,0.0,0.0,0.0,0.0,0.0,0.0,0.0,0.0,0.0,0.0
12326,82,50,972,1.74,44.43,17.32,51.62,17.01,43.72,12.5,0.83,0.2,39.0,9.89,50.0,86.7,43.76,17.31,44.32,1.67,43.87,17.08,43.75,0.2,39.5,24.74,50.0,6.07,45.24,13.86,34.48,4.29,53.04,19.79,46.34,0.0,0.0,0.0
12327,82,51,0,0.0,0.0,0.0,0.0,0.0,0.0,0.0,0.0,0.0,0.0,0.0,0.0,0.0,0.0,0.0,0.0,0.0,0.0,0.0,0.0,0.0,0.0,0.0,0.0,0.0,0.0,0.0,0.0,0.0,0.0,0.0,0.0,0.0,0.0,0.0
12328,82,52,0,0.0,0.0,0.0,0.0,0.0,0.0,0.0,0.0,0.0,0.0,0.0,0.0,0.0,0.0,0.0,0.0,0.0,0.0,0.0,0.0,0.0,0.0,0.0,0.0,0.0,0.0,0.0,0.0,0.0,0.0,0.0,0.0,0.0,0.0,0.0
12329,82,53,682,1.17,40.84,18.45,47.37,26.0,42.52,37.5,1.18,0.44,63.0,24.63,33.33,87.24,40.39,17.86,43.19,1.78,37.25,13.66,41.66,0.14,93.0,0.0,0.0,5.04,38.11,20.45,32.35,4.15,44.53,19.81,39.28,0.0,0.0,0.0
12330,82,54,0,0.0,0.0,0.0,0.0,0.0,0.0,0.0,0.0,0.0,0.0,0.0,0.0,0.0,0.0,0.0,0.0,0.0,0.0,0.0,0.0,0.0,0.0,0.0,0.0,0.0,0.0,0.0,0.0,0.0,0.0,0.0,0.0,0.0,0.0,0.0
12331,82,55,591,2.7,41.65,17.82,45.0,21.58,42.13,57.14,1.21,0.34,28.5,4.94,50.0,86.95,41.51,17.53,42.8,2.43,34.92,11.57,35.71,0.17,47.0,0.0,0.0,5.73,40.12,17.56,27.27,3.13,49.05,26.38,55.55,0.0,0.0,0.0
12332,82,56,1135,1.76,41.82,18.06,31.26,17.81,40.61,68.42,1.7,0.08,27.0,0.0,0.0,88.34,41.68,17.97,40.6,2.6,40.31,13.61,48.27,0.0,0.0,0.0,0.0,4.12,37.78,17.72,26.08,3.13,51.68,19.28,34.28,0.0,0.0,0.0
12333,82,57,0,0.0,0.0,0.0,0.0,0.0,0.0,0.0,0.0,0.0,0.0,0.0,0.0,0.0,0.0,0.0,0.0,0.0,0.0,0.0,0.0,0.0,0.0,0.0,0.0,0.0,0.0,0.0,0.0,0.0,0.0,0.0,0.0,0.0,0.0,0.0
12334,82,58,943,2.65,40.24,18.05,40.76,21.02,39.23,61.53,1.41,0.32,55.0,7.81,66.66,89.65,39.68,17.84,38.39,1.63,37.06,23.97,46.66,0.43,17.75,20.59,25.0,2.94,37.0,14.85,25.92,3.59,48.93,16.78,57.57,0.0,0.0,0.0
12335,82,59,0,0.0,0.0,0.0,0.0,0.0,0.0,0.0,0.0,0.0,0.0,0.0,0.0,0.0,0.0,0.0,0.0,0.0,0.0,0.0,0.0,0.0,0.0,0.0,0.0,0.0,0.0,0.0,0.0,0.0,0.0,0.0,0.0,0.0,0.0,0.0
12336,82,60,847,2.83,40.84,18.8,50.1,17.62,40.25,45.0,2.43,0.85,56.28,25.27,71.42,83.71,40.23,18.64,40.05,1.7,43.57,19.8,35.71,0.6,44.6,16.02,60.0,7.04,36.12,16.9,36.2,3.64,48.96,18.81,50.0,0.0,0.0,0.0
12337,82,61,783,1.78,40.2,19.4,33.21,18.17,40.61,65.21,2.99,0.26,75.5,3.53,0.0,86.99,39.69,18.95,39.91,1.69,31.76,19.72,69.23,0.0,0.0,0.0,0.0,5.2,38.62,18.52,22.5,2.86,61.59,14.33,54.54,0.0,0.0,0.0
12338,82,62,641,1.4,44.39,18.53,45.77,19.92,42.12,11.11,1.42,0.31,61.0,2.82,50.0,88.29,44.0,18.31,41.75,0.79,32.79,13.33,80.0,0.31,49.0,12.72,50.0,6.64,44.45,19.61,40.47,2.21,57.78,16.0,57.14,0.0,0.0,0.0
12339,82,63,0,0.0,0.0,0.0,0.0,0.0,0.0,0.0,0.0,0.0,0.0,0.0,0.0,0.0,0.0,0.0,0.0,0.0,0.0,0.0,0.0,0.0,0.0,0.0,0.0,0.0,0.0,0.0,0.0,0.0,0.0,0.0,0.0,0.0,0.0,0.0
12340,82,64,0,0.0,0.0,0.0,0.0,0.0,0.0,0.0,0.0,0.0,0.0,0.0,0.0,0.0,0.0,0.0,0.0,0.0,0.0,0.0,0.0,0.0,0.0,0.0,0.0,0.0,0.0,0.0,0.0,0.0,0.0,0.0,0.0,0.0,0.0,0.0
12341,82,65,0,0.0,0.0,0.0,0.0,0.0,0.0,0.0,0.0,0.0,0.0,0.0,0.0,0.0,0.0,0.0,0.0,0.0,0.0,0.0,0.0,0.0,0.0,0.0,0.0,0.0,0.0,0.0,0.0,0.0,0.0,0.0,0.0,0.0,0.0,0.0
12342,82,66,569,1.05,41.02,18.16,44.11,15.86,42.53,35.29,3.01,1.06,61.0,18.82,50.0,89.52,40.78,18.02,43.25,1.24,33.71,16.71,42.85,0.0,0.0,0.0,0.0,2.48,33.28,12.19,21.42,2.66,45.2,25.8,46.66,0.0,0.0,0.0
12343,82,67,1093,1.0,40.13,18.12,43.94,18.94,41.44,64.7,1.57,0.27,49.33,13.05,66.66,89.55,39.54,17.87,40.55,1.57,39.64,23.46,41.17,0.73,45.0,24.47,50.0,3.78,43.7,19.81,31.7,2.49,47.37,17.26,74.07,0.0,0.0,0.0
12344,82,68,0,0.0,0.0,0.0,0.0,0.0,0.0,0.0,0.0,0.0,0.0,0.0,0.0,0.0,0.0,0.0,0.0,0.0,0.0,0.0,0.0,0.0,0.0,0.0,0.0,0.0,0.0,0.0,0.0,0.0,0.0,0.0,0.0,0.0,0.0,0.0
12345,82,69,605,2.64,39.25,16.92,41.37,22.35,42.47,50.0,1.35,0.67,43.75,10.59,0.0,88.79,38.91,16.95,43.02,1.86,27.09,9.94,72.72,0.33,41.5,10.6,50.0,3.73,39.36,13.01,40.9,3.22,50.31,20.44,26.31,0.0,0.0,0.0
12346,82,70,1216,1.56,40.36,18.1,37.73,17.59,41.85,57.89,1.58,0.33,45.0,33.8,50.0,91.47,39.87,17.65,41.55,1.33,35.68,14.37,50.0,0.25,37.33,18.82,0.0,2.42,36.51,20.49,51.72,2.58,54.41,18.57,32.25,0.0,0.0,0.0
12347,82,71,981,1.63,38.8,17.54,37.21,21.29,43.11,47.82,2.38,0.41,40.0,16.02,50.0,89.63,38.56,17.27,42.65,1.34,35.46,16.58,53.84,0.1,20.0,0.0,100.0,3.0,33.93,20.93,27.58,3.0,50.51,18.53,58.62,0.0,0.0,0.0
12348,82,72,1118,3.13,42.87,18.1,45.78,19.81,40.25,54.05,3.41,0.83,54.22,19.36,44.44,83.65,41.49,17.66,40.17,1.2,48.38,19.93,46.15,0.09,47.0,0.0,0.0,5.81,42.57,21.22,28.57,4.98,55.68,14.47,51.85,0.0,0.0,0.0
12349,82,73,1010,3.46,44.75,19.81,51.06,22.37,40.59,62.5,1.64,0.92,51.55,31.03,33.33,82.15,43.65,19.46,41.44,2.46,48.0,18.81,29.16,0.71,61.42,13.41,28.57,6.25,41.8,20.24,26.22,5.84,54.47,17.35,49.12,0.0,0.0,0.0
12350,82,74,1107,1.98,44.39,20.49,53.34,18.68,39.02,61.53,2.39,0.36,63.75,23.97,25.0,81.01,43.39,20.28,38.68,2.48,43.48,17.16,55.55,0.55,59.5,21.42,0.0,7.92,43.47,19.38,29.06,5.25,51.38,22.26,56.14,0.0,0.0,0.0
12351,82,75,988,2.93,38.2,17.96,36.8,17.9,40.08,37.39,62.46,0.72,53.14,18.34,85.71,31.17,39.7,17.88,41.47,0.93,41.11,17.05,55.55,1.98,39.36,20.61,47.36,1.14,40.72,11.6,54.54,1.56,44.6,14.42,53.33,0.0,0.0,0.0
12352,82,76,772,0.9,41.3,19.68,39.29,18.72,39.63,45.45,5.75,0.26,29.0,7.07,100.0,85.09,41.2,19.61,38.4,1.83,36.92,22.9,57.14,0.13,93.0,0.0,100.0,4.83,42.89,19.5,37.83,2.09,47.43,18.3,43.75,0.0,0.0,0.0
12353,82,77,0,0.0,0.0,0.0,0.0,0.0,0.0,0.0,0.0,0.0,0.0,0.0,0.0,0.0,0.0,0.0,0.0,0.0,0.0,0.0,0.0,0.0,0.0,0.0,0.0,0.0,0.0,0.0,0.0,0.0,0.0,0.0,0.0,0.0,0.0,0.0
12354,82,78,957,2.29,40.21,19.1,39.33,21.44,42.63,42.97,12.94,0.96,53.11,16.71,55.55,78.18,39.43,18.7,41.03,0.96,39.77,17.39,88.88,0.1,33.0,0.0,100.0,4.27,40.67,16.73,37.5,2.56,49.62,18.48,50.0,0.0,0.0,0.0
12355,82,79,932,7.08,39.96,17.96,39.24,17.68,40.77,39.48,71.93,1.61,44.14,17.0,42.85,17.2,36.76,16.84,42.95,0.92,40.37,8.12,37.5,3.23,46.07,20.78,53.57,1.96,43.0,15.54,23.52,3.11,47.48,20.71,44.44,0.0,0.0,0.0
12356,82,80,0,0.0,0.0,0.0,0.0,0.0,0.0,0.0,0.0,0.0,0.0,0.0,0.0,0.0,0.0,0.0,0.0,0.0,0.0,0.0,0.0,0.0,0.0,0.0,0.0,0.0,0.0,0.0,0.0,0.0,0.0,0.0,0.0,0.0,0.0,0.0
12357,82,81,853,0.58,41.01,16.67,35.72,15.7,41.14,42.5,4.71,0.47,45.0,23.4,50.0,86.91,40.63,16.14,41.79,0.35,52.0,17.43,66.66,0.35,50.0,26.0,33.33,4.71,47.75,18.59,30.0,2.47,50.19,22.95,42.85,0.0,0.0,0.0
12358,82,82,912,0.87,42.3,19.37,39.0,19.86,41.22,44.44,0.99,0.0,0.0,0.0,0.0,88.6,41.95,19.1,42.07,1.54,36.78,20.64,50.0,0.22,65.5,17.67,0.0,6.41,43.17,18.88,27.58,2.21,50.85,25.81,50.0,0.0,0.0,0.0
12359,82,83,1016,1.77,42.19,18.98,53.6,24.54,42.22,40.0,0.5,0.3,35.66,19.5,66.66,88.37,41.99,18.8,42.17,2.4,39.58,22.12,54.16,0.3,37.66,38.0,33.33,5.51,40.14,15.93,38.18,2.6,53.38,20.89,38.46,0.0,0.0,0.0
12360,82,84,0,0.0,0.0,0.0,0.0,0.0,0.0,0.0,0.0,0.0,0.0,0.0,0.0,0.0,0.0,0.0,0.0,0.0,0.0,0.0,0.0,0.0,0.0,0.0,0.0,0.0,0.0,0.0,0.0,0.0,0.0,0.0,0.0,0.0,0.0,0.0
12361,82,85,534,1.87,43.37,18.2,49.58,17.59,42.5,35.29,3.24,0.95,53.8,29.33,60.0,81.67,42.18,17.58,42.05,2.48,39.61,16.5,69.23,0.76,53.5,1.29,0.0,5.91,45.41,20.41,29.03,4.96,53.88,18.39,53.84,0.0,0.0,0.0
12362,82,86,1185,3.96,41.73,18.17,40.81,17.44,39.74,43.52,7.46,0.43,33.2,4.65,40.0,83.65,41.42,18.02,39.7,1.31,33.46,8.4,33.33,0.35,35.0,9.96,0.0,3.51,33.35,14.64,40.0,3.25,56.35,18.94,32.43,0.0,0.0,0.0
12363,82,87,873,2.63,41.35,18.67,44.1,17.46,44.32,50.0,1.17,0.35,47.33,21.0,66.66,87.76,40.98,18.5,44.5,2.11,42.44,13.97,44.44,0.58,37.6,29.41,40.0,3.88,36.18,19.71,33.33,4.11,53.17,17.09,57.14,0.0,0.0,0.0
12364,82,88,0,0.0,0.0,0.0,0.0,0.0,0.0,0.0,0.0,0.0,0.0,0.0,0.0,0.0,0.0,0.0,0.0,0.0,0.0,0.0,0.0,0.0,0.0,0.0,0.0,0.0,0.0,0.0,0.0,0.0,0.0,0.0,0.0,0.0,0.0,0.0
12365,82,89,757,0.79,41.66,18.85,40.6,29.59,41.61,100.0,0.66,0.0,0.0,0.0,0.0,89.88,41.84,18.97,41.18,1.73,45.61,22.63,69.23,0.0,0.0,0.0,0.0,5.59,35.35,15.18,35.71,2.13,44.87,13.91,37.5,0.0,0.0,0.0
12366,82,90,1164,2.4,40.94,18.12,38.44,22.58,41.92,55.55,1.58,0.35,54.75,19.82,50.0,88.2,40.55,17.88,42.71,1.4,32.43,12.78,31.25,0.35,53.0,8.71,0.0,5.19,35.33,14.38,23.72,2.9,55.24,21.33,60.6,0.0,0.0,0.0
12367,82,91,0,0.0,0.0,0.0,0.0,0.0,0.0,0.0,0.0,0.0,0.0,0.0,0.0,0.0,0.0,0.0,0.0,0.0,0.0,0.0,0.0,0.0,0.0,0.0,0.0,0.0,0.0,0.0,0.0,0.0,0.0,0.0,0.0,0.0,0.0,0.0
12368,82,92,652,6.28,42.59,19.72,41.38,19.54,37.57,35.02,74.3,1.8,36.36,15.11,63.63,18.49,42.98,19.3,43.36,0.0,0.0,0.0,0.0,2.12,52.84,14.93,46.15,0.98,53.66,13.29,33.33,2.29,40.0,14.88,50.0,0.0,0.0,0.0
12369,82,93,1098,5.46,40.65,18.07,38.47,18.04,41.98,39.89,55.78,0.57,32.0,33.08,50.0,36.12,41.49,16.93,42.66,1.44,49.0,18.39,66.66,1.15,42.91,19.41,50.0,2.69,48.89,17.45,28.57,2.21,50.21,19.97,69.56,0.0,0.0,0.0
12370,82,94,1182,4.99,38.94,17.57,38.22,17.24,40.18,37.33,85.39,0.44,37.0,19.74,80.0,9.52,40.54,18.28,47.66,0.35,30.25,25.87,100.0,1.95,37.04,16.89,68.18,0.0,0.0,0.0,0.0,2.31,41.26,17.04,57.69,0.0,0.0,0.0
12371,82,96,1054,6.83,39.68,17.58,38.34,16.89,42.5,40.59,79.02,1.52,42.0,25.38,46.66,11.6,39.45,18.56,46.49,0.4,49.75,18.06,100.0,2.34,47.78,16.99,47.82,0.2,50.5,19.09,50.0,4.88,47.02,19.15,41.66,0.0,0.0,0.0
12372,82,97,1091,1.09,42.94,17.69,51.27,19.17,42.71,72.72,1.01,0.27,44.33,21.22,66.66,91.93,42.06,17.34,42.84,0.92,51.3,20.68,70.0,0.0,0.0,0.0,0.0,3.15,48.05,16.95,26.47,2.59,58.14,18.45,35.71,0.0,0.0,0.0
12373,82,98,0,0.0,0.0,0.0,0.0,0.0,0.0,0.0,0.0,0.0,0.0,0.0,0.0,0.0,0.0,0.0,0.0,0.0,0.0,0.0,0.0,0.0,0.0,0.0,0.0,0.0,0.0,0.0,0.0,0.0,0.0,0.0,0.0,0.0,0.0,0.0
12374,82,99,770,6.49,41.25,18.67,39.86,18.17,40.0,38.54,80.0,1.25,44.11,21.45,55.55,11.66,41.79,20.98,38.09,1.11,38.12,13.8,37.5,1.94,46.28,17.68,64.28,0.69,58.4,13.93,40.0,3.33,48.12,17.74,54.16,0.0,0.0,0.0
12375,82,101,625,0.32,43.13,19.77,40.0,30.68,43.2,75.0,0.64,0.16,27.0,0.0,100.0,94.86,43.04,19.72,43.14,0.96,39.0,12.74,66.66,0.0,0.0,0.0,0.0,2.08,40.3,14.63,23.07,1.28,60.87,15.74,50.0,0.0,0.0,0.0
12376,82,102,484,4.75,38.84,19.51,35.48,18.61,40.28,37.76,71.8,1.08,66.59,15.58,80.0,21.25,43.21,18.51,39.79,0.43,37.0,4.24,100.0,0.65,38.0,38.0,66.66,1.08,55.0,25.22,40.0,3.68,50.47,17.84,47.05,0.0,0.0,0.0
12377,82,103,258,3.48,37.73,16.59,36.6,11.58,44.96,100.0,2.0,1.2,60.0,9.16,33.33,85.94,36.92,16.83,42.52,1.6,31.25,6.94,100.0,0.0,0.0,0.0,0.0,5.62,36.85,11.32,28.57,3.61,45.44,12.86,77.77,0.0,0.0,0.0
12378,82,104,0,0.0,0.0,0.0,0.0,0.0,0.0,0.0,0.0,0.0,0.0,0.0,0.0,0.0,0.0,0.0,0.0,0.0,0.0,0.0,0.0,0.0,0.0,0.0,0.0,0.0,0.0,0.0,0.0,0.0,0.0,0.0,0.0,0.0,0.0,0.0
12379,82,105,617,1.78,42.76,17.84,39.56,19.52,41.97,40.62,10.56,0.99,44.5,26.81,33.33,75.74,41.59,17.21,40.08,2.64,51.81,13.98,62.5,0.66,39.0,11.1,0.0,4.29,44.03,14.78,50.0,5.11,57.77,17.08,61.29,0.0,0.0,0.0
12380,82,106,714,7.42,38.96,17.55,36.36,15.96,40.19,38.73,71.86,0.75,43.0,34.95,60.0,17.09,41.64,17.22,42.47,1.05,50.0,27.22,28.57,3.63,36.95,17.16,33.33,0.9,43.5,12.07,50.0,4.68,50.87,20.9,38.7,0.0,0.0,0.0
12381,82,107,925,2.59,40.46,17.42,42.8,17.61,42.05,61.9,2.33,0.55,57.2,26.03,40.0,88.9,40.1,17.28,41.57,1.55,44.21,12.92,35.71,0.22,48.5,30.4,50.0,3.99,37.33,14.41,33.33,2.44,48.31,19.72,68.18,0.0,0.0,0.0
12382,82,108,339,2.35,41.51,18.07,43.5,7.77,42.77,50.0,0.6,0.3,23.0,0.0,0.0,87.31,41.28,18.13,42.21,1.51,30.2,20.78,60.0,0.3,49.0,0.0,0.0,6.34,38.14,17.8,33.33,3.62,52.41,18.74,66.66,0.0,0.0,0.0
12383,82,109,873,6.18,39.45,18.73,38.17,18.35,38.37,36.21,74.84,1.7,40.42,21.93,50.0,16.6,41.57,18.07,44.85,0.36,41.33,7.5,33.33,2.19,29.38,17.31,44.44,1.09,42.66,12.77,22.22,3.17,38.0,20.72,34.61,0.0,0.0,0.0
12384,82,110,611,8.18,40.22,18.52,38.15,18.28,42.22,41.94,80.74,2.85,53.18,18.55,43.75,9.62,44.0,17.97,48.14,0.89,52.4,26.19,20.0,2.31,45.15,16.22,53.84,0.71,40.25,30.99,0.0,2.85,45.81,18.22,50.0,0.0,0.0,0.0
12385,82,111,520,9.23,38.89,18.15,36.64,17.48,41.53,42.24,73.72,0.63,63.0,26.0,100.0,17.79,39.53,17.23,39.28,0.42,26.5,4.94,50.0,4.23,41.2,19.12,35.0,0.21,62.0,0.0,0.0,2.96,41.85,20.69,14.28,0.0,0.0,0.0
12386,82,112,931,7.84,38.55,18.12,36.57,17.25,42.21,42.36,77.85,1.16,43.4,18.44,90.0,15.38,42.2,19.28,42.42,0.81,40.0,22.37,42.85,2.56,46.5,17.69,40.9,0.34,29.66,2.08,66.66,1.86,50.12,16.54,18.75,0.0,0.0,0.0
12387,82,113,668,1.64,42.52,18.86,34.7,16.5,41.91,70.0,1.52,0.3,73.0,4.24,100.0,87.97,41.51,18.71,42.73,0.91,37.0,22.07,50.0,0.45,44.66,14.46,33.33,6.24,46.75,16.13,26.82,2.58,59.88,15.38,35.29,0.0,0.0,0.0
12388,82,114,0,0.0,0.0,0.0,0.0,0.0,0.0,0.0,0.0,0.0,0.0,0.0,0.0,0.0,0.0,0.0,0.0,0.0,0.0,0.0,0.0,0.0,0.0,0.0,0.0,0.0,0.0,0.0,0.0,0.0,0.0,0.0,0.0,0.0,0.0,0.0
12389,82,115,0,0.0,0.0,0.0,0.0,0.0,0.0,0.0,0.0,0.0,0.0,0.0,0.0,0.0,0.0,0.0,0.0,0.0,0.0,0.0,0.0,0.0,0.0,0.0,0.0,0.0,0.0,0.0,0.0,0.0,0.0,0.0,0.0,0.0,0.0,0.0
12390,82,116,0,0.0,0.0,0.0,0.0,0.0,0.0,0.0,0.0,0.0,0.0,0.0,0.0,0.0,0.0,0.0,0.0,0.0,0.0,0.0,0.0,0.0,0.0,0.0,0.0,0.0,0.0,0.0,0.0,0.0,0.0,0.0,0.0,0.0,0.0,0.0
12391,82,117,938,2.66,43.94,19.05,45.95,17.34,40.72,30.0,2.19,0.32,58.66,12.09,33.33,86.41,43.29,19.23,41.06,1.86,42.82,16.76,58.82,0.21,26.5,2.12,0.0,5.58,46.72,17.2,31.37,3.39,48.19,18.34,45.16,0.0,0.0,0.0
12392,82,118,891,3.36,41.87,18.87,40.4,16.25,38.72,47.72,5.11,0.58,40.79,30.39,100.0,82.92,41.71,18.6,38.93,2.09,34.44,14.59,27.77,0.69,46.0,10.77,16.66,5.11,38.18,17.62,25.0,3.48,56.3,20.39,53.33,0.0,0.0,0.0
12393,82,119,0,0.0,0.0,0.0,0.0,0.0,0.0,0.0,0.0,0.0,0.0,0.0,0.0,0.0,0.0,0.0,0.0,0.0,0.0,0.0,0.0,0.0,0.0,0.0,0.0,0.0,0.0,0.0,0.0,0.0,0.0,0.0,0.0,0.0,0.0,0.0
12394,82,120,0,0.0,0.0,0.0,0.0,0.0,0.0,0.0,0.0,0.0,0.0,0.0,0.0,0.0,0.0,0.0,0.0,0.0,0.0,0.0,0.0,0.0,0.0,0.0,0.0,0.0,0.0,0.0,0.0,0.0,0.0,0.0,0.0,0.0,0.0,0.0
12395,82,121,0,0.0,0.0,0.0,0.0,0.0,0.0,0.0,0.0,0.0,0.0,0.0,0.0,0.0,0.0,0.0,0.0,0.0,0.0,0.0,0.0,0.0,0.0,0.0,0.0,0.0,0.0,0.0,0.0,0.0,0.0,0.0,0.0,0.0,0.0,0.0
12396,82,122,855,1.28,42.89,19.3,47.41,19.78,43.15,75.0,1.42,0.0,0.0,0.0,0.0,92.29,42.91,18.96,42.74,0.82,41.85,15.12,57.14,0.11,23.0,0.0,100.0,4.5,38.18,20.49,31.57,0.82,49.0,29.99,71.42,0.0,0.0,0.0
12397,82,123,866,1.5,43.44,17.05,35.53,14.77,44.57,60.71,3.28,0.46,57.5,28.94,25.0,91.79,43.38,16.98,43.55,1.28,47.27,13.52,72.72,0.0,0.0,0.0,0.0,1.87,46.25,17.65,37.5,1.28,46.27,17.79,54.54,0.0,0.0,0.0
12398,82,124,0,0.0,0.0,0.0,0.0,0.0,0.0,0.0,0.0,0.0,0.0,0.0,0.0,0.0,0.0,0.0,0.0,0.0,0.0,0.0,0.0,0.0,0.0,0.0,0.0,0.0,0.0,0.0,0.0,0.0,0.0,0.0,0.0,0.0,0.0,0.0
12399,82,126,0,0.0,0.0,0.0,0.0,0.0,0.0,0.0,0.0,0.0,0.0,0.0,0.0,0.0,0.0,0.0,0.0,0.0,0.0,0.0,0.0,0.0,0.0,0.0,0.0,0.0,0.0,0.0,0.0,0.0,0.0,0.0,0.0,0.0,0.0,0.0
12400,82,127,0,0.0,0.0,0.0,0.0,0.0,0.0,0.0,0.0,0.0,0.0,0.0,0.0,0.0,0.0,0.0,0.0,0.0,0.0,0.0,0.0,0.0,0.0,0.0,0.0,0.0,0.0,0.0,0.0,0.0,0.0,0.0,0.0,0.0,0.0,0.0
12401,82,128,830,1.68,37.79,17.03,35.81,15.6,44.21,46.05,9.31,0.49,34.5,12.26,50.0,82.1,37.79,16.95,43.88,2.45,36.04,10.52,60.0,0.24,54.0,2.82,50.0,3.18,33.5,19.74,34.61,2.2,54.77,15.25,38.88,0.0,0.0,0.0
12402,82,129,559,1.25,43.68,17.55,34.62,13.87,44.0,45.0,7.24,0.0,0.0,0.0,0.0,87.68,43.78,17.56,43.8,1.26,42.42,18.44,42.85,0.36,46.0,0.0,0.0,1.99,50.45,12.9,54.54,1.44,67.62,11.77,50.0,0.0,0.0,0.0
12403,82,130,975,3.07,41.72,17.63,39.71,17.41,42.87,41.8,31.64,0.63,57.16,23.59,50.0,62.22,41.75,17.23,44.72,0.84,45.12,10.41,62.5,0.74,41.85,25.84,42.85,2.43,43.78,15.58,13.04,1.48,52.78,15.65,21.42,0.0,0.0,0.0
12404,82,131,850,1.05,37.56,17.56,32.12,14.51,44.82,39.48,27.7,0.71,34.0,23.61,33.33,65.99,39.59,18.09,47.92,0.59,40.2,6.72,80.0,0.83,48.14,13.92,14.28,2.25,35.68,23.77,36.84,1.9,45.68,18.17,37.5,0.0,0.0,0.0
12405,82,132,0,0.0,0.0,0.0,0.0,0.0,0.0,0.0,0.0,0.0,0.0,0.0,0.0,0.0,0.0,0.0,0.0,0.0,0.0,0.0,0.0,0.0,0.0,0.0,0.0,0.0,0.0,0.0,0.0,0.0,0.0,0.0,0.0,0.0,0.0,0.0
12406,82,133,0,0.0,0.0,0.0,0.0,0.0,0.0,0.0,0.0,0.0,0.0,0.0,0.0,0.0,0.0,0.0,0.0,0.0,0.0,0.0,0.0,0.0,0.0,0.0,0.0,0.0,0.0,0.0,0.0,0.0,0.0,0.0,0.0,0.0,0.0,0.0
12407,82,134,896,4.46,38.66,17.73,37.06,17.15,42.18,41.29,84.57,1.16,43.7,13.88,80.0,10.04,45.68,20.45,43.02,0.11,32.0,0.0,0.0,1.75,49.2,17.13,46.66,0.35,41.66,2.51,33.33,1.98,43.82,20.17,47.05,0.0,0.0,0.0
12408,82,135,726,2.47,39.14,19.47,37.75,19.38,39.66,37.85,85.45,0.42,37.33,10.26,100.0,9.6,46.72,19.68,50.0,0.28,48.0,12.72,50.0,1.83,44.0,13.58,53.84,0.28,45.0,35.35,0.0,2.11,50.86,23.69,40.0,0.0,0.0,0.0
12409,82,136,632,2.84,38.03,17.95,36.6,17.49,42.56,40.21,77.36,0.48,36.0,24.33,100.0,17.42,43.29,19.19,44.85,0.16,66.0,0.0,0.0,2.11,30.07,13.46,69.23,0.65,48.5,19.63,50.0,1.62,44.8,16.43,30.0,0.0,0.0,0.0
12410,82,137,0,0.0,0.0,0.0,0.0,0.0,0.0,0.0,0.0,0.0,0.0,0.0,0.0,0.0,0.0,0.0,0.0,0.0,0.0,0.0,0.0,0.0,0.0,0.0,0.0,0.0,0.0,0.0,0.0,0.0,0.0,0.0,0.0,0.0,0.0,0.0
12411,82,138,422,4.5,38.71,17.22,36.84,15.72,44.54,42.42,81.88,1.48,37.0,20.33,66.66,12.15,48.75,20.43,51.02,0.0,0.0,0.0,0.0,1.73,33.42,10.79,42.85,0.0,0.0,0.0,0.0,2.72,39.63,25.56,63.63,0.0,0.0,0.0
12412,82,139,545,5.5,39.67,17.58,37.95,15.93,41.65,39.54,77.08,1.16,53.16,11.6,50.0,15.92,43.14,20.31,47.56,0.77,58.25,20.88,75.0,2.52,39.46,23.35,38.46,0.19,76.0,0.0,0.0,2.33,40.33,20.98,58.33,0.0,0.0,0.0
12413,82,140,632,6.48,42.91,18.4,41.79,18.14,40.66,40.72,79.35,0.84,47.6,29.19,40.0,14.38,45.89,17.86,42.35,0.33,70.0,5.65,50.0,2.19,37.46,10.59,46.15,0.5,28.33,5.68,0.0,2.36,46.57,15.93,42.85,0.0,0.0,0.0
12414,82,141,588,6.63,40.23,18.46,38.59,17.56,40.64,39.46,74.31,0.54,41.0,17.05,0.0,17.85,42.8,20.09,45.91,0.36,49.5,23.33,50.0,4.18,43.04,19.54,30.43,0.36,35.0,2.82,50.0,2.36,47.76,25.43,7.69,0.0,0.0,0.0
12415,82,142,637,4.23,38.44,18.16,37.5,16.72,39.24,38.97,83.27,1.96,33.66,17.11,41.66,7.86,40.56,20.43,45.83,0.16,82.0,0.0,100.0,2.95,38.33,20.69,27.77,0.16,27.0,0.0,0.0,3.6,48.13,30.05,40.9,0.0,0.0,0.0
12416,82,143,0,0.0,0.0,0.0,0.0,0.0,0.0,0.0,0.0,0.0,0.0,0.0,0.0,0.0,0.0,0.0,0.0,0.0,0.0,0.0,0.0,0.0,0.0,0.0,0.0,0.0,0.0,0.0,0.0,0.0,0.0,0.0,0.0,0.0,0.0,0.0
12417,82,144,0,0.0,0.0,0.0,0.0,0.0,0.0,0.0,0.0,0.0,0.0,0.0,0.0,0.0,0.0,0.0,0.0,0.0,0.0,0.0,0.0,0.0,0.0,0.0,0.0,0.0,0.0,0.0,0.0,0.0,0.0,0.0,0.0,0.0,0.0,0.0
12418,82,145,737,4.88,40.73,17.96,38.5,16.92,43.14,41.66,68.47,1.42,41.2,17.69,60.0,23.25,45.41,19.51,41.71,0.0,0.0,0.0,0.0,2.85,38.25,15.77,25.0,0.85,43.33,11.29,33.33,3.13,47.0,20.66,54.54,0.0,0.0,0.0
12419,82,146,717,5.29,40.09,18.6,38.92,18.26,40.86,38.49,78.05,1.32,43.66,15.24,77.77,14.28,43.73,19.56,42.26,0.29,38.0,25.45,50.0,3.09,39.9,12.22,66.66,0.88,55.66,11.67,0.0,2.06,46.21,26.31,64.28,0.0,0.0,0.0
12420,82,147,0,0.0,0.0,0.0,0.0,0.0,0.0,0.0,0.0,0.0,0.0,0.0,0.0,0.0,0.0,0.0,0.0,0.0,0.0,0.0,0.0,0.0,0.0,0.0,0.0,0.0,0.0,0.0,0.0,0.0,0.0,0.0,0.0,0.0,0.0,0.0
12421,82,148,0,0.0,0.0,0.0,0.0,0.0,0.0,0.0,0.0,0.0,0.0,0.0,0.0,0.0,0.0,0.0,0.0,0.0,0.0,0.0,0.0,0.0,0.0,0.0,0.0,0.0,0.0,0.0,0.0,0.0,0.0,0.0,0.0,0.0,0.0,0.0
12422,82,149,205,2.92,35.29,19.13,33.93,19.38,38.53,36.47,85.42,0.0,0.0,0.0,0.0,9.04,40.33,14.82,44.44,0.0,0.0,0.0,0.0,3.51,44.28,19.24,28.57,0.0,0.0,0.0,0.0,2.01,43.0,27.05,75.0,0.0,0.0,0.0
12423,82,150,0,0.0,0.0,0.0,0.0,0.0,0.0,0.0,0.0,0.0,0.0,0.0,0.0,0.0,0.0,0.0,0.0,0.0,0.0,0.0,0.0,0.0,0.0,0.0,0.0,0.0,0.0,0.0,0.0,0.0,0.0,0.0,0.0,0.0,0.0,0.0
12424,82,151,630,3.8,39.75,18.61,38.08,18.24,42.53,40.49,85.97,1.65,39.5,12.92,50.0,7.09,49.39,18.59,51.16,0.16,55.0,0.0,0.0,1.81,32.09,11.37,36.36,0.33,57.5,16.26,100.0,2.97,51.94,16.92,55.55,0.0,0.0,0.0
12425,82,152,521,5.18,39.56,18.22,38.77,17.74,39.53,37.65,82.79,1.01,52.8,24.99,80.0,11.53,42.01,19.9,43.85,0.2,0.0,0.0,100.0,1.82,40.66,14.97,66.66,0.4,48.5,16.26,50.0,2.22,45.09,19.19,45.45,0.0,0.0,0.0
12426,82,153,0,0.0,0.0,0.0,0.0,0.0,0.0,0.0,0.0,0.0,0.0,0.0,0.0,0.0,0.0,0.0,0.0,0.0,0.0,0.0,0.0,0.0,0.0,0.0,0.0,0.0,0.0,0.0,0.0,0.0,0.0,0.0,0.0,0.0,0.0,0.0
12427,82,154,579,2.76,40.66,18.53,40.21,18.49,41.79,40.68,77.26,1.06,35.16,11.01,83.33,17.05,41.34,19.07,41.66,0.0,0.0,0.0,0.0,1.77,39.2,18.76,30.0,0.17,35.0,0.0,100.0,2.66,44.93,18.97,40.0,0.0,0.0,0.0
12428,82,155,647,4.17,42.03,20.18,41.6,19.67,41.11,38.55,82.41,1.12,35.85,13.95,42.85,10.64,40.78,21.62,51.51,0.32,64.5,24.74,100.0,3.54,47.31,22.44,45.45,0.32,44.0,62.22,100.0,1.61,51.8,21.57,50.0,0.0,0.0,0.0
12429,82,156,0,0.0,0.0,0.0,0.0,0.0,0.0,0.0,0.0,0.0,0.0,0.0,0.0,0.0,0.0,0.0,0.0,0.0,0.0,0.0,0.0,0.0,0.0,0.0,0.0,0.0,0.0,0.0,0.0,0.0,0.0,0.0,0.0,0.0,0.0,0.0
12430,82,157,770,6.1,38.87,18.23,37.72,17.55,40.64,38.35,87.27,0.96,50.28,19.31,57.14,7.19,45.23,20.6,48.07,0.0,0.0,0.0,0.0,1.93,45.71,18.53,42.85,0.69,32.0,21.3,40.0,1.79,44.46,21.93,61.53,0.0,0.0,0.0
12431,82,158,582,7.21,41.58,18.4,38.78,17.28,39.86,40.19,76.48,1.11,36.0,14.19,83.33,17.59,47.58,19.95,31.57,0.37,41.0,5.65,50.0,1.85,52.1,14.34,50.0,0.18,38.0,0.0,100.0,2.4,50.07,18.33,53.84,0.0,0.0,0.0
12432,82,159,672,7.14,37.48,16.85,35.57,15.79,42.26,40.27,80.76,1.12,34.0,31.78,42.85,11.21,38.55,16.95,48.57,0.32,22.5,3.53,50.0,3.68,36.82,15.66,34.78,0.32,65.5,10.6,0.0,2.56,53.87,16.45,50.0,0.0,0.0,0.0
12433,82,160,623,7.06,39.92,18.47,38.46,17.18,41.73,40.87,83.24,0.69,18.75,12.99,25.0,9.84,45.84,22.68,42.1,0.0,0.0,0.0,0.0,2.41,40.57,22.81,71.42,0.86,42.8,22.24,20.0,2.93,51.7,19.95,41.17,0.0,0.0,0.0
12434,82,161,970,6.08,40.8,17.46,39.03,17.22,38.45,35.91,83.75,0.76,40.85,15.51,42.85,10.09,47.09,17.3,44.56,0.21,66.0,14.14,100.0,2.74,44.8,17.34,60.0,0.0,0.0,0.0,0.0,2.41,44.9,18.09,36.36,0.0,0.0,0.0
12435,82,162,0,0.0,0.0,0.0,0.0,0.0,0.0,0.0,0.0,0.0,0.0,0.0,0.0,0.0,0.0,0.0,0.0,0.0,0.0,0.0,0.0,0.0,0.0,0.0,0.0,0.0,0.0,0.0,0.0,0.0,0.0,0.0,0.0,0.0,0.0,0.0
12436,82,163,0,0.0,0.0,0.0,0.0,0.0,0.0,0.0,0.0,0.0,0.0,0.0,0.0,0.0,0.0,0.0,0.0,0.0,0.0,0.0,0.0,0.0,0.0,0.0,0.0,0.0,0.0,0.0,0.0,0.0,0.0,0.0,0.0,0.0,0.0,0.0
12437,82,164,0,0.0,0.0,0.0,0.0,0.0,0.0,0.0,0.0,0.0,0.0,0.0,0.0,0.0,0.0,0.0,0.0,0.0,0.0,0.0,0.0,0.0,0.0,0.0,0.0,0.0,0.0,0.0,0.0,0.0,0.0,0.0,0.0,0.0,0.0,0.0
12438,82,165,1146,6.28,39.83,20.2,38.51,19.73,42.84,41.43,77.74,1.3,37.57,30.92,50.0,16.2,42.25,19.61,41.37,0.09,55.0,0.0,100.0,1.76,44.78,20.64,57.89,0.46,55.4,15.45,40.0,2.42,37.76,17.74,46.15,0.0,0.0,0.0
12439,82,166,785,5.09,40.2,20.13,38.04,18.69,39.49,37.11,78.12,1.07,37.62,20.81,12.5,15.57,45.68,21.36,46.55,0.4,54.0,22.11,33.33,1.74,49.15,29.52,46.15,0.67,48.4,23.94,60.0,2.41,45.77,23.15,61.11,0.0,0.0,0.0
12440,82,167,733,5.18,39.93,19.66,37.98,18.77,42.01,40.21,79.42,1.43,28.9,15.32,50.0,13.95,44.51,20.38,44.32,0.57,37.25,12.14,50.0,2.3,37.68,20.05,50.0,0.57,32.0,35.67,25.0,1.72,55.0,25.27,75.0,0.0,0.0,0.0
12441,82,169,736,3.39,38.5,18.02,37.37,17.13,40.08,38.65,83.68,0.84,40.16,26.33,50.0,10.97,40.87,21.66,39.74,0.0,0.0,0.0,0.0,1.96,46.64,13.24,50.0,0.28,27.0,7.07,0.0,2.25,48.43,16.66,50.0,0.0,0.0,0.0
12442,82,170,991,3.83,42.47,19.41,38.75,16.51,41.97,68.75,3.35,0.62,36.66,20.18,33.33,83.94,41.38,19.36,40.87,1.36,30.69,4.93,53.84,0.1,66.0,0.0,0.0,5.24,43.18,17.06,36.0,5.35,54.17,17.04,47.05,0.0,0.0,0.0
12443,82,171,251,3.18,40.11,17.62,41.09,16.27,40.63,38.09,8.64,1.23,69.33,19.65,33.33,81.89,39.32,17.34,40.2,1.23,32.33,4.5,66.66,0.0,0.0,0.0,0.0,4.93,32.08,15.42,33.33,2.05,57.4,10.92,100.0,0.0,0.0,0.0
12444,82,172,0,0.0,0.0,0.0,0.0,0.0,0.0,0.0,0.0,0.0,0.0,0.0,0.0,0.0,0.0,0.0,0.0,0.0,0.0,0.0,0.0,0.0,0.0,0.0,0.0,0.0,0.0,0.0,0.0,0.0,0.0,0.0,0.0,0.0,0.0,0.0
12445,82,173,0,0.0,0.0,0.0,0.0,0.0,0.0,0.0,0.0,0.0,0.0,0.0,0.0,0.0,0.0,0.0,0.0,0.0,0.0,0.0,0.0,0.0,0.0,0.0,0.0,0.0,0.0,0.0,0.0,0.0,0.0,0.0,0.0,0.0,0.0,0.0
12446,82,174,868,1.84,44.66,20.04,57.33,16.77,39.74,44.44,1.05,0.93,49.25,23.98,37.5,87.32,43.95,19.8,40.72,1.4,53.5,26.93,41.66,0.23,66.0,14.14,0.0,6.45,44.32,19.6,30.9,2.58,53.68,17.09,40.9,0.0,0.0,0.0
12447,82,175,326,1.84,42.17,19.02,44.07,23.84,40.79,35.71,4.37,0.93,36.0,9.84,66.66,86.87,41.92,18.69,39.56,1.56,46.8,21.32,60.0,0.31,52.0,0.0,0.0,4.37,30.92,12.64,28.57,1.56,61.8,28.87,60.0,0.0,0.0,0.0
12448,82,176,653,5.66,39.99,18.97,38.18,18.33,41.65,40.28,78.57,1.13,61.57,24.69,57.14,12.01,44.6,20.07,43.24,0.64,37.0,43.0,75.0,3.08,45.21,16.13,57.89,0.32,45.0,32.52,0.0,4.22,41.42,15.52,34.61,0.0,0.0,0.0
12449,82,177,852,7.86,40.28,18.3,39.46,17.85,42.37,40.14,72.35,1.65,48.0,20.31,69.23,17.45,39.3,18.17,43.79,0.76,50.16,29.49,50.0,4.2,39.81,19.61,45.45,1.52,40.75,15.45,25.0,2.03,45.31,17.7,43.75,0.0,0.0,0.0
12450,82,178,0,0.0,0.0,0.0,0.0,0.0,0.0,0.0,0.0,0.0,0.0,0.0,0.0,0.0,0.0,0.0,0.0,0.0,0.0,0.0,0.0,0.0,0.0,0.0,0.0,0.0,0.0,0.0,0.0,0.0,0.0,0.0,0.0,0.0,0.0,0.0
12451,82,179,864,7.29,41.15,18.73,39.47,18.28,43.28,41.6,69.91,1.87,37.4,19.43,46.66,19.85,42.12,18.01,47.16,0.37,38.66,33.48,33.33,3.87,41.83,15.86,41.93,1.62,40.0,18.64,38.46,2.49,59.8,14.88,55.0,0.0,0.0,0.0
12452,82,180,671,6.25,40.23,19.41,40.22,18.98,40.83,39.58,83.94,2.22,32.57,22.23,42.85,8.9,40.71,20.95,44.64,0.47,55.66,20.55,66.66,2.22,38.07,15.5,57.14,0.15,27.0,0.0,0.0,2.06,46.3,21.91,46.15,0.0,0.0,0.0
12453,82,181,507,5.71,37.91,17.43,37.01,17.05,42.01,41.41,82.84,2.09,44.5,22.21,40.0,8.15,39.69,15.12,46.15,0.0,0.0,0.0,0.0,4.18,39.7,17.81,35.0,0.41,64.0,14.14,50.0,2.3,43.36,24.24,54.54,0.0,0.0,0.0
12454,82,182,982,6.0,37.57,18.92,35.7,18.33,43.68,42.97,78.65,1.95,47.11,23.69,22.22,13.54,43.44,19.16,43.2,0.43,43.5,20.04,0.0,1.84,32.94,13.34,47.05,0.54,47.2,9.01,20.0,3.03,37.82,17.44,67.85,0.0,0.0,0.0
12455,82,183,1062,3.38,40.26,18.98,39.11,18.43,41.33,40.12,80.4,0.38,44.0,18.12,50.0,15.69,44.47,19.64,45.96,0.58,44.5,27.16,33.33,1.36,33.57,18.69,28.57,0.38,52.5,24.69,50.0,1.16,41.0,18.13,50.0,0.0,0.0,0.0
12456,82,184,0,0.0,0.0,0.0,0.0,0.0,0.0,0.0,0.0,0.0,0.0,0.0,0.0,0.0,0.0,0.0,0.0,0.0,0.0,0.0,0.0,0.0,0.0,0.0,0.0,0.0,0.0,0.0,0.0,0.0,0.0,0.0,0.0,0.0,0.0,0.0
12457,82,185,1043,6.32,40.73,18.07,40.52,18.41,40.46,38.58,83.82,1.22,44.16,15.23,41.66,9.0,40.18,17.32,45.45,0.3,50.66,30.43,66.66,3.17,41.9,13.2,54.83,0.1,34.0,0.0,100.0,2.35,45.04,21.42,60.86,0.0,0.0,0.0
12458,82,186,929,5.27,39.8,17.47,39.12,17.35,42.41,40.36,81.93,1.36,40.16,12.9,66.66,10.45,40.38,17.12,50.0,0.45,29.75,5.5,0.0,2.61,35.26,11.39,56.52,0.34,45.0,2.64,0.0,2.84,50.6,20.44,48.0,0.0,0.0,0.0
12459,82,187,0,0.0,0.0,0.0,0.0,0.0,0.0,0.0,0.0,0.0,0.0,0.0,0.0,0.0,0.0,0.0,0.0,0.0,0.0,0.0,0.0,0.0,0.0,0.0,0.0,0.0,0.0,0.0,0.0,0.0,0.0,0.0,0.0,0.0,0.0,0.0
12460,82,188,958,7.72,39.31,17.62,38.33,16.61,41.02,39.64,83.59,1.01,51.0,28.44,66.66,11.53,43.48,19.79,41.17,0.0,0.0,0.0,0.0,1.69,31.4,14.86,46.66,0.22,34.0,19.79,0.0,1.92,38.7,21.55,70.58,0.0,0.0,0.0
12461,82,189,0,0.0,0.0,0.0,0.0,0.0,0.0,0.0,0.0,0.0,0.0,0.0,0.0,0.0,0.0,0.0,0.0,0.0,0.0,0.0,0.0,0.0,0.0,0.0,0.0,0.0,0.0,0.0,0.0,0.0,0.0,0.0,0.0,0.0,0.0,0.0
12462,82,190,516,4.06,41.38,18.46,39.94,17.41,37.79,35.59,71.51,1.81,54.44,30.74,77.77,20.6,44.32,18.19,39.21,0.4,27.0,38.18,50.0,2.02,42.8,16.55,0.0,1.41,32.85,20.53,28.57,2.22,31.63,19.96,36.36,0.0,0.0,0.0
12463,82,191,1004,5.77,40.69,19.02,38.85,17.76,42.52,41.27,72.72,0.84,49.75,22.28,75.0,19.02,42.77,19.12,40.55,0.31,46.0,27.4,33.33,2.43,47.73,26.05,43.47,0.73,54.0,21.64,28.57,3.91,52.48,15.2,56.75,0.0,0.0,0.0
12464,82,192,1007,5.26,41.79,18.01,40.26,17.64,41.41,40.19,75.36,3.35,38.31,20.15,50.0,15.93,45.88,17.34,38.15,0.0,0.0,0.0,0.0,1.46,47.35,15.92,64.28,0.83,51.87,16.18,37.5,3.03,48.89,20.98,58.62,0.0,0.0,0.0
12465,82,193,899,6.22,40.57,18.63,38.64,17.62,39.71,38.12,80.9,2.37,38.45,19.97,50.0,11.5,47.56,21.15,37.11,0.59,46.0,20.13,60.0,2.13,39.77,17.81,50.0,0.23,41.5,7.77,50.0,2.25,40.26,18.43,36.84,0.0,0.0,0.0
12466,82,194,708,5.5,37.16,17.22,36.5,17.08,42.79,40.18,80.71,1.49,27.4,19.64,50.0,10.61,41.22,16.99,52.11,0.44,31.0,5.19,33.33,3.28,36.18,17.59,50.0,0.59,45.25,13.25,50.0,2.84,39.63,18.83,52.63,0.0,0.0,0.0
12467,82,195,542,7.19,38.12,16.9,36.51,15.94,42.61,40.19,80.11,2.58,45.23,23.49,30.76,11.53,42.01,18.06,55.17,0.59,43.33,14.84,100.0,3.57,38.38,16.46,44.44,0.39,75.5,2.12,0.0,1.19,43.0,26.95,50.0,0.0,0.0,0.0
12468,82,196,0,0.0,0.0,0.0,0.0,0.0,0.0,0.0,0.0,0.0,0.0,0.0,0.0,0.0,0.0,0.0,0.0,0.0,0.0,0.0,0.0,0.0,0.0,0.0,0.0,0.0,0.0,0.0,0.0,0.0,0.0,0.0,0.0,0.0,0.0,0.0
12469,82,197,968,4.85,40.51,19.19,38.89,18.83,40.39,38.77,72.52,1.41,42.07,29.21,61.53,18.67,42.62,18.53,39.53,0.54,45.0,20.31,60.0,2.06,45.68,18.7,47.36,0.32,38.66,9.81,0.0,4.45,43.43,18.74,48.78,0.0,0.0,0.0
12470,82,198,669,3.58,38.97,18.76,37.37,18.02,38.71,36.44,84.65,1.39,47.33,21.05,33.33,8.68,44.16,19.13,37.5,0.46,32.33,32.0,100.0,1.39,38.44,13.62,66.66,0.31,30.5,9.19,0.0,3.1,49.65,23.99,55.0,0.0,0.0,0.0
12471,82,199,931,4.61,42.08,18.36,41.37,17.95,40.27,37.67,82.2,1.23,46.63,22.58,81.81,11.14,42.74,18.67,44.44,0.33,46.0,3.6,33.33,2.47,36.36,12.46,59.09,0.67,41.83,20.58,16.66,1.91,46.82,22.19,52.94,0.0,0.0,0.0
12472,82,200,935,3.31,41.48,19.25,41.16,19.01,38.71,37.9,86.39,0.55,40.2,31.72,20.0,7.85,43.97,20.73,35.21,0.66,58.83,19.39,16.66,2.32,37.04,15.31,66.66,0.0,0.0,0.0,0.0,2.21,38.65,16.26,50.0,0.0,0.0,0.0
12473,82,201,0,0.0,0.0,0.0,0.0,0.0,0.0,0.0,0.0,0.0,0.0,0.0,0.0,0.0,0.0,0.0,0.0,0.0,0.0,0.0,0.0,0.0,0.0,0.0,0.0,0.0,0.0,0.0,0.0,0.0,0.0,0.0,0.0,0.0,0.0,0.0
12474,82,202,622,6.27,41.69,19.15,40.41,18.6,40.03,37.87,85.59,1.71,30.1,15.68,70.0,8.06,45.68,19.68,48.93,0.17,83.0,0.0,100.0,1.88,40.72,16.92,45.45,0.51,35.33,34.07,0.0,2.05,54.83,16.45,33.33,0.0,0.0,0.0
12475,82,203,666,5.4,39.38,17.42,38.5,16.75,39.63,36.8,85.39,0.63,66.5,24.51,100.0,9.68,39.26,18.03,55.73,0.31,45.5,12.02,100.0,1.9,33.25,16.12,33.33,0.63,36.0,13.63,0.0,1.42,43.11,24.48,33.33,0.0,0.0,0.0
12476,82,204,836,5.5,41.61,19.35,40.45,19.28,41.98,39.6,82.78,0.88,23.42,16.57,57.14,11.39,47.04,16.65,43.33,0.25,43.5,21.92,50.0,2.53,42.2,21.56,65.0,0.12,35.0,0.0,100.0,2.02,54.68,14.39,68.75,0.0,0.0,0.0
12477,82,205,847,4.13,41.93,16.87,41.01,16.28,39.55,37.99,78.44,0.61,49.6,30.2,20.0,15.02,43.77,17.95,40.16,0.49,43.0,28.95,25.0,2.33,41.94,13.4,63.15,0.24,23.0,32.52,0.0,2.83,46.69,17.29,56.52,0.0,0.0,0.0
12478,82,206,0,0.0,0.0,0.0,0.0,0.0,0.0,0.0,0.0,0.0,0.0,0.0,0.0,0.0,0.0,0.0,0.0,0.0,0.0,0.0,0.0,0.0,0.0,0.0,0.0,0.0,0.0,0.0,0.0,0.0,0.0,0.0,0.0,0.0,0.0,0.0
12479,82,207,393,6.1,39.46,18.89,38.28,18.45,36.13,33.89,80.75,0.81,18.66,32.33,0.0,11.65,38.55,16.18,46.51,1.35,57.6,10.52,0.0,2.43,37.66,27.01,55.55,0.81,47.0,21.79,0.0,2.16,43.75,12.22,50.0,0.0,0.0,0.0
12480,82,208,125,2.4,40.68,16.56,46.25,26.43,42.4,50.0,3.27,0.81,20.0,0.0,0.0,87.7,40.88,16.45,42.05,0.81,24.0,0.0,100.0,0.0,0.0,0.0,0.0,4.09,34.6,8.53,40.0,3.27,43.5,17.59,75.0,0.0,0.0,0.0
12481,82,209,541,2.95,41.88,17.31,47.54,14.5,42.88,63.63,2.09,0.38,70.0,19.79,50.0,86.85,41.2,17.09,42.54,2.09,40.27,16.48,27.27,0.19,0.0,0.0,0.0,4.76,39.88,13.75,44.0,3.61,53.89,13.42,57.89,0.0,0.0,0.0
12482,82,210,0,0.0,0.0,0.0,0.0,0.0,0.0,0.0,0.0,0.0,0.0,0.0,0.0,0.0,0.0,0.0,0.0,0.0,0.0,0.0,0.0,0.0,0.0,0.0,0.0,0.0,0.0,0.0,0.0,0.0,0.0,0.0,0.0,0.0,0.0,0.0
12483,82,211,653,1.83,40.52,17.5,55.0,16.67,42.26,76.92,2.02,0.0,0.0,0.0,0.0,87.05,39.35,17.17,41.75,1.4,48.77,21.66,55.55,0.46,48.0,10.53,33.33,5.77,41.45,16.87,32.43,3.27,47.38,19.7,52.38,0.0,0.0,0.0
12484,82,212,0,0.0,0.0,0.0,0.0,0.0,0.0,0.0,0.0,0.0,0.0,0.0,0.0,0.0,0.0,0.0,0.0,0.0,0.0,0.0,0.0,0.0,0.0,0.0,0.0,0.0,0.0,0.0,0.0,0.0,0.0,0.0,0.0,0.0,0.0,0.0
12485,82,213,853,2.11,43.33,18.08,53.8,19.24,40.44,60.0,0.59,0.59,62.6,19.86,40.0,88.5,42.4,17.87,39.91,2.27,50.68,19.82,52.63,0.35,31.66,31.5,33.33,5.5,45.39,17.64,43.47,2.15,48.61,17.96,38.88,0.0,0.0,0.0
12486,82,214,0,0.0,0.0,0.0,0.0,0.0,0.0,0.0,0.0,0.0,0.0,0.0,0.0,0.0,0.0,0.0,0.0,0.0,0.0,0.0,0.0,0.0,0.0,0.0,0.0,0.0,0.0,0.0,0.0,0.0,0.0,0.0,0.0,0.0,0.0,0.0
12487,82,215,563,0.88,41.03,18.74,35.33,11.36,41.38,66.66,1.07,0.53,20.0,18.02,66.66,89.24,40.91,18.93,41.16,1.97,42.18,14.67,54.54,0.53,42.0,17.05,66.66,3.94,43.22,17.2,22.72,2.68,48.93,17.24,53.33,0.0,0.0,0.0
12488,82,216,580,2.75,44.12,19.17,51.13,14.21,42.06,26.66,2.65,0.35,64.0,14.14,50.0,84.57,42.47,19.22,43.18,3.01,52.7,16.26,29.41,0.53,31.66,6.5,33.33,4.96,51.17,16.21,35.71,3.72,49.66,18.13,52.38,0.0,0.0,0.0
12489,82,217,0,0.0,0.0,0.0,0.0,0.0,0.0,0.0,0.0,0.0,0.0,0.0,0.0,0.0,0.0,0.0,0.0,0.0,0.0,0.0,0.0,0.0,0.0,0.0,0.0,0.0,0.0,0.0,0.0,0.0,0.0,0.0,0.0,0.0,0.0,0.0
12490,82,218,845,2.24,42.73,18.35,46.5,29.6,42.48,100.0,0.48,0.36,36.33,33.5,100.0,87.53,41.87,17.96,41.9,1.93,40.81,15.57,43.75,0.6,41.4,23.4,20.0,4.6,43.86,16.8,39.47,4.47,58.78,18.69,48.64,0.0,0.0,0.0
12491,82,219,0,0.0,0.0,0.0,0.0,0.0,0.0,0.0,0.0,0.0,0.0,0.0,0.0,0.0,0.0,0.0,0.0,0.0,0.0,0.0,0.0,0.0,0.0,0.0,0.0,0.0,0.0,0.0,0.0,0.0,0.0,0.0,0.0,0.0,0.0,0.0
12492,82,220,0,0.0,0.0,0.0,0.0,0.0,0.0,0.0,0.0,0.0,0.0,0.0,0.0,0.0,0.0,0.0,0.0,0.0,0.0,0.0,0.0,0.0,0.0,0.0,0.0,0.0,0.0,0.0,0.0,0.0,0.0,0.0,0.0,0.0,0.0,0.0
12493,82,221,687,3.05,41.86,18.65,43.09,15.78,41.04,33.33,8.1,0.9,46.83,26.92,33.33,79.42,40.25,18.45,40.83,1.95,42.84,24.91,53.84,0.6,47.5,11.26,50.0,5.4,45.27,17.26,36.11,3.6,53.16,20.06,54.16,0.0,0.0,0.0
12494,82,222,572,4.89,43.57,19.45,38.3,19.31,39.68,54.54,6.06,0.18,55.0,0.0,0.0,84.37,42.66,19.67,39.86,1.1,53.16,13.13,50.0,0.18,26.0,0.0,100.0,4.96,44.62,13.64,29.62,3.12,59.76,16.61,35.29,0.0,0.0,0.0
12495,82,223,0,0.0,0.0,0.0,0.0,0.0,0.0,0.0,0.0,0.0,0.0,0.0,0.0,0.0,0.0,0.0,0.0,0.0,0.0,0.0,0.0,0.0,0.0,0.0,0.0,0.0,0.0,0.0,0.0,0.0,0.0,0.0,0.0,0.0,0.0,0.0
12496,82,224,897,2.11,44.3,19.43,32.0,21.45,41.02,58.33,1.36,0.68,37.5,23.45,16.66,89.63,43.44,19.02,41.67,1.93,50.23,16.03,47.05,0.22,64.0,15.55,50.0,3.07,45.14,16.94,25.92,2.96,54.46,20.21,38.46,0.0,0.0,0.0
12497,82,225,214,2.8,40.3,20.08,47.66,32.34,42.99,33.33,1.44,0.0,0.0,0.0,0.0,88.46,38.63,19.55,44.02,1.92,43.25,11.78,100.0,0.0,0.0,0.0,0.0,2.4,44.2,15.4,0.0,5.76,51.0,23.87,41.66,0.0,0.0,0.0
12498,82,227,504,1.38,43.43,17.86,38.77,20.8,41.66,66.66,1.81,0.2,82.0,0.0,0.0,87.92,42.8,17.97,41.64,1.81,42.11,11.99,66.66,0.6,48.0,13.74,0.0,3.42,43.52,11.34,29.41,4.22,50.38,18.42,42.85,0.0,0.0,0.0
12499,82,228,0,0.0,0.0,0.0,0.0,0.0,0.0,0.0,0.0,0.0,0.0,0.0,0.0,0.0,0.0,0.0,0.0,0.0,0.0,0.0,0.0,0.0,0.0,0.0,0.0,0.0,0.0,0.0,0.0,0.0,0.0,0.0,0.0,0.0,0.0,0.0
12500,82,229,0,0.0,0.0,0.0,0.0,0.0,0.0,0.0,0.0,0.0,0.0,0.0,0.0,0.0,0.0,0.0,0.0,0.0,0.0,0.0,0.0,0.0,0.0,0.0,0.0,0.0,0.0,0.0,0.0,0.0,0.0,0.0,0.0,0.0,0.0,0.0
12501,82,230,992,2.41,43.89,18.6,53.13,18.04,41.12,47.82,2.37,0.41,71.5,16.76,25.0,84.4,42.87,18.55,40.75,1.96,38.05,13.96,47.36,0.41,61.5,9.57,0.0,5.68,42.29,18.45,30.9,4.75,53.86,16.07,56.52,0.0,0.0,0.0
12502,82,231,743,2.69,43.48,19.74,47.05,21.38,41.18,55.55,2.48,1.24,48.0,22.19,66.66,82.98,42.6,19.46,40.5,1.52,28.45,17.1,54.54,0.0,0.0,0.0,0.0,5.8,39.4,18.89,28.57,5.94,56.18,19.36,48.83,0.0,0.0,0.0
12503,82,233,0,0.0,0.0,0.0,0.0,0.0,0.0,0.0,0.0,0.0,0.0,0.0,0.0,0.0,0.0,0.0,0.0,0.0,0.0,0.0,0.0,0.0,0.0,0.0,0.0,0.0,0.0,0.0,0.0,0.0,0.0,0.0,0.0,0.0,0.0,0.0
12504,82,234,0,0.0,0.0,0.0,0.0,0.0,0.0,0.0,0.0,0.0,0.0,0.0,0.0,0.0,0.0,0.0,0.0,0.0,0.0,0.0,0.0,0.0,0.0,0.0,0.0,0.0,0.0,0.0,0.0,0.0,0.0,0.0,0.0,0.0,0.0,0.0
12505,82,235,639,4.85,38.84,18.65,37.9,18.25,39.59,37.73,78.45,1.15,39.71,27.54,57.14,14.47,40.39,18.45,37.5,0.65,32.5,11.09,75.0,2.46,40.79,20.33,53.33,0.49,26.33,5.5,33.33,2.3,50.57,17.25,50.0,0.0,0.0,0.0
12506,82,237,1044,5.36,39.71,18.18,37.45,16.94,40.03,39.66,78.84,1.92,41.21,20.12,63.15,13.25,47.71,20.35,31.29,0.2,45.5,28.99,100.0,2.63,39.03,20.48,53.84,0.3,35.0,18.35,33.33,2.83,48.64,23.57,50.0,0.0,0.0,0.0
12507,82,238,606,6.43,41.45,17.57,39.99,17.06,41.91,39.91,81.3,1.76,51.8,18.65,30.0,12.69,44.4,17.22,43.05,0.35,42.5,21.92,50.0,1.76,40.2,16.41,70.0,0.17,30.0,0.0,100.0,1.94,51.18,26.16,63.63,0.0,0.0,0.0
12508,82,239,556,5.39,40.58,19.55,39.27,18.78,40.64,39.44,82.88,0.76,25.25,4.11,50.0,10.26,44.31,22.54,51.85,0.57,35.66,7.5,66.66,3.23,30.47,16.04,41.17,0.38,50.0,25.45,0.0,1.9,43.8,16.88,30.0,0.0,0.0,0.0
12509,82,240,550,0.72,41.83,18.8,46.2,15.38,38.9,40.0,0.91,0.36,55.5,26.16,100.0,92.49,41.56,18.71,39.0,0.91,44.8,15.23,60.0,0.0,0.0,0.0,0.0,2.56,29.57,20.44,35.71,2.74,56.6,14.69,20.0,0.0,0.0,0.0
12510,82,241,0,0.0,0.0,0.0,0.0,0.0,0.0,0.0,0.0,0.0,0.0,0.0,0.0,0.0,0.0,0.0,0.0,0.0,0.0,0.0,0.0,0.0,0.0,0.0,0.0,0.0,0.0,0.0,0.0,0.0,0.0,0.0,0.0,0.0,0.0,0.0
12511,82,242,942,3.82,39.07,17.91,37.81,17.78,39.49,37.5,75.93,1.32,38.25,22.57,66.66,16.66,42.16,16.89,42.38,0.44,58.25,22.75,75.0,2.42,44.13,18.84,45.45,0.55,46.6,26.6,0.0,2.64,40.25,16.17,37.5,0.0,0.0,0.0
12512,82,243,0,0.0,0.0,0.0,0.0,0.0,0.0,0.0,0.0,0.0,0.0,0.0,0.0,0.0,0.0,0.0,0.0,0.0,0.0,0.0,0.0,0.0,0.0,0.0,0.0,0.0,0.0,0.0,0.0,0.0,0.0,0.0,0.0,0.0,0.0,0.0
12513,82,244,924,9.41,41.79,19.48,40.59,19.12,39.71,39.5,81.95,1.91,49.43,20.98,62.5,10.15,41.61,18.69,38.82,0.59,64.59,11.39,20.0,2.15,42.38,15.56,44.44,0.23,66.0,41.01,50.0,2.98,46.04,18.96,52.0,0.0,0.0,0.0
12514,82,245,896,7.92,40.13,17.3,38.53,16.75,41.96,37.83,67.27,1.45,37.41,22.76,41.66,20.36,40.59,17.28,49.4,0.36,44.66,13.05,0.0,3.63,37.5,16.75,46.66,1.45,47.58,20.18,33.33,5.45,46.88,16.57,62.22,0.0,0.0,0.0
12515,82,246,923,7.15,40.1,18.55,37.26,17.86,43.87,42.92,74.21,1.4,50.91,20.82,66.66,17.03,47.3,16.4,39.72,0.58,56.2,18.45,40.0,3.5,39.13,14.2,56.66,0.58,65.59,23.83,40.0,2.68,44.69,19.25,60.86,0.0,0.0,0.0
12516,82,247,0,0.0,0.0,0.0,0.0,0.0,0.0,0.0,0.0,0.0,0.0,0.0,0.0,0.0,0.0,0.0,0.0,0.0,0.0,0.0,0.0,0.0,0.0,0.0,0.0,0.0,0.0,0.0,0.0,0.0,0.0,0.0,0.0,0.0,0.0,0.0
12517,83,1,1064,2.06,41.99,18.92,35.66,16.04,41.07,44.44,1.72,0.19,47.5,3.53,0.0,87.81,41.44,18.77,40.65,1.72,44.27,20.53,50.0,0.38,39.0,17.68,50.0,5.66,45.22,20.47,30.5,2.49,49.38,18.95,65.38,0.0,0.0,0.0
12518,83,2,1095,3.01,41.0,18.75,38.3,19.45,42.46,61.53,1.22,0.09,72.0,0.0,100.0,85.87,39.83,18.17,42.76,1.78,52.42,25.79,36.84,0.28,62.66,11.37,0.0,7.34,41.19,18.42,35.89,3.29,56.74,18.6,51.42,0.0,0.0,0.0
12519,83,4,1182,3.29,43.53,19.04,41.14,12.76,40.27,37.03,2.36,0.17,42.5,31.81,0.0,83.98,42.76,19.01,40.62,2.09,41.91,18.41,54.16,0.61,50.14,14.24,28.57,5.68,42.44,17.26,27.69,4.98,51.91,21.95,56.14,0.0,0.0,0.0
12520,83,5,1171,2.56,42.53,18.83,47.43,20.71,42.95,56.25,1.4,0.08,68.0,0.0,0.0,88.95,41.86,18.36,43.54,1.48,37.94,17.34,58.82,0.08,64.0,0.0,0.0,5.6,40.42,17.59,31.25,2.36,53.62,23.19,37.03,0.0,0.0,0.0
12521,83,6,1086,4.14,43.56,18.14,50.16,17.72,41.98,50.0,1.72,0.38,52.75,40.57,25.0,87.89,42.64,18.24,41.96,2.01,41.9,17.38,66.66,0.09,44.0,0.0,100.0,5.28,45.83,14.82,23.63,2.59,52.48,13.57,44.44,0.0,0.0,0.0
12522,83,7,0,0.0,0.0,0.0,0.0,0.0,0.0,0.0,0.0,0.0,0.0,0.0,0.0,0.0,0.0,0.0,0.0,0.0,0.0,0.0,0.0,0.0,0.0,0.0,0.0,0.0,0.0,0.0,0.0,0.0,0.0,0.0,0.0,0.0,0.0,0.0
12523,83,8,846,3.42,43.16,18.78,48.77,20.49,40.78,44.44,2.2,0.61,53.8,27.15,80.0,84.08,41.54,18.46,40.02,3.91,46.03,14.62,40.62,0.12,60.0,0.0,100.0,6.24,46.49,15.69,31.37,2.81,58.0,22.12,56.52,0.0,0.0,0.0
12524,83,9,679,2.5,44.46,18.63,48.5,18.28,41.97,41.66,1.81,0.15,32.0,0.0,0.0,85.95,44.23,18.73,42.35,1.96,43.61,11.36,46.15,0.45,41.0,39.15,66.66,5.89,40.1,19.21,25.64,3.77,53.36,16.2,56.0,0.0,0.0,0.0
12525,83,10,1289,2.09,41.93,19.43,38.54,20.28,41.66,36.95,3.64,0.31,84.5,7.59,75.0,85.49,41.38,18.97,42.35,1.42,41.33,21.09,55.55,0.39,66.0,20.02,20.0,5.15,41.86,19.87,29.23,3.56,47.28,21.07,42.22,0.0,0.0,0.0
12526,83,11,568,2.99,41.15,21.26,39.0,14.83,41.19,75.0,2.17,0.18,89.0,0.0,100.0,85.11,40.52,20.95,40.51,2.9,35.62,17.59,68.75,0.18,0.0,0.0,0.0,6.71,43.48,21.01,21.62,2.72,52.4,29.92,40.0,0.0,0.0,0.0
12527,83,12,0,0.0,0.0,0.0,0.0,0.0,0.0,0.0,0.0,0.0,0.0,0.0,0.0,0.0,0.0,0.0,0.0,0.0,0.0,0.0,0.0,0.0,0.0,0.0,0.0,0.0,0.0,0.0,0.0,0.0,0.0,0.0,0.0,0.0,0.0,0.0
12528,83,13,0,0.0,0.0,0.0,0.0,0.0,0.0,0.0,0.0,0.0,0.0,0.0,0.0,0.0,0.0,0.0,0.0,0.0,0.0,0.0,0.0,0.0,0.0,0.0,0.0,0.0,0.0,0.0,0.0,0.0,0.0,0.0,0.0,0.0,0.0,0.0
12529,83,14,0,0.0,0.0,0.0,0.0,0.0,0.0,0.0,0.0,0.0,0.0,0.0,0.0,0.0,0.0,0.0,0.0,0.0,0.0,0.0,0.0,0.0,0.0,0.0,0.0,0.0,0.0,0.0,0.0,0.0,0.0,0.0,0.0,0.0,0.0,0.0
12530,83,15,0,0.0,0.0,0.0,0.0,0.0,0.0,0.0,0.0,0.0,0.0,0.0,0.0,0.0,0.0,0.0,0.0,0.0,0.0,0.0,0.0,0.0,0.0,0.0,0.0,0.0,0.0,0.0,0.0,0.0,0.0,0.0,0.0,0.0,0.0,0.0
12531,83,16,957,3.23,43.74,19.19,47.65,17.4,40.75,55.0,2.15,0.1,25.0,0.0,0.0,87.14,43.54,18.72,40.64,1.83,41.76,18.97,52.94,0.21,56.0,2.82,50.0,5.5,40.84,17.73,31.37,3.02,51.67,26.83,42.85,0.0,0.0,0.0
12532,83,17,584,2.39,42.01,19.81,44.5,22.43,37.84,66.66,1.05,0.0,0.0,0.0,0.0,84.73,40.68,19.37,39.13,2.1,56.41,20.49,25.0,0.17,46.0,0.0,0.0,6.14,42.62,19.69,22.85,5.78,51.9,18.56,33.33,0.0,0.0,0.0
12533,83,18,495,2.82,41.47,17.5,46.66,22.52,42.22,66.66,1.24,0.41,64.5,44.54,0.0,87.73,40.64,17.23,42.65,1.45,36.71,15.16,71.42,0.41,40.5,9.19,0.0,4.57,42.72,14.85,27.27,4.15,48.75,17.96,45.0,0.0,0.0,0.0
12534,83,19,1029,3.3,42.94,18.22,51.1,22.72,39.94,40.0,2.01,0.1,25.0,0.0,100.0,86.73,42.38,17.92,40.2,1.5,37.86,19.71,46.66,0.8,58.37,19.41,25.0,5.62,41.48,16.45,28.57,3.21,51.4,19.17,46.87,0.0,0.0,0.0
12535,83,20,828,2.53,44.02,18.59,49.76,18.83,41.66,38.09,2.6,0.24,30.0,0.0,50.0,82.89,43.04,18.64,42.15,2.85,43.13,20.14,52.17,0.24,63.5,26.16,50.0,6.19,46.32,16.67,26.0,4.83,51.76,16.62,46.15,0.0,0.0,0.0
12536,83,21,0,0.0,0.0,0.0,0.0,0.0,0.0,0.0,0.0,0.0,0.0,0.0,0.0,0.0,0.0,0.0,0.0,0.0,0.0,0.0,0.0,0.0,0.0,0.0,0.0,0.0,0.0,0.0,0.0,0.0,0.0,0.0,0.0,0.0,0.0,0.0
12537,83,22,0,0.0,0.0,0.0,0.0,0.0,0.0,0.0,0.0,0.0,0.0,0.0,0.0,0.0,0.0,0.0,0.0,0.0,0.0,0.0,0.0,0.0,0.0,0.0,0.0,0.0,0.0,0.0,0.0,0.0,0.0,0.0,0.0,0.0,0.0,0.0
12538,83,23,0,0.0,0.0,0.0,0.0,0.0,0.0,0.0,0.0,0.0,0.0,0.0,0.0,0.0,0.0,0.0,0.0,0.0,0.0,0.0,0.0,0.0,0.0,0.0,0.0,0.0,0.0,0.0,0.0,0.0,0.0,0.0,0.0,0.0,0.0,0.0
12539,83,24,0,0.0,0.0,0.0,0.0,0.0,0.0,0.0,0.0,0.0,0.0,0.0,0.0,0.0,0.0,0.0,0.0,0.0,0.0,0.0,0.0,0.0,0.0,0.0,0.0,0.0,0.0,0.0,0.0,0.0,0.0,0.0,0.0,0.0,0.0,0.0
12540,83,25,1032,3.39,37.75,16.1,38.91,17.57,41.56,38.92,16.75,0.5,39.6,20.23,60.0,73.72,36.88,15.49,42.17,1.9,34.47,18.47,63.15,0.2,40.5,3.53,0.0,4.21,38.57,15.08,23.8,2.6,49.26,15.73,53.84,0.0,0.0,0.0
12541,83,26,947,2.53,41.09,18.35,37.09,16.63,39.49,33.33,14.3,0.32,47.0,31.76,33.33,75.08,40.86,18.68,40.4,2.05,36.1,16.43,47.36,0.32,50.33,15.04,100.0,4.76,42.22,16.79,27.27,3.14,54.82,13.52,41.37,0.0,0.0,0.0
12542,83,27,0,0.0,0.0,0.0,0.0,0.0,0.0,0.0,0.0,0.0,0.0,0.0,0.0,0.0,0.0,0.0,0.0,0.0,0.0,0.0,0.0,0.0,0.0,0.0,0.0,0.0,0.0,0.0,0.0,0.0,0.0,0.0,0.0,0.0,0.0,0.0
12543,83,28,1033,3.87,42.03,18.29,49.17,21.13,43.46,82.6,2.31,0.2,71.0,11.31,0.0,81.87,41.0,18.32,43.66,3.02,40.73,15.19,40.0,0.3,48.33,18.9,0.0,8.55,40.84,14.49,32.94,3.62,52.08,18.79,47.22,0.0,0.0,0.0
12544,83,29,0,0.0,0.0,0.0,0.0,0.0,0.0,0.0,0.0,0.0,0.0,0.0,0.0,0.0,0.0,0.0,0.0,0.0,0.0,0.0,0.0,0.0,0.0,0.0,0.0,0.0,0.0,0.0,0.0,0.0,0.0,0.0,0.0,0.0,0.0,0.0
12545,83,30,0,0.0,0.0,0.0,0.0,0.0,0.0,0.0,0.0,0.0,0.0,0.0,0.0,0.0,0.0,0.0,0.0,0.0,0.0,0.0,0.0,0.0,0.0,0.0,0.0,0.0,0.0,0.0,0.0,0.0,0.0,0.0,0.0,0.0,0.0,0.0
12546,83,31,0,0.0,0.0,0.0,0.0,0.0,0.0,0.0,0.0,0.0,0.0,0.0,0.0,0.0,0.0,0.0,0.0,0.0,0.0,0.0,0.0,0.0,0.0,0.0,0.0,0.0,0.0,0.0,0.0,0.0,0.0,0.0,0.0,0.0,0.0,0.0
12547,83,32,0,0.0,0.0,0.0,0.0,0.0,0.0,0.0,0.0,0.0,0.0,0.0,0.0,0.0,0.0,0.0,0.0,0.0,0.0,0.0,0.0,0.0,0.0,0.0,0.0,0.0,0.0,0.0,0.0,0.0,0.0,0.0,0.0,0.0,0.0,0.0
12548,83,33,760,3.94,44.71,20.07,41.53,20.1,38.28,29.68,8.76,1.23,66.33,26.59,55.55,77.67,43.63,19.43,38.97,1.64,48.75,16.01,50.0,0.41,46.0,14.42,0.0,5.2,41.55,19.34,36.84,5.06,50.24,23.58,40.54,0.0,0.0,0.0
12549,83,34,937,3.84,39.23,17.81,40.84,17.11,40.76,43.89,24.52,0.88,43.62,15.16,37.5,66.7,38.7,17.66,39.26,1.66,34.06,19.68,53.33,0.88,24.37,16.86,50.0,3.21,42.44,20.9,20.68,2.1,43.94,22.12,52.63,0.0,0.0,0.0
12550,83,35,0,0.0,0.0,0.0,0.0,0.0,0.0,0.0,0.0,0.0,0.0,0.0,0.0,0.0,0.0,0.0,0.0,0.0,0.0,0.0,0.0,0.0,0.0,0.0,0.0,0.0,0.0,0.0,0.0,0.0,0.0,0.0,0.0,0.0,0.0,0.0
12551,83,36,968,5.99,42.68,19.64,41.73,19.39,39.77,38.37,78.46,2.41,42.09,23.73,59.09,13.62,43.66,20.64,39.51,0.32,45.66,28.74,33.33,2.08,41.68,18.39,63.15,0.21,55.0,1.41,50.0,2.74,49.56,20.01,52.0,0.0,0.0,0.0
12552,83,37,780,4.23,38.74,19.16,37.4,19.26,41.28,40.55,62.38,2.54,34.0,17.34,42.1,28.91,41.07,19.24,41.66,0.66,30.8,5.44,20.0,1.47,39.63,10.67,72.72,1.33,29.5,15.77,30.0,2.67,45.25,18.7,50.0,0.0,0.0,0.0
12553,83,38,586,3.07,38.8,17.08,38.24,17.26,40.61,40.22,62.14,2.11,47.83,13.9,66.66,29.92,39.25,17.27,39.41,0.35,28.5,12.02,50.0,1.76,40.1,16.38,30.0,1.76,30.7,9.42,20.0,1.93,40.81,19.84,81.81,0.0,0.0,0.0
12554,83,39,0,0.0,0.0,0.0,0.0,0.0,0.0,0.0,0.0,0.0,0.0,0.0,0.0,0.0,0.0,0.0,0.0,0.0,0.0,0.0,0.0,0.0,0.0,0.0,0.0,0.0,0.0,0.0,0.0,0.0,0.0,0.0,0.0,0.0,0.0,0.0
12555,83,40,1101,2.36,40.9,16.69,46.83,16.21,42.23,53.33,2.79,0.46,44.4,30.86,40.0,84.65,39.83,16.5,42.85,2.32,45.04,15.59,56.0,0.55,56.83,12.79,0.0,4.55,38.44,13.17,30.61,4.65,51.52,15.73,36.0,0.0,0.0,0.0
12556,83,41,528,3.59,39.24,18.68,49.53,21.67,43.37,53.84,2.55,0.39,38.0,53.74,50.0,86.05,37.97,17.8,43.6,2.35,28.41,16.33,41.66,0.0,0.0,0.0,0.0,4.12,46.33,16.41,57.14,4.51,49.43,18.13,30.43,0.0,0.0,0.0
12557,83,42,842,4.03,39.42,16.95,53.0,17.45,40.14,35.71,1.73,0.24,66.0,28.28,0.0,90.84,38.33,16.41,41.28,1.11,36.0,17.11,66.66,0.12,55.0,0.0,0.0,4.45,39.27,13.18,33.33,1.48,53.16,17.73,50.0,0.0,0.0,0.0
12558,83,43,731,2.73,41.48,18.63,47.61,22.41,39.8,46.15,1.82,0.0,0.0,0.0,0.0,85.79,41.41,18.58,41.31,2.39,40.35,14.53,29.41,0.28,45.0,29.69,50.0,6.75,38.77,19.86,27.08,2.95,45.47,14.81,42.85,0.0,0.0,0.0
12559,83,44,924,3.57,36.19,17.69,35.33,14.6,41.34,50.0,2.02,0.33,49.66,8.14,66.66,90.01,35.33,17.65,41.39,1.57,47.64,19.48,42.85,0.33,46.0,12.16,0.0,2.8,39.6,13.13,28.0,2.91,48.61,17.51,50.0,0.0,0.0,0.0
12560,83,45,1158,2.33,41.39,17.1,35.62,16.63,44.04,37.5,2.12,0.17,46.0,28.28,100.0,88.94,41.43,17.04,43.73,0.97,35.81,11.06,63.63,0.35,72.25,19.25,50.0,4.5,41.9,14.98,45.09,2.91,42.57,14.35,39.39,0.0,0.0,0.0
12561,83,46,1245,2.97,40.13,16.81,40.72,14.72,43.53,38.88,1.49,0.08,28.0,0.0,100.0,89.07,39.84,16.74,44.14,1.98,34.41,12.31,66.66,0.24,47.33,9.01,0.0,4.47,41.09,15.49,40.74,2.64,48.62,17.58,21.87,0.0,0.0,0.0
12562,83,47,0,0.0,0.0,0.0,0.0,0.0,0.0,0.0,0.0,0.0,0.0,0.0,0.0,0.0,0.0,0.0,0.0,0.0,0.0,0.0,0.0,0.0,0.0,0.0,0.0,0.0,0.0,0.0,0.0,0.0,0.0,0.0,0.0,0.0,0.0,0.0
12563,83,48,755,1.19,41.51,17.65,46.25,22.01,40.39,75.0,1.6,0.53,49.0,26.39,25.0,90.88,41.28,17.63,39.97,1.34,41.1,13.9,70.0,0.0,0.0,0.0,0.0,3.08,39.47,13.12,26.08,2.54,50.36,18.84,42.1,0.0,0.0,0.0
12564,83,49,0,0.0,0.0,0.0,0.0,0.0,0.0,0.0,0.0,0.0,0.0,0.0,0.0,0.0,0.0,0.0,0.0,0.0,0.0,0.0,0.0,0.0,0.0,0.0,0.0,0.0,0.0,0.0,0.0,0.0,0.0,0.0,0.0,0.0,0.0,0.0
12565,83,50,803,2.36,40.6,17.71,36.11,16.87,42.21,44.44,1.14,0.12,67.0,0.0,0.0,90.81,40.11,17.52,43.53,1.53,43.5,22.66,41.66,0.38,52.66,13.65,33.33,4.08,41.78,21.31,28.12,1.91,50.06,11.82,40.0,0.0,0.0,0.0
12566,83,51,717,4.46,42.46,16.34,41.1,18.09,44.07,40.33,17.37,0.43,67.0,8.54,0.0,74.3,42.25,15.76,44.59,2.04,44.5,12.83,57.14,0.72,44.0,17.07,40.0,2.48,41.35,17.79,35.29,2.62,42.61,21.65,55.55,0.0,0.0,0.0
12567,83,52,837,4.06,40.1,17.29,41.04,17.72,43.24,37.22,17.06,0.62,37.4,26.32,60.0,72.22,39.41,16.91,44.82,1.86,29.73,14.79,53.33,2.36,44.78,16.76,31.57,3.36,41.37,17.38,51.85,2.49,50.1,16.12,40.0,0.0,0.0,0.0
12568,83,53,583,2.4,44.13,17.12,42.84,17.75,40.13,47.36,3.33,0.17,40.0,0.0,0.0,91.21,43.86,16.95,40.46,1.4,40.37,12.9,50.0,0.17,88.0,0.0,0.0,1.75,48.1,11.82,30.0,1.93,52.18,22.14,27.27,0.0,0.0,0.0
12569,83,54,1045,3.06,42.11,18.47,38.45,17.88,41.62,50.0,1.97,0.29,64.0,9.0,66.66,88.25,41.35,18.25,41.94,1.28,46.92,17.12,46.15,0.0,0.0,0.0,0.0,5.82,47.15,18.81,27.11,2.36,44.12,18.44,50.0,0.0,0.0,0.0
12570,83,55,930,2.25,44.08,18.73,52.35,14.01,42.04,50.0,1.54,0.22,86.5,13.43,100.0,88.44,43.79,18.75,43.78,2.2,39.75,17.94,35.0,0.22,57.0,15.55,0.0,4.29,38.33,15.84,23.07,2.97,55.14,14.69,29.62,0.0,0.0,0.0
12571,83,56,1209,2.97,41.41,17.93,38.0,16.98,40.69,52.63,1.61,0.59,63.28,17.97,14.28,87.12,41.32,17.82,41.48,1.53,39.22,10.88,50.0,0.17,26.0,1.41,0.0,5.28,40.16,16.59,32.25,3.66,45.76,22.11,34.88,0.0,0.0,0.0
12572,83,57,713,1.4,42.09,17.09,36.85,9.9,41.65,85.71,0.99,0.0,0.0,0.0,0.0,88.05,41.8,16.94,42.48,2.41,37.47,18.09,41.17,0.14,60.0,0.0,0.0,5.97,41.09,17.6,21.42,2.41,55.64,17.03,47.05,0.0,0.0,0.0
12573,83,58,626,2.71,44.76,21.09,47.09,27.79,42.33,36.36,1.8,0.0,0.0,0.0,0.0,86.86,43.83,20.4,42.91,2.62,36.75,26.51,37.5,0.16,57.0,0.0,0.0,5.74,47.4,21.91,34.28,2.79,62.47,21.77,47.05,0.0,0.0,0.0
12574,83,59,450,3.33,39.62,18.06,41.0,10.25,43.55,66.66,1.37,0.0,0.0,0.0,0.0,88.5,39.03,18.1,42.85,1.6,42.71,14.68,71.42,0.45,39.0,1.41,50.0,4.36,40.42,16.18,42.1,3.67,43.75,25.64,50.0,0.0,0.0,0.0
12575,83,60,639,2.97,41.06,17.21,36.52,13.69,41.78,48.0,4.03,0.0,0.0,0.0,0.0,82.74,40.12,16.59,41.13,1.77,37.63,17.89,54.54,0.32,63.0,18.38,50.0,7.58,44.74,18.77,27.65,3.54,51.4,21.96,68.18,0.0,0.0,0.0
12576,83,61,625,4.0,40.9,18.84,40.21,15.81,41.92,43.39,26.5,1.0,38.5,15.42,16.66,62.66,40.9,20.16,41.22,2.16,45.69,20.84,53.84,1.33,34.75,15.18,62.5,2.33,30.21,15.66,14.28,4.0,46.79,21.65,50.0,0.0,0.0,0.0
12577,83,62,985,7.2,38.75,17.57,37.81,16.72,41.21,39.43,81.83,1.85,36.05,13.86,47.05,11.15,39.44,18.04,37.25,0.32,44.66,1.52,0.0,2.18,37.85,18.73,40.0,0.43,51.0,31.4,75.0,2.18,45.5,25.99,55.0,0.0,0.0,0.0
12578,83,63,1042,2.39,41.94,18.59,44.31,17.04,41.26,37.5,1.57,0.19,76.5,4.94,50.0,89.87,41.47,18.58,41.68,1.86,38.89,20.11,57.89,0.39,71.25,21.09,50.0,3.63,40.45,17.72,29.72,2.45,50.76,13.98,32.0,0.0,0.0,0.0
12579,83,64,1222,3.76,41.46,18.07,44.41,14.73,40.42,55.17,2.46,0.25,50.0,30.26,33.33,84.86,40.41,17.62,39.87,2.12,38.88,16.42,56.0,0.17,56.0,8.48,50.0,6.97,46.12,18.56,39.02,3.14,47.59,22.76,37.83,0.0,0.0,0.0
12580,83,65,869,3.91,39.42,17.63,39.54,22.15,43.72,54.83,3.71,0.0,0.0,0.0,0.0,85.38,38.71,17.3,42.49,1.79,36.13,10.16,73.33,0.11,67.0,0.0,100.0,6.82,36.54,15.75,42.1,2.15,55.77,21.26,50.0,0.0,0.0,0.0
12581,83,66,1037,4.14,42.27,19.04,53.61,20.37,39.15,52.38,2.11,0.5,47.8,30.97,60.0,84.4,40.68,18.6,38.97,1.91,38.47,11.37,31.57,0.3,56.33,15.3,33.33,7.64,45.73,17.97,30.26,3.11,59.54,18.16,54.83,0.0,0.0,0.0
12582,83,67,427,5.38,48.6,19.17,42.23,16.69,40.98,30.76,3.21,0.0,0.0,0.0,0.0,81.43,47.6,19.43,41.03,1.23,43.4,29.99,40.0,0.24,87.0,0.0,100.0,8.91,48.33,13.56,38.88,4.95,50.5,17.09,40.0,0.0,0.0,0.0
12583,83,68,0,0.0,0.0,0.0,0.0,0.0,0.0,0.0,0.0,0.0,0.0,0.0,0.0,0.0,0.0,0.0,0.0,0.0,0.0,0.0,0.0,0.0,0.0,0.0,0.0,0.0,0.0,0.0,0.0,0.0,0.0,0.0,0.0,0.0,0.0,0.0
12584,83,69,0,0.0,0.0,0.0,0.0,0.0,0.0,0.0,0.0,0.0,0.0,0.0,0.0,0.0,0.0,0.0,0.0,0.0,0.0,0.0,0.0,0.0,0.0,0.0,0.0,0.0,0.0,0.0,0.0,0.0,0.0,0.0,0.0,0.0,0.0,0.0
12585,83,70,1057,1.79,39.81,17.79,46.46,19.43,40.87,46.66,1.44,0.28,64.33,11.15,66.66,90.65,39.37,17.31,40.7,1.63,32.58,19.16,41.17,0.09,62.0,0.0,100.0,3.66,37.73,17.11,36.84,2.21,48.43,26.36,43.47,0.0,0.0,0.0
12586,83,71,939,3.51,43.04,19.86,40.38,19.11,42.49,66.66,2.31,0.22,56.0,28.28,100.0,82.33,41.49,19.68,42.09,2.75,38.32,14.82,48.0,0.44,60.5,18.69,75.0,7.17,42.86,15.07,30.76,4.74,58.44,18.76,46.51,0.0,0.0,0.0
12587,83,72,708,1.97,39.81,18.6,38.08,27.81,42.79,50.0,1.72,0.14,70.0,0.0,100.0,85.59,39.06,18.28,43.43,2.44,37.17,17.94,41.17,0.28,44.5,16.26,50.0,6.48,42.4,18.4,28.88,3.31,49.3,18.49,39.13,0.0,0.0,0.0
12588,83,73,0,0.0,0.0,0.0,0.0,0.0,0.0,0.0,0.0,0.0,0.0,0.0,0.0,0.0,0.0,0.0,0.0,0.0,0.0,0.0,0.0,0.0,0.0,0.0,0.0,0.0,0.0,0.0,0.0,0.0,0.0,0.0,0.0,0.0,0.0,0.0
12589,83,74,663,7.84,39.94,18.02,38.82,17.9,42.23,38.08,76.92,1.96,34.83,14.3,83.33,12.27,43.98,18.9,42.66,0.16,26.0,0.0,100.0,4.9,39.76,15.76,40.0,0.98,49.66,18.91,66.66,2.78,41.76,14.79,52.94,0.0,0.0,0.0
12590,83,75,1068,3.93,40.86,18.69,44.1,19.61,41.85,53.33,2.92,0.38,66.75,7.71,75.0,83.04,40.06,18.25,41.9,2.04,40.71,23.4,42.85,0.19,48.0,19.79,50.0,8.47,39.39,19.4,35.63,2.92,50.8,21.64,46.66,0.0,0.0,0.0
12591,83,76,748,5.61,39.68,16.44,38.44,15.41,40.1,37.95,81.72,0.84,49.33,26.97,83.33,11.61,40.86,19.39,39.02,0.14,38.0,0.0,0.0,3.82,42.11,19.46,55.55,0.14,57.0,0.0,0.0,1.69,46.91,16.14,33.33,0.0,0.0,0.0
12592,83,77,627,6.53,39.75,15.85,39.57,15.79,41.3,40.29,80.03,1.7,36.9,15.32,60.0,13.31,38.44,15.82,42.3,0.68,38.75,12.31,25.0,2.38,39.64,15.77,64.28,0.68,39.0,9.55,50.0,1.19,44.57,14.83,42.85,0.0,0.0,0.0
12593,83,78,1006,6.85,41.18,18.0,39.75,17.56,39.86,36.95,72.78,1.49,44.57,23.27,42.85,19.1,43.3,17.08,46.92,1.17,45.0,18.99,72.72,2.02,47.26,19.25,63.15,1.06,34.7,19.61,10.0,2.34,41.54,18.53,50.0,0.0,0.0,0.0
12594,83,79,0,0.0,0.0,0.0,0.0,0.0,0.0,0.0,0.0,0.0,0.0,0.0,0.0,0.0,0.0,0.0,0.0,0.0,0.0,0.0,0.0,0.0,0.0,0.0,0.0,0.0,0.0,0.0,0.0,0.0,0.0,0.0,0.0,0.0,0.0,0.0
12595,83,80,750,3.06,41.35,18.65,57.35,16.22,42.93,50.0,1.92,0.0,0.0,0.0,0.0,85.55,40.16,18.5,40.99,1.51,40.72,18.25,72.72,0.0,0.0,0.0,0.0,4.67,39.73,16.49,50.0,6.32,48.04,16.48,54.34,0.0,0.0,0.0
12596,83,81,0,0.0,0.0,0.0,0.0,0.0,0.0,0.0,0.0,0.0,0.0,0.0,0.0,0.0,0.0,0.0,0.0,0.0,0.0,0.0,0.0,0.0,0.0,0.0,0.0,0.0,0.0,0.0,0.0,0.0,0.0,0.0,0.0,0.0,0.0,0.0
12597,83,82,999,2.2,41.3,18.2,30.93,10.63,37.73,80.0,1.53,0.0,0.0,0.0,0.0,86.28,41.09,18.2,39.38,1.94,33.84,19.16,31.57,0.81,52.87,15.86,12.5,4.81,38.14,16.17,19.14,4.5,50.77,18.79,20.45,0.0,0.0,0.0
12598,83,83,0,0.0,0.0,0.0,0.0,0.0,0.0,0.0,0.0,0.0,0.0,0.0,0.0,0.0,0.0,0.0,0.0,0.0,0.0,0.0,0.0,0.0,0.0,0.0,0.0,0.0,0.0,0.0,0.0,0.0,0.0,0.0,0.0,0.0,0.0,0.0
12599,83,84,408,2.45,38.77,18.33,29.4,9.44,41.91,40.0,1.25,0.25,60.0,0.0,0.0,85.67,38.61,18.37,43.4,2.76,39.54,21.29,18.18,0.0,0.0,0.0,0.0,5.52,34.13,13.13,31.81,4.52,51.27,20.36,50.0,0.0,0.0,0.0
12600,83,85,1119,6.16,41.64,17.35,41.07,16.96,41.28,40.65,64.19,1.71,45.88,23.28,50.0,25.14,42.23,17.52,43.56,0.28,27.66,6.02,33.33,2.85,37.7,15.22,50.0,1.9,39.75,17.05,35.0,3.9,42.07,17.42,34.14,0.0,0.0,0.0
12601,83,86,0,0.0,0.0,0.0,0.0,0.0,0.0,0.0,0.0,0.0,0.0,0.0,0.0,0.0,0.0,0.0,0.0,0.0,0.0,0.0,0.0,0.0,0.0,0.0,0.0,0.0,0.0,0.0,0.0,0.0,0.0,0.0,0.0,0.0,0.0,0.0
12602,83,87,828,1.69,42.12,17.13,37.76,24.26,42.14,61.53,1.59,0.0,0.0,0.0,0.0,90.04,42.14,16.76,42.29,1.47,37.16,17.82,75.0,0.24,32.5,0.7,0.0,4.54,43.83,20.71,32.43,2.08,41.64,21.37,35.29,0.0,0.0,0.0
12603,83,88,0,0.0,0.0,0.0,0.0,0.0,0.0,0.0,0.0,0.0,0.0,0.0,0.0,0.0,0.0,0.0,0.0,0.0,0.0,0.0,0.0,0.0,0.0,0.0,0.0,0.0,0.0,0.0,0.0,0.0,0.0,0.0,0.0,0.0,0.0,0.0
12604,83,89,0,0.0,0.0,0.0,0.0,0.0,0.0,0.0,0.0,0.0,0.0,0.0,0.0,0.0,0.0,0.0,0.0,0.0,0.0,0.0,0.0,0.0,0.0,0.0,0.0,0.0,0.0,0.0,0.0,0.0,0.0,0.0,0.0,0.0,0.0,0.0
12605,83,90,0,0.0,0.0,0.0,0.0,0.0,0.0,0.0,0.0,0.0,0.0,0.0,0.0,0.0,0.0,0.0,0.0,0.0,0.0,0.0,0.0,0.0,0.0,0.0,0.0,0.0,0.0,0.0,0.0,0.0,0.0,0.0,0.0,0.0,0.0,0.0
12606,83,91,1180,4.23,40.6,18.43,34.0,20.53,40.25,53.84,1.15,0.08,82.0,0.0,100.0,92.21,40.1,18.05,39.53,1.59,46.16,21.07,61.11,0.17,34.0,8.48,0.0,2.65,38.96,18.99,20.0,2.12,49.2,16.13,41.66,0.0,0.0,0.0
12607,83,93,806,1.61,39.0,18.77,43.5,33.88,40.57,50.0,0.5,0.37,25.33,6.8,0.0,89.4,38.12,18.23,40.76,1.63,48.76,21.86,76.92,0.12,30.0,0.0,0.0,4.03,43.93,20.29,18.75,3.9,45.93,20.5,41.93,0.0,0.0,0.0
12608,83,94,1207,1.57,41.84,18.03,39.21,19.73,43.66,57.14,1.17,0.08,52.0,0.0,0.0,88.29,41.43,17.67,42.13,1.68,39.79,17.42,55.0,0.0,0.0,0.0,0.0,4.71,41.23,20.11,41.07,4.04,54.37,19.03,66.66,0.0,0.0,0.0
12609,83,95,707,3.81,43.12,18.39,46.54,12.66,41.15,63.63,1.61,0.14,60.0,0.0,0.0,86.32,41.83,17.99,40.71,1.76,42.58,22.26,41.66,0.14,37.0,0.0,0.0,5.88,45.12,19.11,32.5,4.11,57.57,18.96,57.14,0.0,0.0,0.0
12610,83,96,706,3.54,43.74,18.9,53.75,9.2,42.06,50.0,1.17,0.29,64.0,12.72,100.0,87.81,42.0,18.12,41.13,1.17,42.0,24.73,75.0,0.0,0.0,0.0,0.0,3.67,43.88,18.74,24.0,5.87,57.5,20.82,52.5,0.0,0.0,0.0
12611,83,97,951,1.15,40.1,18.65,39.42,30.0,40.69,57.14,1.48,0.0,0.0,0.0,0.0,89.78,39.82,18.27,40.16,0.63,30.83,7.8,50.0,0.31,44.66,22.47,33.33,3.19,35.79,15.66,23.33,4.57,48.88,21.56,60.46,0.0,0.0,0.0
12612,83,98,404,3.21,39.93,17.17,49.8,20.48,44.8,70.0,2.55,0.51,41.5,12.02,100.0,88.74,39.0,16.98,44.95,1.79,46.57,7.02,28.57,0.0,0.0,0.0,0.0,5.37,40.47,16.51,42.85,1.02,44.0,9.52,50.0,0.0,0.0,0.0
12613,83,99,0,0.0,0.0,0.0,0.0,0.0,0.0,0.0,0.0,0.0,0.0,0.0,0.0,0.0,0.0,0.0,0.0,0.0,0.0,0.0,0.0,0.0,0.0,0.0,0.0,0.0,0.0,0.0,0.0,0.0,0.0,0.0,0.0,0.0,0.0,0.0
12614,83,100,931,2.14,41.8,18.48,42.09,20.9,41.67,59.09,2.41,0.1,49.0,0.0,100.0,83.75,41.0,18.2,41.54,2.52,36.47,15.05,52.17,0.1,26.0,0.0,0.0,5.92,41.75,16.67,27.77,5.15,53.72,19.4,44.68,0.0,0.0,0.0
12615,83,101,0,0.0,0.0,0.0,0.0,0.0,0.0,0.0,0.0,0.0,0.0,0.0,0.0,0.0,0.0,0.0,0.0,0.0,0.0,0.0,0.0,0.0,0.0,0.0,0.0,0.0,0.0,0.0,0.0,0.0,0.0,0.0,0.0,0.0,0.0,0.0
12616,83,102,808,3.09,40.81,17.28,39.13,18.18,41.46,80.0,1.91,0.0,0.0,0.0,0.0,86.97,40.69,17.43,40.67,3.06,40.0,13.12,54.16,0.0,0.0,0.0,0.0,3.7,41.2,14.8,17.24,4.08,44.4,19.9,53.12,0.0,0.0,0.0
12617,83,103,704,2.13,40.98,18.6,44.5,30.4,39.2,100.0,0.29,0.0,0.0,0.0,0.0,90.71,40.45,18.06,39.83,1.45,43.6,17.68,50.0,0.14,65.0,0.0,100.0,3.04,45.85,18.59,47.61,4.35,41.03,25.95,23.33,0.0,0.0,0.0
12618,83,104,707,1.98,41.32,17.31,56.66,8.64,41.01,22.22,1.29,0.57,53.25,33.5,25.0,88.16,40.94,17.14,40.26,2.45,39.05,19.38,58.82,0.0,0.0,0.0,0.0,4.61,36.46,17.69,31.25,2.74,47.1,14.24,68.42,0.0,0.0,0.0
12619,83,105,810,2.22,41.86,17.7,56.5,14.84,39.87,50.0,0.25,0.25,49.0,21.21,0.0,92.29,41.71,17.61,39.67,2.39,37.68,18.62,52.63,0.0,0.0,0.0,0.0,3.28,38.15,16.61,19.23,1.51,49.91,15.65,58.33,0.0,0.0,0.0
12620,83,106,0,0.0,0.0,0.0,0.0,0.0,0.0,0.0,0.0,0.0,0.0,0.0,0.0,0.0,0.0,0.0,0.0,0.0,0.0,0.0,0.0,0.0,0.0,0.0,0.0,0.0,0.0,0.0,0.0,0.0,0.0,0.0,0.0,0.0,0.0,0.0
12621,83,107,725,3.44,41.36,18.73,45.05,10.24,41.1,44.44,2.57,0.28,60.5,23.33,50.0,88.42,40.96,18.8,40.06,2.28,40.81,13.54,50.0,0.14,86.0,0.0,100.0,3.42,37.04,17.91,29.16,2.85,40.7,22.59,55.0,0.0,0.0,0.0
12622,83,108,616,2.11,39.58,17.26,38.12,18.06,45.45,50.0,1.32,0.16,0.0,0.0,100.0,88.39,39.66,17.14,44.84,1.49,34.88,9.46,66.66,0.0,0.0,0.0,0.0,5.14,35.12,18.94,38.7,3.48,44.33,20.1,57.14,0.0,0.0,0.0
12623,83,109,952,2.41,41.9,18.28,43.41,19.46,42.54,58.82,1.82,0.1,84.0,0.0,100.0,87.08,41.13,17.95,42.02,1.61,40.26,21.44,66.66,0.64,48.83,20.64,16.66,4.3,40.1,20.16,30.0,4.41,49.34,17.35,39.02,0.0,0.0,0.0
12624,83,110,984,1.62,40.51,17.26,42.17,17.88,38.51,30.43,2.37,0.51,50.0,13.05,60.0,88.22,40.32,17.31,40.04,1.34,35.84,10.89,38.46,0.1,33.0,0.0,0.0,3.92,36.65,12.33,21.05,3.4,49.39,21.41,27.27,0.0,0.0,0.0
12625,83,111,580,3.62,44.68,19.4,50.16,28.23,39.82,58.33,2.14,0.53,41.66,12.7,0.0,86.94,43.63,19.55,40.12,1.61,53.66,19.53,55.55,0.35,65.0,21.21,0.0,3.22,42.22,9.14,27.77,5.18,49.1,14.85,24.13,0.0,0.0,0.0
12626,83,112,701,2.56,38.12,17.18,39.75,14.73,41.65,50.0,2.92,0.0,0.0,0.0,0.0,85.21,37.6,17.14,41.92,1.9,43.46,22.73,38.46,0.14,55.0,0.0,0.0,6.0,37.07,12.76,31.7,3.8,41.76,20.38,42.3,0.0,0.0,0.0
12627,83,113,959,2.39,40.36,18.51,41.9,18.38,44.73,70.0,2.13,0.1,37.0,0.0,100.0,88.88,40.04,18.4,43.87,1.7,42.68,19.31,43.75,0.21,57.0,28.28,0.0,4.38,36.78,16.07,29.26,2.56,46.62,25.95,70.83,0.0,0.0,0.0
12628,83,114,1018,3.24,41.06,18.47,39.76,19.78,42.53,47.05,1.72,0.4,69.0,17.41,25.0,85.38,40.79,18.14,41.37,2.23,41.22,18.52,45.45,0.0,0.0,0.0,0.0,6.19,35.03,17.41,40.98,4.06,48.12,19.99,55.0,0.0,0.0,0.0
12629,83,115,0,0.0,0.0,0.0,0.0,0.0,0.0,0.0,0.0,0.0,0.0,0.0,0.0,0.0,0.0,0.0,0.0,0.0,0.0,0.0,0.0,0.0,0.0,0.0,0.0,0.0,0.0,0.0,0.0,0.0,0.0,0.0,0.0,0.0,0.0,0.0
12630,83,116,0,0.0,0.0,0.0,0.0,0.0,0.0,0.0,0.0,0.0,0.0,0.0,0.0,0.0,0.0,0.0,0.0,0.0,0.0,0.0,0.0,0.0,0.0,0.0,0.0,0.0,0.0,0.0,0.0,0.0,0.0,0.0,0.0,0.0,0.0,0.0
12631,83,117,432,2.77,43.82,17.93,51.83,16.16,42.36,66.66,1.42,0.47,48.5,16.26,100.0,85.95,42.64,17.97,42.38,2.14,46.55,17.31,66.66,0.47,54.5,16.26,0.0,5.95,44.72,16.42,28.0,3.57,54.26,15.92,40.0,0.0,0.0,0.0
12632,83,118,1264,1.81,42.48,17.17,36.77,10.29,40.5,61.11,1.45,0.16,65.5,13.43,50.0,89.28,42.4,17.09,39.8,2.01,41.76,21.2,44.0,0.08,28.0,0.0,0.0,3.94,36.71,13.61,38.77,3.06,51.65,16.08,52.63,0.0,0.0,0.0
12633,83,119,694,3.74,39.33,17.4,36.66,16.57,42.65,66.66,1.34,0.0,0.0,0.0,0.0,87.87,39.1,17.33,42.93,1.49,33.4,9.21,60.0,0.29,40.5,23.33,50.0,4.79,34.78,19.12,31.25,4.04,43.37,16.28,37.03,0.0,0.0,0.0
12634,83,120,960,1.77,40.83,18.45,43.56,16.11,43.12,50.0,1.69,0.21,40.5,20.5,100.0,89.92,40.38,18.22,42.57,1.06,38.6,23.05,70.0,0.31,54.33,15.88,66.66,4.98,41.1,21.69,34.04,1.8,49.41,15.92,76.47,0.0,0.0,0.0
12635,83,121,915,1.63,39.17,17.51,46.0,16.33,42.07,45.45,1.22,0.22,75.5,13.43,50.0,91.22,38.7,17.23,41.9,1.11,41.7,14.65,40.0,0.44,35.5,9.32,0.0,3.33,33.4,17.81,33.33,2.33,53.09,17.75,71.42,0.0,0.0,0.0
12636,83,122,0,0.0,0.0,0.0,0.0,0.0,0.0,0.0,0.0,0.0,0.0,0.0,0.0,0.0,0.0,0.0,0.0,0.0,0.0,0.0,0.0,0.0,0.0,0.0,0.0,0.0,0.0,0.0,0.0,0.0,0.0,0.0,0.0,0.0,0.0,0.0
12637,83,123,0,0.0,0.0,0.0,0.0,0.0,0.0,0.0,0.0,0.0,0.0,0.0,0.0,0.0,0.0,0.0,0.0,0.0,0.0,0.0,0.0,0.0,0.0,0.0,0.0,0.0,0.0,0.0,0.0,0.0,0.0,0.0,0.0,0.0,0.0,0.0
12638,83,124,840,3.21,41.8,19.11,43.23,21.93,41.54,64.7,2.09,0.36,50.66,27.73,66.66,86.59,41.08,18.99,40.19,2.46,40.4,19.54,40.0,1.1,44.55,15.28,33.33,3.93,37.84,12.2,34.37,3.44,57.64,17.76,67.85,0.0,0.0,0.0
12639,83,125,793,2.01,41.78,19.39,47.15,23.59,42.11,50.0,2.57,0.64,63.4,23.04,40.0,84.94,41.29,19.45,41.06,2.05,47.56,17.24,43.75,0.38,55.0,27.22,66.66,5.79,39.37,15.47,40.0,3.6,44.89,18.86,67.85,0.0,0.0,0.0
12640,83,126,583,2.91,41.24,17.7,51.6,19.0,40.65,60.0,0.88,0.35,43.0,24.04,0.0,86.74,40.46,17.67,41.34,2.29,45.61,19.44,38.46,0.0,0.0,0.0,0.0,5.65,40.0,15.01,21.87,4.06,54.78,16.17,52.17,0.0,0.0,0.0
12641,83,127,0,0.0,0.0,0.0,0.0,0.0,0.0,0.0,0.0,0.0,0.0,0.0,0.0,0.0,0.0,0.0,0.0,0.0,0.0,0.0,0.0,0.0,0.0,0.0,0.0,0.0,0.0,0.0,0.0,0.0,0.0,0.0,0.0,0.0,0.0,0.0
12642,83,128,460,2.17,36.92,17.16,37.51,16.15,40.65,37.03,6.0,0.0,0.0,0.0,0.0,84.22,36.35,17.0,41.68,1.55,40.14,15.46,57.14,0.0,0.0,0.0,0.0,4.44,31.35,13.74,30.0,3.77,49.35,22.79,29.41,0.0,0.0,0.0
12643,83,129,930,3.01,41.48,18.05,40.27,18.73,40.96,72.72,1.21,0.66,50.33,28.86,50.0,89.57,40.79,17.82,40.22,1.44,36.0,18.22,69.23,0.22,58.5,16.26,50.0,3.65,42.27,17.0,27.27,3.21,49.17,18.47,44.82,0.0,0.0,0.0
12644,83,130,429,3.49,39.0,18.33,46.76,19.34,41.02,38.46,3.14,0.24,30.0,0.0,100.0,82.36,37.63,17.86,40.76,2.41,34.1,7.15,60.0,0.48,30.5,2.12,50.0,7.48,42.77,20.77,29.03,3.86,50.18,15.41,43.75,0.0,0.0,0.0
12645,83,131,0,0.0,0.0,0.0,0.0,0.0,0.0,0.0,0.0,0.0,0.0,0.0,0.0,0.0,0.0,0.0,0.0,0.0,0.0,0.0,0.0,0.0,0.0,0.0,0.0,0.0,0.0,0.0,0.0,0.0,0.0,0.0,0.0,0.0,0.0,0.0
12646,83,132,885,3.72,40.9,17.34,36.52,24.0,40.56,47.05,1.99,0.11,45.0,0.0,0.0,84.85,40.03,17.1,39.97,1.87,39.37,15.26,68.75,0.46,51.25,6.13,25.0,5.86,40.6,16.26,28.0,4.81,52.29,18.92,51.21,0.0,0.0,0.0
12647,83,133,594,2.18,42.8,19.23,45.58,16.35,38.88,33.33,2.06,0.17,38.0,0.0,0.0,86.23,42.47,19.01,41.71,1.89,48.9,26.78,45.45,0.17,45.0,0.0,0.0,5.33,37.19,16.91,22.58,4.13,50.95,20.53,25.0,0.0,0.0,0.0
12648,83,134,609,5.41,39.69,19.0,31.36,15.36,40.06,45.45,1.9,0.17,43.0,0.0,100.0,85.76,38.82,18.42,42.3,1.73,52.8,27.38,70.0,1.73,59.2,26.27,10.0,4.86,34.17,19.89,17.85,3.81,46.72,16.96,31.81,0.0,0.0,0.0
12649,83,135,770,3.5,40.81,17.76,46.63,21.91,40.38,41.66,4.84,0.26,58.0,26.87,50.0,83.44,40.07,17.59,39.35,3.09,42.73,14.03,47.82,0.53,64.5,20.56,50.0,4.57,39.11,16.6,29.41,3.09,49.52,16.8,52.17,0.0,0.0,0.0
12650,83,136,445,2.69,41.45,18.54,58.5,27.62,40.67,25.0,0.92,0.0,0.0,0.0,0.0,86.83,40.39,18.01,40.95,1.61,41.42,16.95,28.57,0.92,53.75,14.61,50.0,5.77,46.0,19.95,32.0,3.92,49.58,21.85,41.17,0.0,0.0,0.0
12651,83,137,922,1.84,43.32,18.27,56.7,21.76,42.73,52.94,1.87,0.0,0.0,0.0,0.0,87.95,42.17,17.93,42.96,1.1,46.1,28.37,50.0,0.66,68.66,14.94,33.33,6.18,47.66,16.48,37.5,2.2,48.2,14.1,45.0,0.0,0.0,0.0
12652,83,138,812,2.33,42.59,19.49,42.3,22.16,41.87,60.0,1.26,0.12,65.0,0.0,100.0,86.5,41.91,19.15,41.69,2.14,44.0,21.61,41.17,0.63,57.0,15.04,40.0,5.54,44.0,18.07,40.9,3.65,50.13,21.92,44.82,0.0,0.0,0.0
12653,83,139,905,2.65,42.45,19.11,47.45,21.42,43.97,81.81,1.24,0.34,28.33,31.97,66.66,84.22,41.06,19.2,41.91,1.24,49.09,19.68,63.63,0.11,47.0,0.0,0.0,6.46,44.78,15.2,43.85,6.24,55.05,17.59,61.81,0.0,0.0,0.0
12654,83,140,682,1.17,40.14,19.68,30.33,6.8,37.53,100.0,0.89,0.0,0.0,0.0,0.0,91.24,40.6,19.75,36.58,0.74,46.0,26.61,40.0,0.44,33.33,18.14,66.66,4.45,34.5,15.61,30.0,2.22,40.86,21.3,60.0,0.0,0.0,0.0
12655,83,141,613,3.09,40.01,17.84,56.8,18.64,42.9,60.0,0.84,0.33,48.0,19.79,50.0,90.23,39.15,17.75,42.16,1.85,37.9,16.93,54.54,0.33,52.0,2.82,50.0,3.36,42.85,15.63,40.0,3.03,52.77,18.19,38.88,0.0,0.0,0.0
12656,83,142,297,3.03,39.85,17.63,28.2,5.4,42.08,40.0,1.73,0.34,27.0,0.0,0.0,88.54,40.0,17.84,42.35,2.43,33.28,11.1,57.14,0.34,27.0,0.0,0.0,4.51,35.61,10.51,38.46,2.08,52.66,18.19,50.0,0.0,0.0,0.0
12657,83,143,914,3.39,43.4,18.66,49.17,16.28,38.4,52.94,1.92,0.33,36.0,16.46,66.66,84.93,42.25,18.89,36.66,2.49,41.9,13.15,40.9,0.11,68.0,0.0,0.0,4.3,41.02,12.75,36.84,5.88,53.94,17.68,55.76,0.0,0.0,0.0
12658,83,144,0,0.0,0.0,0.0,0.0,0.0,0.0,0.0,0.0,0.0,0.0,0.0,0.0,0.0,0.0,0.0,0.0,0.0,0.0,0.0,0.0,0.0,0.0,0.0,0.0,0.0,0.0,0.0,0.0,0.0,0.0,0.0,0.0,0.0,0.0,0.0
12659,83,145,0,0.0,0.0,0.0,0.0,0.0,0.0,0.0,0.0,0.0,0.0,0.0,0.0,0.0,0.0,0.0,0.0,0.0,0.0,0.0,0.0,0.0,0.0,0.0,0.0,0.0,0.0,0.0,0.0,0.0,0.0,0.0,0.0,0.0,0.0,0.0
12660,83,146,356,3.08,40.63,17.8,39.83,20.1,40.44,50.0,1.73,0.0,0.0,0.0,0.0,92.75,40.53,17.57,41.25,0.28,25.0,0.0,100.0,1.15,47.25,24.07,25.0,1.15,30.75,14.45,0.0,2.89,38.9,20.55,40.0,0.0,0.0,0.0
12661,83,147,0,0.0,0.0,0.0,0.0,0.0,0.0,0.0,0.0,0.0,0.0,0.0,0.0,0.0,0.0,0.0,0.0,0.0,0.0,0.0,0.0,0.0,0.0,0.0,0.0,0.0,0.0,0.0,0.0,0.0,0.0,0.0,0.0,0.0,0.0,0.0
12662,83,148,779,3.46,42.32,18.3,43.11,20.66,40.94,29.41,2.26,0.53,51.5,9.81,75.0,87.36,41.29,18.21,40.94,1.32,36.2,13.19,70.0,0.13,56.0,0.0,100.0,5.58,43.88,15.3,33.33,2.79,55.42,18.89,52.38,0.0,0.0,0.0
12663,83,149,753,3.45,40.89,17.97,45.0,20.42,43.02,60.0,2.06,0.27,31.0,43.84,0.0,89.27,39.93,17.46,42.98,2.33,46.7,17.82,47.05,0.27,51.0,1.41,50.0,2.61,46.94,17.19,31.57,3.16,55.69,18.5,39.13,0.0,0.0,0.0
12664,83,150,1022,2.83,39.95,18.22,41.08,11.76,42.36,58.33,1.2,0.3,36.66,16.8,33.33,85.59,39.18,18.0,42.11,1.91,38.31,17.19,63.15,0.8,35.12,18.2,50.0,6.64,42.36,16.83,37.87,3.52,46.85,25.0,45.71,0.0,0.0,0.0
12665,83,151,0,0.0,0.0,0.0,0.0,0.0,0.0,0.0,0.0,0.0,0.0,0.0,0.0,0.0,0.0,0.0,0.0,0.0,0.0,0.0,0.0,0.0,0.0,0.0,0.0,0.0,0.0,0.0,0.0,0.0,0.0,0.0,0.0,0.0,0.0,0.0
12666,83,153,644,1.7,42.17,18.52,45.26,18.69,40.99,46.66,2.36,0.47,27.33,9.45,33.33,91.15,42.18,18.19,41.42,1.89,31.0,22.7,33.33,0.15,52.0,0.0,0.0,2.05,43.38,22.94,23.07,1.89,51.75,23.74,41.66,0.0,0.0,0.0
12667,83,154,0,0.0,0.0,0.0,0.0,0.0,0.0,0.0,0.0,0.0,0.0,0.0,0.0,0.0,0.0,0.0,0.0,0.0,0.0,0.0,0.0,0.0,0.0,0.0,0.0,0.0,0.0,0.0,0.0,0.0,0.0,0.0,0.0,0.0,0.0,0.0
12668,83,155,935,0.85,37.34,16.57,42.94,13.48,41.28,64.7,1.83,0.21,43.5,28.99,0.0,92.34,37.02,16.48,41.58,1.61,33.66,15.2,40.0,0.1,70.0,0.0,100.0,2.04,39.26,15.3,26.31,1.83,42.29,23.0,23.52,0.0,0.0,0.0
12669,83,156,1081,2.77,40.19,18.05,33.16,17.77,44.21,75.0,1.14,0.19,43.0,24.04,50.0,92.48,39.87,17.61,43.82,1.42,28.86,10.09,60.0,0.19,58.0,26.87,0.0,2.09,30.86,20.99,40.9,2.47,54.8,17.17,46.15,0.0,0.0,0.0
12670,83,157,817,2.08,40.64,17.64,48.88,23.82,41.0,55.55,1.12,0.37,43.33,38.37,66.66,90.5,40.06,17.27,41.43,1.75,29.5,18.57,28.57,0.25,62.0,14.14,0.0,3.12,39.04,14.21,36.0,2.87,52.0,18.61,39.13,0.0,0.0,0.0
12671,83,158,747,1.47,41.88,16.91,41.33,18.75,43.64,66.66,1.63,0.4,59.0,17.05,33.33,89.4,41.11,16.98,42.85,1.22,39.55,20.7,44.44,0.27,35.0,7.07,0.0,2.71,46.4,16.07,30.0,4.34,54.59,10.7,59.37,0.0,0.0,0.0
12672,83,159,892,2.01,41.53,18.97,28.37,21.19,42.48,87.5,0.91,0.11,73.0,0.0,0.0,89.81,41.23,18.88,42.03,1.6,43.92,12.25,42.85,0.0,0.0,0.0,0.0,3.77,40.21,18.92,27.27,3.77,51.96,18.99,51.51,0.0,0.0,0.0
12673,83,160,1095,2.37,39.16,17.52,48.69,23.8,38.9,84.61,1.21,0.28,63.0,17.34,0.0,90.73,38.71,17.26,38.14,2.15,33.13,11.66,43.47,0.09,27.0,0.0,0.0,2.71,37.62,17.25,31.03,2.8,49.26,18.1,66.66,0.0,0.0,0.0
12674,83,161,1037,1.15,40.24,16.45,47.75,16.98,41.36,25.0,0.78,0.29,57.0,20.8,33.33,93.56,39.87,16.42,41.5,1.07,45.0,18.91,27.27,0.09,26.0,0.0,100.0,2.82,42.75,12.99,44.82,1.36,41.0,11.48,50.0,0.0,0.0,0.0
12675,83,162,0,0.0,0.0,0.0,0.0,0.0,0.0,0.0,0.0,0.0,0.0,0.0,0.0,0.0,0.0,0.0,0.0,0.0,0.0,0.0,0.0,0.0,0.0,0.0,0.0,0.0,0.0,0.0,0.0,0.0,0.0,0.0,0.0,0.0,0.0,0.0
12676,83,163,0,0.0,0.0,0.0,0.0,0.0,0.0,0.0,0.0,0.0,0.0,0.0,0.0,0.0,0.0,0.0,0.0,0.0,0.0,0.0,0.0,0.0,0.0,0.0,0.0,0.0,0.0,0.0,0.0,0.0,0.0,0.0,0.0,0.0,0.0,0.0
12677,83,164,990,1.41,41.31,18.14,41.12,13.08,40.6,56.25,1.63,0.3,37.0,11.78,33.33,90.47,41.33,17.86,39.86,1.22,43.5,17.88,41.66,0.0,0.0,0.0,0.0,3.79,33.27,17.61,40.54,2.56,54.12,22.81,56.0,0.0,0.0,0.0
12678,83,165,702,1.99,39.28,17.72,42.0,16.09,37.32,22.22,1.3,0.0,0.0,0.0,0.0,90.98,38.7,17.43,37.22,1.59,45.72,24.08,45.45,0.14,32.0,0.0,0.0,2.61,38.5,12.98,27.77,3.34,52.6,20.42,47.82,0.0,0.0,0.0
12679,83,166,626,2.39,42.07,17.81,72.0,0.0,41.69,100.0,0.16,0.0,0.0,0.0,0.0,94.27,42.01,17.53,42.36,1.14,33.0,21.36,42.85,0.0,0.0,0.0,0.0,2.94,44.66,21.51,38.88,1.47,45.33,22.18,22.22,0.0,0.0,0.0
12680,83,167,612,1.63,41.13,20.12,64.0,21.26,39.37,66.66,1.49,0.16,60.0,0.0,100.0,91.86,40.66,19.66,38.51,1.32,38.87,23.32,75.0,0.0,0.0,0.0,0.0,3.32,44.3,16.89,35.0,1.82,37.27,28.18,45.45,0.0,0.0,0.0
12681,83,168,606,0.82,43.83,18.56,45.07,22.16,44.22,38.46,2.16,0.0,0.0,0.0,0.0,90.84,43.45,18.25,43.58,1.83,54.72,20.1,81.81,0.0,0.0,0.0,0.0,2.66,40.06,19.15,31.25,2.49,51.73,22.61,53.33,0.0,0.0,0.0
12682,83,169,0,0.0,0.0,0.0,0.0,0.0,0.0,0.0,0.0,0.0,0.0,0.0,0.0,0.0,0.0,0.0,0.0,0.0,0.0,0.0,0.0,0.0,0.0,0.0,0.0,0.0,0.0,0.0,0.0,0.0,0.0,0.0,0.0,0.0,0.0,0.0
12683,83,170,906,1.87,38.47,17.02,42.25,18.39,41.16,46.87,3.59,0.56,34.6,28.29,60.0,87.85,38.02,16.64,41.61,2.24,42.6,13.7,50.0,0.0,0.0,0.0,0.0,3.48,34.77,14.25,22.58,2.24,47.35,26.34,35.0,0.0,0.0,0.0
12684,83,171,879,1.82,36.5,16.52,38.76,15.9,41.29,53.84,1.5,0.34,39.66,15.27,0.0,90.73,36.26,16.45,40.99,1.96,30.94,14.47,47.05,0.11,20.0,0.0,0.0,2.66,31.73,11.77,21.73,2.66,47.13,21.65,47.82,0.0,0.0,0.0
12685,83,172,902,1.77,42.89,17.78,45.15,13.1,43.56,50.0,3.61,0.56,31.8,30.82,20.0,88.71,42.42,17.99,44.14,1.01,35.77,20.1,66.66,0.33,47.0,7.0,66.66,2.82,43.32,14.21,16.0,2.82,51.08,15.05,48.0,0.0,0.0,0.0
12686,83,173,1010,2.67,39.25,17.16,37.06,16.37,40.59,53.33,1.52,0.3,60.33,33.17,33.33,88.6,38.96,17.08,39.95,2.44,36.16,14.88,50.0,0.2,18.5,26.16,0.0,4.06,38.04,15.15,35.0,2.74,50.96,16.43,48.14,0.0,0.0,0.0
12687,83,174,917,1.52,42.44,16.8,41.17,23.1,39.36,52.94,1.88,0.11,83.0,0.0,0.0,90.58,42.06,16.73,38.99,1.99,41.11,14.76,55.55,0.22,60.5,7.77,50.0,2.43,41.0,14.55,31.81,2.76,49.28,13.08,40.0,0.0,0.0,0.0
12688,83,175,1072,0.83,42.87,17.58,44.81,13.32,43.19,45.45,1.03,0.09,28.0,0.0,100.0,93.69,42.81,17.68,43.57,1.41,37.46,16.82,53.33,0.09,56.0,0.0,0.0,1.78,40.31,14.51,21.05,1.88,50.3,13.1,45.0,0.0,0.0,0.0
12689,83,176,887,1.91,42.99,17.57,50.78,19.29,40.81,42.85,1.6,0.11,70.0,0.0,0.0,87.93,42.16,17.23,41.3,1.37,46.83,14.71,33.33,0.22,56.0,1.41,50.0,5.86,45.76,19.32,33.33,2.75,50.58,23.12,45.83,0.0,0.0,0.0
12690,83,177,614,2.6,39.59,17.65,38.54,23.38,41.04,36.36,1.83,0.0,0.0,0.0,0.0,89.46,39.17,17.62,41.68,1.0,31.0,20.65,50.0,0.0,0.0,0.0,0.0,4.84,36.2,11.64,27.58,2.84,47.11,16.6,35.29,0.0,0.0,0.0
12691,83,179,862,2.2,43.32,17.75,50.07,10.84,39.09,53.84,1.54,0.0,0.0,0.0,0.0,89.44,42.47,17.61,37.66,1.42,55.58,16.62,33.33,0.11,77.0,0.0,0.0,3.91,40.21,16.45,36.36,3.55,48.96,19.33,60.0,0.0,0.0,0.0
12692,83,180,672,1.63,42.17,17.59,39.12,6.22,41.22,62.5,1.21,0.0,0.0,0.0,0.0,92.88,42.11,17.79,40.71,1.21,42.12,16.99,50.0,0.0,0.0,0.0,0.0,2.87,36.31,13.84,42.1,1.81,45.25,13.67,58.33,0.0,0.0,0.0
12693,83,181,0,0.0,0.0,0.0,0.0,0.0,0.0,0.0,0.0,0.0,0.0,0.0,0.0,0.0,0.0,0.0,0.0,0.0,0.0,0.0,0.0,0.0,0.0,0.0,0.0,0.0,0.0,0.0,0.0,0.0,0.0,0.0,0.0,0.0,0.0,0.0
12694,83,182,778,0.77,42.34,18.59,27.0,15.78,40.61,50.0,0.77,0.0,0.0,0.0,0.0,93.91,42.24,18.57,40.96,0.9,32.28,16.52,42.85,0.0,0.0,0.0,0.0,1.94,41.33,13.25,20.0,2.46,56.31,17.06,42.1,0.0,0.0,0.0
12695,83,183,0,0.0,0.0,0.0,0.0,0.0,0.0,0.0,0.0,0.0,0.0,0.0,0.0,0.0,0.0,0.0,0.0,0.0,0.0,0.0,0.0,0.0,0.0,0.0,0.0,0.0,0.0,0.0,0.0,0.0,0.0,0.0,0.0,0.0,0.0,0.0
12696,83,184,920,2.39,41.1,17.29,40.11,14.21,44.34,55.55,2.0,0.55,34.6,7.36,40.0,89.75,41.0,17.22,43.3,2.33,39.33,17.73,38.09,0.33,42.66,7.57,66.66,2.67,36.62,15.78,50.0,2.22,43.45,15.87,65.0,0.0,0.0,0.0
12697,83,185,0,0.0,0.0,0.0,0.0,0.0,0.0,0.0,0.0,0.0,0.0,0.0,0.0,0.0,0.0,0.0,0.0,0.0,0.0,0.0,0.0,0.0,0.0,0.0,0.0,0.0,0.0,0.0,0.0,0.0,0.0,0.0,0.0,0.0,0.0,0.0
12698,83,186,0,0.0,0.0,0.0,0.0,0.0,0.0,0.0,0.0,0.0,0.0,0.0,0.0,0.0,0.0,0.0,0.0,0.0,0.0,0.0,0.0,0.0,0.0,0.0,0.0,0.0,0.0,0.0,0.0,0.0,0.0,0.0,0.0,0.0,0.0,0.0
12699,83,187,472,3.81,39.17,17.06,50.5,3.53,43.64,0.0,0.44,0.22,83.0,0.0,0.0,88.76,38.92,16.71,43.92,2.64,34.66,12.31,66.66,0.0,0.0,0.0,0.0,4.4,36.0,18.01,15.0,3.52,36.62,20.73,62.5,0.0,0.0,0.0
12700,83,188,995,8.24,39.93,17.46,38.46,16.83,41.6,40.12,67.68,1.86,49.76,23.94,64.7,23.98,40.14,17.6,43.83,0.54,37.2,12.79,40.0,2.4,41.04,16.94,50.0,1.09,34.2,15.64,20.0,2.4,41.86,21.69,50.0,0.0,0.0,0.0
12701,83,189,655,5.19,43.07,19.23,35.7,14.87,41.52,54.16,3.86,0.32,63.5,4.94,50.0,85.34,42.36,18.72,40.37,0.96,52.83,19.12,50.0,0.8,36.6,19.78,40.0,5.15,46.31,18.2,46.87,3.54,48.27,25.31,36.36,0.0,0.0,0.0
12702,83,190,921,2.49,42.84,18.75,38.09,15.07,42.88,48.78,4.56,0.44,59.0,29.31,50.0,82.18,42.53,18.62,42.81,1.78,42.43,17.78,31.25,1.0,41.88,22.31,44.44,5.67,40.54,16.4,25.49,4.34,53.2,21.84,53.84,0.0,0.0,0.0
12703,83,192,0,0.0,0.0,0.0,0.0,0.0,0.0,0.0,0.0,0.0,0.0,0.0,0.0,0.0,0.0,0.0,0.0,0.0,0.0,0.0,0.0,0.0,0.0,0.0,0.0,0.0,0.0,0.0,0.0,0.0,0.0,0.0,0.0,0.0,0.0,0.0
12704,83,194,740,3.24,42.04,19.27,48.8,17.41,37.97,26.66,2.09,0.0,0.0,0.0,0.0,85.89,41.49,19.41,37.56,2.23,35.12,13.14,50.0,0.0,0.0,0.0,0.0,5.3,35.1,13.79,26.31,4.46,55.09,16.65,53.12,0.0,0.0,0.0
12705,83,195,738,3.65,42.39,17.9,38.77,17.12,42.0,51.61,8.72,0.28,28.0,2.82,50.0,78.62,42.01,18.04,41.68,1.82,47.84,13.52,46.15,0.56,56.25,18.08,25.0,5.2,41.89,17.14,24.32,4.78,52.73,18.61,44.11,0.0,0.0,0.0
12706,83,196,680,1.17,41.22,16.73,45.09,18.94,39.41,52.38,3.12,0.29,24.5,3.53,0.0,87.94,41.05,16.75,39.59,2.08,38.42,17.08,35.71,0.29,47.5,13.43,50.0,2.97,39.75,14.66,25.0,3.27,47.36,16.9,50.0,0.0,0.0,0.0
12707,83,197,763,2.35,40.61,18.12,57.4,19.75,41.67,80.0,1.34,0.26,33.0,46.66,100.0,90.87,39.93,17.79,41.06,1.2,33.55,17.0,77.77,0.26,60.5,2.12,50.0,1.74,34.38,16.14,46.15,4.16,48.7,18.34,32.25,0.0,0.0,0.0
12708,83,198,672,2.82,41.37,17.99,44.0,13.73,42.26,50.0,0.61,0.15,84.0,0.0,100.0,88.51,40.21,17.6,41.52,3.82,41.88,19.18,56.0,0.45,46.33,26.72,0.0,2.9,44.42,15.8,21.05,3.36,56.72,14.39,63.63,0.0,0.0,0.0
12709,84,1,655,2.9,40.54,17.49,53.8,25.14,41.22,53.33,2.35,0.31,52.5,31.81,50.0,86.16,40.22,16.9,42.88,1.88,32.0,16.71,33.33,0.31,45.0,29.69,0.0,7.07,37.79,16.65,24.44,1.88,47.0,21.85,33.33,0.0,0.0,0.0
12710,84,2,0,0.0,0.0,0.0,0.0,0.0,0.0,0.0,0.0,0.0,0.0,0.0,0.0,0.0,0.0,0.0,0.0,0.0,0.0,0.0,0.0,0.0,0.0,0.0,0.0,0.0,0.0,0.0,0.0,0.0,0.0,0.0,0.0,0.0,0.0,0.0
12711,84,3,251,2.78,40.07,16.53,39.0,21.0,41.43,66.66,1.22,0.0,0.0,0.0,0.0,89.75,39.05,16.62,42.46,1.22,35.33,2.3,66.66,0.4,68.0,0.0,100.0,4.91,44.66,11.75,16.66,2.45,52.83,13.84,33.33,0.0,0.0,0.0
12712,84,4,0,0.0,0.0,0.0,0.0,0.0,0.0,0.0,0.0,0.0,0.0,0.0,0.0,0.0,0.0,0.0,0.0,0.0,0.0,0.0,0.0,0.0,0.0,0.0,0.0,0.0,0.0,0.0,0.0,0.0,0.0,0.0,0.0,0.0,0.0,0.0
12713,84,5,379,2.9,45.36,19.25,47.0,23.43,39.05,66.66,1.63,0.27,0.0,0.0,0.0,84.23,44.6,18.95,37.41,1.9,44.57,18.22,57.14,0.27,83.0,0.0,0.0,6.25,46.0,15.84,43.47,5.43,47.7,21.86,50.0,0.0,0.0,0.0
12714,84,6,1054,1.7,43.85,18.59,48.1,28.16,41.65,63.15,1.83,0.0,0.0,0.0,0.0,84.36,43.5,18.51,42.1,3.08,38.28,16.29,31.25,0.0,0.0,0.0,0.0,8.1,45.91,16.43,35.71,2.6,52.22,16.86,37.03,0.0,0.0,0.0
12715,84,7,534,4.3,40.89,17.86,32.33,14.9,43.07,33.33,2.34,0.19,68.0,0.0,100.0,83.36,39.23,17.5,43.19,3.32,51.7,13.07,58.82,0.58,44.66,21.77,33.33,7.63,42.3,18.23,38.46,2.54,54.3,16.73,53.84,0.0,0.0,0.0
12716,84,8,537,2.97,42.29,17.55,43.92,20.73,45.81,46.15,2.49,0.19,23.0,0.0,0.0,85.79,40.87,17.31,46.08,3.07,49.43,16.36,50.0,0.19,33.0,0.0,0.0,5.75,48.76,15.79,40.0,2.49,55.46,21.65,69.23,0.0,0.0,0.0
12717,84,9,0,0.0,0.0,0.0,0.0,0.0,0.0,0.0,0.0,0.0,0.0,0.0,0.0,0.0,0.0,0.0,0.0,0.0,0.0,0.0,0.0,0.0,0.0,0.0,0.0,0.0,0.0,0.0,0.0,0.0,0.0,0.0,0.0,0.0,0.0,0.0
12718,84,10,609,1.97,41.23,18.06,43.15,13.45,41.37,84.61,2.17,0.16,40.0,0.0,0.0,85.59,40.69,17.82,40.31,4.52,43.74,19.08,44.44,0.0,0.0,0.0,0.0,4.18,37.79,19.71,32.0,3.35,52.85,22.7,45.0,0.0,0.0,0.0
12719,84,11,594,1.01,42.32,19.15,44.72,17.4,39.73,45.45,1.87,0.0,0.0,0.0,0.0,85.54,42.12,19.29,39.96,2.04,36.08,20.12,33.33,0.68,37.0,13.44,0.0,5.78,38.41,16.38,32.35,3.91,55.73,19.04,52.17,0.0,0.0,0.0
12720,84,12,733,0.95,39.4,18.11,29.3,15.16,38.74,60.0,1.37,0.27,66.5,0.7,50.0,87.19,39.09,18.1,39.33,2.34,41.52,17.54,35.29,0.55,29.75,5.67,25.0,5.78,40.85,14.94,26.19,2.47,46.0,23.69,44.44,0.0,0.0,0.0
12721,84,13,539,2.04,48.83,17.97,39.87,17.83,42.67,62.5,1.51,0.37,49.5,3.53,50.0,87.87,48.35,17.92,39.65,1.51,43.0,10.48,75.0,0.37,28.5,6.36,0.0,5.11,53.81,17.98,55.55,3.21,52.23,18.1,70.58,0.0,0.0,0.0
12722,84,14,0,0.0,0.0,0.0,0.0,0.0,0.0,0.0,0.0,0.0,0.0,0.0,0.0,0.0,0.0,0.0,0.0,0.0,0.0,0.0,0.0,0.0,0.0,0.0,0.0,0.0,0.0,0.0,0.0,0.0,0.0,0.0,0.0,0.0,0.0,0.0
12723,84,15,0,0.0,0.0,0.0,0.0,0.0,0.0,0.0,0.0,0.0,0.0,0.0,0.0,0.0,0.0,0.0,0.0,0.0,0.0,0.0,0.0,0.0,0.0,0.0,0.0,0.0,0.0,0.0,0.0,0.0,0.0,0.0,0.0,0.0,0.0,0.0
12724,84,16,0,0.0,0.0,0.0,0.0,0.0,0.0,0.0,0.0,0.0,0.0,0.0,0.0,0.0,0.0,0.0,0.0,0.0,0.0,0.0,0.0,0.0,0.0,0.0,0.0,0.0,0.0,0.0,0.0,0.0,0.0,0.0,0.0,0.0,0.0,0.0
12725,84,17,0,0.0,0.0,0.0,0.0,0.0,0.0,0.0,0.0,0.0,0.0,0.0,0.0,0.0,0.0,0.0,0.0,0.0,0.0,0.0,0.0,0.0,0.0,0.0,0.0,0.0,0.0,0.0,0.0,0.0,0.0,0.0,0.0,0.0,0.0,0.0
12726,84,18,0,0.0,0.0,0.0,0.0,0.0,0.0,0.0,0.0,0.0,0.0,0.0,0.0,0.0,0.0,0.0,0.0,0.0,0.0,0.0,0.0,0.0,0.0,0.0,0.0,0.0,0.0,0.0,0.0,0.0,0.0,0.0,0.0,0.0,0.0,0.0
12727,84,19,0,0.0,0.0,0.0,0.0,0.0,0.0,0.0,0.0,0.0,0.0,0.0,0.0,0.0,0.0,0.0,0.0,0.0,0.0,0.0,0.0,0.0,0.0,0.0,0.0,0.0,0.0,0.0,0.0,0.0,0.0,0.0,0.0,0.0,0.0,0.0
12728,84,20,1049,2.0,40.29,17.26,42.44,23.92,45.18,44.44,0.87,0.09,23.0,0.0,0.0,92.5,40.09,17.1,45.42,2.52,39.38,17.15,53.84,0.09,47.0,0.0,0.0,2.43,38.4,16.26,48.0,1.45,46.53,22.41,53.33,0.0,0.0,0.0
12729,84,21,0,0.0,0.0,0.0,0.0,0.0,0.0,0.0,0.0,0.0,0.0,0.0,0.0,0.0,0.0,0.0,0.0,0.0,0.0,0.0,0.0,0.0,0.0,0.0,0.0,0.0,0.0,0.0,0.0,0.0,0.0,0.0,0.0,0.0,0.0,0.0
12730,84,22,0,0.0,0.0,0.0,0.0,0.0,0.0,0.0,0.0,0.0,0.0,0.0,0.0,0.0,0.0,0.0,0.0,0.0,0.0,0.0,0.0,0.0,0.0,0.0,0.0,0.0,0.0,0.0,0.0,0.0,0.0,0.0,0.0,0.0,0.0,0.0
12731,84,23,1028,1.55,42.44,18.83,45.06,23.75,41.14,66.66,1.48,0.0,0.0,0.0,0.0,91.3,42.29,18.89,40.9,1.28,32.76,14.54,61.53,0.29,60.33,13.57,100.0,3.95,40.92,15.84,32.5,1.67,52.29,19.78,17.64,0.0,0.0,0.0
12732,84,24,928,1.5,42.23,17.98,46.0,15.78,41.7,53.84,1.42,0.0,0.0,0.0,0.0,92.01,41.79,18.04,40.9,2.07,33.73,20.18,36.84,0.0,0.0,0.0,0.0,3.06,47.46,14.55,42.85,1.42,53.84,10.5,69.23,0.0,0.0,0.0
12733,84,25,1108,1.53,37.89,17.58,38.58,11.04,40.7,50.0,1.09,0.09,44.0,0.0,100.0,91.1,37.52,17.44,41.54,1.0,27.45,19.62,36.36,0.36,39.5,8.66,25.0,3.84,36.38,20.14,23.8,2.47,50.22,16.9,33.33,0.0,0.0,0.0
12734,84,26,689,1.88,42.92,17.45,45.5,10.87,40.49,33.33,0.88,0.0,0.0,0.0,0.0,90.38,42.47,17.2,41.24,1.33,38.33,12.92,22.22,0.14,33.0,0.0,0.0,3.99,39.07,16.67,33.33,3.25,54.22,18.95,45.45,0.0,0.0,0.0
12735,84,27,0,0.0,0.0,0.0,0.0,0.0,0.0,0.0,0.0,0.0,0.0,0.0,0.0,0.0,0.0,0.0,0.0,0.0,0.0,0.0,0.0,0.0,0.0,0.0,0.0,0.0,0.0,0.0,0.0,0.0,0.0,0.0,0.0,0.0,0.0,0.0
12736,84,28,1424,4.35,41.16,17.17,37.39,15.86,40.02,41.57,6.53,0.29,54.5,24.98,50.0,82.96,40.76,17.27,41.15,1.68,41.39,11.69,47.82,1.02,46.5,15.37,28.57,4.77,39.95,16.59,29.23,2.71,53.32,14.42,37.83,0.0,0.0,0.0
12737,84,29,836,0.71,40.56,17.04,35.0,15.8,42.82,40.0,1.8,0.12,73.0,0.0,100.0,90.72,40.84,16.98,43.69,2.53,38.09,20.73,47.61,0.12,26.0,0.0,100.0,3.25,37.03,12.06,22.22,1.44,37.16,21.84,25.0,0.0,0.0,0.0
12738,84,30,915,0.98,40.58,17.8,41.8,20.9,42.07,32.0,2.75,0.11,37.0,0.0,100.0,89.07,40.09,17.64,41.51,1.87,42.64,13.94,52.94,0.11,30.0,0.0,100.0,4.08,39.24,18.28,43.24,1.98,62.72,13.19,50.0,0.0,0.0,0.0
12739,84,31,0,0.0,0.0,0.0,0.0,0.0,0.0,0.0,0.0,0.0,0.0,0.0,0.0,0.0,0.0,0.0,0.0,0.0,0.0,0.0,0.0,0.0,0.0,0.0,0.0,0.0,0.0,0.0,0.0,0.0,0.0,0.0,0.0,0.0,0.0,0.0
12740,84,32,701,1.56,40.1,18.14,31.26,24.84,41.65,53.33,2.17,0.0,0.0,0.0,0.0,91.88,40.41,17.45,41.32,1.01,35.42,20.14,71.42,0.14,25.0,0.0,0.0,2.17,29.26,23.28,26.66,2.6,48.5,22.91,50.0,0.0,0.0,0.0
12741,84,33,641,0.93,39.73,16.28,41.36,17.69,40.4,56.0,3.93,0.15,34.0,0.0,100.0,91.18,39.31,16.2,39.55,0.78,42.0,17.83,60.0,0.0,0.0,0.0,0.0,2.04,42.07,12.03,38.46,1.88,50.08,20.4,33.33,0.0,0.0,0.0
12742,84,34,711,0.84,38.82,17.46,32.66,5.5,39.8,100.0,0.42,0.14,30.0,0.0,0.0,94.04,38.71,17.36,40.87,0.7,48.2,9.44,0.0,0.85,47.66,30.17,16.66,2.97,37.71,17.15,19.04,0.85,27.66,15.71,33.33,0.0,0.0,0.0
12743,84,35,0,0.0,0.0,0.0,0.0,0.0,0.0,0.0,0.0,0.0,0.0,0.0,0.0,0.0,0.0,0.0,0.0,0.0,0.0,0.0,0.0,0.0,0.0,0.0,0.0,0.0,0.0,0.0,0.0,0.0,0.0,0.0,0.0,0.0,0.0,0.0
12744,84,36,1227,0.89,38.56,17.23,39.46,19.6,39.6,46.87,2.63,0.08,0.0,0.0,100.0,90.87,37.99,17.01,40.27,1.56,37.89,9.64,52.63,0.49,48.0,10.97,16.66,2.79,45.44,20.53,26.47,1.56,52.78,15.57,10.52,0.0,0.0,0.0
12745,84,37,0,0.0,0.0,0.0,0.0,0.0,0.0,0.0,0.0,0.0,0.0,0.0,0.0,0.0,0.0,0.0,0.0,0.0,0.0,0.0,0.0,0.0,0.0,0.0,0.0,0.0,0.0,0.0,0.0,0.0,0.0,0.0,0.0,0.0,0.0,0.0
12746,84,38,1252,1.43,39.08,17.87,38.52,13.31,42.25,41.66,2.91,0.32,34.75,10.37,50.0,89.54,38.68,17.66,43.07,1.53,37.73,19.44,42.1,0.24,41.0,22.51,33.33,3.48,39.6,19.67,27.9,1.94,50.41,22.06,25.0,0.0,0.0,0.0
12747,84,39,1113,0.62,39.17,18.44,39.5,24.71,41.77,55.0,1.8,0.36,36.5,16.01,50.0,93.21,39.2,18.14,41.41,1.08,41.16,11.06,58.33,0.18,40.0,19.79,50.0,1.35,31.93,18.5,33.33,1.98,42.31,26.62,36.36,0.0,0.0,0.0
12748,84,40,0,0.0,0.0,0.0,0.0,0.0,0.0,0.0,0.0,0.0,0.0,0.0,0.0,0.0,0.0,0.0,0.0,0.0,0.0,0.0,0.0,0.0,0.0,0.0,0.0,0.0,0.0,0.0,0.0,0.0,0.0,0.0,0.0,0.0,0.0,0.0
12749,84,41,0,0.0,0.0,0.0,0.0,0.0,0.0,0.0,0.0,0.0,0.0,0.0,0.0,0.0,0.0,0.0,0.0,0.0,0.0,0.0,0.0,0.0,0.0,0.0,0.0,0.0,0.0,0.0,0.0,0.0,0.0,0.0,0.0,0.0,0.0,0.0
12750,84,42,1103,1.63,41.51,17.04,39.14,15.77,41.25,34.25,9.95,0.55,45.5,11.58,66.66,82.76,41.71,17.13,41.53,2.85,35.64,15.08,48.38,0.36,37.5,6.65,75.0,2.67,37.58,16.17,41.37,0.82,47.33,16.5,11.11,0.0,0.0,0.0
12751,84,43,728,0.13,43.3,17.26,34.57,15.43,42.71,42.46,10.04,0.0,0.0,0.0,0.0,83.76,43.95,16.84,42.85,3.3,51.08,21.99,50.0,0.13,50.0,0.0,100.0,1.51,45.81,13.41,18.18,1.23,47.66,27.61,44.44,0.0,0.0,0.0
12752,84,44,694,1.0,38.76,17.77,30.28,19.27,40.92,47.61,3.05,0.0,0.0,0.0,0.0,91.55,39.14,17.68,40.54,0.87,31.0,15.92,66.66,0.0,0.0,0.0,0.0,3.63,39.11,17.86,40.0,0.87,35.66,21.07,50.0,0.0,0.0,0.0
12753,84,45,0,0.0,0.0,0.0,0.0,0.0,0.0,0.0,0.0,0.0,0.0,0.0,0.0,0.0,0.0,0.0,0.0,0.0,0.0,0.0,0.0,0.0,0.0,0.0,0.0,0.0,0.0,0.0,0.0,0.0,0.0,0.0,0.0,0.0,0.0,0.0
12754,84,46,641,0.15,39.29,16.66,38.79,15.45,41.34,53.33,2.34,0.0,0.0,0.0,0.0,93.75,39.15,16.8,41.5,1.56,40.9,18.54,30.0,0.15,33.0,0.0,0.0,1.56,46.3,10.15,40.0,0.62,35.75,3.09,25.0,0.0,0.0,0.0
12755,84,47,0,0.0,0.0,0.0,0.0,0.0,0.0,0.0,0.0,0.0,0.0,0.0,0.0,0.0,0.0,0.0,0.0,0.0,0.0,0.0,0.0,0.0,0.0,0.0,0.0,0.0,0.0,0.0,0.0,0.0,0.0,0.0,0.0,0.0,0.0,0.0
12756,84,48,0,0.0,0.0,0.0,0.0,0.0,0.0,0.0,0.0,0.0,0.0,0.0,0.0,0.0,0.0,0.0,0.0,0.0,0.0,0.0,0.0,0.0,0.0,0.0,0.0,0.0,0.0,0.0,0.0,0.0,0.0,0.0,0.0,0.0,0.0,0.0
12757,84,49,0,0.0,0.0,0.0,0.0,0.0,0.0,0.0,0.0,0.0,0.0,0.0,0.0,0.0,0.0,0.0,0.0,0.0,0.0,0.0,0.0,0.0,0.0,0.0,0.0,0.0,0.0,0.0,0.0,0.0,0.0,0.0,0.0,0.0,0.0,0.0
12758,84,50,0,0.0,0.0,0.0,0.0,0.0,0.0,0.0,0.0,0.0,0.0,0.0,0.0,0.0,0.0,0.0,0.0,0.0,0.0,0.0,0.0,0.0,0.0,0.0,0.0,0.0,0.0,0.0,0.0,0.0,0.0,0.0,0.0,0.0,0.0,0.0
12759,84,51,1418,1.48,42.57,18.17,45.63,12.47,42.17,52.63,1.36,0.14,55.0,39.59,50.0,92.91,42.69,18.14,41.98,1.5,32.61,18.73,52.38,0.07,40.0,0.0,0.0,2.07,37.17,17.8,41.37,1.93,50.4,20.26,33.33,0.0,0.0,0.0
12760,84,52,921,0.43,42.05,18.39,28.25,4.09,42.99,50.0,0.87,0.21,26.0,2.82,50.0,92.36,41.99,18.27,42.97,1.96,38.94,16.69,61.11,0.0,0.0,0.0,0.0,2.5,44.34,19.64,30.43,2.07,55.1,20.99,26.31,0.0,0.0,0.0
12761,84,53,1016,0.78,38.72,17.2,35.79,9.6,43.99,60.0,0.99,0.09,57.0,0.0,0.0,93.84,38.79,17.28,44.29,1.98,34.65,13.59,45.0,0.29,51.0,26.51,33.33,2.08,35.33,15.49,33.33,0.69,39.85,15.09,57.14,0.0,0.0,0.0
12762,84,54,1113,0.44,41.47,17.69,33.0,10.56,42.4,42.85,0.63,0.18,33.5,2.12,50.0,92.96,41.25,17.71,41.84,1.89,47.14,15.43,61.9,0.09,64.0,0.0,0.0,2.07,46.43,16.43,43.47,2.16,45.95,20.99,45.83,0.0,0.0,0.0
12763,84,55,0,0.0,0.0,0.0,0.0,0.0,0.0,0.0,0.0,0.0,0.0,0.0,0.0,0.0,0.0,0.0,0.0,0.0,0.0,0.0,0.0,0.0,0.0,0.0,0.0,0.0,0.0,0.0,0.0,0.0,0.0,0.0,0.0,0.0,0.0,0.0
12764,84,56,929,0.86,41.79,17.27,39.9,17.89,41.22,30.0,1.08,0.0,0.0,0.0,0.0,94.78,41.77,17.27,41.23,1.08,36.0,14.78,60.0,0.0,0.0,0.0,0.0,1.73,41.06,19.7,18.75,1.3,49.66,17.93,58.33,0.0,0.0,0.0
12765,84,57,1151,0.69,40.8,18.38,37.77,16.36,43.61,55.55,1.57,0.0,0.0,0.0,0.0,94.4,40.65,18.22,43.37,1.22,40.92,20.02,57.14,0.0,0.0,0.0,0.0,1.48,37.7,19.04,29.41,1.31,58.73,17.07,53.33,0.0,0.0,0.0
12766,84,58,1081,0.64,40.54,16.87,34.94,12.73,42.64,38.46,4.84,0.09,0.0,0.0,0.0,89.75,40.9,17.03,42.63,1.11,35.5,10.06,58.33,0.0,0.0,0.0,0.0,2.51,41.14,13.21,37.03,1.67,39.61,23.34,55.55,0.0,0.0,0.0
12767,84,60,610,0.49,45.73,18.92,42.18,19.76,43.44,34.88,7.08,0.0,0.0,0.0,0.0,85.0,45.26,18.61,43.79,1.64,40.1,21.98,70.0,0.0,0.0,0.0,0.0,3.13,52.31,18.96,26.31,3.13,62.21,13.62,52.63,0.0,0.0,0.0
12768,84,61,0,0.0,0.0,0.0,0.0,0.0,0.0,0.0,0.0,0.0,0.0,0.0,0.0,0.0,0.0,0.0,0.0,0.0,0.0,0.0,0.0,0.0,0.0,0.0,0.0,0.0,0.0,0.0,0.0,0.0,0.0,0.0,0.0,0.0,0.0,0.0
12769,84,62,616,0.81,40.94,18.5,42.23,18.66,41.23,46.66,4.9,0.49,41.33,8.14,66.66,89.52,40.76,18.49,39.85,1.8,28.81,11.64,36.36,0.0,0.0,0.0,0.0,1.8,52.0,17.7,72.72,1.47,52.88,17.86,44.44,0.0,0.0,0.0
12770,84,63,609,0.32,37.36,17.06,39.64,15.76,42.36,52.94,2.8,0.16,35.0,0.0,100.0,91.43,37.11,17.25,43.06,1.64,30.3,12.82,40.0,0.49,49.0,10.14,0.0,1.97,35.41,10.98,16.66,1.48,52.11,15.12,33.33,0.0,0.0,0.0
12771,84,64,1086,0.27,45.61,18.6,35.25,9.42,42.44,62.5,0.73,0.0,0.0,0.0,0.0,93.72,45.72,18.54,42.36,1.1,34.33,17.15,33.33,0.09,45.0,0.0,0.0,2.77,41.16,18.81,36.66,1.56,58.05,20.22,58.82,0.0,0.0,0.0
12772,84,65,773,0.77,37.83,15.75,32.91,8.58,40.87,58.33,1.56,0.13,23.0,0.0,0.0,91.13,37.5,15.67,40.77,1.43,37.9,10.83,45.45,0.39,34.0,12.16,33.33,3.52,44.48,16.84,44.44,1.82,46.0,20.24,28.57,0.0,0.0,0.0
12773,84,66,878,0.79,42.05,18.77,36.58,17.48,43.16,50.0,2.75,0.34,27.66,2.08,100.0,91.15,42.32,18.85,42.56,1.26,33.63,10.97,54.54,0.11,30.0,0.0,0.0,3.32,39.89,18.83,48.27,1.03,44.77,22.84,44.44,0.0,0.0,0.0
12774,84,67,0,0.0,0.0,0.0,0.0,0.0,0.0,0.0,0.0,0.0,0.0,0.0,0.0,0.0,0.0,0.0,0.0,0.0,0.0,0.0,0.0,0.0,0.0,0.0,0.0,0.0,0.0,0.0,0.0,0.0,0.0,0.0,0.0,0.0,0.0,0.0
12775,84,68,1102,0.27,45.75,19.68,37.94,15.15,45.09,64.7,1.54,0.36,42.5,18.69,50.0,91.53,46.11,19.52,44.93,2.54,40.1,22.16,53.57,0.18,63.0,5.65,50.0,2.18,41.66,21.19,41.66,1.63,46.83,26.38,27.77,0.0,0.0,0.0
12776,84,69,0,0.0,0.0,0.0,0.0,0.0,0.0,0.0,0.0,0.0,0.0,0.0,0.0,0.0,0.0,0.0,0.0,0.0,0.0,0.0,0.0,0.0,0.0,0.0,0.0,0.0,0.0,0.0,0.0,0.0,0.0,0.0,0.0,0.0,0.0,0.0
12777,84,70,830,1.44,41.97,17.94,36.88,15.74,42.89,72.22,2.2,0.0,0.0,0.0,0.0,89.48,42.22,17.65,41.8,1.58,36.38,16.15,53.84,0.36,57.0,27.22,33.33,3.42,39.57,19.61,35.71,2.93,40.25,23.07,41.66,0.0,0.0,0.0
12778,84,71,0,0.0,0.0,0.0,0.0,0.0,0.0,0.0,0.0,0.0,0.0,0.0,0.0,0.0,0.0,0.0,0.0,0.0,0.0,0.0,0.0,0.0,0.0,0.0,0.0,0.0,0.0,0.0,0.0,0.0,0.0,0.0,0.0,0.0,0.0,0.0
12779,84,72,0,0.0,0.0,0.0,0.0,0.0,0.0,0.0,0.0,0.0,0.0,0.0,0.0,0.0,0.0,0.0,0.0,0.0,0.0,0.0,0.0,0.0,0.0,0.0,0.0,0.0,0.0,0.0,0.0,0.0,0.0,0.0,0.0,0.0,0.0,0.0
12780,84,73,0,0.0,0.0,0.0,0.0,0.0,0.0,0.0,0.0,0.0,0.0,0.0,0.0,0.0,0.0,0.0,0.0,0.0,0.0,0.0,0.0,0.0,0.0,0.0,0.0,0.0,0.0,0.0,0.0,0.0,0.0,0.0,0.0,0.0,0.0,0.0
12781,84,74,941,0.1,42.05,17.0,40.1,11.71,42.82,60.0,2.12,0.0,0.0,0.0,0.0,94.57,41.9,16.95,43.19,0.53,39.2,18.24,40.0,0.31,46.0,19.28,0.0,1.38,47.84,15.39,23.07,1.06,49.4,27.89,10.0,0.0,0.0,0.0
12782,84,75,965,0.1,43.55,18.66,45.63,23.5,44.87,45.45,1.14,0.1,20.0,0.0,100.0,92.94,43.62,18.6,45.08,0.93,37.44,19.81,55.55,0.1,37.0,0.0,0.0,2.8,40.88,19.43,33.33,1.97,46.84,17.93,42.1,0.0,0.0,0.0
12783,84,76,0,0.0,0.0,0.0,0.0,0.0,0.0,0.0,0.0,0.0,0.0,0.0,0.0,0.0,0.0,0.0,0.0,0.0,0.0,0.0,0.0,0.0,0.0,0.0,0.0,0.0,0.0,0.0,0.0,0.0,0.0,0.0,0.0,0.0,0.0,0.0
12784,84,77,801,0.49,39.7,16.95,38.6,17.8,44.56,64.0,3.13,0.25,26.5,9.19,0.0,92.09,39.95,16.87,44.82,0.75,43.5,22.17,50.0,0.12,50.0,0.0,0.0,2.25,32.5,18.63,33.33,1.38,39.0,17.61,18.18,0.0,0.0,0.0
12785,84,78,1038,0.77,41.81,18.08,38.65,15.07,42.96,40.62,3.1,0.0,0.0,0.0,0.0,92.03,41.89,17.99,43.24,1.65,42.29,13.29,58.82,0.38,51.75,27.17,0.0,1.55,44.87,24.92,25.0,1.26,38.07,20.47,38.46,0.0,0.0,0.0
12786,84,79,0,0.0,0.0,0.0,0.0,0.0,0.0,0.0,0.0,0.0,0.0,0.0,0.0,0.0,0.0,0.0,0.0,0.0,0.0,0.0,0.0,0.0,0.0,0.0,0.0,0.0,0.0,0.0,0.0,0.0,0.0,0.0,0.0,0.0,0.0,0.0
12787,84,80,968,0.72,38.55,16.48,41.0,15.52,41.32,38.46,1.35,0.0,0.0,0.0,0.0,93.13,38.34,16.49,41.11,1.45,39.07,15.97,78.57,0.2,18.5,26.16,0.0,2.49,34.0,13.95,29.16,1.35,55.23,12.54,30.76,0.0,0.0,0.0
12788,84,81,725,1.24,41.0,18.15,33.08,16.93,39.72,50.0,1.67,0.0,0.0,0.0,0.0,92.17,41.01,18.18,40.6,1.39,43.0,20.89,50.0,0.27,26.0,1.41,0.0,2.93,47.38,16.56,19.04,1.53,39.27,23.27,45.45,0.0,0.0,0.0
12789,84,82,685,0.72,41.57,18.23,40.95,20.73,40.58,36.36,3.23,0.0,0.0,0.0,0.0,88.52,41.6,18.13,41.52,1.17,28.25,18.24,12.5,0.14,48.0,0.0,0.0,5.0,38.35,15.27,29.41,1.91,49.38,20.19,46.15,0.0,0.0,0.0
12790,84,83,0,0.0,0.0,0.0,0.0,0.0,0.0,0.0,0.0,0.0,0.0,0.0,0.0,0.0,0.0,0.0,0.0,0.0,0.0,0.0,0.0,0.0,0.0,0.0,0.0,0.0,0.0,0.0,0.0,0.0,0.0,0.0,0.0,0.0,0.0,0.0
12791,84,84,0,0.0,0.0,0.0,0.0,0.0,0.0,0.0,0.0,0.0,0.0,0.0,0.0,0.0,0.0,0.0,0.0,0.0,0.0,0.0,0.0,0.0,0.0,0.0,0.0,0.0,0.0,0.0,0.0,0.0,0.0,0.0,0.0,0.0,0.0,0.0
12792,84,85,1069,0.84,41.31,18.44,40.65,12.15,42.28,65.38,2.45,0.28,48.33,14.74,0.0,91.03,41.59,18.5,41.34,1.5,30.37,16.85,37.5,0.09,20.0,0.0,0.0,3.67,37.79,20.79,48.71,0.94,41.8,19.76,60.0,0.0,0.0,0.0
12793,84,86,0,0.0,0.0,0.0,0.0,0.0,0.0,0.0,0.0,0.0,0.0,0.0,0.0,0.0,0.0,0.0,0.0,0.0,0.0,0.0,0.0,0.0,0.0,0.0,0.0,0.0,0.0,0.0,0.0,0.0,0.0,0.0,0.0,0.0,0.0,0.0
12794,84,87,702,0.85,46.27,18.99,52.09,13.14,42.59,54.54,1.58,0.43,27.0,4.35,0.0,91.23,46.33,19.15,41.73,1.29,36.44,11.22,66.66,0.0,0.0,0.0,0.0,2.58,41.61,18.38,44.44,2.72,54.57,18.95,68.42,0.0,0.0,0.0
12795,84,88,791,0.37,42.69,19.49,43.81,16.72,43.1,62.5,2.03,0.12,52.0,0.0,100.0,92.13,42.6,19.63,43.11,1.77,40.78,15.77,28.57,0.12,38.0,0.0,0.0,2.15,45.58,15.94,52.94,1.64,49.46,22.47,7.69,0.0,0.0,0.0
12796,84,89,999,0.6,41.27,18.36,43.6,17.76,41.74,55.0,2.01,0.1,32.0,0.0,100.0,91.64,41.03,18.49,41.75,2.31,40.3,15.42,43.47,0.0,0.0,0.0,0.0,2.31,45.0,20.46,26.08,1.61,44.18,14.28,37.5,0.0,0.0,0.0
12797,84,90,1419,0.7,44.16,18.3,47.7,19.5,43.55,51.61,2.2,0.07,42.0,0.0,0.0,92.26,43.88,18.3,43.53,2.05,39.68,11.64,55.17,0.0,0.0,0.0,0.0,2.27,43.78,16.98,34.37,1.13,62.93,20.12,31.25,0.0,0.0,0.0
12798,84,91,942,1.06,41.76,18.15,35.76,12.43,41.93,69.23,1.39,0.0,0.0,0.0,0.0,93.02,41.5,18.12,41.52,1.82,44.05,20.73,47.05,0.1,47.0,0.0,0.0,1.6,44.06,14.32,33.33,2.03,51.84,18.92,36.84,0.0,0.0,0.0
12799,84,92,648,0.61,42.87,18.99,46.66,7.5,46.14,33.33,0.46,0.0,0.0,0.0,0.0,91.45,42.97,19.14,46.17,3.26,36.47,19.65,61.9,0.46,50.66,27.59,0.0,2.63,38.17,11.65,29.41,1.7,48.18,18.34,45.45,0.0,0.0,0.0
12800,84,93,0,0.0,0.0,0.0,0.0,0.0,0.0,0.0,0.0,0.0,0.0,0.0,0.0,0.0,0.0,0.0,0.0,0.0,0.0,0.0,0.0,0.0,0.0,0.0,0.0,0.0,0.0,0.0,0.0,0.0,0.0,0.0,0.0,0.0,0.0,0.0
12801,84,94,0,0.0,0.0,0.0,0.0,0.0,0.0,0.0,0.0,0.0,0.0,0.0,0.0,0.0,0.0,0.0,0.0,0.0,0.0,0.0,0.0,0.0,0.0,0.0,0.0,0.0,0.0,0.0,0.0,0.0,0.0,0.0,0.0,0.0,0.0,0.0
12802,84,95,0,0.0,0.0,0.0,0.0,0.0,0.0,0.0,0.0,0.0,0.0,0.0,0.0,0.0,0.0,0.0,0.0,0.0,0.0,0.0,0.0,0.0,0.0,0.0,0.0,0.0,0.0,0.0,0.0,0.0,0.0,0.0,0.0,0.0,0.0,0.0
12803,84,96,825,1.81,43.59,17.87,41.41,12.66,43.75,41.93,3.82,0.37,66.33,25.81,100.0,85.8,42.95,17.8,44.17,0.98,33.87,16.93,62.5,0.24,41.0,15.55,50.0,3.82,42.9,14.31,25.8,4.93,56.95,20.16,42.5,0.0,0.0,0.0
12804,84,97,863,2.54,42.91,18.78,41.56,18.25,41.83,46.66,3.56,0.11,44.0,0.0,100.0,87.15,42.3,18.4,40.92,1.78,41.73,11.12,53.33,0.23,60.5,24.74,0.0,4.28,40.69,23.88,44.44,2.85,58.5,18.9,50.0,0.0,0.0,0.0
12805,84,98,966,1.34,41.29,17.01,40.0,5.69,43.16,63.63,1.15,0.2,55.0,15.55,100.0,90.45,40.98,17.18,42.69,1.67,41.87,14.08,50.0,0.1,55.0,0.0,0.0,3.14,40.93,16.79,46.66,3.25,49.61,14.9,45.16,0.0,0.0,0.0
12806,84,99,1200,1.66,41.89,17.98,33.06,24.91,42.16,33.33,1.27,0.33,43.0,36.17,0.0,91.52,41.87,17.85,42.31,1.52,36.16,18.29,44.44,0.08,62.0,0.0,100.0,3.22,39.26,14.24,44.73,2.03,51.79,21.18,50.0,0.0,0.0,0.0
12807,84,100,709,1.12,39.83,15.19,41.4,17.44,39.06,45.0,2.85,0.42,39.33,6.65,33.33,89.01,39.75,15.11,38.94,1.71,35.16,14.75,66.66,0.71,33.0,23.02,40.0,2.99,37.95,10.99,23.8,2.28,44.18,17.99,43.75,0.0,0.0,0.0
12808,84,101,662,1.51,42.94,18.71,42.54,18.36,40.93,36.36,3.37,0.15,22.0,0.0,100.0,90.64,42.69,18.68,40.77,1.68,35.0,14.46,36.36,0.3,57.5,12.02,100.0,2.14,43.71,19.73,50.0,1.68,51.81,14.33,36.36,0.0,0.0,0.0
12809,84,102,896,2.9,42.08,17.26,38.6,14.81,43.63,45.0,2.29,0.34,45.33,7.76,66.66,88.62,41.91,17.43,43.83,1.37,34.75,11.12,50.0,0.22,64.0,5.65,100.0,5.05,39.25,13.62,29.54,1.95,55.64,19.57,70.58,0.0,0.0,0.0
12810,84,103,0,0.0,0.0,0.0,0.0,0.0,0.0,0.0,0.0,0.0,0.0,0.0,0.0,0.0,0.0,0.0,0.0,0.0,0.0,0.0,0.0,0.0,0.0,0.0,0.0,0.0,0.0,0.0,0.0,0.0,0.0,0.0,0.0,0.0,0.0,0.0
12811,84,104,877,2.73,38.45,17.33,37.41,16.89,40.7,45.28,6.21,0.35,12.66,21.93,66.66,84.99,37.97,17.02,40.96,2.11,39.0,17.1,27.77,0.23,60.0,5.65,50.0,4.33,41.37,16.61,32.43,1.75,48.33,17.59,60.0,0.0,0.0,0.0
12812,84,105,729,2.05,42.41,18.99,44.58,18.66,42.66,44.82,4.06,0.42,23.0,23.51,33.33,87.11,42.19,18.62,43.72,1.12,37.5,12.28,50.0,0.42,61.0,20.8,0.0,4.2,47.06,19.24,36.66,2.66,36.21,22.79,36.84,0.0,0.0,0.0
12813,84,106,627,3.5,38.34,18.44,38.04,17.81,40.35,41.66,3.96,0.16,47.0,0.0,100.0,87.27,38.09,18.27,40.53,0.66,25.5,23.05,50.0,0.33,37.5,14.84,0.0,4.95,36.0,15.62,26.66,2.64,42.18,26.29,50.0,0.0,0.0,0.0
12814,84,107,809,2.96,43.66,18.37,42.23,14.42,43.01,47.61,2.67,0.38,34.0,13.0,33.33,87.77,43.44,18.15,44.26,1.78,35.5,13.18,35.71,0.38,60.0,14.0,33.33,4.71,45.64,21.31,27.02,2.29,55.27,16.01,55.55,0.0,0.0,0.0
12815,84,108,0,0.0,0.0,0.0,0.0,0.0,0.0,0.0,0.0,0.0,0.0,0.0,0.0,0.0,0.0,0.0,0.0,0.0,0.0,0.0,0.0,0.0,0.0,0.0,0.0,0.0,0.0,0.0,0.0,0.0,0.0,0.0,0.0,0.0,0.0,0.0
12816,84,109,0,0.0,0.0,0.0,0.0,0.0,0.0,0.0,0.0,0.0,0.0,0.0,0.0,0.0,0.0,0.0,0.0,0.0,0.0,0.0,0.0,0.0,0.0,0.0,0.0,0.0,0.0,0.0,0.0,0.0,0.0,0.0,0.0,0.0,0.0,0.0
12817,84,111,966,2.27,42.15,17.67,37.44,20.95,42.96,44.44,0.95,0.1,59.0,0.0,0.0,91.31,41.74,17.58,43.03,1.58,40.79,22.99,66.66,0.0,0.0,0.0,0.0,3.17,43.23,12.98,46.66,2.86,55.37,16.93,40.74,0.0,0.0,0.0
12818,84,112,625,1.76,43.15,17.63,43.33,21.46,43.2,60.0,2.44,0.0,0.0,0.0,0.0,89.08,42.87,17.7,42.77,1.95,44.58,12.97,41.66,0.0,0.0,0.0,0.0,3.74,38.34,14.78,21.73,2.76,50.35,20.13,58.82,0.0,0.0,0.0
12819,84,113,575,1.73,39.64,16.79,36.14,3.93,43.47,57.14,1.23,0.0,0.0,0.0,0.0,90.44,39.52,16.68,43.24,1.76,35.0,14.38,70.0,0.17,44.0,0.0,100.0,3.36,38.63,18.24,26.31,3.0,50.17,20.12,52.94,0.0,0.0,0.0
12820,84,114,0,0.0,0.0,0.0,0.0,0.0,0.0,0.0,0.0,0.0,0.0,0.0,0.0,0.0,0.0,0.0,0.0,0.0,0.0,0.0,0.0,0.0,0.0,0.0,0.0,0.0,0.0,0.0,0.0,0.0,0.0,0.0,0.0,0.0,0.0,0.0
12821,84,115,0,0.0,0.0,0.0,0.0,0.0,0.0,0.0,0.0,0.0,0.0,0.0,0.0,0.0,0.0,0.0,0.0,0.0,0.0,0.0,0.0,0.0,0.0,0.0,0.0,0.0,0.0,0.0,0.0,0.0,0.0,0.0,0.0,0.0,0.0,0.0
12822,84,116,1178,3.14,40.56,17.65,43.8,15.68,41.51,46.66,1.31,0.17,43.5,19.09,0.0,88.69,39.83,17.56,41.89,1.22,36.35,17.12,64.28,0.61,50.71,18.36,57.14,5.08,41.46,14.92,29.31,2.89,48.78,19.18,51.51,0.0,0.0,0.0
12823,84,117,0,0.0,0.0,0.0,0.0,0.0,0.0,0.0,0.0,0.0,0.0,0.0,0.0,0.0,0.0,0.0,0.0,0.0,0.0,0.0,0.0,0.0,0.0,0.0,0.0,0.0,0.0,0.0,0.0,0.0,0.0,0.0,0.0,0.0,0.0,0.0
12824,84,118,0,0.0,0.0,0.0,0.0,0.0,0.0,0.0,0.0,0.0,0.0,0.0,0.0,0.0,0.0,0.0,0.0,0.0,0.0,0.0,0.0,0.0,0.0,0.0,0.0,0.0,0.0,0.0,0.0,0.0,0.0,0.0,0.0,0.0,0.0,0.0
12825,84,119,442,3.39,38.4,16.45,37.15,10.37,41.4,23.07,3.04,0.0,0.0,0.0,0.0,85.01,38.44,16.56,41.04,2.34,27.0,10.94,70.0,0.93,36.75,8.38,25.0,4.68,39.25,12.0,30.0,3.98,38.7,19.78,58.82,0.0,0.0,0.0
12826,84,120,0,0.0,0.0,0.0,0.0,0.0,0.0,0.0,0.0,0.0,0.0,0.0,0.0,0.0,0.0,0.0,0.0,0.0,0.0,0.0,0.0,0.0,0.0,0.0,0.0,0.0,0.0,0.0,0.0,0.0,0.0,0.0,0.0,0.0,0.0,0.0
12827,84,121,606,2.31,41.34,19.14,52.55,19.81,39.76,55.55,1.52,0.0,0.0,0.0,0.0,85.97,40.5,18.52,41.25,2.02,37.08,24.22,16.66,0.0,0.0,0.0,0.0,6.58,37.1,15.92,28.2,3.88,62.69,14.9,39.13,0.0,0.0,0.0
12828,84,122,0,0.0,0.0,0.0,0.0,0.0,0.0,0.0,0.0,0.0,0.0,0.0,0.0,0.0,0.0,0.0,0.0,0.0,0.0,0.0,0.0,0.0,0.0,0.0,0.0,0.0,0.0,0.0,0.0,0.0,0.0,0.0,0.0,0.0,0.0,0.0
12829,84,123,0,0.0,0.0,0.0,0.0,0.0,0.0,0.0,0.0,0.0,0.0,0.0,0.0,0.0,0.0,0.0,0.0,0.0,0.0,0.0,0.0,0.0,0.0,0.0,0.0,0.0,0.0,0.0,0.0,0.0,0.0,0.0,0.0,0.0,0.0,0.0
12830,84,124,0,0.0,0.0,0.0,0.0,0.0,0.0,0.0,0.0,0.0,0.0,0.0,0.0,0.0,0.0,0.0,0.0,0.0,0.0,0.0,0.0,0.0,0.0,0.0,0.0,0.0,0.0,0.0,0.0,0.0,0.0,0.0,0.0,0.0,0.0,0.0
12831,84,125,326,3.98,40.32,18.58,39.87,12.81,43.25,37.5,2.55,0.63,36.5,0.7,50.0,84.98,38.42,17.7,44.73,2.55,48.0,20.06,50.0,0.31,48.0,0.0,0.0,5.75,40.27,22.2,22.22,3.19,62.9,10.78,50.0,0.0,0.0,0.0
12832,84,126,325,2.76,38.61,19.81,23.75,18.22,43.38,75.0,1.26,0.0,0.0,0.0,0.0,85.44,37.48,19.21,43.7,2.53,42.62,24.23,50.0,0.31,37.0,0.0,100.0,6.64,43.95,22.39,33.33,3.79,50.83,18.58,16.66,0.0,0.0,0.0
12833,84,127,974,2.66,41.28,18.76,50.63,16.86,40.45,54.54,1.16,0.21,69.0,24.04,50.0,90.29,40.54,18.43,39.95,1.79,50.64,19.18,35.29,0.1,54.0,0.0,0.0,3.16,37.43,19.74,46.66,3.27,44.64,20.63,41.93,0.0,0.0,0.0
12834,84,128,1051,3.71,41.04,18.87,50.0,22.89,43.19,57.14,1.38,0.39,66.25,28.59,75.0,88.83,40.25,18.35,42.93,1.97,41.1,17.04,45.0,0.19,57.5,45.96,0.0,4.34,35.95,17.84,34.09,2.86,50.93,19.6,48.27,0.0,0.0,0.0
12835,84,129,768,2.99,42.02,17.92,58.57,19.96,44.4,35.71,1.87,0.0,0.0,0.0,0.0,88.18,40.82,17.14,44.9,2.41,44.27,19.25,27.77,1.2,54.33,18.13,33.33,3.89,42.31,17.34,34.48,2.28,48.29,15.29,47.05,0.0,0.0,0.0
12836,84,130,0,0.0,0.0,0.0,0.0,0.0,0.0,0.0,0.0,0.0,0.0,0.0,0.0,0.0,0.0,0.0,0.0,0.0,0.0,0.0,0.0,0.0,0.0,0.0,0.0,0.0,0.0,0.0,0.0,0.0,0.0,0.0,0.0,0.0,0.0,0.0
12837,84,131,614,4.56,41.78,18.4,42.41,20.13,39.73,25.0,2.04,0.34,55.5,3.53,100.0,86.68,41.64,17.64,39.76,2.04,40.08,15.15,66.66,1.36,45.87,20.64,25.0,4.26,38.96,20.53,32.0,3.24,43.84,27.25,47.36,0.0,0.0,0.0
12838,84,132,1012,3.35,40.72,18.92,47.21,16.74,41.2,35.71,2.86,0.3,73.66,14.36,33.33,83.84,39.42,18.61,42.19,2.45,41.37,15.05,45.83,0.1,49.0,0.0,100.0,5.21,41.68,18.85,23.52,5.21,45.68,20.93,33.33,0.0,0.0,0.0
12839,84,133,666,3.6,39.71,17.54,40.0,16.13,39.33,50.0,3.11,0.31,61.0,32.52,0.0,84.26,39.17,17.13,40.11,2.18,38.28,18.9,42.85,0.15,28.0,0.0,0.0,5.76,40.78,19.6,27.02,4.2,43.77,22.26,44.44,0.0,0.0,0.0
12840,84,134,510,1.76,34.83,15.6,31.0,2.58,45.49,100.0,0.79,0.19,74.0,0.0,100.0,90.21,34.72,15.33,45.57,1.39,36.28,13.63,28.57,0.0,0.0,0.0,0.0,5.18,32.38,12.75,26.92,2.19,40.27,20.53,63.63,0.0,0.0,0.0
12841,84,135,536,2.98,47.97,18.76,62.38,14.37,41.04,53.84,2.5,0.19,72.0,0.0,0.0,83.46,46.77,18.35,41.7,1.53,43.87,10.23,25.0,0.19,55.0,0.0,100.0,7.88,48.73,19.84,36.58,4.23,53.4,16.41,31.81,0.0,0.0,0.0
12842,84,136,905,3.64,40.93,17.21,40.18,12.72,43.42,68.75,1.83,0.34,59.0,27.73,33.33,87.15,40.21,17.41,43.94,1.37,37.83,16.66,66.66,0.8,47.57,14.87,28.57,5.16,45.57,15.96,28.88,3.32,45.68,15.46,41.37,0.0,0.0,0.0
12843,84,137,0,0.0,0.0,0.0,0.0,0.0,0.0,0.0,0.0,0.0,0.0,0.0,0.0,0.0,0.0,0.0,0.0,0.0,0.0,0.0,0.0,0.0,0.0,0.0,0.0,0.0,0.0,0.0,0.0,0.0,0.0,0.0,0.0,0.0,0.0,0.0
12844,84,138,787,1.14,41.41,18.27,50.06,18.68,40.78,71.42,8.09,0.0,0.0,0.0,0.0,84.7,40.57,18.24,35.81,0.38,37.66,9.07,33.33,0.0,0.0,0.0,0.0,5.39,40.85,14.42,61.9,1.41,48.36,17.68,63.63,0.0,0.0,0.0
12845,84,139,0,0.0,0.0,0.0,0.0,0.0,0.0,0.0,0.0,0.0,0.0,0.0,0.0,0.0,0.0,0.0,0.0,0.0,0.0,0.0,0.0,0.0,0.0,0.0,0.0,0.0,0.0,0.0,0.0,0.0,0.0,0.0,0.0,0.0,0.0,0.0
12846,84,140,583,0.85,36.13,17.15,41.53,18.0,40.13,38.46,2.24,0.0,0.0,0.0,0.0,88.75,36.0,17.31,39.76,1.73,31.6,6.89,60.0,0.17,26.0,0.0,0.0,5.53,37.84,15.69,34.37,1.55,33.55,13.9,44.44,0.0,0.0,0.0
12847,84,141,694,1.44,40.53,17.31,44.7,20.0,43.22,77.77,7.89,0.14,79.0,0.0,0.0,78.07,39.8,16.85,36.89,1.16,43.25,15.91,25.0,0.29,51.0,1.41,0.0,9.64,37.0,17.14,63.63,2.77,53.52,16.88,57.89,0.0,0.0,0.0
12848,84,142,369,4.33,39.99,16.98,38.0,7.03,43.63,100.0,1.41,0.28,25.0,0.0,0.0,85.83,38.91,16.16,41.58,1.98,37.0,20.65,57.14,0.0,0.0,0.0,0.0,5.94,41.8,23.25,47.61,4.53,51.43,20.39,56.25,0.0,0.0,0.0
12849,84,143,0,0.0,0.0,0.0,0.0,0.0,0.0,0.0,0.0,0.0,0.0,0.0,0.0,0.0,0.0,0.0,0.0,0.0,0.0,0.0,0.0,0.0,0.0,0.0,0.0,0.0,0.0,0.0,0.0,0.0,0.0,0.0,0.0,0.0,0.0,0.0
12850,84,144,846,3.19,43.67,18.93,40.04,16.5,42.43,33.33,5.49,0.24,51.5,9.19,100.0,82.53,42.91,18.94,42.3,3.9,48.0,18.8,59.37,0.24,51.5,36.06,0.0,4.15,45.5,17.73,41.17,3.41,55.28,17.21,53.57,0.0,0.0,0.0
12851,84,145,0,0.0,0.0,0.0,0.0,0.0,0.0,0.0,0.0,0.0,0.0,0.0,0.0,0.0,0.0,0.0,0.0,0.0,0.0,0.0,0.0,0.0,0.0,0.0,0.0,0.0,0.0,0.0,0.0,0.0,0.0,0.0,0.0,0.0,0.0,0.0
12852,84,146,725,2.89,39.93,17.96,49.83,22.48,41.79,75.0,1.7,0.42,36.0,7.54,66.66,87.5,39.48,17.69,41.39,2.13,33.4,17.5,60.0,0.42,36.33,10.01,33.33,3.83,36.88,14.15,22.22,3.97,53.53,18.63,53.57,0.0,0.0,0.0
12853,84,147,909,3.19,39.89,17.87,42.45,16.82,40.15,50.0,2.27,0.34,38.0,7.0,33.33,84.65,39.24,17.78,41.2,2.5,34.59,18.43,36.36,0.0,0.0,0.0,0.0,7.84,42.71,17.74,24.63,2.38,49.0,13.67,42.85,0.0,0.0,0.0
12854,84,148,1000,4.0,40.44,17.61,39.0,14.21,41.1,61.11,1.87,0.62,33.33,29.05,33.33,87.5,40.23,17.41,41.54,2.39,36.95,17.73,34.78,0.52,39.6,8.2,0.0,4.27,41.39,20.61,31.7,2.81,46.77,11.64,44.44,0.0,0.0,0.0
12855,84,149,426,3.28,38.49,19.04,44.57,17.76,43.19,28.57,1.69,0.0,0.0,0.0,0.0,88.34,38.4,19.0,42.85,2.42,29.8,10.88,40.0,0.0,0.0,0.0,0.0,4.85,31.65,14.54,30.0,2.66,43.45,19.84,90.9,0.0,0.0,0.0
12856,84,150,344,3.48,38.73,16.95,40.5,19.09,42.15,50.0,0.6,0.0,0.0,0.0,0.0,89.15,38.6,16.88,40.87,3.61,31.58,13.33,58.33,0.3,34.0,0.0,0.0,3.31,45.45,15.48,36.36,3.01,48.6,23.91,50.0,0.0,0.0,0.0
12857,84,151,603,2.81,42.0,19.24,16.33,14.84,38.97,100.0,0.51,0.34,80.5,6.36,100.0,84.47,41.5,19.27,38.58,1.36,26.5,4.24,50.0,0.17,39.0,0.0,100.0,7.5,42.56,16.37,31.81,5.46,50.0,15.73,43.75,0.0,0.0,0.0
12858,84,152,766,4.17,42.77,17.13,49.83,17.82,40.33,58.33,1.63,0.27,34.0,48.08,0.0,81.88,41.88,16.52,39.6,2.58,43.89,15.53,42.1,0.81,57.33,13.06,33.33,8.44,40.4,18.67,29.03,4.35,49.56,19.11,62.5,0.0,0.0,0.0
12859,84,153,0,0.0,0.0,0.0,0.0,0.0,0.0,0.0,0.0,0.0,0.0,0.0,0.0,0.0,0.0,0.0,0.0,0.0,0.0,0.0,0.0,0.0,0.0,0.0,0.0,0.0,0.0,0.0,0.0,0.0,0.0,0.0,0.0,0.0,0.0,0.0
12860,84,154,960,3.43,43.0,17.84,47.47,18.36,40.93,43.47,2.48,0.1,25.0,0.0,100.0,83.17,42.65,17.63,39.94,1.51,34.64,15.85,71.42,0.53,36.4,8.64,20.0,8.41,42.15,15.85,34.61,3.55,51.33,22.57,57.57,0.0,0.0,0.0
12861,84,155,896,3.68,40.67,17.01,44.0,17.51,39.95,47.61,2.43,0.11,45.0,0.0,0.0,82.73,40.12,16.93,40.19,2.54,31.63,9.81,27.27,0.34,39.66,13.42,0.0,7.99,40.95,14.95,30.43,3.82,50.72,19.67,60.6,0.0,0.0,0.0
12862,84,156,0,0.0,0.0,0.0,0.0,0.0,0.0,0.0,0.0,0.0,0.0,0.0,0.0,0.0,0.0,0.0,0.0,0.0,0.0,0.0,0.0,0.0,0.0,0.0,0.0,0.0,0.0,0.0,0.0,0.0,0.0,0.0,0.0,0.0,0.0,0.0
12863,84,157,759,2.37,43.05,18.84,51.0,16.97,40.57,55.55,1.21,0.0,0.0,0.0,0.0,86.5,42.45,18.93,40.87,2.29,32.35,11.22,52.94,0.26,64.5,0.7,50.0,6.2,44.73,20.07,19.56,3.5,56.46,13.71,53.84,0.0,0.0,0.0
12864,84,158,934,2.35,44.27,19.23,49.07,19.82,41.11,53.84,1.42,0.21,45.5,26.16,0.0,84.53,43.85,19.32,40.98,2.3,51.71,17.58,57.14,0.43,45.75,19.2,25.0,8.22,40.88,17.67,30.66,2.85,50.38,17.33,57.69,0.0,0.0,0.0
12865,84,159,0,0.0,0.0,0.0,0.0,0.0,0.0,0.0,0.0,0.0,0.0,0.0,0.0,0.0,0.0,0.0,0.0,0.0,0.0,0.0,0.0,0.0,0.0,0.0,0.0,0.0,0.0,0.0,0.0,0.0,0.0,0.0,0.0,0.0,0.0,0.0
12866,84,160,0,0.0,0.0,0.0,0.0,0.0,0.0,0.0,0.0,0.0,0.0,0.0,0.0,0.0,0.0,0.0,0.0,0.0,0.0,0.0,0.0,0.0,0.0,0.0,0.0,0.0,0.0,0.0,0.0,0.0,0.0,0.0,0.0,0.0,0.0,0.0
12867,84,161,985,3.24,41.97,18.34,41.33,22.73,41.31,53.33,1.57,0.31,75.0,8.18,66.66,87.09,41.69,17.87,41.32,1.46,37.5,20.39,50.0,0.0,0.0,0.0,0.0,7.24,40.24,19.8,28.98,2.3,54.45,19.57,40.9,0.0,0.0,0.0
12868,84,162,1018,1.37,41.37,18.58,45.77,19.22,42.73,55.55,0.89,0.29,65.33,26.57,33.33,89.74,41.09,18.62,42.84,1.99,36.35,17.63,55.0,0.29,43.66,20.81,0.0,5.27,41.96,17.76,28.3,1.49,46.26,13.1,60.0,0.0,0.0,0.0
12869,84,163,0,0.0,0.0,0.0,0.0,0.0,0.0,0.0,0.0,0.0,0.0,0.0,0.0,0.0,0.0,0.0,0.0,0.0,0.0,0.0,0.0,0.0,0.0,0.0,0.0,0.0,0.0,0.0,0.0,0.0,0.0,0.0,0.0,0.0,0.0,0.0
12870,84,164,663,2.56,41.54,16.47,46.9,14.5,41.32,54.54,1.7,0.0,0.0,0.0,0.0,86.68,40.81,16.72,42.32,0.77,37.79,15.94,40.0,0.0,0.0,0.0,0.0,6.34,44.41,13.48,24.39,4.48,46.24,15.63,41.37,0.0,0.0,0.0
12871,84,165,0,0.0,0.0,0.0,0.0,0.0,0.0,0.0,0.0,0.0,0.0,0.0,0.0,0.0,0.0,0.0,0.0,0.0,0.0,0.0,0.0,0.0,0.0,0.0,0.0,0.0,0.0,0.0,0.0,0.0,0.0,0.0,0.0,0.0,0.0,0.0
12872,84,166,581,1.89,41.87,18.74,50.25,16.38,41.65,62.5,1.4,0.17,36.0,0.0,100.0,85.43,40.41,18.15,41.27,1.92,43.54,18.59,27.27,0.35,70.0,14.14,50.0,7.54,51.0,15.58,39.53,3.15,45.11,27.1,61.11,0.0,0.0,0.0
12873,84,167,0,0.0,0.0,0.0,0.0,0.0,0.0,0.0,0.0,0.0,0.0,0.0,0.0,0.0,0.0,0.0,0.0,0.0,0.0,0.0,0.0,0.0,0.0,0.0,0.0,0.0,0.0,0.0,0.0,0.0,0.0,0.0,0.0,0.0,0.0,0.0
12874,84,168,0,0.0,0.0,0.0,0.0,0.0,0.0,0.0,0.0,0.0,0.0,0.0,0.0,0.0,0.0,0.0,0.0,0.0,0.0,0.0,0.0,0.0,0.0,0.0,0.0,0.0,0.0,0.0,0.0,0.0,0.0,0.0,0.0,0.0,0.0,0.0
12875,84,169,0,0.0,0.0,0.0,0.0,0.0,0.0,0.0,0.0,0.0,0.0,0.0,0.0,0.0,0.0,0.0,0.0,0.0,0.0,0.0,0.0,0.0,0.0,0.0,0.0,0.0,0.0,0.0,0.0,0.0,0.0,0.0,0.0,0.0,0.0,0.0
12876,84,170,0,0.0,0.0,0.0,0.0,0.0,0.0,0.0,0.0,0.0,0.0,0.0,0.0,0.0,0.0,0.0,0.0,0.0,0.0,0.0,0.0,0.0,0.0,0.0,0.0,0.0,0.0,0.0,0.0,0.0,0.0,0.0,0.0,0.0,0.0,0.0
12877,84,171,692,2.31,39.82,17.41,35.96,17.13,41.04,35.48,4.58,0.14,32.0,0.0,100.0,87.13,39.93,17.54,42.1,2.36,40.06,15.91,43.75,0.59,45.5,14.43,25.0,3.1,35.95,17.97,14.28,2.07,48.71,16.33,42.85,0.0,0.0,0.0
12878,84,172,609,2.46,42.35,17.92,44.8,13.91,40.88,70.0,1.68,0.5,45.66,12.66,33.33,84.17,41.55,17.86,40.2,2.35,44.0,16.52,64.28,0.5,42.0,10.39,33.33,7.91,43.04,17.92,34.04,2.69,55.62,16.75,37.5,0.0,0.0,0.0
12879,84,173,649,2.15,40.67,17.68,39.0,9.21,41.29,42.85,1.1,0.0,0.0,0.0,0.0,89.13,40.81,18.02,42.04,1.41,41.77,16.94,55.55,0.62,46.25,26.62,0.0,5.03,35.31,11.53,21.87,2.67,44.76,19.88,47.05,0.0,0.0,0.0
12880,84,174,503,0.99,41.49,17.84,44.16,11.56,41.15,33.33,1.2,0.2,74.0,0.0,0.0,89.15,41.04,18.04,40.99,1.0,44.8,14.54,40.0,0.0,0.0,0.0,0.0,4.21,39.04,17.4,47.61,4.21,50.57,15.07,33.33,0.0,0.0,0.0
12881,84,175,0,0.0,0.0,0.0,0.0,0.0,0.0,0.0,0.0,0.0,0.0,0.0,0.0,0.0,0.0,0.0,0.0,0.0,0.0,0.0,0.0,0.0,0.0,0.0,0.0,0.0,0.0,0.0,0.0,0.0,0.0,0.0,0.0,0.0,0.0,0.0
12882,84,176,766,1.82,40.99,18.64,43.95,14.2,43.6,45.0,2.65,0.39,54.0,21.16,66.66,85.9,40.47,18.63,42.1,1.19,47.66,18.56,55.55,0.53,45.25,30.57,25.0,6.64,42.34,18.03,50.0,2.65,43.3,21.76,75.0,0.0,0.0,0.0
12883,84,177,646,1.7,39.05,17.87,43.5,14.39,45.82,62.5,1.25,0.31,26.5,0.7,50.0,84.56,37.69,17.61,46.18,2.99,38.84,15.47,52.63,0.15,38.0,0.0,0.0,7.55,45.66,17.98,33.33,3.14,51.95,20.52,65.0,0.0,0.0,0.0
12884,84,178,244,2.86,39.4,15.75,36.1,8.0,43.44,60.0,4.21,0.0,0.0,0.0,0.0,80.59,38.63,15.1,42.93,3.79,30.33,16.02,55.55,0.84,38.0,16.97,0.0,5.06,42.33,16.87,33.33,5.48,50.76,18.3,30.76,0.0,0.0,0.0
12885,84,179,333,3.6,40.71,18.48,33.62,16.47,44.74,75.0,2.49,0.0,0.0,0.0,0.0,81.93,39.8,18.28,45.24,3.73,38.25,16.61,33.33,0.62,28.5,12.02,0.0,7.47,51.25,19.89,29.16,3.73,47.91,15.75,75.0,0.0,0.0,0.0
12886,84,180,844,2.01,40.44,16.99,40.54,23.2,43.6,72.72,1.33,0.36,44.66,12.58,66.66,90.81,40.39,16.66,43.67,1.45,40.25,17.39,75.0,0.24,45.0,35.35,50.0,3.74,35.41,19.37,25.8,2.05,51.05,15.38,35.29,0.0,0.0,0.0
12887,84,181,0,0.0,0.0,0.0,0.0,0.0,0.0,0.0,0.0,0.0,0.0,0.0,0.0,0.0,0.0,0.0,0.0,0.0,0.0,0.0,0.0,0.0,0.0,0.0,0.0,0.0,0.0,0.0,0.0,0.0,0.0,0.0,0.0,0.0,0.0,0.0
12888,84,182,528,2.46,43.18,18.97,47.0,14.14,44.69,50.0,0.38,0.0,0.0,0.0,0.0,92.81,42.63,18.85,43.93,1.35,33.57,9.64,57.14,0.19,52.0,0.0,100.0,2.71,44.78,19.26,28.57,2.33,48.58,21.78,83.33,0.0,0.0,0.0
12889,84,183,657,2.43,39.8,17.84,48.22,21.11,38.66,44.44,1.4,0.15,66.0,0.0,100.0,86.11,39.12,17.63,38.94,2.65,41.58,18.96,35.29,0.31,58.5,2.12,50.0,5.46,41.31,14.75,37.14,3.9,48.2,17.39,48.0,0.0,0.0,0.0
12890,84,184,955,4.08,42.36,18.12,47.85,14.37,38.42,64.28,1.52,0.32,61.0,32.35,0.0,83.4,41.58,17.96,38.74,2.4,29.77,14.49,50.0,0.1,37.0,0.0,0.0,10.37,44.09,17.16,30.52,1.85,46.35,24.54,41.17,0.0,0.0,0.0
12891,84,185,786,4.07,41.08,18.89,52.6,30.06,40.45,60.0,1.32,0.0,0.0,0.0,0.0,85.27,40.09,18.53,41.05,2.65,36.65,12.93,40.0,0.26,57.5,16.26,0.0,8.09,42.83,18.46,31.14,2.38,54.94,18.09,61.11,0.0,0.0,0.0
12892,84,186,889,2.81,43.33,18.94,46.0,19.0,40.6,61.9,2.43,0.69,45.83,26.7,33.33,83.44,42.52,18.57,40.36,3.24,42.53,18.99,53.57,0.23,66.5,2.12,0.0,6.59,45.94,20.76,31.57,3.24,52.21,23.32,53.57,0.0,0.0,0.0
12893,84,187,723,3.04,42.42,18.36,35.18,19.2,40.24,54.54,1.56,0.14,59.0,0.0,100.0,84.3,42.45,17.88,40.1,2.42,46.41,19.39,47.05,0.0,0.0,0.0,0.0,8.84,41.75,18.22,27.41,2.71,33.57,21.98,63.15,0.0,0.0,0.0
12894,84,189,677,2.8,42.5,19.61,56.0,20.71,42.09,33.33,0.91,0.15,36.0,0.0,0.0,82.67,42.05,19.51,42.46,2.58,40.94,18.08,58.82,0.0,0.0,0.0,0.0,8.51,36.57,19.46,26.78,5.16,50.52,17.53,50.0,0.0,0.0,0.0
12895,84,190,520,3.46,39.79,16.9,40.18,24.83,41.34,54.54,2.19,0.19,30.0,0.0,100.0,83.26,39.5,17.13,42.1,1.39,35.0,7.61,57.14,0.0,0.0,0.0,0.0,9.16,38.04,15.69,32.6,3.78,43.21,13.8,36.84,0.0,0.0,0.0
12896,84,191,506,3.75,44.22,18.77,47.5,16.66,41.89,33.33,3.69,0.0,0.0,0.0,0.0,84.39,43.4,18.9,42.57,1.64,39.12,19.24,62.5,0.2,56.0,0.0,0.0,4.92,49.87,15.53,29.16,5.13,51.96,17.61,56.0,0.0,0.0,0.0
12897,84,192,598,3.67,44.02,17.4,55.0,26.78,40.63,100.0,0.69,0.0,0.0,0.0,0.0,86.45,43.33,17.05,39.55,1.73,32.4,19.35,40.0,0.34,46.0,9.89,100.0,5.55,47.12,15.7,37.5,5.2,47.86,13.41,60.0,0.0,0.0,0.0
12898,84,193,579,3.79,42.92,19.28,36.35,19.79,39.37,28.57,2.51,0.0,0.0,0.0,0.0,83.3,42.23,18.4,40.94,2.15,47.16,18.26,33.33,0.17,20.0,0.0,0.0,7.71,42.6,19.27,34.88,4.12,52.04,23.8,34.78,0.0,0.0,0.0
12899,84,194,406,2.21,39.52,18.11,37.0,20.22,43.84,100.0,0.75,0.25,78.0,0.0,100.0,86.9,38.69,18.39,43.18,0.75,50.0,25.86,66.66,0.25,20.0,0.0,100.0,8.06,40.56,14.23,34.37,3.02,44.75,13.61,50.0,0.0,0.0,0.0
12900,84,195,680,1.76,40.74,17.27,59.4,13.57,41.17,20.0,0.74,0.0,0.0,0.0,0.0,86.22,40.3,17.38,42.01,2.99,38.85,11.64,45.0,0.29,36.5,12.02,50.0,6.28,39.0,13.24,28.57,3.44,54.82,17.73,47.82,0.0,0.0,0.0
12901,84,196,635,3.77,47.5,19.56,56.75,13.5,41.41,100.0,0.65,0.0,0.0,0.0,0.0,82.97,46.37,19.34,40.63,2.94,49.05,17.25,50.0,0.49,58.66,29.19,33.33,7.69,47.02,20.53,31.91,5.23,57.18,21.01,56.25,0.0,0.0,0.0
12902,84,197,0,0.0,0.0,0.0,0.0,0.0,0.0,0.0,0.0,0.0,0.0,0.0,0.0,0.0,0.0,0.0,0.0,0.0,0.0,0.0,0.0,0.0,0.0,0.0,0.0,0.0,0.0,0.0,0.0,0.0,0.0,0.0,0.0,0.0,0.0,0.0
12903,84,198,0,0.0,0.0,0.0,0.0,0.0,0.0,0.0,0.0,0.0,0.0,0.0,0.0,0.0,0.0,0.0,0.0,0.0,0.0,0.0,0.0,0.0,0.0,0.0,0.0,0.0,0.0,0.0,0.0,0.0,0.0,0.0,0.0,0.0,0.0,0.0
12904,84,199,643,4.97,40.51,16.44,35.26,11.52,37.94,60.0,2.45,0.32,58.5,14.84,50.0,80.85,38.82,15.83,37.04,2.29,37.64,17.18,42.85,0.65,50.25,17.09,0.0,7.69,44.36,18.92,36.17,5.72,50.37,15.17,34.28,0.0,0.0,0.0
12905,84,200,598,4.51,44.27,18.73,50.54,18.52,40.3,45.83,4.2,1.4,58.0,19.96,50.0,75.83,43.08,18.54,39.95,3.15,40.44,17.36,61.11,0.35,37.0,12.72,0.0,8.05,43.15,13.38,21.73,7.0,49.75,25.19,57.5,0.0,0.0,0.0
12906,84,201,1010,2.27,40.73,18.55,43.62,22.74,39.6,33.33,2.73,0.2,33.5,47.37,50.0,84.9,39.64,17.95,39.14,3.44,39.11,19.41,55.88,0.0,0.0,0.0,0.0,6.68,45.89,19.85,37.87,2.02,48.4,17.54,35.0,0.0,0.0,0.0
12907,84,202,825,3.27,43.1,18.76,40.66,19.55,40.6,66.66,1.12,0.12,32.0,0.0,0.0,83.83,41.84,18.59,41.1,2.88,51.78,20.82,43.47,0.0,0.0,0.0,0.0,7.89,43.03,17.37,26.98,4.13,58.48,18.8,51.51,0.0,0.0,0.0
12908,84,203,401,2.99,38.23,16.54,32.81,12.6,41.39,54.54,2.82,0.25,74.0,0.0,0.0,80.46,37.95,16.07,41.21,4.62,40.55,18.85,50.0,0.0,0.0,0.0,0.0,7.19,38.57,18.94,28.57,4.62,40.88,19.3,50.0,0.0,0.0,0.0
12909,84,204,0,0.0,0.0,0.0,0.0,0.0,0.0,0.0,0.0,0.0,0.0,0.0,0.0,0.0,0.0,0.0,0.0,0.0,0.0,0.0,0.0,0.0,0.0,0.0,0.0,0.0,0.0,0.0,0.0,0.0,0.0,0.0,0.0,0.0,0.0,0.0
12910,84,205,709,4.51,40.57,17.84,48.62,21.17,40.47,37.5,2.36,0.14,84.0,0.0,0.0,86.11,39.33,17.01,40.99,2.36,33.37,17.95,50.0,0.0,0.0,0.0,0.0,7.23,40.61,17.45,34.69,1.77,45.91,13.09,58.33,0.0,0.0,0.0
12911,84,206,0,0.0,0.0,0.0,0.0,0.0,0.0,0.0,0.0,0.0,0.0,0.0,0.0,0.0,0.0,0.0,0.0,0.0,0.0,0.0,0.0,0.0,0.0,0.0,0.0,0.0,0.0,0.0,0.0,0.0,0.0,0.0,0.0,0.0,0.0,0.0
12912,84,207,923,1.73,42.33,19.3,47.4,26.71,41.49,60.0,1.1,0.11,27.0,0.0,100.0,88.09,42.08,18.93,40.8,1.76,38.37,14.13,68.75,0.0,0.0,0.0,0.0,4.63,39.28,22.29,30.95,4.29,47.1,22.24,48.71,0.0,0.0,0.0
12913,84,208,365,1.91,39.05,18.64,34.5,17.04,38.9,50.0,1.67,0.27,56.0,0.0,100.0,86.59,38.68,18.77,38.7,1.67,43.16,9.47,33.33,0.55,38.0,22.62,50.0,5.86,34.47,20.18,33.33,3.35,48.41,12.78,25.0,0.0,0.0,0.0
12914,84,209,797,1.5,42.43,18.77,56.75,18.12,39.39,37.5,1.01,0.12,38.0,0.0,100.0,92.99,41.83,18.69,38.76,1.65,48.92,26.56,46.15,0.25,40.0,18.38,0.0,2.29,39.77,16.26,33.33,1.65,59.46,11.25,69.23,0.0,0.0,0.0
12915,84,210,653,2.29,41.24,17.24,31.5,6.02,41.04,50.0,0.62,0.0,0.0,0.0,0.0,93.88,41.04,17.13,40.23,0.78,27.4,17.48,100.0,0.0,0.0,0.0,0.0,3.13,43.2,17.79,40.0,1.56,49.7,20.55,70.0,0.0,0.0,0.0
12916,84,211,0,0.0,0.0,0.0,0.0,0.0,0.0,0.0,0.0,0.0,0.0,0.0,0.0,0.0,0.0,0.0,0.0,0.0,0.0,0.0,0.0,0.0,0.0,0.0,0.0,0.0,0.0,0.0,0.0,0.0,0.0,0.0,0.0,0.0,0.0,0.0
12917,84,212,0,0.0,0.0,0.0,0.0,0.0,0.0,0.0,0.0,0.0,0.0,0.0,0.0,0.0,0.0,0.0,0.0,0.0,0.0,0.0,0.0,0.0,0.0,0.0,0.0,0.0,0.0,0.0,0.0,0.0,0.0,0.0,0.0,0.0,0.0,0.0
12918,84,213,539,3.52,41.27,17.96,34.3,15.81,43.22,46.15,2.5,0.19,33.0,0.0,100.0,88.65,40.86,17.83,43.16,1.15,32.5,13.44,66.66,0.19,0.0,0.0,0.0,4.03,43.52,17.14,28.57,3.26,48.17,18.49,41.17,0.0,0.0,0.0
12919,84,214,564,1.24,43.1,17.91,44.64,23.96,39.18,57.14,2.51,0.17,38.0,0.0,0.0,80.61,41.58,16.74,37.86,2.51,43.92,17.43,50.0,0.0,0.0,0.0,0.0,9.69,47.29,19.2,31.48,4.48,54.28,23.29,60.0,0.0,0.0,0.0
12920,84,215,0,0.0,0.0,0.0,0.0,0.0,0.0,0.0,0.0,0.0,0.0,0.0,0.0,0.0,0.0,0.0,0.0,0.0,0.0,0.0,0.0,0.0,0.0,0.0,0.0,0.0,0.0,0.0,0.0,0.0,0.0,0.0,0.0,0.0,0.0,0.0
12921,84,216,0,0.0,0.0,0.0,0.0,0.0,0.0,0.0,0.0,0.0,0.0,0.0,0.0,0.0,0.0,0.0,0.0,0.0,0.0,0.0,0.0,0.0,0.0,0.0,0.0,0.0,0.0,0.0,0.0,0.0,0.0,0.0,0.0,0.0,0.0,0.0
12922,84,217,0,0.0,0.0,0.0,0.0,0.0,0.0,0.0,0.0,0.0,0.0,0.0,0.0,0.0,0.0,0.0,0.0,0.0,0.0,0.0,0.0,0.0,0.0,0.0,0.0,0.0,0.0,0.0,0.0,0.0,0.0,0.0,0.0,0.0,0.0,0.0
12923,84,218,590,3.38,42.8,19.31,42.33,23.38,38.81,33.33,1.57,0.17,66.0,0.0,0.0,85.26,41.63,19.22,39.5,2.1,47.83,26.47,50.0,0.0,0.0,0.0,0.0,7.89,46.82,15.7,37.77,2.98,52.88,16.34,35.29,0.0,0.0,0.0
12924,84,219,561,3.03,43.78,18.73,48.5,14.76,36.36,58.33,2.2,0.91,54.4,17.34,60.0,82.35,42.74,18.4,37.05,1.47,40.5,12.52,37.5,0.36,61.0,1.41,0.0,7.9,40.93,19.27,41.86,4.77,55.76,19.46,23.07,0.0,0.0,0.0
12925,84,220,497,4.02,46.27,18.69,46.75,28.45,39.43,33.33,2.51,0.41,45.5,27.57,50.0,83.85,45.21,18.51,39.75,2.51,49.33,15.46,33.33,0.2,47.0,0.0,0.0,5.24,46.76,19.21,32.0,5.24,56.76,14.7,52.0,0.0,0.0,0.0
12926,84,221,0,0.0,0.0,0.0,0.0,0.0,0.0,0.0,0.0,0.0,0.0,0.0,0.0,0.0,0.0,0.0,0.0,0.0,0.0,0.0,0.0,0.0,0.0,0.0,0.0,0.0,0.0,0.0,0.0,0.0,0.0,0.0,0.0,0.0,0.0,0.0
12927,84,222,517,4.44,41.4,18.91,57.46,18.71,37.91,69.23,2.63,0.0,0.0,0.0,0.0,80.36,39.22,18.45,38.03,4.25,47.14,24.69,33.33,0.0,0.0,0.0,0.0,7.89,41.1,14.81,30.76,4.85,50.37,16.81,37.5,0.0,0.0,0.0
12928,84,223,0,0.0,0.0,0.0,0.0,0.0,0.0,0.0,0.0,0.0,0.0,0.0,0.0,0.0,0.0,0.0,0.0,0.0,0.0,0.0,0.0,0.0,0.0,0.0,0.0,0.0,0.0,0.0,0.0,0.0,0.0,0.0,0.0,0.0,0.0,0.0
12929,84,224,284,3.16,43.74,17.6,40.77,17.02,42.25,55.55,3.27,0.72,60.0,2.82,0.0,77.09,41.67,17.25,41.03,2.54,42.42,20.58,71.42,0.36,27.0,0.0,0.0,9.09,45.08,13.77,32.0,6.9,57.31,17.81,52.63,0.0,0.0,0.0
12930,84,225,703,7.25,41.3,20.17,40.74,19.32,39.97,38.42,66.25,2.6,45.05,23.19,35.29,24.53,39.56,19.92,43.75,0.76,42.4,31.77,20.0,2.6,34.88,13.32,29.41,1.22,45.12,16.06,25.0,1.99,56.61,26.0,46.15,0.0,0.0,0.0
12931,84,226,0,0.0,0.0,0.0,0.0,0.0,0.0,0.0,0.0,0.0,0.0,0.0,0.0,0.0,0.0,0.0,0.0,0.0,0.0,0.0,0.0,0.0,0.0,0.0,0.0,0.0,0.0,0.0,0.0,0.0,0.0,0.0,0.0,0.0,0.0,0.0
12932,84,227,0,0.0,0.0,0.0,0.0,0.0,0.0,0.0,0.0,0.0,0.0,0.0,0.0,0.0,0.0,0.0,0.0,0.0,0.0,0.0,0.0,0.0,0.0,0.0,0.0,0.0,0.0,0.0,0.0,0.0,0.0,0.0,0.0,0.0,0.0,0.0
12933,84,228,0,0.0,0.0,0.0,0.0,0.0,0.0,0.0,0.0,0.0,0.0,0.0,0.0,0.0,0.0,0.0,0.0,0.0,0.0,0.0,0.0,0.0,0.0,0.0,0.0,0.0,0.0,0.0,0.0,0.0,0.0,0.0,0.0,0.0,0.0,0.0
12934,84,229,0,0.0,0.0,0.0,0.0,0.0,0.0,0.0,0.0,0.0,0.0,0.0,0.0,0.0,0.0,0.0,0.0,0.0,0.0,0.0,0.0,0.0,0.0,0.0,0.0,0.0,0.0,0.0,0.0,0.0,0.0,0.0,0.0,0.0,0.0,0.0
12935,84,230,575,2.6,43.45,19.99,39.44,16.89,40.17,44.44,1.6,0.71,49.75,21.79,75.0,83.39,42.76,19.62,40.68,2.67,36.93,17.68,46.66,0.35,48.5,2.12,50.0,7.5,49.47,20.76,30.95,3.57,47.05,23.96,55.0,0.0,0.0,0.0
12936,84,231,532,3.57,41.6,19.99,39.38,18.76,41.91,53.84,2.53,0.38,39.0,24.04,50.0,85.76,41.37,19.92,41.36,2.72,34.35,15.49,50.0,0.0,0.0,0.0,0.0,4.48,43.78,20.04,30.43,4.09,44.57,18.21,57.14,0.0,0.0,0.0
12937,84,232,588,2.89,38.59,19.04,43.0,17.66,39.79,50.0,1.05,0.17,0.0,0.0,100.0,84.93,38.69,18.97,39.58,2.62,35.06,19.16,26.66,0.0,0.0,0.0,0.0,8.05,33.71,16.77,32.6,3.15,46.22,22.97,55.55,0.0,0.0,0.0
12938,84,233,0,0.0,0.0,0.0,0.0,0.0,0.0,0.0,0.0,0.0,0.0,0.0,0.0,0.0,0.0,0.0,0.0,0.0,0.0,0.0,0.0,0.0,0.0,0.0,0.0,0.0,0.0,0.0,0.0,0.0,0.0,0.0,0.0,0.0,0.0,0.0
12939,84,234,0,0.0,0.0,0.0,0.0,0.0,0.0,0.0,0.0,0.0,0.0,0.0,0.0,0.0,0.0,0.0,0.0,0.0,0.0,0.0,0.0,0.0,0.0,0.0,0.0,0.0,0.0,0.0,0.0,0.0,0.0,0.0,0.0,0.0,0.0,0.0
12940,84,235,644,3.72,38.01,18.67,38.18,18.63,43.78,42.85,55.32,1.61,40.5,26.81,50.0,36.29,36.69,17.77,42.66,0.8,35.2,13.27,60.0,0.8,36.2,23.18,60.0,3.54,39.59,22.27,27.27,1.61,50.9,22.54,60.0,0.0,0.0,0.0
12941,84,236,528,2.65,41.47,18.74,37.42,24.82,40.53,50.0,2.72,0.19,36.0,0.0,0.0,83.46,40.92,18.73,40.09,2.72,37.42,20.31,57.14,0.0,0.0,0.0,0.0,8.75,44.86,17.62,28.88,2.14,45.72,11.21,63.63,0.0,0.0,0.0
12942,84,237,204,1.96,38.43,17.14,30.9,10.51,40.68,50.0,5.0,1.0,55.0,11.31,0.0,81.49,36.98,17.0,41.71,0.5,52.0,0.0,0.0,0.0,0.0,0.0,0.0,7.0,47.14,15.89,42.85,5.0,50.1,18.85,20.0,0.0,0.0,0.0
12943,84,238,0,0.0,0.0,0.0,0.0,0.0,0.0,0.0,0.0,0.0,0.0,0.0,0.0,0.0,0.0,0.0,0.0,0.0,0.0,0.0,0.0,0.0,0.0,0.0,0.0,0.0,0.0,0.0,0.0,0.0,0.0,0.0,0.0,0.0,0.0,0.0
12944,84,240,0,0.0,0.0,0.0,0.0,0.0,0.0,0.0,0.0,0.0,0.0,0.0,0.0,0.0,0.0,0.0,0.0,0.0,0.0,0.0,0.0,0.0,0.0,0.0,0.0,0.0,0.0,0.0,0.0,0.0,0.0,0.0,0.0,0.0,0.0,0.0
12945,84,241,0,0.0,0.0,0.0,0.0,0.0,0.0,0.0,0.0,0.0,0.0,0.0,0.0,0.0,0.0,0.0,0.0,0.0,0.0,0.0,0.0,0.0,0.0,0.0,0.0,0.0,0.0,0.0,0.0,0.0,0.0,0.0,0.0,0.0,0.0,0.0
12946,84,242,500,4.6,42.95,17.05,46.33,16.36,42.2,66.66,2.51,0.41,58.5,0.7,100.0,84.06,42.51,16.94,41.39,2.93,41.78,11.05,28.57,0.2,25.0,0.0,0.0,3.98,39.21,17.65,31.57,5.87,46.0,21.89,53.57,0.0,0.0,0.0
12947,84,243,528,3.4,43.09,21.19,41.33,19.7,39.2,77.77,1.76,0.78,70.75,15.52,75.0,82.54,42.59,21.56,38.95,1.96,46.2,24.63,50.0,0.39,60.0,0.0,50.0,9.21,39.19,16.71,21.27,3.33,48.17,14.67,64.7,0.0,0.0,0.0
12948,84,244,0,0.0,0.0,0.0,0.0,0.0,0.0,0.0,0.0,0.0,0.0,0.0,0.0,0.0,0.0,0.0,0.0,0.0,0.0,0.0,0.0,0.0,0.0,0.0,0.0,0.0,0.0,0.0,0.0,0.0,0.0,0.0,0.0,0.0,0.0,0.0
12949,84,245,0,0.0,0.0,0.0,0.0,0.0,0.0,0.0,0.0,0.0,0.0,0.0,0.0,0.0,0.0,0.0,0.0,0.0,0.0,0.0,0.0,0.0,0.0,0.0,0.0,0.0,0.0,0.0,0.0,0.0,0.0,0.0,0.0,0.0,0.0,0.0
12950,84,246,0,0.0,0.0,0.0,0.0,0.0,0.0,0.0,0.0,0.0,0.0,0.0,0.0,0.0,0.0,0.0,0.0,0.0,0.0,0.0,0.0,0.0,0.0,0.0,0.0,0.0,0.0,0.0,0.0,0.0,0.0,0.0,0.0,0.0,0.0,0.0
12951,85,unclear,876,6.27,41.36,15.45,39.9,14.7,48.28,46.55,84.77,0.0,0.0,0.0,0.0,11.57,44.8,16.73,49.47,0.36,68.0,5.29,100.0,1.09,42.44,14.36,77.77,0.24,29.5,3.53,50.0,1.94,46.5,18.54,81.25,,,
12952,85,4,1076,0.83,39.23,16.25,38.97,17.04,42.28,30.55,3.37,0.74,36.37,17.66,37.5,87.81,39.2,16.03,42.9,1.12,37.08,16.51,66.66,0.56,37.83,8.13,50.0,3.18,37.5,19.29,20.58,3.18,42.05,18.17,50.0,0.0,37.98,395.0
12953,85,unclear,1231,6.33,44.77,17.04,45.42,15.42,43.54,65.71,3.03,0.0,0.0,0.0,0.0,86.55,43.36,16.78,41.98,1.38,39.37,9.16,37.5,0.69,48.12,8.13,37.5,2.25,43.23,15.81,42.3,6.07,55.72,17.47,45.71,,,
12954,85,7,1051,1.14,40.25,18.78,38.22,13.9,42.91,55.55,0.86,0.96,51.0,26.92,60.0,89.5,40.11,18.62,41.72,2.02,38.71,12.19,57.14,0.19,35.5,0.7,50.0,2.5,30.96,21.86,46.15,3.94,50.0,19.25,56.09,0.0,24.55,491.0
12955,85,11,972,1.64,37.27,17.75,44.54,17.8,41.15,54.05,3.87,1.04,48.6,20.42,40.0,86.29,36.61,17.41,40.12,1.56,26.86,18.29,33.33,0.1,68.0,0.0,0.0,2.82,34.14,14.85,40.74,4.28,47.12,19.6,48.78,0.0,48.16,471.0
12956,85,unclear,1025,3.21,41.07,15.41,40.81,15.07,44.09,41.93,84.37,0.0,0.0,0.0,0.0,12.6,41.29,17.11,48.0,0.1,49.0,0.0,100.0,0.9,34.11,15.13,44.44,0.1,20.0,0.0,100.0,1.91,40.15,11.51,57.89,,,
12957,85,15,935,2.99,38.31,16.91,38.19,16.69,40.96,39.82,37.92,5.95,44.55,17.72,44.44,49.5,37.55,16.55,41.42,0.44,36.5,13.07,25.0,1.87,40.0,18.87,35.29,2.31,38.9,14.75,23.8,1.98,39.55,20.83,38.88,0.0,19.11,373.0
12958,85,unclear,1193,2.59,43.3,15.85,54.96,18.48,45.26,69.23,2.23,0.0,0.0,0.0,0.0,90.61,42.53,15.49,43.39,0.51,49.0,21.89,83.33,0.08,64.0,0.0,100.0,2.23,38.07,12.3,30.76,4.3,50.24,16.87,74.0,,,
12959,85,18,1120,1.42,40.79,17.18,41.1,16.91,41.6,37.5,11.59,1.26,52.71,15.06,50.0,78.98,40.03,17.07,41.97,1.44,36.12,15.48,31.25,0.18,47.0,12.72,0.0,3.71,42.43,16.64,39.02,2.8,48.45,19.92,48.38,0.0,22.0,476.0
12960,85,19,1182,1.69,41.62,17.42,41.7,17.95,44.24,40.0,3.44,1.72,48.5,20.27,30.0,84.93,40.84,17.22,44.78,2.32,39.88,16.0,48.14,0.43,58.0,23.19,40.0,4.56,44.05,18.19,39.62,2.58,49.06,17.25,30.0,0.0,19.7,518.0
12961,85,20,801,2.62,40.47,18.4,42.3,15.76,42.19,36.36,4.23,1.15,32.88,25.43,44.44,84.74,40.16,18.29,42.51,2.56,40.95,19.37,55.0,0.12,37.0,0.0,100.0,3.46,36.4,19.04,33.33,3.71,53.58,17.09,44.82,0.0,48.68,361.0
12962,85,unclear,1163,1.71,37.54,14.88,40.3,15.38,44.02,52.56,6.82,0.0,0.0,0.0,0.0,85.21,37.04,14.41,43.12,2.01,32.39,8.77,65.21,0.34,43.25,11.95,25.0,2.18,35.44,18.59,28.0,3.41,47.92,20.38,53.84,,,
12963,85,24,836,2.15,45.07,19.31,30.42,15.77,43.54,71.42,0.85,0.48,57.0,13.51,25.0,87.28,44.92,19.49,42.71,1.22,37.6,18.6,40.0,0.61,51.8,31.64,40.0,4.15,40.82,13.78,47.05,5.25,51.09,17.64,60.46,0.0,25.22,377.0
12964,85,26,1153,1.64,41.12,18.19,38.94,20.75,45.79,41.37,10.22,1.67,43.52,17.01,31.57,79.62,41.26,17.8,47.17,2.11,38.25,16.32,54.16,0.44,36.6,18.8,40.0,4.32,39.81,16.9,24.48,1.58,50.55,19.39,50.0,0.0,47.75,484.0
12965,85,27,1099,2.36,41.21,17.94,41.55,17.96,41.85,53.84,4.84,1.95,45.9,21.87,47.61,83.13,40.35,17.44,41.81,2.32,39.47,16.95,36.0,0.18,57.5,16.26,50.0,5.4,41.39,18.95,20.68,2.14,52.65,15.22,60.86,0.0,22.6,585.0
12966,85,28,777,1.54,43.81,18.62,41.17,21.38,44.27,46.42,3.66,1.56,59.25,20.88,41.66,82.74,43.05,18.14,44.54,2.35,33.33,14.72,50.0,0.39,55.66,18.5,33.33,5.49,48.88,20.46,28.57,3.79,54.96,17.47,65.51,0.0,27.38,368.0
12967,85,unclear,1430,2.3,43.04,15.69,40.35,14.35,45.94,57.14,6.01,0.0,0.0,0.0,0.0,86.82,42.84,15.85,44.27,0.71,37.2,11.66,90.0,0.14,51.5,3.53,50.0,3.93,44.58,14.52,43.63,2.36,49.78,13.73,57.57,,,
12968,85,31,994,2.21,40.9,17.76,38.85,20.47,42.05,64.28,1.44,1.13,61.54,16.36,45.45,89.81,39.36,17.11,41.58,1.54,51.6,17.26,66.66,0.1,55.0,0.0,0.0,3.18,45.38,14.53,32.25,2.77,57.77,20.03,44.44,0.0,25.98,464.0
12969,85,32,849,1.17,42.76,19.07,35.7,15.15,41.22,40.0,1.19,0.47,53.75,23.3,25.0,92.72,42.39,18.89,41.51,0.95,49.37,13.04,62.5,0.0,0.0,0.0,0.0,1.9,42.06,18.39,18.75,2.74,47.13,25.6,43.47,0.0,25.06,411.0
12970,85,34,1132,1.85,41.28,17.81,38.15,12.07,40.37,50.0,1.8,0.54,47.83,14.21,50.0,89.64,40.84,17.77,39.85,1.53,37.17,11.66,70.58,0.0,0.0,0.0,0.0,4.14,39.3,19.16,28.26,2.34,58.96,17.43,61.53,0.0,24.23,600.0
12971,85,35,1227,0.73,41.36,18.2,46.07,19.83,41.89,39.28,2.29,1.31,48.12,17.71,50.0,86.12,40.92,18.12,41.94,1.8,35.77,13.08,45.45,0.24,45.66,21.36,33.33,5.99,42.41,17.84,28.76,2.21,45.88,20.2,77.77,0.0,26.87,647.0
12972,85,36,1031,2.61,45.48,19.14,48.52,16.97,38.6,43.47,2.29,1.09,58.54,21.93,54.54,83.86,45.12,18.9,37.41,1.59,39.56,18.55,56.25,0.29,53.66,17.61,0.0,7.86,42.58,19.81,37.97,2.98,58.86,17.73,50.0,0.0,27.59,482.0
12973,85,37,1187,2.35,40.08,19.1,42.45,18.69,40.26,48.64,3.19,1.12,44.0,21.78,23.07,86.45,39.63,18.98,40.41,1.89,35.4,17.86,50.0,0.34,38.25,30.72,50.0,4.48,41.65,17.57,40.38,2.5,50.58,21.81,44.82,0.0,24.68,591.0
12974,85,41,743,1.61,42.32,17.95,32.37,16.62,43.47,44.44,3.69,1.64,62.83,18.43,58.33,81.94,42.36,17.51,44.4,3.41,33.36,13.09,48.0,0.82,39.5,28.5,33.33,5.6,45.95,18.9,26.82,2.87,43.66,21.45,42.85,0.0,51.34,394.0
12975,85,42,954,2.2,42.43,18.23,40.7,13.82,42.76,66.66,2.57,1.39,59.76,21.72,46.15,87.24,41.81,17.98,42.38,1.28,38.41,10.33,50.0,0.1,20.0,0.0,0.0,3.75,38.71,17.87,22.85,3.64,55.08,18.8,58.82,0.0,22.43,513.0
12976,85,49,1097,1.36,38.07,16.96,46.8,21.7,42.93,55.0,1.84,1.75,43.47,25.36,31.57,86.87,37.52,16.45,42.76,2.77,36.4,12.57,50.0,0.27,48.33,10.69,33.33,4.89,39.64,20.89,39.62,1.57,45.17,16.93,35.29,0.0,45.93,529.0
12977,85,unclear,1038,2.02,41.23,14.82,42.08,14.01,44.99,66.66,2.35,0.0,0.0,0.0,0.0,92.13,40.85,14.83,44.07,0.68,32.42,9.58,28.57,0.39,48.25,16.87,0.0,2.06,41.9,12.12,33.33,2.35,52.16,12.85,79.16,,,
12978,85,unclear,1260,2.85,43.66,15.64,46.5,18.81,46.82,72.72,4.49,0.08,26.0,0.0,100.0,86.92,42.92,15.35,45.58,1.14,40.71,12.65,57.14,0.32,50.5,17.91,75.0,3.92,45.12,13.19,33.33,3.1,50.1,17.52,42.1,,,
12979,85,55,1221,1.39,40.9,18.14,34.94,10.37,45.45,57.89,1.57,0.83,37.9,19.45,50.0,89.28,40.79,18.42,45.86,1.07,43.46,13.08,46.15,0.08,57.0,0.0,100.0,5.64,38.8,14.83,33.82,1.49,47.55,19.81,50.0,0.0,22.22,592.0
12980,85,unclear,943,3.92,43.11,15.0,47.34,18.31,45.49,56.52,2.53,0.0,0.0,0.0,0.0,87.85,41.77,14.27,44.22,1.32,37.75,14.64,33.33,0.33,61.33,16.16,0.0,1.54,40.21,10.77,35.71,6.4,54.22,15.33,72.41,,,
12981,85,63,935,1.92,42.61,18.82,44.41,25.74,42.99,58.33,1.3,0.87,40.87,9.76,50.0,88.98,42.2,18.71,43.25,1.96,45.83,15.8,38.88,0.1,50.0,0.0,0.0,4.9,45.88,21.63,33.33,1.85,41.94,21.85,64.7,0.0,22.4,485.0
12982,85,64,1129,1.68,39.17,17.42,32.85,15.83,41.98,42.85,1.26,0.9,41.0,15.16,30.0,84.14,38.48,16.85,42.5,2.25,37.6,20.3,44.0,0.09,80.0,0.0,0.0,8.64,43.15,17.1,32.29,2.7,50.06,25.46,46.66,0.0,20.43,510.0
12983,85,65,926,2.26,42.52,18.81,44.9,26.02,43.95,80.0,1.1,1.21,33.0,23.74,81.81,86.29,41.75,19.0,44.17,1.65,46.86,10.67,66.66,0.33,47.66,4.04,33.33,6.4,44.79,14.77,25.86,2.87,55.03,14.04,57.69,0.0,26.03,465.0
12984,85,66,667,1.49,40.47,18.33,46.5,22.76,43.47,75.0,1.21,0.91,37.0,25.44,0.0,89.49,40.12,18.33,44.38,1.21,34.25,9.33,62.5,0.0,0.0,0.0,0.0,4.56,40.66,19.74,26.66,2.58,48.64,14.12,47.05,0.0,24.46,352.0
12985,85,67,1286,1.16,40.17,16.99,38.69,16.91,40.59,57.57,2.59,0.94,53.58,19.74,41.66,90.87,40.09,16.93,39.48,1.73,35.95,17.21,50.0,0.47,38.66,15.16,33.33,1.8,37.78,14.17,47.82,1.57,42.9,22.94,55.0,0.0,23.9,684.0
12986,85,68,825,1.09,41.27,19.38,29.87,22.36,38.9,37.5,1.96,0.61,39.6,22.56,40.0,91.78,41.26,19.16,38.71,1.71,51.71,20.8,28.57,0.0,0.0,0.0,0.0,2.57,42.38,11.04,42.85,1.34,47.72,22.48,45.45,0.0,28.57,404.0
12987,85,69,1011,1.58,39.77,17.63,38.07,18.58,41.64,47.82,6.93,1.7,48.29,19.76,41.17,82.61,39.74,17.28,41.6,2.11,32.42,13.31,52.38,0.2,39.0,7.07,0.0,4.32,40.04,18.55,30.23,2.11,47.52,23.29,52.38,0.0,29.2,471.0
12988,85,70,671,1.78,40.49,18.98,43.85,12.29,40.68,42.85,1.06,0.91,55.0,17.43,33.33,85.73,40.55,19.22,41.06,2.57,40.05,13.24,47.05,0.3,66.5,0.7,0.0,6.52,35.06,17.82,25.58,2.88,35.63,17.89,57.89,0.0,51.02,364.0
12989,85,74,874,1.94,39.55,17.07,40.79,14.72,43.24,41.17,3.96,0.81,40.28,26.82,57.14,85.41,38.88,16.85,43.71,1.51,37.92,14.4,30.76,0.35,40.33,19.85,0.0,4.31,41.45,17.53,29.72,3.61,48.03,21.31,61.29,0.0,23.33,407.0
12990,85,76,1075,5.86,40.52,17.91,39.62,17.5,43.16,41.68,78.45,6.22,43.19,17.38,50.79,9.68,42.05,20.65,45.91,0.79,49.37,18.6,25.0,2.37,46.12,12.4,50.0,0.29,45.66,20.5,33.33,2.17,40.63,16.62,54.54,0.0,28.04,552.0
12991,85,77,1231,6.49,41.26,19.6,39.14,18.34,41.83,39.6,61.42,8.42,45.3,20.64,44.32,22.24,42.67,20.57,43.75,0.78,23.55,22.62,55.55,2.08,38.16,16.14,45.83,0.95,47.81,23.04,36.36,4.08,45.63,19.27,46.8,0.0,18.9,509.0
12992,85,79,754,2.12,38.92,17.8,23.75,19.63,42.3,75.0,0.54,0.4,64.66,11.01,0.0,89.29,38.47,17.42,41.72,2.03,40.93,21.54,60.0,0.81,42.33,20.61,50.0,4.47,39.84,12.62,42.42,2.43,43.22,27.73,55.55,0.0,26.36,361.0
12993,85,81,612,1.79,42.24,17.85,48.5,14.83,42.32,57.14,2.32,0.49,64.33,10.96,66.66,85.69,41.65,17.64,41.94,1.49,38.22,14.12,66.66,0.66,36.5,12.92,25.0,6.65,44.42,19.15,40.0,2.66,52.75,20.88,37.5,0.0,54.86,362.0
12994,85,82,879,2.73,38.68,16.59,37.35,16.25,42.09,40.81,63.04,4.79,39.39,18.74,46.34,25.14,41.47,16.03,42.79,0.81,28.71,23.04,42.85,2.1,36.88,15.6,22.22,1.63,37.85,16.06,50.0,2.45,48.61,14.8,57.14,0.0,23.56,469.0
12995,85,unclear,1259,2.38,41.7,15.62,38.03,12.87,45.51,45.16,2.52,0.0,0.0,0.0,0.0,89.34,41.55,15.72,44.08,0.56,40.42,14.63,85.71,0.4,54.0,21.71,60.0,2.92,36.38,9.83,25.0,4.23,48.92,15.02,73.07,,,
12996,85,93,1259,1.42,41.11,18.61,39.38,16.37,40.19,38.46,1.04,0.64,44.12,24.14,25.0,88.07,40.8,18.67,40.71,2.57,37.9,16.08,65.62,0.08,35.0,0.0,0.0,4.51,39.69,16.99,26.78,3.06,54.97,16.61,39.47,0.0,21.6,705.0
12997,85,97,859,1.04,40.82,19.03,39.7,18.72,40.04,46.66,3.52,0.7,47.33,26.77,50.0,86.7,40.27,18.92,39.07,1.41,33.08,16.4,50.0,0.82,64.42,11.75,28.57,4.0,42.11,18.32,47.05,2.7,49.69,16.78,47.82,0.0,25.49,440.0
12998,85,98,891,1.57,41.64,18.43,44.25,16.09,41.75,50.0,1.36,1.02,48.44,9.16,33.33,87.0,40.68,18.28,42.2,1.82,44.75,16.99,25.0,0.45,49.75,18.4,25.0,5.35,47.85,17.68,21.27,2.73,50.12,18.62,62.5,0.0,23.84,479.0
12999,85,99,811,1.6,42.98,17.0,48.87,16.7,43.4,50.0,1.0,0.62,37.4,26.9,20.0,90.47,42.19,16.78,43.35,1.75,42.64,14.24,35.71,0.37,49.66,21.5,33.33,2.75,45.54,14.91,31.81,3.0,57.95,19.36,54.16,0.0,26.6,447.0
13000,85,unclear,1297,2.85,41.81,15.33,43.39,16.21,44.56,78.26,1.82,0.0,0.0,0.0,0.0,90.0,40.92,15.02,43.47,0.79,45.1,15.84,50.0,0.23,62.66,14.15,100.0,3.49,42.81,13.52,25.0,3.65,52.71,13.79,69.56,,,
13001,85,102,1066,1.21,40.74,18.89,42.92,23.01,37.61,50.0,1.32,0.75,38.62,11.63,50.0,90.78,40.7,18.64,37.44,1.99,36.47,23.18,47.61,0.37,25.75,22.12,25.0,2.46,41.23,19.56,30.76,2.27,45.54,22.03,33.33,0.0,31.35,433.0
13002,85,103,1014,2.36,44.76,19.82,49.95,21.81,45.36,66.66,2.12,1.61,58.0,21.17,31.25,87.67,44.21,19.65,45.5,1.91,45.0,20.23,47.36,0.3,37.33,11.01,0.0,2.92,43.75,21.58,34.48,3.43,50.26,18.94,50.0,0.0,35.61,503.0
13003,85,104,881,1.58,42.06,18.81,48.26,20.07,42.33,36.84,2.19,1.03,53.33,25.3,66.66,91.11,41.2,18.39,42.02,0.69,34.16,7.3,83.33,0.11,64.0,0.0,0.0,2.42,42.57,17.42,23.8,2.42,57.28,20.64,47.61,0.0,45.04,437.0
13004,85,108,542,2.39,41.61,18.41,44.9,26.53,40.22,40.0,1.89,1.7,55.0,27.99,44.44,88.09,40.77,17.95,40.55,1.51,37.75,8.31,50.0,0.0,0.0,0.0,0.0,2.83,39.2,19.02,26.66,3.96,51.61,16.12,42.85,0.0,60.52,282.0
13005,85,109,945,1.37,42.84,19.5,38.92,13.02,43.49,50.0,1.5,0.96,50.44,31.59,55.55,89.37,41.7,19.26,43.45,0.85,48.12,13.04,50.0,0.0,0.0,0.0,0.0,3.43,50.37,19.67,34.37,3.86,57.05,16.39,44.44,0.0,30.97,470.0
13006,85,unclear,1436,2.64,41.45,15.6,43.94,15.59,46.3,72.41,6.22,0.0,0.0,0.0,0.0,88.48,40.82,15.18,44.38,1.0,31.35,9.15,35.71,0.21,50.66,2.08,66.66,1.93,39.85,16.77,33.33,2.14,54.36,19.86,56.66,,,
13007,85,112,706,0.42,40.72,18.78,48.13,17.99,41.92,80.3,9.38,0.85,31.33,8.33,50.0,81.5,40.1,18.96,38.04,1.13,41.62,18.18,12.5,0.0,0.0,0.0,0.0,6.11,38.34,16.58,39.53,0.99,50.85,11.08,57.14,0.0,56.44,362.0
13008,85,unclear,1191,3.19,42.56,16.46,43.9,17.11,45.0,63.33,2.6,0.0,0.0,0.0,0.0,89.07,41.73,16.26,43.52,1.38,37.43,8.99,75.0,0.34,53.25,19.58,50.0,2.08,42.12,15.16,41.66,4.5,55.75,17.52,57.69,,,
13009,85,116,884,1.13,40.06,17.7,49.45,16.86,42.19,55.0,2.28,0.8,51.71,22.99,85.71,88.32,39.05,17.25,41.96,1.6,39.64,17.11,28.57,0.0,0.0,0.0,0.0,4.23,43.21,16.85,32.43,2.74,53.25,21.63,37.5,0.0,30.44,460.0
13010,85,119,991,2.32,39.8,16.85,39.76,17.61,43.89,42.0,5.16,1.34,51.23,22.85,76.92,83.05,39.47,16.65,43.28,1.23,38.58,13.46,91.66,0.82,38.62,8.34,50.0,4.02,37.17,14.99,30.76,4.33,43.04,18.7,47.61,0.0,46.46,485.0
13011,85,120,798,2.75,41.27,17.61,39.2,15.92,42.35,60.0,1.28,1.28,42.5,21.17,60.0,85.95,41.09,17.38,43.32,1.41,28.0,16.96,45.45,0.38,32.0,28.16,66.66,6.57,37.7,17.0,27.45,3.09,54.04,13.96,50.0,0.0,56.2,374.0
13012,85,unclear,1411,5.03,41.31,15.67,39.74,13.55,45.28,48.83,3.2,0.0,0.0,0.0,0.0,86.11,40.85,15.69,45.32,1.11,44.73,18.49,26.66,1.11,52.8,13.58,53.33,3.73,37.94,12.87,32.0,4.7,45.84,15.99,53.96,,,
13013,85,126,838,4.29,40.41,18.03,39.36,17.93,44.39,39.73,55.86,5.36,43.0,18.6,60.46,33.16,39.97,17.38,47.36,0.49,47.25,32.51,50.0,0.99,42.12,12.19,75.0,1.62,37.0,17.36,30.76,2.49,56.7,19.83,60.0,0.0,31.25,447.0
13014,85,127,847,2.24,38.72,17.5,38.73,13.12,44.74,53.33,1.81,0.72,51.66,11.14,66.66,87.68,37.75,17.04,44.21,2.05,44.29,24.1,52.94,0.12,20.0,0.0,100.0,5.79,45.27,19.67,41.66,1.81,47.2,19.47,73.33,0.0,49.46,444.0
13015,85,128,871,2.06,42.26,18.51,46.3,15.35,41.1,46.15,1.52,1.28,59.18,15.74,45.45,84.29,41.68,18.69,41.58,2.34,38.4,20.8,40.0,0.0,0.0,0.0,0.0,7.5,41.07,15.87,32.81,3.04,49.88,19.24,42.3,0.0,35.95,452.0
13016,85,129,673,2.37,43.27,18.02,34.36,25.97,42.34,54.54,1.67,0.91,52.33,23.68,83.33,83.56,42.69,17.73,40.61,2.89,35.47,18.63,36.84,0.45,45.33,14.18,100.0,6.69,45.77,15.14,36.36,3.8,57.16,18.45,64.0,0.0,53.65,333.0
13017,85,131,972,2.67,41.52,18.72,43.25,22.99,42.18,33.33,1.26,2.21,38.14,31.26,47.61,87.63,41.23,18.37,43.06,1.9,43.44,13.69,44.44,0.1,37.0,0.0,0.0,4.22,38.67,13.35,27.5,2.64,49.6,20.13,40.0,0.0,39.02,508.0
13018,85,unclear,1478,2.57,41.86,15.97,44.0,15.52,45.94,66.66,2.91,0.0,0.0,0.0,0.0,91.45,41.29,15.59,44.64,0.76,38.72,13.49,72.72,0.13,56.5,47.37,50.0,0.97,45.35,19.33,42.85,3.75,50.38,19.32,51.85,,,
13019,85,136,950,1.89,39.61,16.4,38.35,21.89,41.36,50.0,3.0,0.42,29.0,27.91,0.0,91.09,39.17,15.9,41.93,0.96,37.0,12.26,44.44,0.1,96.0,0.0,0.0,2.46,39.95,14.05,30.43,1.93,52.11,16.83,38.88,0.0,46.29,463.0
13020,85,138,1004,1.89,42.78,17.64,42.92,15.88,42.13,69.23,1.31,0.71,36.14,9.54,0.0,91.67,42.65,17.57,41.97,1.82,32.05,11.06,50.0,0.0,0.0,0.0,0.0,1.72,44.29,21.8,29.41,2.74,51.22,19.91,51.85,0.0,29.93,474.0
13021,85,140,994,1.91,41.52,17.05,57.4,13.63,40.74,40.0,1.02,0.61,42.83,14.17,66.66,91.58,41.31,16.76,40.98,1.02,37.79,18.12,80.0,0.41,47.5,15.84,25.0,3.07,38.06,20.45,26.66,2.25,46.86,17.4,27.27,0.0,32.1,515.0
13022,85,141,913,1.31,40.37,17.88,39.6,11.1,42.16,100.0,0.55,0.22,49.5,37.47,50.0,91.34,39.98,17.68,41.55,1.77,42.56,21.34,62.5,0.11,34.0,0.0,100.0,3.32,40.46,19.33,20.0,2.66,48.95,19.75,54.16,0.0,31.3,418.0
13023,85,unclear,1169,5.64,41.54,15.62,39.62,15.28,45.33,53.33,10.87,0.0,0.0,0.0,0.0,79.23,41.16,15.33,42.44,0.99,32.54,12.33,63.63,1.72,40.57,18.12,36.84,2.99,41.39,17.09,33.33,4.17,47.13,15.89,71.73,,,
13024,85,144,580,1.2,41.01,17.65,36.12,10.43,42.75,50.0,1.39,1.04,54.16,19.91,33.33,89.7,40.19,17.3,42.41,1.22,42.57,10.39,57.14,0.69,60.0,9.79,25.0,3.14,43.88,12.47,38.88,2.79,54.93,26.39,56.25,0.0,35.55,292.0
13025,85,149,458,3.05,42.68,20.52,36.16,22.9,44.54,16.66,1.35,0.67,21.0,20.07,0.0,85.58,42.17,19.91,43.94,4.5,36.5,23.61,50.0,0.22,32.0,0.0,100.0,3.37,42.86,23.94,46.66,4.27,54.89,21.99,68.42,0.0,64.24,283.0
13026,85,150,264,0.75,41.5,16.99,57.0,12.72,40.9,100.0,0.76,1.14,85.0,11.13,66.66,86.64,40.18,16.18,40.96,1.9,45.8,10.84,60.0,0.0,0.0,0.0,0.0,6.1,39.93,18.35,37.5,3.43,56.55,15.74,11.11,0.0,30.7,156.0
13027,85,151,953,2.72,42.47,18.69,32.92,17.73,39.55,53.84,1.4,0.1,57.0,0.0,0.0,89.1,42.27,18.68,39.46,1.51,42.57,22.01,42.85,0.1,45.0,0.0,0.0,5.39,43.24,18.87,28.0,2.37,50.68,14.25,45.45,0.0,31.43,516.0
13028,85,152,1037,2.12,38.43,18.35,30.9,17.04,42.91,59.09,2.16,1.37,32.28,26.03,21.42,88.47,38.17,18.13,43.2,1.37,32.85,17.49,78.57,0.39,57.25,22.99,50.0,4.92,41.8,17.14,26.0,1.28,41.53,13.84,53.84,0.0,31.23,500.0
13029,85,unclear,1079,3.79,43.65,15.78,43.46,16.45,45.69,46.96,6.35,0.0,0.0,0.0,0.0,85.16,42.78,15.56,45.13,0.77,33.5,4.98,87.5,0.0,0.0,0.0,0.0,3.37,46.91,15.03,31.42,4.33,51.68,16.55,62.22,,,
13030,85,unclear,1266,3.63,42.75,16.72,46.68,17.85,46.76,54.54,1.8,0.0,0.0,0.0,0.0,90.49,41.81,16.47,46.64,0.49,28.33,9.28,50.0,0.57,53.42,14.67,42.85,3.03,45.43,17.16,35.13,3.6,53.95,17.2,45.45,,,
13031,85,158,677,2.21,41.79,18.05,39.79,13.26,43.27,60.0,1.51,1.05,46.0,18.33,42.85,85.49,41.14,17.83,44.69,2.87,37.36,13.0,42.1,0.15,67.0,0.0,0.0,6.64,41.2,17.71,29.54,2.26,60.66,23.51,40.0,0.0,32.7,365.0
13032,85,159,702,2.13,40.35,17.71,24.0,16.82,38.46,71.42,1.01,0.29,58.5,9.19,50.0,88.5,40.29,17.63,39.14,1.89,36.3,19.87,46.15,0.14,29.0,0.0,100.0,5.24,37.91,16.59,25.0,2.91,52.7,18.17,30.0,0.0,35.65,370.0
13033,85,161,862,2.32,42.87,18.9,46.2,21.49,42.45,50.0,1.18,1.3,53.09,11.36,36.36,84.56,42.23,18.96,44.38,2.13,38.16,17.52,38.88,0.23,46.0,14.14,50.0,6.76,42.26,15.97,29.82,3.8,49.68,22.24,28.12,0.0,35.38,437.0
13034,85,164,299,4.68,40.6,15.45,49.5,6.36,43.81,50.0,0.7,2.1,38.16,15.01,66.66,87.01,39.9,15.48,42.74,2.1,46.33,19.9,33.33,0.0,0.0,0.0,0.0,4.91,37.71,16.76,64.28,3.15,46.44,11.47,33.33,0.0,36.51,171.0
13035,85,unclear,997,2.5,44.8,15.68,41.55,17.64,43.63,72.22,1.85,0.0,0.0,0.0,0.0,93.51,44.11,15.25,42.57,0.2,35.5,4.94,100.0,0.1,74.0,0.0,0.0,0.72,42.71,11.96,14.28,3.6,56.42,17.81,51.42,,,
13036,85,170,760,1.31,42.13,18.09,41.2,19.29,41.71,50.0,1.33,0.4,37.66,37.5,33.33,92.93,41.92,18.2,41.17,1.73,37.38,10.68,61.53,0.13,53.0,0.0,0.0,1.86,44.5,16.41,35.71,1.6,53.58,16.66,58.33,0.0,33.79,371.0
13037,85,171,1066,1.87,40.68,17.66,38.2,21.41,43.99,60.0,1.43,1.14,47.0,16.11,33.33,89.0,40.15,17.3,44.25,1.24,33.92,15.93,69.23,0.09,23.0,0.0,0.0,3.63,41.84,15.78,31.57,3.44,49.11,19.42,38.88,0.0,32.87,517.0
13038,85,172,582,2.06,41.21,16.99,50.2,25.66,39.86,40.0,1.75,1.22,50.71,18.41,28.57,91.05,40.77,16.62,39.88,0.7,46.5,20.82,100.0,0.0,0.0,0.0,0.0,2.63,31.6,13.05,33.33,2.63,51.53,18.93,46.66,0.0,37.28,312.0
13039,85,unclear,1334,5.77,40.12,15.58,39.4,15.9,43.55,42.83,59.42,0.0,0.0,0.0,0.0,35.0,39.93,14.74,41.13,0.79,40.1,19.98,70.0,1.19,38.33,17.07,53.33,1.43,42.72,12.87,44.44,2.14,43.77,14.97,74.07,,,
13040,85,177,676,1.92,41.43,17.94,47.66,23.5,44.08,100.0,0.9,0.6,60.25,34.04,100.0,88.53,40.59,17.68,43.78,1.65,41.54,12.62,63.63,0.75,48.4,6.87,40.0,4.82,42.25,18.19,31.25,2.71,52.27,21.15,38.88,0.0,58.16,331.0
13041,85,178,848,2.59,41.8,19.65,57.58,19.38,43.98,41.66,1.45,0.84,53.0,17.14,28.57,88.86,40.99,19.59,44.0,2.54,39.47,16.77,71.42,0.12,68.0,0.0,100.0,3.51,37.44,19.15,24.13,2.66,51.45,17.34,50.0,0.0,32.32,464.0
13042,85,181,465,3.22,43.36,18.06,39.14,13.12,41.07,71.42,1.55,0.88,48.25,17.78,50.0,88.0,42.34,18.24,39.39,1.11,33.6,12.19,80.0,0.0,0.0,0.0,0.0,3.33,48.4,17.06,53.33,5.11,53.39,15.76,39.13,0.0,64.14,268.0
13043,85,182,962,1.87,41.69,17.53,38.62,14.22,42.2,68.75,1.69,1.16,42.54,28.81,27.27,87.71,41.02,17.13,41.54,1.9,37.72,20.97,55.55,0.0,0.0,0.0,0.0,3.81,45.0,17.54,36.11,3.7,53.37,19.06,54.28,0.0,37.73,502.0
13044,85,184,752,2.52,41.08,18.39,40.2,22.31,41.35,46.66,2.04,1.63,40.66,16.64,41.66,87.85,40.49,18.11,42.23,1.63,36.0,13.63,41.66,0.13,64.0,0.0,100.0,4.77,44.57,17.85,31.42,1.9,53.64,24.95,35.71,0.0,32.31,401.0
13045,85,185,928,3.55,41.21,18.28,42.95,17.58,43.21,60.86,2.56,2.68,41.37,22.28,45.83,79.55,40.7,17.89,43.25,3.01,31.48,8.96,55.55,0.78,46.71,34.49,28.57,7.59,46.11,18.2,27.94,3.79,48.41,18.58,52.94,0.0,28.45,432.0
13046,85,188,723,2.76,41.06,18.69,40.33,11.89,39.55,66.66,1.28,1.84,54.92,23.28,30.76,85.34,40.0,18.41,39.83,1.99,34.71,7.18,42.85,0.0,0.0,0.0,0.0,5.54,44.87,19.07,33.33,3.98,48.71,22.46,39.28,0.0,58.49,347.0
13047,85,189,689,2.61,39.59,17.88,36.28,13.08,41.94,57.14,1.04,1.04,44.42,14.31,57.14,87.63,38.94,18.15,42.17,1.78,33.66,12.4,75.0,0.14,62.0,0.0,100.0,5.51,39.48,12.74,27.02,2.83,51.63,15.31,31.57,0.0,61.09,313.0
13048,85,192,570,3.15,40.49,16.54,49.66,19.56,41.05,83.33,1.08,1.26,51.85,18.75,85.71,89.31,39.52,15.94,40.77,1.63,46.44,21.23,33.33,0.0,0.0,0.0,0.0,4.34,38.37,16.71,20.83,2.35,50.23,16.38,46.15,0.0,61.17,304.0
13049,85,unclear,1375,1.52,41.08,15.08,40.88,11.89,45.6,61.76,2.51,0.0,0.0,0.0,0.0,92.31,40.69,15.01,45.2,0.51,28.85,5.92,71.42,0.29,38.75,8.26,50.0,0.88,39.41,12.21,25.0,3.47,50.72,15.15,44.68,,,
13050,85,195,772,1.55,42.37,18.92,52.55,22.11,43.0,66.66,1.18,0.13,29.0,0.0,0.0,91.18,41.62,18.56,41.99,1.18,43.11,12.55,55.55,0.13,33.0,0.0,0.0,2.89,50.13,22.3,40.9,3.28,49.24,22.38,60.0,0.0,48.9,461.0
13051,85,196,767,1.3,42.31,18.81,55.72,17.74,43.8,36.36,1.45,1.18,44.11,26.7,44.44,86.78,41.6,18.56,43.98,2.9,47.36,14.91,45.45,0.92,50.42,25.16,14.28,3.43,43.38,20.15,46.15,3.3,47.64,20.27,48.0,0.0,45.05,414.0
13052,85,198,583,0.17,43.63,18.1,44.83,26.85,40.48,50.0,1.03,0.51,62.0,4.35,66.66,94.15,43.27,18.01,40.51,0.68,53.5,16.03,75.0,0.17,57.0,0.0,0.0,2.57,47.66,12.9,20.0,0.85,47.0,33.42,40.0,0.0,34.86,355.0
13053,85,200,581,1.54,44.32,17.38,42.0,5.65,38.89,100.0,0.34,0.17,66.0,0.0,0.0,92.3,43.76,17.4,38.25,1.22,43.57,9.07,57.14,0.0,0.0,0.0,0.0,3.67,48.52,20.45,33.33,2.27,58.07,11.65,61.53,0.0,35.94,339.0
13054,85,201,309,2.26,43.38,17.72,45.2,13.6,41.1,40.0,1.65,0.33,76.0,0.0,0.0,88.74,43.64,17.89,41.41,2.98,44.77,14.49,55.55,0.0,0.0,0.0,0.0,2.98,30.55,8.32,22.22,3.31,45.8,15.64,50.0,0.0,35.89,160.0
13055,85,208,520,2.3,39.71,18.69,37.21,14.13,41.73,64.28,2.75,1.96,37.2,23.35,40.0,85.82,39.08,18.57,41.28,1.57,43.37,12.42,50.0,0.39,22.0,31.11,0.0,4.72,42.54,15.96,33.33,2.75,61.78,21.25,64.28,0.0,58.82,284.0
13056,85,unclear,1095,2.37,41.52,16.04,41.92,15.85,44.47,47.5,11.22,0.0,0.0,0.0,0.0,82.22,41.17,15.79,44.48,0.18,32.5,6.36,100.0,0.18,51.5,10.6,50.0,2.05,32.0,9.2,27.27,4.11,50.09,17.92,50.0,,,
13057,85,3,0,0.0,0.0,0.0,0.0,0.0,0.0,0.0,0.0,0.0,0.0,0.0,0.0,0.0,0.0,0.0,0.0,0.0,0.0,0.0,0.0,0.0,0.0,0.0,0.0,0.0,0.0,0.0,0.0,0.0,0.0,0.0,0.0,0.0,0.0,0.0
13058,85,8,0,0.0,0.0,0.0,0.0,0.0,0.0,0.0,0.0,0.0,0.0,0.0,0.0,0.0,0.0,0.0,0.0,0.0,0.0,0.0,0.0,0.0,0.0,0.0,0.0,0.0,0.0,0.0,0.0,0.0,0.0,0.0,0.0,0.0,0.0,0.0
13059,85,9,0,0.0,0.0,0.0,0.0,0.0,0.0,0.0,0.0,0.0,0.0,0.0,0.0,0.0,0.0,0.0,0.0,0.0,0.0,0.0,0.0,0.0,0.0,0.0,0.0,0.0,0.0,0.0,0.0,0.0,0.0,0.0,0.0,0.0,0.0,0.0
13060,85,10,0,0.0,0.0,0.0,0.0,0.0,0.0,0.0,0.0,0.0,0.0,0.0,0.0,0.0,0.0,0.0,0.0,0.0,0.0,0.0,0.0,0.0,0.0,0.0,0.0,0.0,0.0,0.0,0.0,0.0,0.0,0.0,0.0,0.0,0.0,0.0
13061,85,14,0,0.0,0.0,0.0,0.0,0.0,0.0,0.0,0.0,0.0,0.0,0.0,0.0,0.0,0.0,0.0,0.0,0.0,0.0,0.0,0.0,0.0,0.0,0.0,0.0,0.0,0.0,0.0,0.0,0.0,0.0,0.0,0.0,0.0,0.0,0.0
13062,85,21,0,0.0,0.0,0.0,0.0,0.0,0.0,0.0,0.0,0.0,0.0,0.0,0.0,0.0,0.0,0.0,0.0,0.0,0.0,0.0,0.0,0.0,0.0,0.0,0.0,0.0,0.0,0.0,0.0,0.0,0.0,0.0,0.0,0.0,0.0,0.0
13063,85,25,0,0.0,0.0,0.0,0.0,0.0,0.0,0.0,0.0,0.0,0.0,0.0,0.0,0.0,0.0,0.0,0.0,0.0,0.0,0.0,0.0,0.0,0.0,0.0,0.0,0.0,0.0,0.0,0.0,0.0,0.0,0.0,0.0,0.0,0.0,0.0
13064,85,33,0,0.0,0.0,0.0,0.0,0.0,0.0,0.0,0.0,0.0,0.0,0.0,0.0,0.0,0.0,0.0,0.0,0.0,0.0,0.0,0.0,0.0,0.0,0.0,0.0,0.0,0.0,0.0,0.0,0.0,0.0,0.0,0.0,0.0,0.0,0.0
13065,85,38,0,0.0,0.0,0.0,0.0,0.0,0.0,0.0,0.0,0.0,0.0,0.0,0.0,0.0,0.0,0.0,0.0,0.0,0.0,0.0,0.0,0.0,0.0,0.0,0.0,0.0,0.0,0.0,0.0,0.0,0.0,0.0,0.0,0.0,0.0,0.0
13066,85,39,0,0.0,0.0,0.0,0.0,0.0,0.0,0.0,0.0,0.0,0.0,0.0,0.0,0.0,0.0,0.0,0.0,0.0,0.0,0.0,0.0,0.0,0.0,0.0,0.0,0.0,0.0,0.0,0.0,0.0,0.0,0.0,0.0,0.0,0.0,0.0
13067,85,40,0,0.0,0.0,0.0,0.0,0.0,0.0,0.0,0.0,0.0,0.0,0.0,0.0,0.0,0.0,0.0,0.0,0.0,0.0,0.0,0.0,0.0,0.0,0.0,0.0,0.0,0.0,0.0,0.0,0.0,0.0,0.0,0.0,0.0,0.0,0.0
13068,85,43,0,0.0,0.0,0.0,0.0,0.0,0.0,0.0,0.0,0.0,0.0,0.0,0.0,0.0,0.0,0.0,0.0,0.0,0.0,0.0,0.0,0.0,0.0,0.0,0.0,0.0,0.0,0.0,0.0,0.0,0.0,0.0,0.0,0.0,0.0,0.0
13069,85,44,1030,1.74,41.32,17.63,35.97,18.18,41.16,41.46,4.05,1.18,50.41,23.65,41.66,85.17,41.27,17.54,42.57,2.56,38.73,14.89,42.3,0.39,51.75,12.99,25.0,4.44,36.28,15.04,13.33,2.17,55.18,15.46,40.9,0.0,0.0,499.0
13070,85,45,884,1.13,43.25,18.29,39.32,13.24,43.09,38.77,5.6,0.68,40.66,23.07,83.33,85.35,43.43,18.2,44.1,1.94,34.76,15.78,41.17,0.11,27.0,0.0,0.0,4.0,44.6,22.36,22.85,2.28,48.85,24.43,40.0,0.0,0.0,473.0
13071,85,46,0,0.0,0.0,0.0,0.0,0.0,0.0,0.0,0.0,0.0,0.0,0.0,0.0,0.0,0.0,0.0,0.0,0.0,0.0,0.0,0.0,0.0,0.0,0.0,0.0,0.0,0.0,0.0,0.0,0.0,0.0,0.0,0.0,0.0,0.0,0.0
13072,85,47,0,0.0,0.0,0.0,0.0,0.0,0.0,0.0,0.0,0.0,0.0,0.0,0.0,0.0,0.0,0.0,0.0,0.0,0.0,0.0,0.0,0.0,0.0,0.0,0.0,0.0,0.0,0.0,0.0,0.0,0.0,0.0,0.0,0.0,0.0,0.0
13073,85,48,0,0.0,0.0,0.0,0.0,0.0,0.0,0.0,0.0,0.0,0.0,0.0,0.0,0.0,0.0,0.0,0.0,0.0,0.0,0.0,0.0,0.0,0.0,0.0,0.0,0.0,0.0,0.0,0.0,0.0,0.0,0.0,0.0,0.0,0.0,0.0
13074,85,50,1224,1.96,45.41,19.54,41.76,20.61,42.72,42.1,3.16,1.66,50.25,23.33,45.0,80.83,44.99,19.44,42.88,2.41,41.03,15.16,41.37,0.0,0.0,0.0,0.0,9.58,47.81,19.61,41.73,2.33,51.1,22.49,46.42,0.0,0.0,715.0
13075,85,56,0,0.0,0.0,0.0,0.0,0.0,0.0,0.0,0.0,0.0,0.0,0.0,0.0,0.0,0.0,0.0,0.0,0.0,0.0,0.0,0.0,0.0,0.0,0.0,0.0,0.0,0.0,0.0,0.0,0.0,0.0,0.0,0.0,0.0,0.0,0.0
13076,85,57,0,0.0,0.0,0.0,0.0,0.0,0.0,0.0,0.0,0.0,0.0,0.0,0.0,0.0,0.0,0.0,0.0,0.0,0.0,0.0,0.0,0.0,0.0,0.0,0.0,0.0,0.0,0.0,0.0,0.0,0.0,0.0,0.0,0.0,0.0,0.0
13077,85,60,0,0.0,0.0,0.0,0.0,0.0,0.0,0.0,0.0,0.0,0.0,0.0,0.0,0.0,0.0,0.0,0.0,0.0,0.0,0.0,0.0,0.0,0.0,0.0,0.0,0.0,0.0,0.0,0.0,0.0,0.0,0.0,0.0,0.0,0.0,0.0
13078,85,61,0,0.0,0.0,0.0,0.0,0.0,0.0,0.0,0.0,0.0,0.0,0.0,0.0,0.0,0.0,0.0,0.0,0.0,0.0,0.0,0.0,0.0,0.0,0.0,0.0,0.0,0.0,0.0,0.0,0.0,0.0,0.0,0.0,0.0,0.0,0.0
13079,85,62,0,0.0,0.0,0.0,0.0,0.0,0.0,0.0,0.0,0.0,0.0,0.0,0.0,0.0,0.0,0.0,0.0,0.0,0.0,0.0,0.0,0.0,0.0,0.0,0.0,0.0,0.0,0.0,0.0,0.0,0.0,0.0,0.0,0.0,0.0,0.0
13080,85,71,0,0.0,0.0,0.0,0.0,0.0,0.0,0.0,0.0,0.0,0.0,0.0,0.0,0.0,0.0,0.0,0.0,0.0,0.0,0.0,0.0,0.0,0.0,0.0,0.0,0.0,0.0,0.0,0.0,0.0,0.0,0.0,0.0,0.0,0.0,0.0
13081,85,72,0,0.0,0.0,0.0,0.0,0.0,0.0,0.0,0.0,0.0,0.0,0.0,0.0,0.0,0.0,0.0,0.0,0.0,0.0,0.0,0.0,0.0,0.0,0.0,0.0,0.0,0.0,0.0,0.0,0.0,0.0,0.0,0.0,0.0,0.0,0.0
13082,85,73,1272,1.17,42.34,19.21,47.7,24.9,43.31,33.33,1.9,1.03,50.0,15.56,30.76,85.36,41.31,19.09,44.92,1.9,45.33,13.31,50.0,0.07,67.0,0.0,100.0,5.96,43.36,19.1,24.0,3.73,55.89,16.45,46.8,0.0,0.0,644.0
13083,85,75,0,0.0,0.0,0.0,0.0,0.0,0.0,0.0,0.0,0.0,0.0,0.0,0.0,0.0,0.0,0.0,0.0,0.0,0.0,0.0,0.0,0.0,0.0,0.0,0.0,0.0,0.0,0.0,0.0,0.0,0.0,0.0,0.0,0.0,0.0,0.0
13084,85,78,0,0.0,0.0,0.0,0.0,0.0,0.0,0.0,0.0,0.0,0.0,0.0,0.0,0.0,0.0,0.0,0.0,0.0,0.0,0.0,0.0,0.0,0.0,0.0,0.0,0.0,0.0,0.0,0.0,0.0,0.0,0.0,0.0,0.0,0.0,0.0
13085,85,80,0,0.0,0.0,0.0,0.0,0.0,0.0,0.0,0.0,0.0,0.0,0.0,0.0,0.0,0.0,0.0,0.0,0.0,0.0,0.0,0.0,0.0,0.0,0.0,0.0,0.0,0.0,0.0,0.0,0.0,0.0,0.0,0.0,0.0,0.0,0.0
13086,85,83,0,0.0,0.0,0.0,0.0,0.0,0.0,0.0,0.0,0.0,0.0,0.0,0.0,0.0,0.0,0.0,0.0,0.0,0.0,0.0,0.0,0.0,0.0,0.0,0.0,0.0,0.0,0.0,0.0,0.0,0.0,0.0,0.0,0.0,0.0,0.0
13087,85,84,1043,1.15,37.97,18.69,33.0,19.46,43.91,36.36,5.33,1.35,40.21,25.31,35.71,85.16,37.94,18.14,44.98,1.35,29.35,14.35,50.0,0.48,37.6,23.27,40.0,3.2,38.39,17.69,36.36,3.1,50.87,21.11,40.62,0.0,0.0,422.0
13088,85,85,0,0.0,0.0,0.0,0.0,0.0,0.0,0.0,0.0,0.0,0.0,0.0,0.0,0.0,0.0,0.0,0.0,0.0,0.0,0.0,0.0,0.0,0.0,0.0,0.0,0.0,0.0,0.0,0.0,0.0,0.0,0.0,0.0,0.0,0.0,0.0
13089,85,86,0,0.0,0.0,0.0,0.0,0.0,0.0,0.0,0.0,0.0,0.0,0.0,0.0,0.0,0.0,0.0,0.0,0.0,0.0,0.0,0.0,0.0,0.0,0.0,0.0,0.0,0.0,0.0,0.0,0.0,0.0,0.0,0.0,0.0,0.0,0.0
13090,85,87,1402,2.35,38.49,18.02,38.19,15.59,41.51,46.38,12.12,2.92,47.6,23.77,45.0,78.96,37.58,17.68,41.07,1.38,39.57,14.99,57.89,0.29,40.0,24.16,50.0,2.7,40.97,22.07,27.02,1.6,45.95,19.1,40.9,0.0,0.0,603.0
13091,85,88,1220,2.13,40.7,16.95,38.97,16.75,42.04,39.84,10.72,2.01,48.08,22.02,29.16,78.89,40.16,16.56,42.03,1.5,39.77,18.15,61.11,0.67,31.25,16.9,12.5,4.27,42.15,17.54,41.17,1.92,55.13,16.6,56.52,0.0,0.0,532.0
13092,85,89,1410,2.62,40.87,19.71,42.23,16.12,41.98,47.31,6.77,1.67,53.65,28.73,56.52,84.99,40.09,19.43,41.81,1.67,42.17,21.44,47.82,0.29,27.25,2.06,50.0,2.91,43.1,20.22,25.0,1.67,45.65,22.19,39.13,0.0,0.0,589.0
13093,85,90,1183,1.94,40.17,16.55,41.1,21.35,41.08,44.73,3.27,1.29,51.6,21.1,20.0,88.96,39.62,16.0,41.37,1.03,44.25,10.11,50.0,0.17,19.5,27.57,50.0,3.36,40.74,16.53,35.89,1.89,46.36,12.68,36.36,0.0,0.0,426.0
13094,85,94,0,0.0,0.0,0.0,0.0,0.0,0.0,0.0,0.0,0.0,0.0,0.0,0.0,0.0,0.0,0.0,0.0,0.0,0.0,0.0,0.0,0.0,0.0,0.0,0.0,0.0,0.0,0.0,0.0,0.0,0.0,0.0,0.0,0.0,0.0,0.0
13095,85,95,0,0.0,0.0,0.0,0.0,0.0,0.0,0.0,0.0,0.0,0.0,0.0,0.0,0.0,0.0,0.0,0.0,0.0,0.0,0.0,0.0,0.0,0.0,0.0,0.0,0.0,0.0,0.0,0.0,0.0,0.0,0.0,0.0,0.0,0.0,0.0
13096,85,96,0,0.0,0.0,0.0,0.0,0.0,0.0,0.0,0.0,0.0,0.0,0.0,0.0,0.0,0.0,0.0,0.0,0.0,0.0,0.0,0.0,0.0,0.0,0.0,0.0,0.0,0.0,0.0,0.0,0.0,0.0,0.0,0.0,0.0,0.0,0.0
13097,85,105,883,2.26,41.48,18.05,38.84,16.52,41.44,53.84,1.5,0.46,48.0,13.36,50.0,91.3,40.94,17.52,41.87,1.39,37.41,16.53,50.0,0.34,42.33,43.54,0.0,3.01,40.96,24.47,23.07,1.96,59.35,15.08,41.17,0.0,0.0,426.0
13098,85,106,0,0.0,0.0,0.0,0.0,0.0,0.0,0.0,0.0,0.0,0.0,0.0,0.0,0.0,0.0,0.0,0.0,0.0,0.0,0.0,0.0,0.0,0.0,0.0,0.0,0.0,0.0,0.0,0.0,0.0,0.0,0.0,0.0,0.0,0.0,0.0
13099,85,107,0,0.0,0.0,0.0,0.0,0.0,0.0,0.0,0.0,0.0,0.0,0.0,0.0,0.0,0.0,0.0,0.0,0.0,0.0,0.0,0.0,0.0,0.0,0.0,0.0,0.0,0.0,0.0,0.0,0.0,0.0,0.0,0.0,0.0,0.0,0.0
13100,85,117,0,0.0,0.0,0.0,0.0,0.0,0.0,0.0,0.0,0.0,0.0,0.0,0.0,0.0,0.0,0.0,0.0,0.0,0.0,0.0,0.0,0.0,0.0,0.0,0.0,0.0,0.0,0.0,0.0,0.0,0.0,0.0,0.0,0.0,0.0,0.0
13101,85,118,0,0.0,0.0,0.0,0.0,0.0,0.0,0.0,0.0,0.0,0.0,0.0,0.0,0.0,0.0,0.0,0.0,0.0,0.0,0.0,0.0,0.0,0.0,0.0,0.0,0.0,0.0,0.0,0.0,0.0,0.0,0.0,0.0,0.0,0.0,0.0
13102,85,121,0,0.0,0.0,0.0,0.0,0.0,0.0,0.0,0.0,0.0,0.0,0.0,0.0,0.0,0.0,0.0,0.0,0.0,0.0,0.0,0.0,0.0,0.0,0.0,0.0,0.0,0.0,0.0,0.0,0.0,0.0,0.0,0.0,0.0,0.0,0.0
13103,85,124,0,0.0,0.0,0.0,0.0,0.0,0.0,0.0,0.0,0.0,0.0,0.0,0.0,0.0,0.0,0.0,0.0,0.0,0.0,0.0,0.0,0.0,0.0,0.0,0.0,0.0,0.0,0.0,0.0,0.0,0.0,0.0,0.0,0.0,0.0,0.0
13104,85,125,0,0.0,0.0,0.0,0.0,0.0,0.0,0.0,0.0,0.0,0.0,0.0,0.0,0.0,0.0,0.0,0.0,0.0,0.0,0.0,0.0,0.0,0.0,0.0,0.0,0.0,0.0,0.0,0.0,0.0,0.0,0.0,0.0,0.0,0.0,0.0
13105,85,130,826,1.93,40.95,19.13,46.3,15.55,41.52,38.46,1.6,0.86,33.71,25.85,28.57,85.8,40.72,19.06,40.43,2.22,33.44,14.48,83.33,0.12,83.0,0.0,100.0,7.16,40.17,17.17,34.48,2.22,45.33,27.13,66.66,0.0,0.0,419.0
13106,85,132,929,1.5,43.13,17.82,38.46,17.84,39.61,60.0,1.63,1.09,46.7,23.25,30.0,84.91,42.42,17.81,39.89,2.07,41.31,17.56,52.63,0.1,57.0,0.0,0.0,6.01,43.7,16.06,23.63,4.15,55.15,15.85,50.0,0.0,0.0,494.0
13107,85,135,0,0.0,0.0,0.0,0.0,0.0,0.0,0.0,0.0,0.0,0.0,0.0,0.0,0.0,0.0,0.0,0.0,0.0,0.0,0.0,0.0,0.0,0.0,0.0,0.0,0.0,0.0,0.0,0.0,0.0,0.0,0.0,0.0,0.0,0.0,0.0
13108,85,137,0,0.0,0.0,0.0,0.0,0.0,0.0,0.0,0.0,0.0,0.0,0.0,0.0,0.0,0.0,0.0,0.0,0.0,0.0,0.0,0.0,0.0,0.0,0.0,0.0,0.0,0.0,0.0,0.0,0.0,0.0,0.0,0.0,0.0,0.0,0.0
13109,85,139,0,0.0,0.0,0.0,0.0,0.0,0.0,0.0,0.0,0.0,0.0,0.0,0.0,0.0,0.0,0.0,0.0,0.0,0.0,0.0,0.0,0.0,0.0,0.0,0.0,0.0,0.0,0.0,0.0,0.0,0.0,0.0,0.0,0.0,0.0,0.0
13110,85,145,0,0.0,0.0,0.0,0.0,0.0,0.0,0.0,0.0,0.0,0.0,0.0,0.0,0.0,0.0,0.0,0.0,0.0,0.0,0.0,0.0,0.0,0.0,0.0,0.0,0.0,0.0,0.0,0.0,0.0,0.0,0.0,0.0,0.0,0.0,0.0
13111,85,146,932,2.14,42.55,17.18,38.71,11.1,43.56,78.57,1.53,1.09,48.0,16.3,40.0,88.26,42.01,17.01,42.85,1.42,40.46,17.19,69.23,0.21,65.5,9.19,50.0,5.37,43.14,19.19,36.73,2.08,54.47,17.34,42.1,0.0,0.0,456.0
13112,85,147,0,0.0,0.0,0.0,0.0,0.0,0.0,0.0,0.0,0.0,0.0,0.0,0.0,0.0,0.0,0.0,0.0,0.0,0.0,0.0,0.0,0.0,0.0,0.0,0.0,0.0,0.0,0.0,0.0,0.0,0.0,0.0,0.0,0.0,0.0,0.0
13113,85,148,0,0.0,0.0,0.0,0.0,0.0,0.0,0.0,0.0,0.0,0.0,0.0,0.0,0.0,0.0,0.0,0.0,0.0,0.0,0.0,0.0,0.0,0.0,0.0,0.0,0.0,0.0,0.0,0.0,0.0,0.0,0.0,0.0,0.0,0.0,0.0
13114,85,155,0,0.0,0.0,0.0,0.0,0.0,0.0,0.0,0.0,0.0,0.0,0.0,0.0,0.0,0.0,0.0,0.0,0.0,0.0,0.0,0.0,0.0,0.0,0.0,0.0,0.0,0.0,0.0,0.0,0.0,0.0,0.0,0.0,0.0,0.0,0.0
13115,85,162,0,0.0,0.0,0.0,0.0,0.0,0.0,0.0,0.0,0.0,0.0,0.0,0.0,0.0,0.0,0.0,0.0,0.0,0.0,0.0,0.0,0.0,0.0,0.0,0.0,0.0,0.0,0.0,0.0,0.0,0.0,0.0,0.0,0.0,0.0,0.0
13116,85,163,0,0.0,0.0,0.0,0.0,0.0,0.0,0.0,0.0,0.0,0.0,0.0,0.0,0.0,0.0,0.0,0.0,0.0,0.0,0.0,0.0,0.0,0.0,0.0,0.0,0.0,0.0,0.0,0.0,0.0,0.0,0.0,0.0,0.0,0.0,0.0
13117,85,167,0,0.0,0.0,0.0,0.0,0.0,0.0,0.0,0.0,0.0,0.0,0.0,0.0,0.0,0.0,0.0,0.0,0.0,0.0,0.0,0.0,0.0,0.0,0.0,0.0,0.0,0.0,0.0,0.0,0.0,0.0,0.0,0.0,0.0,0.0,0.0
13118,85,168,0,0.0,0.0,0.0,0.0,0.0,0.0,0.0,0.0,0.0,0.0,0.0,0.0,0.0,0.0,0.0,0.0,0.0,0.0,0.0,0.0,0.0,0.0,0.0,0.0,0.0,0.0,0.0,0.0,0.0,0.0,0.0,0.0,0.0,0.0,0.0
13119,85,169,0,0.0,0.0,0.0,0.0,0.0,0.0,0.0,0.0,0.0,0.0,0.0,0.0,0.0,0.0,0.0,0.0,0.0,0.0,0.0,0.0,0.0,0.0,0.0,0.0,0.0,0.0,0.0,0.0,0.0,0.0,0.0,0.0,0.0,0.0,0.0
13120,85,173,0,0.0,0.0,0.0,0.0,0.0,0.0,0.0,0.0,0.0,0.0,0.0,0.0,0.0,0.0,0.0,0.0,0.0,0.0,0.0,0.0,0.0,0.0,0.0,0.0,0.0,0.0,0.0,0.0,0.0,0.0,0.0,0.0,0.0,0.0,0.0
13121,85,176,0,0.0,0.0,0.0,0.0,0.0,0.0,0.0,0.0,0.0,0.0,0.0,0.0,0.0,0.0,0.0,0.0,0.0,0.0,0.0,0.0,0.0,0.0,0.0,0.0,0.0,0.0,0.0,0.0,0.0,0.0,0.0,0.0,0.0,0.0,0.0
13122,85,180,0,0.0,0.0,0.0,0.0,0.0,0.0,0.0,0.0,0.0,0.0,0.0,0.0,0.0,0.0,0.0,0.0,0.0,0.0,0.0,0.0,0.0,0.0,0.0,0.0,0.0,0.0,0.0,0.0,0.0,0.0,0.0,0.0,0.0,0.0,0.0
13123,85,183,0,0.0,0.0,0.0,0.0,0.0,0.0,0.0,0.0,0.0,0.0,0.0,0.0,0.0,0.0,0.0,0.0,0.0,0.0,0.0,0.0,0.0,0.0,0.0,0.0,0.0,0.0,0.0,0.0,0.0,0.0,0.0,0.0,0.0,0.0,0.0
13124,85,186,0,0.0,0.0,0.0,0.0,0.0,0.0,0.0,0.0,0.0,0.0,0.0,0.0,0.0,0.0,0.0,0.0,0.0,0.0,0.0,0.0,0.0,0.0,0.0,0.0,0.0,0.0,0.0,0.0,0.0,0.0,0.0,0.0,0.0,0.0,0.0
13125,85,187,917,2.07,41.52,18.48,42.6,15.8,40.89,55.0,2.22,1.22,58.54,20.87,45.45,86.52,40.92,18.61,41.05,1.55,35.21,12.0,50.0,0.11,32.0,0.0,0.0,5.79,42.17,17.56,36.53,2.33,50.57,15.59,33.33,0.0,0.0,472.0
13126,85,190,0,0.0,0.0,0.0,0.0,0.0,0.0,0.0,0.0,0.0,0.0,0.0,0.0,0.0,0.0,0.0,0.0,0.0,0.0,0.0,0.0,0.0,0.0,0.0,0.0,0.0,0.0,0.0,0.0,0.0,0.0,0.0,0.0,0.0,0.0,0.0
13127,85,191,0,0.0,0.0,0.0,0.0,0.0,0.0,0.0,0.0,0.0,0.0,0.0,0.0,0.0,0.0,0.0,0.0,0.0,0.0,0.0,0.0,0.0,0.0,0.0,0.0,0.0,0.0,0.0,0.0,0.0,0.0,0.0,0.0,0.0,0.0,0.0
13128,85,197,677,1.62,41.35,17.73,40.77,16.66,44.31,88.88,1.35,0.6,58.5,10.87,0.0,89.33,40.52,17.3,43.86,2.4,39.0,18.35,56.25,0.3,47.0,14.14,0.0,3.0,47.95,20.52,45.0,3.0,48.8,18.63,45.0,0.0,0.0,355.0
13129,85,199,0,0.0,0.0,0.0,0.0,0.0,0.0,0.0,0.0,0.0,0.0,0.0,0.0,0.0,0.0,0.0,0.0,0.0,0.0,0.0,0.0,0.0,0.0,0.0,0.0,0.0,0.0,0.0,0.0,0.0,0.0,0.0,0.0,0.0,0.0,0.0
13130,85,202,0,0.0,0.0,0.0,0.0,0.0,0.0,0.0,0.0,0.0,0.0,0.0,0.0,0.0,0.0,0.0,0.0,0.0,0.0,0.0,0.0,0.0,0.0,0.0,0.0,0.0,0.0,0.0,0.0,0.0,0.0,0.0,0.0,0.0,0.0,0.0
13131,85,203,980,2.04,41.52,17.36,37.08,13.64,39.69,44.44,4.68,1.45,46.07,21.24,21.42,84.68,41.74,17.48,39.6,0.72,32.85,5.72,42.85,1.25,44.58,10.99,33.33,4.06,37.38,14.69,30.76,3.12,46.63,18.79,50.0,0.0,0.0,525.0
13132,85,204,976,1.43,42.6,17.51,44.0,13.87,40.67,66.66,0.62,0.72,56.0,15.94,28.57,88.25,42.28,17.49,40.98,0.93,41.77,12.48,55.55,0.1,40.0,0.0,100.0,5.92,37.59,17.22,31.57,3.43,51.36,15.63,36.36,0.0,0.0,513.0
13133,85,205,0,0.0,0.0,0.0,0.0,0.0,0.0,0.0,0.0,0.0,0.0,0.0,0.0,0.0,0.0,0.0,0.0,0.0,0.0,0.0,0.0,0.0,0.0,0.0,0.0,0.0,0.0,0.0,0.0,0.0,0.0,0.0,0.0,0.0,0.0,0.0
13134,85,206,922,2.6,40.97,19.3,46.42,26.05,40.13,64.28,1.55,1.33,45.33,23.71,25.0,88.41,40.2,18.87,40.3,1.22,36.54,21.41,54.54,0.11,0.0,0.0,0.0,3.89,38.08,19.92,40.0,3.34,51.96,16.64,30.0,0.0,0.0,446.0
13135,85,207,0,0.0,0.0,0.0,0.0,0.0,0.0,0.0,0.0,0.0,0.0,0.0,0.0,0.0,0.0,0.0,0.0,0.0,0.0,0.0,0.0,0.0,0.0,0.0,0.0,0.0,0.0,0.0,0.0,0.0,0.0,0.0,0.0,0.0,0.0,0.0
13136,86,3,651,2.45,41.03,20.13,27.57,5.62,39.47,57.14,1.1,2.36,48.26,20.12,40.0,82.04,39.87,19.94,38.0,1.88,49.0,20.3,58.33,1.1,42.85,17.6,28.57,6.45,40.48,17.96,29.26,5.03,52.65,21.56,50.0,0.0,52.09,306.0
13137,86,9,804,2.48,39.46,16.71,37.21,15.63,41.04,36.74,36.09,3.57,40.75,18.85,46.42,50.89,40.32,16.79,44.11,1.27,51.3,26.61,70.0,1.14,44.0,16.47,33.33,4.08,36.84,11.93,31.25,2.8,42.63,16.51,40.9,0.0,54.31,368.0
13138,86,11,843,3.08,41.79,18.36,46.04,22.92,39.62,50.0,2.93,2.44,51.1,18.82,45.0,81.27,41.03,17.99,40.06,1.22,34.7,6.61,40.0,0.12,22.0,0.0,0.0,8.07,41.5,16.46,28.78,3.91,50.31,24.08,43.75,0.0,27.07,392.0
13139,86,unclear,1041,2.97,41.08,15.41,42.54,15.44,46.01,58.33,4.75,0.0,0.0,0.0,0.0,90.0,40.61,15.53,44.77,0.49,41.6,9.44,100.0,0.49,54.2,18.99,40.0,2.47,46.08,13.91,28.0,1.78,45.0,13.78,61.11,,,
13140,86,15,837,2.38,40.19,17.53,35.57,15.52,39.54,47.36,4.65,1.34,50.18,24.4,36.36,81.64,39.66,17.02,39.88,3.05,41.48,21.53,36.0,0.24,44.5,2.12,100.0,6.48,41.64,16.14,32.07,2.57,53.85,19.82,33.33,0.0,56.98,446.0
13141,86,17,1070,1.58,43.26,18.83,44.78,25.02,39.81,37.5,3.03,1.99,45.95,22.2,33.33,83.28,42.88,18.61,40.47,2.37,43.72,15.51,52.0,0.18,59.5,9.19,0.0,5.31,40.44,17.91,30.35,3.79,49.02,18.8,30.0,0.0,49.64,421.0
13142,86,unclear,1561,3.2,41.45,15.13,41.32,14.89,45.54,60.9,7.27,0.0,0.0,0.0,0.0,85.1,41.14,15.2,43.85,1.25,37.73,13.24,68.42,0.06,35.0,0.0,100.0,2.25,37.38,10.71,32.35,4.03,47.14,14.81,42.62,,,
13143,86,20,983,1.11,42.65,17.74,34.93,14.95,37.74,53.33,3.08,0.82,44.37,23.3,62.5,85.9,42.53,17.52,37.24,1.44,34.21,13.94,28.57,0.61,55.16,14.72,16.66,5.24,42.17,18.39,29.41,2.88,52.96,19.41,53.57,0.0,53.47,453.0
13144,86,22,968,5.99,39.78,18.38,37.61,18.01,40.7,38.74,75.16,6.15,49.05,21.21,60.71,13.62,42.92,17.75,41.12,0.98,45.88,10.03,44.44,1.97,37.16,14.61,44.44,0.21,39.0,8.48,50.0,1.86,43.41,14.19,52.94,0.0,38.38,416.0
13145,86,31,657,4.71,37.48,15.36,37.1,14.47,42.0,37.37,77.79,4.95,38.32,17.0,67.74,14.05,39.17,17.76,54.54,0.31,57.5,16.26,50.0,1.43,30.44,21.72,66.66,0.31,29.5,3.53,0.0,1.11,45.42,23.65,71.42,0.0,48.79,252.0
13146,86,unclear,1102,4.71,43.78,14.84,42.92,14.46,45.09,46.95,56.38,0.0,0.0,0.0,0.0,39.04,44.31,15.25,41.46,0.47,41.8,3.89,100.0,0.57,43.5,9.6,83.33,1.23,42.3,17.09,38.46,2.28,46.45,15.18,37.5,,,
13147,86,unclear,1092,7.6,41.95,15.82,40.67,15.22,45.69,43.13,71.45,0.0,0.0,0.0,0.0,21.11,40.87,14.33,47.88,0.69,54.0,14.95,71.42,1.98,49.15,20.3,55.0,1.68,52.64,23.79,29.41,3.07,47.8,17.19,74.19,,,
13148,86,36,395,4.55,39.61,16.73,38.48,16.28,39.49,40.65,56.76,7.69,46.41,16.92,37.93,30.76,40.29,16.15,38.79,0.53,14.0,19.79,0.0,1.59,34.0,18.79,50.0,0.79,26.0,2.64,33.33,1.85,40.14,23.91,28.57,0.0,25.75,180.0
13149,86,unclear,1186,6.4,42.61,16.09,41.39,14.68,45.78,44.25,31.35,0.0,0.0,0.0,0.0,60.36,42.63,16.93,44.62,0.72,36.75,11.9,62.5,0.9,43.4,7.94,40.0,2.52,35.89,14.02,35.71,4.14,46.34,13.42,39.13,,,
13150,86,unclear,1321,7.26,42.66,15.46,41.67,15.24,44.58,42.85,81.14,0.0,0.0,0.0,0.0,14.36,43.53,14.91,41.47,0.32,39.75,5.31,25.0,1.14,44.42,10.55,64.28,0.32,38.0,9.59,50.0,2.69,54.15,18.05,63.63,,,
13151,86,43,1258,1.03,41.46,17.46,45.2,17.66,38.87,32.94,6.82,1.04,49.15,21.43,23.07,85.78,40.93,17.26,39.23,1.04,36.3,16.31,53.84,0.4,48.0,22.13,40.0,2.81,41.17,20.0,31.42,2.08,46.46,17.07,46.15,0.0,20.27,531.0
13152,86,47,1338,0.29,37.49,14.52,37.76,13.08,38.78,37.17,5.84,1.49,39.54,16.76,35.0,88.53,37.28,14.5,39.88,1.04,37.28,14.81,42.85,0.22,33.66,11.54,0.0,1.49,35.04,13.12,15.0,1.27,48.29,17.2,0.0,0.0,33.92,507.0
13153,86,50,984,0.5,39.72,15.52,39.21,13.53,36.78,27.65,4.8,0.61,42.5,27.68,50.0,90.9,39.76,15.46,37.52,0.4,19.0,12.8,75.0,0.1,20.0,0.0,100.0,0.71,47.14,10.36,14.28,2.45,38.62,18.55,16.66,0.0,44.02,464.0
13154,86,51,1280,0.54,42.57,18.83,37.92,18.89,40.7,44.44,6.36,1.64,52.19,20.64,33.33,85.15,42.87,18.51,40.03,0.94,44.75,24.76,41.66,0.07,57.0,0.0,0.0,4.32,34.45,21.41,49.09,1.49,48.57,12.13,42.1,0.0,27.43,635.0
13155,86,unclear,1315,0.45,40.27,13.72,39.24,13.49,40.38,39.04,8.02,0.0,0.0,0.0,0.0,88.92,40.48,13.76,40.2,0.68,28.55,9.5,33.33,0.3,44.0,9.41,0.0,0.76,31.8,12.86,60.0,1.29,39.64,13.27,58.82,,,
13156,86,unclear,1395,1.0,40.99,12.95,39.11,12.73,42.22,46.93,7.09,0.0,0.0,0.0,0.0,90.29,41.01,12.88,41.78,0.5,44.0,18.77,42.85,0.28,39.75,19.6,50.0,0.36,45.0,18.56,0.0,1.44,46.4,12.29,55.0,,,
13157,86,60,1340,0.29,39.99,18.15,36.58,18.09,37.46,29.91,8.75,1.12,41.93,14.59,33.33,85.85,40.22,18.09,38.09,0.52,33.71,21.73,42.85,0.29,39.0,28.43,50.0,1.72,42.78,16.21,56.52,1.72,41.21,22.57,17.39,0.0,23.9,575.0
13158,86,61,1273,0.54,43.77,18.29,39.72,18.98,39.12,41.53,10.26,1.5,55.05,15.47,31.57,84.28,44.03,18.06,39.45,0.47,45.33,3.26,66.66,0.31,47.25,15.84,0.0,1.57,35.6,22.58,20.0,1.57,54.75,17.87,40.0,0.0,25.51,675.0
13159,86,63,1475,0.88,42.42,19.36,44.02,19.49,38.16,39.56,6.22,1.16,47.47,20.26,47.05,87.0,42.25,19.15,38.36,0.75,39.27,19.9,36.36,0.2,72.33,12.42,33.33,2.59,35.81,18.13,26.31,2.05,45.0,21.61,26.66,0.0,21.37,665.0
13160,86,67,1040,0.96,39.12,17.29,37.88,12.45,37.78,38.88,3.49,0.48,51.2,14.82,60.0,89.22,38.8,17.44,38.08,1.55,36.62,16.96,43.75,0.19,42.5,17.67,0.0,3.1,37.53,16.33,25.0,1.94,53.75,16.36,30.0,0.0,49.7,317.0
13161,86,unclear,1290,0.46,36.84,12.66,36.39,11.79,37.9,33.96,4.12,0.0,0.0,0.0,0.0,92.52,36.78,12.79,38.04,0.85,37.9,10.46,36.36,0.0,0.0,0.0,0.0,0.93,42.25,8.6,25.0,1.55,39.15,11.46,50.0,,,
13162,86,70,1284,0.62,39.64,17.59,40.43,16.96,38.94,37.8,6.42,0.47,52.0,13.29,50.0,87.93,39.14,17.58,38.41,1.72,43.0,19.85,59.09,0.31,48.5,19.34,25.0,1.41,43.33,15.98,33.33,1.72,46.95,18.01,50.0,0.0,45.38,406.0
13163,86,73,1446,0.27,42.82,18.24,41.98,18.56,40.73,38.14,33.63,1.31,54.63,17.72,42.1,61.51,43.05,17.75,42.27,0.76,36.72,23.22,63.63,0.34,34.6,23.87,60.0,1.1,42.68,16.47,37.5,1.31,49.63,24.85,15.78,0.0,24.8,568.0
13164,86,74,1093,1.09,37.51,16.23,37.75,16.43,42.72,39.54,44.68,1.48,35.62,13.44,31.25,50.32,37.39,16.09,46.13,0.37,43.5,10.96,50.0,0.55,33.5,6.71,50.0,1.48,38.75,18.75,50.0,1.11,41.5,20.03,16.66,0.0,34.7,409.0
13165,86,78,1106,0.81,42.38,18.63,46.61,16.75,41.22,50.0,4.01,1.18,44.76,22.03,15.38,90.15,41.88,18.56,42.06,1.18,37.3,17.15,38.46,0.0,0.0,0.0,0.0,2.18,45.25,21.11,20.83,1.27,58.71,15.1,21.42,0.0,41.82,572.0
13166,86,83,1265,0.47,39.36,17.24,38.03,16.5,41.81,33.33,4.28,0.55,32.71,17.56,14.28,91.89,39.53,17.23,42.61,0.87,25.0,19.34,36.36,0.23,27.0,5.0,33.33,0.95,39.33,11.18,33.33,1.19,48.8,20.85,33.33,0.0,36.55,519.0
13167,86,86,965,0.1,39.13,16.44,42.77,13.04,39.68,40.9,2.28,0.51,49.4,16.1,60.0,94.08,39.07,16.55,39.36,0.51,21.4,12.64,40.0,0.2,34.5,12.02,0.0,1.24,40.91,17.57,41.66,1.14,39.27,10.48,63.63,0.0,49.29,292.0
13168,86,90,996,0.6,43.75,20.53,37.74,18.59,39.55,41.86,4.34,0.5,34.79,23.4,40.0,91.11,43.81,20.62,39.35,1.01,42.1,21.1,50.0,0.1,54.0,0.0,0.0,1.01,46.2,19.93,30.0,1.91,51.42,18.36,47.36,0.0,48.09,487.0
13169,86,92,1418,0.21,37.96,16.43,33.53,14.28,37.72,33.33,2.12,0.28,53.5,15.15,50.0,95.26,38.05,16.39,37.75,0.42,41.5,24.84,100.0,0.14,43.0,22.62,50.0,0.7,34.7,14.25,20.0,1.06,34.4,22.2,33.33,0.0,24.57,510.0
13170,86,96,1490,0.93,38.27,15.95,34.21,14.24,40.2,37.07,6.02,0.54,41.12,5.71,25.0,87.94,38.36,15.98,40.9,0.88,35.53,18.58,30.76,0.13,32.5,17.67,50.0,2.16,35.71,15.27,34.37,2.23,45.81,17.43,33.33,0.0,28.26,562.0
13171,86,97,1002,0.59,40.0,17.62,38.79,16.58,38.92,34.0,10.04,0.9,37.44,21.25,66.66,84.33,39.95,17.67,39.16,1.3,44.92,14.92,69.23,0.2,30.0,9.89,50.0,1.4,47.85,18.75,28.57,1.8,41.66,19.99,16.66,0.0,24.6,426.0
13172,86,98,1087,0.64,40.03,16.88,38.59,15.29,37.53,38.63,8.14,0.83,48.0,20.74,55.55,85.55,39.96,16.91,37.66,0.55,46.0,13.46,66.66,0.09,56.0,0.0,0.0,2.68,39.72,17.06,17.24,2.12,44.08,20.02,34.78,0.0,22.85,441.0
13173,86,99,974,0.71,36.38,16.05,35.16,15.35,40.65,44.59,7.65,0.41,34.0,26.08,50.0,87.28,36.45,16.23,40.75,1.24,40.41,21.05,58.33,0.31,29.66,6.65,0.0,1.75,36.52,12.3,35.29,1.34,37.07,10.89,30.76,0.0,41.71,409.0
13174,86,101,832,0.24,37.63,14.75,36.14,15.31,36.41,35.52,9.15,0.72,51.83,12.56,16.66,85.3,37.59,14.76,36.29,0.72,39.16,13.61,33.33,0.0,0.0,0.0,0.0,1.68,37.0,13.64,57.14,2.4,39.45,13.39,30.0,0.0,42.26,261.0
13175,86,102,875,0.22,43.09,18.38,41.74,19.55,38.62,33.78,8.47,0.68,42.33,21.36,16.66,87.17,42.99,18.1,39.29,0.34,27.0,7.0,100.0,0.11,47.0,0.0,0.0,1.26,54.18,13.21,45.45,1.94,49.64,22.55,23.52,0.0,35.51,460.0
13176,86,103,1120,0.62,41.78,17.97,42.18,18.0,39.55,54.54,1.97,0.71,50.37,15.18,50.0,93.17,41.78,17.83,39.53,1.52,40.88,23.61,41.17,0.26,48.0,11.53,0.0,1.07,34.83,17.03,33.33,1.25,37.71,19.35,42.85,0.0,40.67,588.0
13177,86,104,1116,0.35,42.12,18.33,42.97,18.81,36.2,32.35,3.05,0.62,46.57,24.77,28.57,90.91,42.03,17.95,35.9,0.89,38.4,15.88,70.0,0.35,52.25,1.7,0.0,1.43,33.62,25.57,50.0,2.69,44.76,24.16,40.0,0.0,29.5,594.0
13178,86,105,1170,0.94,42.69,18.01,39.05,15.37,41.36,60.0,3.01,1.2,59.42,16.67,57.14,89.38,42.42,17.93,40.44,1.46,47.35,21.3,47.05,0.08,66.0,0.0,0.0,2.5,40.44,16.25,41.37,2.32,49.22,20.35,51.85,0.0,34.04,559.0
13179,86,106,1029,0.87,39.24,16.29,38.69,14.06,40.23,41.66,3.52,0.88,40.55,11.18,22.22,91.07,38.99,16.45,41.01,0.68,47.14,16.0,42.85,0.29,35.33,5.03,66.66,1.27,35.69,14.49,23.07,2.25,47.82,12.52,26.08,0.0,27.17,421.0
13180,86,unclear,1322,2.87,41.3,14.33,45.62,14.74,44.7,46.51,3.34,0.0,0.0,0.0,0.0,89.79,40.72,14.09,43.97,0.77,37.1,14.0,80.0,0.62,42.37,14.45,25.0,2.88,39.64,13.79,29.72,2.57,45.96,14.65,60.6,,,
13181,86,112,1072,0.55,41.48,18.53,46.13,19.25,37.59,36.36,2.06,0.93,58.4,18.96,50.0,90.71,40.95,18.27,36.71,0.75,34.62,26.22,37.5,0.18,37.5,3.53,50.0,2.34,46.52,18.98,60.0,3.0,46.0,19.97,40.62,0.0,35.3,433.0
13182,86,115,899,0.55,41.04,16.71,40.0,20.96,40.93,47.16,5.92,1.0,41.11,19.36,22.22,86.57,41.29,16.34,40.56,1.45,39.15,11.04,53.84,0.44,49.25,15.04,75.0,3.24,38.13,18.82,44.82,1.34,36.41,21.76,25.0,0.0,33.6,415.0
13183,86,116,844,0.23,40.84,18.65,45.51,14.85,41.58,31.42,4.15,0.95,46.25,29.16,37.5,90.85,40.54,18.47,42.74,0.83,47.28,11.72,42.85,0.35,48.33,16.62,66.66,1.78,39.79,24.07,20.0,1.06,35.22,28.63,22.22,0.0,34.77,386.0
13184,86,unclear,1333,0.9,41.34,13.92,41.58,15.15,41.93,40.77,7.79,0.0,0.0,0.0,0.0,88.94,41.3,13.87,41.78,0.45,43.16,12.36,83.33,0.07,41.0,0.0,100.0,0.9,42.58,14.0,41.66,1.81,38.66,13.36,37.5,,,
13185,86,119,1214,0.65,40.35,19.07,39.34,17.73,36.73,34.32,11.11,1.4,51.88,14.56,29.41,82.66,40.38,19.02,37.11,0.74,38.66,12.92,55.55,0.33,47.75,7.76,50.0,1.57,37.52,24.57,36.84,2.15,34.46,23.85,26.92,0.0,24.59,549.0
13186,86,120,1181,0.67,41.8,18.53,41.66,19.27,41.82,40.37,18.15,1.7,48.35,19.2,45.0,75.95,41.37,18.11,42.42,1.27,47.06,18.67,46.66,0.25,36.33,5.5,33.33,1.19,46.28,23.61,50.0,1.44,51.35,19.38,23.52,0.0,28.72,488.0
13187,86,122,698,0.28,41.58,18.57,39.85,17.85,40.68,43.75,6.89,0.86,64.16,8.44,33.33,86.06,41.17,18.42,39.89,0.86,46.0,18.71,33.33,0.28,22.0,31.11,50.0,3.59,42.08,20.22,60.0,1.43,55.4,14.4,30.0,0.0,61.73,297.0
13188,86,123,1049,0.19,40.16,17.25,35.51,13.51,40.89,48.93,4.48,1.14,46.91,20.64,66.66,89.49,40.22,17.27,40.66,0.47,30.0,16.89,40.0,0.09,58.0,0.0,0.0,2.1,39.81,18.13,45.45,2.19,44.47,19.53,21.73,0.0,29.12,456.0
13189,86,126,1108,0.18,42.34,19.07,40.19,16.39,40.43,34.61,2.35,0.27,39.33,17.0,33.33,93.12,42.31,19.09,40.38,1.35,37.86,17.85,53.33,0.27,30.33,26.31,33.33,1.35,48.0,16.51,53.33,1.26,46.85,23.15,28.57,0.0,27.24,492.0
13190,86,132,1132,0.0,40.69,18.0,36.65,15.92,41.34,58.13,3.79,0.35,38.75,16.87,75.0,92.13,40.92,18.15,40.46,1.41,35.43,12.36,50.0,0.17,56.0,25.45,0.0,1.23,35.07,15.98,57.14,0.88,48.1,17.89,20.0,0.0,34.3,483.0
13191,86,133,1147,0.26,39.43,18.19,36.13,20.95,42.37,40.9,1.92,0.61,39.28,22.34,57.14,93.26,39.54,18.04,42.83,0.52,34.0,21.69,50.0,0.43,23.0,21.74,0.0,1.92,36.54,18.81,50.0,1.31,48.33,18.58,13.33,0.0,32.29,464.0
13192,86,unclear,1391,1.79,41.16,13.81,43.85,16.65,42.27,56.52,5.05,0.0,0.0,0.0,0.0,90.92,40.66,13.58,40.98,0.51,44.28,13.16,71.42,0.21,48.66,9.86,33.33,1.02,47.92,9.58,50.0,2.26,42.22,15.9,48.38,,,
13193,86,136,1152,0.34,39.07,18.43,33.39,13.41,43.92,42.85,2.43,0.43,28.0,28.53,40.0,92.07,39.11,18.53,44.18,1.56,42.83,18.24,50.0,0.43,39.79,24.17,20.0,1.65,39.68,13.19,31.57,1.39,41.56,19.91,43.75,0.0,32.39,526.0
13194,86,137,758,0.65,41.33,17.44,40.12,14.02,41.42,34.37,4.24,0.66,49.6,13.52,40.0,90.3,41.02,17.33,42.2,1.46,52.18,16.51,72.72,0.13,74.0,0.0,0.0,1.59,44.33,23.92,25.0,1.59,40.16,24.77,8.33,0.0,56.1,297.0
13195,86,139,1037,0.57,39.67,17.36,38.5,17.85,40.11,41.17,3.29,0.38,46.75,31.23,25.0,91.46,39.75,17.31,40.72,1.16,33.5,8.4,33.33,0.58,24.66,19.21,66.66,1.74,35.77,15.39,22.22,1.35,51.64,18.47,21.42,0.0,35.46,515.0
13196,86,143,862,0.0,42.58,18.16,40.55,20.74,40.83,33.33,2.08,0.34,57.0,17.52,33.33,93.03,42.32,18.07,41.14,0.92,50.5,20.42,62.5,0.23,41.0,5.65,0.0,2.2,46.84,19.73,42.1,1.16,48.2,16.32,20.0,0.0,38.69,338.0
13197,86,144,1029,0.0,43.1,20.16,37.66,16.83,41.78,44.44,0.87,0.38,41.75,30.51,75.0,91.93,43.05,20.02,39.64,0.77,26.25,19.49,75.0,0.09,0.0,0.0,0.0,4.47,45.95,17.08,76.08,1.45,52.86,29.06,46.66,0.0,35.24,517.0
13198,86,151,795,0.12,42.41,19.34,45.33,17.13,44.15,50.0,1.51,0.5,42.0,31.12,25.0,85.89,42.39,19.2,41.34,0.88,36.42,7.59,85.71,0.0,0.0,0.0,0.0,10.32,42.28,21.18,64.63,0.88,45.71,20.31,28.57,0.0,36.04,342.0
13199,86,154,814,0.12,40.44,18.27,38.52,19.57,41.89,28.94,4.67,0.24,60.0,25.45,0.0,92.12,40.42,18.03,42.18,0.49,43.5,20.17,75.0,0.0,0.0,0.0,0.0,1.47,38.75,21.49,66.66,0.98,40.75,23.34,37.5,0.0,31.42,369.0
13200,86,155,792,0.88,41.21,19.49,50.35,23.1,39.26,35.29,2.16,1.27,45.5,21.58,10.0,91.97,40.85,19.21,39.75,1.27,26.1,19.94,80.0,0.25,52.0,19.79,0.0,1.4,49.72,15.08,18.18,1.65,51.61,17.95,30.76,0.0,35.97,368.0
13201,86,158,1194,0.08,41.65,18.38,42.32,19.21,42.88,41.17,2.84,0.25,37.66,9.29,33.33,93.79,41.57,18.24,43.61,0.33,26.75,31.34,50.0,0.08,27.0,0.0,0.0,1.34,38.93,22.22,25.0,1.34,51.93,16.72,18.75,0.0,26.47,548.0
13202,86,159,676,0.29,39.4,18.64,34.5,15.18,39.79,36.76,10.08,0.59,52.25,15.39,25.0,84.71,39.51,18.89,41.15,0.29,19.0,26.87,0.0,0.29,50.5,2.12,0.0,2.81,47.68,16.58,36.84,1.18,50.5,22.09,12.5,0.0,60.83,293.0
13203,86,163,1022,0.39,44.74,20.91,45.0,22.99,38.74,44.0,2.45,0.68,52.14,12.04,57.14,90.96,44.72,20.86,37.79,1.37,43.35,22.28,42.85,0.0,0.0,0.0,0.0,2.75,49.39,16.63,53.57,1.76,46.33,20.83,55.55,0.0,32.22,589.0
13204,86,164,1077,0.27,41.07,18.15,47.75,25.95,40.38,31.25,1.48,0.37,47.0,32.07,25.0,93.2,40.65,17.82,40.85,0.93,46.5,14.4,70.0,0.18,42.0,2.82,50.0,2.14,46.34,21.39,30.43,1.67,45.22,21.92,27.77,0.0,37.12,554.0
13205,86,168,1093,0.36,39.03,16.81,41.88,19.01,39.89,44.0,2.29,0.55,42.16,17.11,50.0,93.75,39.08,16.44,39.56,0.45,45.2,18.19,60.0,0.09,34.0,0.0,100.0,1.92,30.71,23.2,42.85,0.91,37.2,24.15,30.0,0.0,26.49,530.0
13206,86,169,1157,0.08,43.14,19.62,40.11,20.99,42.35,50.0,3.11,0.34,39.0,29.74,75.0,89.61,43.02,19.57,40.34,1.12,50.15,21.29,53.84,0.0,0.0,0.0,0.0,4.84,45.26,18.1,69.64,0.95,43.63,19.62,36.36,0.0,33.23,606.0
13207,86,unclear,1467,1.15,41.28,14.7,47.69,15.54,42.46,47.82,1.58,0.0,0.0,0.0,0.0,93.17,40.9,14.56,42.04,0.27,41.25,20.4,75.0,0.27,43.0,19.11,25.0,1.37,41.85,13.88,30.0,3.31,47.08,16.42,45.83,,,
13208,86,174,846,0.35,42.12,18.76,49.6,4.27,40.89,20.0,0.59,0.47,62.0,8.67,25.0,93.83,42.06,18.72,40.58,0.35,20.33,18.77,66.66,0.23,0.0,0.0,0.0,2.37,35.54,15.97,65.0,2.13,55.83,9.66,27.77,0.0,30.76,371.0
13209,86,175,1202,0.33,36.24,16.28,35.43,13.42,38.51,56.25,1.33,0.33,38.0,17.26,50.0,95.49,36.15,16.21,38.11,0.41,36.4,4.15,40.0,0.16,49.0,8.48,50.0,1.33,32.12,18.22,50.0,0.91,46.54,26.17,27.27,0.0,33.37,201.0
13210,86,179,872,0.0,38.31,16.73,40.21,12.84,41.74,71.42,1.6,0.11,23.0,0.0,0.0,94.38,38.44,16.82,41.31,0.34,19.0,17.69,100.0,0.0,0.0,0.0,0.0,2.98,33.84,14.32,38.46,0.57,49.8,14.34,20.0,0.0,33.28,398.0
13211,86,180,1035,0.48,39.66,17.66,40.52,23.66,40.96,35.29,1.65,0.67,45.57,22.96,42.85,92.81,39.58,17.52,40.48,0.87,33.88,17.61,88.88,0.09,37.0,0.0,100.0,3.2,41.06,18.05,45.45,0.67,52.71,12.6,42.85,0.0,31.81,408.0
13212,86,181,1213,0.0,38.65,17.45,38.68,18.68,39.32,41.46,3.38,0.32,34.75,29.22,25.0,92.49,38.44,17.41,38.41,0.57,41.42,10.54,71.42,0.08,58.0,0.0,0.0,2.72,43.33,14.39,69.69,0.41,51.4,30.22,0.0,0.0,29.96,454.0
13213,86,184,1257,0.15,39.98,18.23,36.1,14.7,42.87,48.27,2.31,1.11,47.92,21.33,42.85,92.58,39.96,18.15,42.51,0.95,39.66,19.13,41.66,0.23,46.33,0.57,66.66,1.91,42.5,20.05,50.0,0.79,37.29,28.96,60.0,0.0,40.25,447.0
13214,86,unclear,1478,0.47,39.28,11.91,39.0,15.03,44.99,49.15,4.01,0.0,0.0,0.0,0.0,91.09,39.13,11.57,45.07,1.08,38.81,18.39,31.25,0.54,38.62,10.83,25.0,0.74,40.63,13.47,72.72,2.51,43.97,13.49,37.83,,,
13215,86,190,1269,0.94,41.67,18.27,39.5,16.88,40.97,37.5,15.91,1.51,48.57,19.62,47.36,76.69,41.73,18.5,42.42,1.11,41.71,16.87,42.85,0.15,36.5,19.09,0.0,2.38,40.79,17.69,26.66,2.22,47.21,18.76,32.14,0.0,27.23,533.0
13216,86,191,1236,0.8,37.88,16.55,36.16,16.17,40.37,44.65,29.77,1.46,38.38,10.56,22.22,64.84,38.61,16.59,38.23,0.32,41.75,6.07,100.0,0.48,25.16,14.37,33.33,1.63,31.3,17.9,40.0,1.46,48.22,17.72,50.0,0.0,25.0,389.0
13217,86,193,1078,0.83,37.75,15.61,33.04,18.6,38.31,34.14,3.83,1.68,40.33,18.94,44.44,89.14,37.66,15.3,38.5,1.02,46.36,21.49,45.45,0.18,31.5,9.19,50.0,2.71,41.0,15.21,27.58,1.4,38.73,15.88,26.66,0.0,51.44,306.0
13218,86,196,1150,0.52,42.22,18.3,42.28,13.27,38.34,21.42,2.44,1.13,39.38,22.29,46.15,90.47,42.04,18.35,39.61,1.04,44.75,16.4,41.66,0.26,38.66,11.93,0.0,1.92,40.86,19.33,22.72,2.7,48.51,19.69,19.35,0.0,27.21,552.0
13219,86,197,1162,0.08,37.86,16.19,35.83,17.2,41.48,43.63,4.73,0.86,39.7,21.11,70.0,91.21,37.68,15.95,41.35,0.43,44.8,17.35,40.0,0.34,42.25,12.01,50.0,1.03,43.16,24.75,25.0,1.37,48.75,16.44,37.5,0.0,33.06,413.0
13220,86,200,1219,0.49,42.95,19.1,40.0,15.45,39.21,36.95,3.79,1.64,34.7,21.61,40.0,90.02,43.11,19.01,39.46,0.98,38.16,23.59,58.33,0.49,41.16,26.64,16.66,0.98,44.08,12.65,25.0,2.06,51.36,21.01,32.0,0.0,26.25,617.0
13221,86,202,766,0.26,38.36,16.27,35.0,17.69,36.94,26.66,3.92,0.78,38.66,20.03,33.33,91.36,38.58,16.33,37.24,0.26,35.0,15.55,50.0,0.39,32.66,12.42,0.0,0.52,42.0,9.52,25.0,2.61,37.25,14.19,45.0,0.0,47.85,263.0
13222,86,203,1161,0.6,42.98,17.76,44.9,12.17,36.6,39.53,3.72,1.64,53.84,17.77,42.1,91.42,42.44,17.77,36.58,0.34,55.25,12.81,25.0,0.25,37.33,32.34,0.0,1.55,48.33,20.56,44.44,1.03,48.33,21.55,25.0,0.0,40.94,526.0
13223,86,205,1105,0.45,44.63,19.02,45.97,15.22,38.0,41.17,3.09,1.36,49.26,23.0,20.0,91.09,44.61,18.99,38.22,0.54,43.16,30.12,50.0,0.27,53.33,14.57,33.33,1.63,38.22,18.23,44.44,2.0,43.68,22.06,22.72,0.0,23.58,468.0
13224,86,206,1316,0.83,39.8,16.75,37.05,15.45,35.63,45.09,3.9,0.61,53.87,8.23,25.0,90.8,39.7,16.75,35.18,1.22,40.37,14.75,62.5,0.07,56.0,0.0,0.0,1.53,41.25,16.94,30.0,1.83,45.5,18.98,20.83,0.0,24.75,583.0
13225,86,210,1077,0.27,38.09,16.81,37.33,18.56,36.3,41.66,6.7,0.18,37.5,13.43,0.0,89.47,38.04,16.58,36.52,0.37,43.75,15.12,50.0,0.18,37.5,13.43,0.0,0.93,33.79,16.55,40.0,2.14,42.39,17.81,17.39,0.0,40.79,422.0
13226,86,212,1177,0.59,41.79,17.85,45.4,17.68,40.27,46.93,4.18,0.85,38.6,21.92,30.0,91.45,41.67,17.66,40.0,0.42,34.4,19.78,60.0,0.17,48.0,19.79,50.0,1.02,41.5,22.05,33.33,1.88,42.22,21.95,45.45,0.0,23.96,466.0
13227,86,213,1234,0.56,40.5,17.4,38.98,19.02,40.19,40.64,12.63,1.14,41.64,20.67,21.42,80.6,40.49,16.93,40.34,1.54,42.57,15.02,42.1,0.4,39.4,19.44,60.0,1.54,38.21,19.44,42.1,2.03,52.16,20.32,32.0,0.0,43.85,451.0
13228,86,216,1140,1.14,40.96,17.11,39.17,16.82,41.4,39.88,15.79,2.66,49.46,20.11,43.33,76.92,40.57,16.82,41.98,0.7,35.0,12.01,62.5,0.44,46.6,13.12,20.0,2.21,44.84,18.77,32.0,1.24,52.14,19.17,35.71,0.0,28.34,394.0
13229,86,217,1297,0.46,37.91,14.88,35.09,15.72,38.93,27.52,8.44,1.0,35.38,11.98,53.84,87.83,38.19,14.84,40.29,0.3,24.25,16.5,25.0,0.3,46.75,15.94,50.0,1.08,35.42,13.6,28.57,1.0,41.3,12.12,7.69,0.0,25.15,334.0
13230,86,219,638,0.15,39.37,18.28,35.74,21.76,37.93,37.03,4.23,0.78,56.8,13.06,20.0,90.58,39.13,17.96,38.82,0.62,32.25,8.95,75.0,0.0,0.0,0.0,0.0,1.56,49.0,16.6,30.0,2.19,45.92,24.17,7.14,0.0,52.35,270.0
13231,86,222,1024,0.39,40.21,16.88,35.2,19.75,38.08,48.27,2.84,1.07,44.0,22.52,27.27,93.23,40.19,16.71,37.53,0.78,50.75,15.3,75.0,0.09,0.0,0.0,100.0,0.98,45.9,9.83,30.0,0.98,39.1,19.53,40.0,0.0,52.61,425.0
13232,86,223,879,1.93,42.17,18.71,29.5,16.61,44.59,50.0,1.62,2.43,48.38,21.37,52.38,85.96,41.63,18.66,43.85,2.08,44.5,18.73,55.55,0.11,86.0,0.0,0.0,4.52,41.07,17.37,43.58,3.24,53.67,12.41,46.42,0.0,48.77,418.0
13233,86,224,841,0.83,43.83,18.99,43.41,14.76,46.01,70.58,2.03,0.59,65.4,13.01,60.0,85.97,43.41,18.97,46.16,1.07,39.44,12.34,44.44,0.23,67.0,14.14,0.0,5.03,37.45,18.23,35.71,5.03,53.3,19.22,42.85,0.0,43.89,388.0
13234,86,227,1077,0.55,39.5,16.23,36.26,16.09,42.71,44.61,6.06,1.02,59.81,19.38,18.18,88.7,39.2,15.89,43.78,0.46,50.4,8.9,40.0,0.09,30.0,0.0,0.0,2.14,39.73,18.18,21.73,1.49,53.31,19.29,31.25,0.0,39.35,393.0
13235,86,230,1101,0.72,37.56,16.2,37.22,15.82,39.23,48.24,10.43,1.18,36.69,20.36,46.15,83.8,37.45,16.13,37.55,0.91,46.2,20.7,60.0,0.36,36.5,9.29,25.0,2.1,34.86,13.48,47.82,1.18,45.15,23.38,38.46,0.0,49.74,359.0
13236,86,232,1006,0.79,38.73,16.89,36.5,13.33,39.56,36.14,8.31,1.1,46.36,18.77,45.45,84.96,38.33,16.75,40.21,0.5,47.8,28.43,20.0,0.3,34.0,10.53,100.0,2.2,35.0,15.8,27.27,2.6,51.65,18.04,34.61,0.0,47.63,339.0
13237,86,1,0,0.0,0.0,0.0,0.0,0.0,0.0,0.0,0.0,0.0,0.0,0.0,0.0,0.0,0.0,0.0,0.0,0.0,0.0,0.0,0.0,0.0,0.0,0.0,0.0,0.0,0.0,0.0,0.0,0.0,0.0,0.0,0.0,0.0,0.0,0.0
13238,86,2,0,0.0,0.0,0.0,0.0,0.0,0.0,0.0,0.0,0.0,0.0,0.0,0.0,0.0,0.0,0.0,0.0,0.0,0.0,0.0,0.0,0.0,0.0,0.0,0.0,0.0,0.0,0.0,0.0,0.0,0.0,0.0,0.0,0.0,0.0,0.0
13239,86,4,0,0.0,0.0,0.0,0.0,0.0,0.0,0.0,0.0,0.0,0.0,0.0,0.0,0.0,0.0,0.0,0.0,0.0,0.0,0.0,0.0,0.0,0.0,0.0,0.0,0.0,0.0,0.0,0.0,0.0,0.0,0.0,0.0,0.0,0.0,0.0
13240,86,5,0,0.0,0.0,0.0,0.0,0.0,0.0,0.0,0.0,0.0,0.0,0.0,0.0,0.0,0.0,0.0,0.0,0.0,0.0,0.0,0.0,0.0,0.0,0.0,0.0,0.0,0.0,0.0,0.0,0.0,0.0,0.0,0.0,0.0,0.0,0.0
13241,86,7,0,0.0,0.0,0.0,0.0,0.0,0.0,0.0,0.0,0.0,0.0,0.0,0.0,0.0,0.0,0.0,0.0,0.0,0.0,0.0,0.0,0.0,0.0,0.0,0.0,0.0,0.0,0.0,0.0,0.0,0.0,0.0,0.0,0.0,0.0,0.0
13242,86,8,0,0.0,0.0,0.0,0.0,0.0,0.0,0.0,0.0,0.0,0.0,0.0,0.0,0.0,0.0,0.0,0.0,0.0,0.0,0.0,0.0,0.0,0.0,0.0,0.0,0.0,0.0,0.0,0.0,0.0,0.0,0.0,0.0,0.0,0.0,0.0
13243,86,10,0,0.0,0.0,0.0,0.0,0.0,0.0,0.0,0.0,0.0,0.0,0.0,0.0,0.0,0.0,0.0,0.0,0.0,0.0,0.0,0.0,0.0,0.0,0.0,0.0,0.0,0.0,0.0,0.0,0.0,0.0,0.0,0.0,0.0,0.0,0.0
13244,86,14,0,0.0,0.0,0.0,0.0,0.0,0.0,0.0,0.0,0.0,0.0,0.0,0.0,0.0,0.0,0.0,0.0,0.0,0.0,0.0,0.0,0.0,0.0,0.0,0.0,0.0,0.0,0.0,0.0,0.0,0.0,0.0,0.0,0.0,0.0,0.0
13245,86,16,0,0.0,0.0,0.0,0.0,0.0,0.0,0.0,0.0,0.0,0.0,0.0,0.0,0.0,0.0,0.0,0.0,0.0,0.0,0.0,0.0,0.0,0.0,0.0,0.0,0.0,0.0,0.0,0.0,0.0,0.0,0.0,0.0,0.0,0.0,0.0
13246,86,21,0,0.0,0.0,0.0,0.0,0.0,0.0,0.0,0.0,0.0,0.0,0.0,0.0,0.0,0.0,0.0,0.0,0.0,0.0,0.0,0.0,0.0,0.0,0.0,0.0,0.0,0.0,0.0,0.0,0.0,0.0,0.0,0.0,0.0,0.0,0.0
13247,86,23,0,0.0,0.0,0.0,0.0,0.0,0.0,0.0,0.0,0.0,0.0,0.0,0.0,0.0,0.0,0.0,0.0,0.0,0.0,0.0,0.0,0.0,0.0,0.0,0.0,0.0,0.0,0.0,0.0,0.0,0.0,0.0,0.0,0.0,0.0,0.0
13248,86,24,0,0.0,0.0,0.0,0.0,0.0,0.0,0.0,0.0,0.0,0.0,0.0,0.0,0.0,0.0,0.0,0.0,0.0,0.0,0.0,0.0,0.0,0.0,0.0,0.0,0.0,0.0,0.0,0.0,0.0,0.0,0.0,0.0,0.0,0.0,0.0
13249,86,25,0,0.0,0.0,0.0,0.0,0.0,0.0,0.0,0.0,0.0,0.0,0.0,0.0,0.0,0.0,0.0,0.0,0.0,0.0,0.0,0.0,0.0,0.0,0.0,0.0,0.0,0.0,0.0,0.0,0.0,0.0,0.0,0.0,0.0,0.0,0.0
13250,86,26,0,0.0,0.0,0.0,0.0,0.0,0.0,0.0,0.0,0.0,0.0,0.0,0.0,0.0,0.0,0.0,0.0,0.0,0.0,0.0,0.0,0.0,0.0,0.0,0.0,0.0,0.0,0.0,0.0,0.0,0.0,0.0,0.0,0.0,0.0,0.0
13251,86,27,0,0.0,0.0,0.0,0.0,0.0,0.0,0.0,0.0,0.0,0.0,0.0,0.0,0.0,0.0,0.0,0.0,0.0,0.0,0.0,0.0,0.0,0.0,0.0,0.0,0.0,0.0,0.0,0.0,0.0,0.0,0.0,0.0,0.0,0.0,0.0
13252,86,28,0,0.0,0.0,0.0,0.0,0.0,0.0,0.0,0.0,0.0,0.0,0.0,0.0,0.0,0.0,0.0,0.0,0.0,0.0,0.0,0.0,0.0,0.0,0.0,0.0,0.0,0.0,0.0,0.0,0.0,0.0,0.0,0.0,0.0,0.0,0.0
13253,86,29,0,0.0,0.0,0.0,0.0,0.0,0.0,0.0,0.0,0.0,0.0,0.0,0.0,0.0,0.0,0.0,0.0,0.0,0.0,0.0,0.0,0.0,0.0,0.0,0.0,0.0,0.0,0.0,0.0,0.0,0.0,0.0,0.0,0.0,0.0,0.0
13254,86,30,0,0.0,0.0,0.0,0.0,0.0,0.0,0.0,0.0,0.0,0.0,0.0,0.0,0.0,0.0,0.0,0.0,0.0,0.0,0.0,0.0,0.0,0.0,0.0,0.0,0.0,0.0,0.0,0.0,0.0,0.0,0.0,0.0,0.0,0.0,0.0
13255,86,42,0,0.0,0.0,0.0,0.0,0.0,0.0,0.0,0.0,0.0,0.0,0.0,0.0,0.0,0.0,0.0,0.0,0.0,0.0,0.0,0.0,0.0,0.0,0.0,0.0,0.0,0.0,0.0,0.0,0.0,0.0,0.0,0.0,0.0,0.0,0.0
13256,86,44,0,0.0,0.0,0.0,0.0,0.0,0.0,0.0,0.0,0.0,0.0,0.0,0.0,0.0,0.0,0.0,0.0,0.0,0.0,0.0,0.0,0.0,0.0,0.0,0.0,0.0,0.0,0.0,0.0,0.0,0.0,0.0,0.0,0.0,0.0,0.0
13257,86,45,0,0.0,0.0,0.0,0.0,0.0,0.0,0.0,0.0,0.0,0.0,0.0,0.0,0.0,0.0,0.0,0.0,0.0,0.0,0.0,0.0,0.0,0.0,0.0,0.0,0.0,0.0,0.0,0.0,0.0,0.0,0.0,0.0,0.0,0.0,0.0
13258,86,46,0,0.0,0.0,0.0,0.0,0.0,0.0,0.0,0.0,0.0,0.0,0.0,0.0,0.0,0.0,0.0,0.0,0.0,0.0,0.0,0.0,0.0,0.0,0.0,0.0,0.0,0.0,0.0,0.0,0.0,0.0,0.0,0.0,0.0,0.0,0.0
13259,86,48,0,0.0,0.0,0.0,0.0,0.0,0.0,0.0,0.0,0.0,0.0,0.0,0.0,0.0,0.0,0.0,0.0,0.0,0.0,0.0,0.0,0.0,0.0,0.0,0.0,0.0,0.0,0.0,0.0,0.0,0.0,0.0,0.0,0.0,0.0,0.0
13260,86,49,0,0.0,0.0,0.0,0.0,0.0,0.0,0.0,0.0,0.0,0.0,0.0,0.0,0.0,0.0,0.0,0.0,0.0,0.0,0.0,0.0,0.0,0.0,0.0,0.0,0.0,0.0,0.0,0.0,0.0,0.0,0.0,0.0,0.0,0.0,0.0
13261,86,52,0,0.0,0.0,0.0,0.0,0.0,0.0,0.0,0.0,0.0,0.0,0.0,0.0,0.0,0.0,0.0,0.0,0.0,0.0,0.0,0.0,0.0,0.0,0.0,0.0,0.0,0.0,0.0,0.0,0.0,0.0,0.0,0.0,0.0,0.0,0.0
13262,86,57,0,0.0,0.0,0.0,0.0,0.0,0.0,0.0,0.0,0.0,0.0,0.0,0.0,0.0,0.0,0.0,0.0,0.0,0.0,0.0,0.0,0.0,0.0,0.0,0.0,0.0,0.0,0.0,0.0,0.0,0.0,0.0,0.0,0.0,0.0,0.0
13263,86,58,0,0.0,0.0,0.0,0.0,0.0,0.0,0.0,0.0,0.0,0.0,0.0,0.0,0.0,0.0,0.0,0.0,0.0,0.0,0.0,0.0,0.0,0.0,0.0,0.0,0.0,0.0,0.0,0.0,0.0,0.0,0.0,0.0,0.0,0.0,0.0
13264,86,59,0,0.0,0.0,0.0,0.0,0.0,0.0,0.0,0.0,0.0,0.0,0.0,0.0,0.0,0.0,0.0,0.0,0.0,0.0,0.0,0.0,0.0,0.0,0.0,0.0,0.0,0.0,0.0,0.0,0.0,0.0,0.0,0.0,0.0,0.0,0.0
13265,86,62,0,0.0,0.0,0.0,0.0,0.0,0.0,0.0,0.0,0.0,0.0,0.0,0.0,0.0,0.0,0.0,0.0,0.0,0.0,0.0,0.0,0.0,0.0,0.0,0.0,0.0,0.0,0.0,0.0,0.0,0.0,0.0,0.0,0.0,0.0,0.0
13266,86,64,0,0.0,0.0,0.0,0.0,0.0,0.0,0.0,0.0,0.0,0.0,0.0,0.0,0.0,0.0,0.0,0.0,0.0,0.0,0.0,0.0,0.0,0.0,0.0,0.0,0.0,0.0,0.0,0.0,0.0,0.0,0.0,0.0,0.0,0.0,0.0
13267,86,65,0,0.0,0.0,0.0,0.0,0.0,0.0,0.0,0.0,0.0,0.0,0.0,0.0,0.0,0.0,0.0,0.0,0.0,0.0,0.0,0.0,0.0,0.0,0.0,0.0,0.0,0.0,0.0,0.0,0.0,0.0,0.0,0.0,0.0,0.0,0.0
13268,86,66,0,0.0,0.0,0.0,0.0,0.0,0.0,0.0,0.0,0.0,0.0,0.0,0.0,0.0,0.0,0.0,0.0,0.0,0.0,0.0,0.0,0.0,0.0,0.0,0.0,0.0,0.0,0.0,0.0,0.0,0.0,0.0,0.0,0.0,0.0,0.0
13269,86,71,1288,1.0,39.34,16.56,37.54,16.78,37.81,43.01,7.29,0.62,48.25,18.7,25.0,87.13,39.34,16.57,37.35,1.17,33.0,10.23,40.0,0.15,41.5,19.09,50.0,2.58,39.96,17.58,39.39,1.01,44.3,9.71,38.46,0.0,0.0,419.0
13270,86,75,0,0.0,0.0,0.0,0.0,0.0,0.0,0.0,0.0,0.0,0.0,0.0,0.0,0.0,0.0,0.0,0.0,0.0,0.0,0.0,0.0,0.0,0.0,0.0,0.0,0.0,0.0,0.0,0.0,0.0,0.0,0.0,0.0,0.0,0.0,0.0
13271,86,76,0,0.0,0.0,0.0,0.0,0.0,0.0,0.0,0.0,0.0,0.0,0.0,0.0,0.0,0.0,0.0,0.0,0.0,0.0,0.0,0.0,0.0,0.0,0.0,0.0,0.0,0.0,0.0,0.0,0.0,0.0,0.0,0.0,0.0,0.0,0.0
13272,86,77,0,0.0,0.0,0.0,0.0,0.0,0.0,0.0,0.0,0.0,0.0,0.0,0.0,0.0,0.0,0.0,0.0,0.0,0.0,0.0,0.0,0.0,0.0,0.0,0.0,0.0,0.0,0.0,0.0,0.0,0.0,0.0,0.0,0.0,0.0,0.0
13273,86,79,0,0.0,0.0,0.0,0.0,0.0,0.0,0.0,0.0,0.0,0.0,0.0,0.0,0.0,0.0,0.0,0.0,0.0,0.0,0.0,0.0,0.0,0.0,0.0,0.0,0.0,0.0,0.0,0.0,0.0,0.0,0.0,0.0,0.0,0.0,0.0
13274,86,80,0,0.0,0.0,0.0,0.0,0.0,0.0,0.0,0.0,0.0,0.0,0.0,0.0,0.0,0.0,0.0,0.0,0.0,0.0,0.0,0.0,0.0,0.0,0.0,0.0,0.0,0.0,0.0,0.0,0.0,0.0,0.0,0.0,0.0,0.0,0.0
13275,86,81,0,0.0,0.0,0.0,0.0,0.0,0.0,0.0,0.0,0.0,0.0,0.0,0.0,0.0,0.0,0.0,0.0,0.0,0.0,0.0,0.0,0.0,0.0,0.0,0.0,0.0,0.0,0.0,0.0,0.0,0.0,0.0,0.0,0.0,0.0,0.0
13276,86,82,1291,0.3,40.97,18.88,39.48,15.94,36.4,33.33,6.29,0.31,24.5,17.63,50.0,88.65,40.87,18.99,36.54,0.38,44.2,7.79,60.0,0.23,41.66,10.78,0.0,2.33,45.16,21.17,40.0,1.78,46.86,22.22,30.43,0.0,0.0,566.0
13277,86,84,0,0.0,0.0,0.0,0.0,0.0,0.0,0.0,0.0,0.0,0.0,0.0,0.0,0.0,0.0,0.0,0.0,0.0,0.0,0.0,0.0,0.0,0.0,0.0,0.0,0.0,0.0,0.0,0.0,0.0,0.0,0.0,0.0,0.0,0.0,0.0
13278,86,85,0,0.0,0.0,0.0,0.0,0.0,0.0,0.0,0.0,0.0,0.0,0.0,0.0,0.0,0.0,0.0,0.0,0.0,0.0,0.0,0.0,0.0,0.0,0.0,0.0,0.0,0.0,0.0,0.0,0.0,0.0,0.0,0.0,0.0,0.0,0.0
13279,86,87,0,0.0,0.0,0.0,0.0,0.0,0.0,0.0,0.0,0.0,0.0,0.0,0.0,0.0,0.0,0.0,0.0,0.0,0.0,0.0,0.0,0.0,0.0,0.0,0.0,0.0,0.0,0.0,0.0,0.0,0.0,0.0,0.0,0.0,0.0,0.0
13280,86,88,0,0.0,0.0,0.0,0.0,0.0,0.0,0.0,0.0,0.0,0.0,0.0,0.0,0.0,0.0,0.0,0.0,0.0,0.0,0.0,0.0,0.0,0.0,0.0,0.0,0.0,0.0,0.0,0.0,0.0,0.0,0.0,0.0,0.0,0.0,0.0
13281,86,89,0,0.0,0.0,0.0,0.0,0.0,0.0,0.0,0.0,0.0,0.0,0.0,0.0,0.0,0.0,0.0,0.0,0.0,0.0,0.0,0.0,0.0,0.0,0.0,0.0,0.0,0.0,0.0,0.0,0.0,0.0,0.0,0.0,0.0,0.0,0.0
13282,86,91,0,0.0,0.0,0.0,0.0,0.0,0.0,0.0,0.0,0.0,0.0,0.0,0.0,0.0,0.0,0.0,0.0,0.0,0.0,0.0,0.0,0.0,0.0,0.0,0.0,0.0,0.0,0.0,0.0,0.0,0.0,0.0,0.0,0.0,0.0,0.0
13283,86,93,0,0.0,0.0,0.0,0.0,0.0,0.0,0.0,0.0,0.0,0.0,0.0,0.0,0.0,0.0,0.0,0.0,0.0,0.0,0.0,0.0,0.0,0.0,0.0,0.0,0.0,0.0,0.0,0.0,0.0,0.0,0.0,0.0,0.0,0.0,0.0
13284,86,94,0,0.0,0.0,0.0,0.0,0.0,0.0,0.0,0.0,0.0,0.0,0.0,0.0,0.0,0.0,0.0,0.0,0.0,0.0,0.0,0.0,0.0,0.0,0.0,0.0,0.0,0.0,0.0,0.0,0.0,0.0,0.0,0.0,0.0,0.0,0.0
13285,86,95,0,0.0,0.0,0.0,0.0,0.0,0.0,0.0,0.0,0.0,0.0,0.0,0.0,0.0,0.0,0.0,0.0,0.0,0.0,0.0,0.0,0.0,0.0,0.0,0.0,0.0,0.0,0.0,0.0,0.0,0.0,0.0,0.0,0.0,0.0,0.0
13286,86,100,0,0.0,0.0,0.0,0.0,0.0,0.0,0.0,0.0,0.0,0.0,0.0,0.0,0.0,0.0,0.0,0.0,0.0,0.0,0.0,0.0,0.0,0.0,0.0,0.0,0.0,0.0,0.0,0.0,0.0,0.0,0.0,0.0,0.0,0.0,0.0
13287,86,109,0,0.0,0.0,0.0,0.0,0.0,0.0,0.0,0.0,0.0,0.0,0.0,0.0,0.0,0.0,0.0,0.0,0.0,0.0,0.0,0.0,0.0,0.0,0.0,0.0,0.0,0.0,0.0,0.0,0.0,0.0,0.0,0.0,0.0,0.0,0.0
13288,86,110,0,0.0,0.0,0.0,0.0,0.0,0.0,0.0,0.0,0.0,0.0,0.0,0.0,0.0,0.0,0.0,0.0,0.0,0.0,0.0,0.0,0.0,0.0,0.0,0.0,0.0,0.0,0.0,0.0,0.0,0.0,0.0,0.0,0.0,0.0,0.0
13289,86,111,0,0.0,0.0,0.0,0.0,0.0,0.0,0.0,0.0,0.0,0.0,0.0,0.0,0.0,0.0,0.0,0.0,0.0,0.0,0.0,0.0,0.0,0.0,0.0,0.0,0.0,0.0,0.0,0.0,0.0,0.0,0.0,0.0,0.0,0.0,0.0
13290,86,113,0,0.0,0.0,0.0,0.0,0.0,0.0,0.0,0.0,0.0,0.0,0.0,0.0,0.0,0.0,0.0,0.0,0.0,0.0,0.0,0.0,0.0,0.0,0.0,0.0,0.0,0.0,0.0,0.0,0.0,0.0,0.0,0.0,0.0,0.0,0.0
13291,86,114,0,0.0,0.0,0.0,0.0,0.0,0.0,0.0,0.0,0.0,0.0,0.0,0.0,0.0,0.0,0.0,0.0,0.0,0.0,0.0,0.0,0.0,0.0,0.0,0.0,0.0,0.0,0.0,0.0,0.0,0.0,0.0,0.0,0.0,0.0,0.0
13292,86,121,0,0.0,0.0,0.0,0.0,0.0,0.0,0.0,0.0,0.0,0.0,0.0,0.0,0.0,0.0,0.0,0.0,0.0,0.0,0.0,0.0,0.0,0.0,0.0,0.0,0.0,0.0,0.0,0.0,0.0,0.0,0.0,0.0,0.0,0.0,0.0
13293,86,124,0,0.0,0.0,0.0,0.0,0.0,0.0,0.0,0.0,0.0,0.0,0.0,0.0,0.0,0.0,0.0,0.0,0.0,0.0,0.0,0.0,0.0,0.0,0.0,0.0,0.0,0.0,0.0,0.0,0.0,0.0,0.0,0.0,0.0,0.0,0.0
13294,86,125,0,0.0,0.0,0.0,0.0,0.0,0.0,0.0,0.0,0.0,0.0,0.0,0.0,0.0,0.0,0.0,0.0,0.0,0.0,0.0,0.0,0.0,0.0,0.0,0.0,0.0,0.0,0.0,0.0,0.0,0.0,0.0,0.0,0.0,0.0,0.0
13295,86,127,0,0.0,0.0,0.0,0.0,0.0,0.0,0.0,0.0,0.0,0.0,0.0,0.0,0.0,0.0,0.0,0.0,0.0,0.0,0.0,0.0,0.0,0.0,0.0,0.0,0.0,0.0,0.0,0.0,0.0,0.0,0.0,0.0,0.0,0.0,0.0
13296,86,128,0,0.0,0.0,0.0,0.0,0.0,0.0,0.0,0.0,0.0,0.0,0.0,0.0,0.0,0.0,0.0,0.0,0.0,0.0,0.0,0.0,0.0,0.0,0.0,0.0,0.0,0.0,0.0,0.0,0.0,0.0,0.0,0.0,0.0,0.0,0.0
13297,86,129,0,0.0,0.0,0.0,0.0,0.0,0.0,0.0,0.0,0.0,0.0,0.0,0.0,0.0,0.0,0.0,0.0,0.0,0.0,0.0,0.0,0.0,0.0,0.0,0.0,0.0,0.0,0.0,0.0,0.0,0.0,0.0,0.0,0.0,0.0,0.0
13298,86,130,0,0.0,0.0,0.0,0.0,0.0,0.0,0.0,0.0,0.0,0.0,0.0,0.0,0.0,0.0,0.0,0.0,0.0,0.0,0.0,0.0,0.0,0.0,0.0,0.0,0.0,0.0,0.0,0.0,0.0,0.0,0.0,0.0,0.0,0.0,0.0
13299,86,131,0,0.0,0.0,0.0,0.0,0.0,0.0,0.0,0.0,0.0,0.0,0.0,0.0,0.0,0.0,0.0,0.0,0.0,0.0,0.0,0.0,0.0,0.0,0.0,0.0,0.0,0.0,0.0,0.0,0.0,0.0,0.0,0.0,0.0,0.0,0.0
13300,86,138,0,0.0,0.0,0.0,0.0,0.0,0.0,0.0,0.0,0.0,0.0,0.0,0.0,0.0,0.0,0.0,0.0,0.0,0.0,0.0,0.0,0.0,0.0,0.0,0.0,0.0,0.0,0.0,0.0,0.0,0.0,0.0,0.0,0.0,0.0,0.0
13301,86,141,0,0.0,0.0,0.0,0.0,0.0,0.0,0.0,0.0,0.0,0.0,0.0,0.0,0.0,0.0,0.0,0.0,0.0,0.0,0.0,0.0,0.0,0.0,0.0,0.0,0.0,0.0,0.0,0.0,0.0,0.0,0.0,0.0,0.0,0.0,0.0
13302,86,142,0,0.0,0.0,0.0,0.0,0.0,0.0,0.0,0.0,0.0,0.0,0.0,0.0,0.0,0.0,0.0,0.0,0.0,0.0,0.0,0.0,0.0,0.0,0.0,0.0,0.0,0.0,0.0,0.0,0.0,0.0,0.0,0.0,0.0,0.0,0.0
13303,86,145,0,0.0,0.0,0.0,0.0,0.0,0.0,0.0,0.0,0.0,0.0,0.0,0.0,0.0,0.0,0.0,0.0,0.0,0.0,0.0,0.0,0.0,0.0,0.0,0.0,0.0,0.0,0.0,0.0,0.0,0.0,0.0,0.0,0.0,0.0,0.0
13304,86,146,0,0.0,0.0,0.0,0.0,0.0,0.0,0.0,0.0,0.0,0.0,0.0,0.0,0.0,0.0,0.0,0.0,0.0,0.0,0.0,0.0,0.0,0.0,0.0,0.0,0.0,0.0,0.0,0.0,0.0,0.0,0.0,0.0,0.0,0.0,0.0
13305,86,147,0,0.0,0.0,0.0,0.0,0.0,0.0,0.0,0.0,0.0,0.0,0.0,0.0,0.0,0.0,0.0,0.0,0.0,0.0,0.0,0.0,0.0,0.0,0.0,0.0,0.0,0.0,0.0,0.0,0.0,0.0,0.0,0.0,0.0,0.0,0.0
13306,86,148,0,0.0,0.0,0.0,0.0,0.0,0.0,0.0,0.0,0.0,0.0,0.0,0.0,0.0,0.0,0.0,0.0,0.0,0.0,0.0,0.0,0.0,0.0,0.0,0.0,0.0,0.0,0.0,0.0,0.0,0.0,0.0,0.0,0.0,0.0,0.0
13307,86,149,0,0.0,0.0,0.0,0.0,0.0,0.0,0.0,0.0,0.0,0.0,0.0,0.0,0.0,0.0,0.0,0.0,0.0,0.0,0.0,0.0,0.0,0.0,0.0,0.0,0.0,0.0,0.0,0.0,0.0,0.0,0.0,0.0,0.0,0.0,0.0
13308,86,150,0,0.0,0.0,0.0,0.0,0.0,0.0,0.0,0.0,0.0,0.0,0.0,0.0,0.0,0.0,0.0,0.0,0.0,0.0,0.0,0.0,0.0,0.0,0.0,0.0,0.0,0.0,0.0,0.0,0.0,0.0,0.0,0.0,0.0,0.0,0.0
13309,86,152,0,0.0,0.0,0.0,0.0,0.0,0.0,0.0,0.0,0.0,0.0,0.0,0.0,0.0,0.0,0.0,0.0,0.0,0.0,0.0,0.0,0.0,0.0,0.0,0.0,0.0,0.0,0.0,0.0,0.0,0.0,0.0,0.0,0.0,0.0,0.0
13310,86,153,0,0.0,0.0,0.0,0.0,0.0,0.0,0.0,0.0,0.0,0.0,0.0,0.0,0.0,0.0,0.0,0.0,0.0,0.0,0.0,0.0,0.0,0.0,0.0,0.0,0.0,0.0,0.0,0.0,0.0,0.0,0.0,0.0,0.0,0.0,0.0
13311,86,156,0,0.0,0.0,0.0,0.0,0.0,0.0,0.0,0.0,0.0,0.0,0.0,0.0,0.0,0.0,0.0,0.0,0.0,0.0,0.0,0.0,0.0,0.0,0.0,0.0,0.0,0.0,0.0,0.0,0.0,0.0,0.0,0.0,0.0,0.0,0.0
13312,86,157,0,0.0,0.0,0.0,0.0,0.0,0.0,0.0,0.0,0.0,0.0,0.0,0.0,0.0,0.0,0.0,0.0,0.0,0.0,0.0,0.0,0.0,0.0,0.0,0.0,0.0,0.0,0.0,0.0,0.0,0.0,0.0,0.0,0.0,0.0,0.0
13313,86,160,0,0.0,0.0,0.0,0.0,0.0,0.0,0.0,0.0,0.0,0.0,0.0,0.0,0.0,0.0,0.0,0.0,0.0,0.0,0.0,0.0,0.0,0.0,0.0,0.0,0.0,0.0,0.0,0.0,0.0,0.0,0.0,0.0,0.0,0.0,0.0
13314,86,161,0,0.0,0.0,0.0,0.0,0.0,0.0,0.0,0.0,0.0,0.0,0.0,0.0,0.0,0.0,0.0,0.0,0.0,0.0,0.0,0.0,0.0,0.0,0.0,0.0,0.0,0.0,0.0,0.0,0.0,0.0,0.0,0.0,0.0,0.0,0.0
13315,86,162,0,0.0,0.0,0.0,0.0,0.0,0.0,0.0,0.0,0.0,0.0,0.0,0.0,0.0,0.0,0.0,0.0,0.0,0.0,0.0,0.0,0.0,0.0,0.0,0.0,0.0,0.0,0.0,0.0,0.0,0.0,0.0,0.0,0.0,0.0,0.0
13316,86,165,837,1.19,42.23,19.52,46.6,20.23,36.79,26.08,2.78,1.81,49.8,23.43,20.0,91.65,41.61,19.34,38.39,0.6,39.79,15.56,20.0,0.12,48.0,0.0,0.0,1.08,39.22,24.44,22.22,1.93,54.68,13.47,25.0,0.0,0.0,423.0
13317,86,166,0,0.0,0.0,0.0,0.0,0.0,0.0,0.0,0.0,0.0,0.0,0.0,0.0,0.0,0.0,0.0,0.0,0.0,0.0,0.0,0.0,0.0,0.0,0.0,0.0,0.0,0.0,0.0,0.0,0.0,0.0,0.0,0.0,0.0,0.0,0.0
13318,86,167,0,0.0,0.0,0.0,0.0,0.0,0.0,0.0,0.0,0.0,0.0,0.0,0.0,0.0,0.0,0.0,0.0,0.0,0.0,0.0,0.0,0.0,0.0,0.0,0.0,0.0,0.0,0.0,0.0,0.0,0.0,0.0,0.0,0.0,0.0,0.0
13319,86,170,0,0.0,0.0,0.0,0.0,0.0,0.0,0.0,0.0,0.0,0.0,0.0,0.0,0.0,0.0,0.0,0.0,0.0,0.0,0.0,0.0,0.0,0.0,0.0,0.0,0.0,0.0,0.0,0.0,0.0,0.0,0.0,0.0,0.0,0.0,0.0
13320,86,171,0,0.0,0.0,0.0,0.0,0.0,0.0,0.0,0.0,0.0,0.0,0.0,0.0,0.0,0.0,0.0,0.0,0.0,0.0,0.0,0.0,0.0,0.0,0.0,0.0,0.0,0.0,0.0,0.0,0.0,0.0,0.0,0.0,0.0,0.0,0.0
13321,86,176,0,0.0,0.0,0.0,0.0,0.0,0.0,0.0,0.0,0.0,0.0,0.0,0.0,0.0,0.0,0.0,0.0,0.0,0.0,0.0,0.0,0.0,0.0,0.0,0.0,0.0,0.0,0.0,0.0,0.0,0.0,0.0,0.0,0.0,0.0,0.0
13322,86,177,0,0.0,0.0,0.0,0.0,0.0,0.0,0.0,0.0,0.0,0.0,0.0,0.0,0.0,0.0,0.0,0.0,0.0,0.0,0.0,0.0,0.0,0.0,0.0,0.0,0.0,0.0,0.0,0.0,0.0,0.0,0.0,0.0,0.0,0.0,0.0
13323,86,178,0,0.0,0.0,0.0,0.0,0.0,0.0,0.0,0.0,0.0,0.0,0.0,0.0,0.0,0.0,0.0,0.0,0.0,0.0,0.0,0.0,0.0,0.0,0.0,0.0,0.0,0.0,0.0,0.0,0.0,0.0,0.0,0.0,0.0,0.0,0.0
13324,86,182,0,0.0,0.0,0.0,0.0,0.0,0.0,0.0,0.0,0.0,0.0,0.0,0.0,0.0,0.0,0.0,0.0,0.0,0.0,0.0,0.0,0.0,0.0,0.0,0.0,0.0,0.0,0.0,0.0,0.0,0.0,0.0,0.0,0.0,0.0,0.0
13325,86,183,1181,0.0,40.47,18.84,36.92,18.76,41.82,52.38,3.55,0.5,53.33,17.5,66.66,91.95,40.35,18.67,41.16,0.5,28.66,21.1,50.0,0.0,0.0,0.0,0.0,2.03,47.41,22.28,45.83,1.43,46.76,20.54,41.17,0.0,0.0,363.0
13326,86,185,0,0.0,0.0,0.0,0.0,0.0,0.0,0.0,0.0,0.0,0.0,0.0,0.0,0.0,0.0,0.0,0.0,0.0,0.0,0.0,0.0,0.0,0.0,0.0,0.0,0.0,0.0,0.0,0.0,0.0,0.0,0.0,0.0,0.0,0.0,0.0
13327,86,186,0,0.0,0.0,0.0,0.0,0.0,0.0,0.0,0.0,0.0,0.0,0.0,0.0,0.0,0.0,0.0,0.0,0.0,0.0,0.0,0.0,0.0,0.0,0.0,0.0,0.0,0.0,0.0,0.0,0.0,0.0,0.0,0.0,0.0,0.0,0.0
13328,86,187,0,0.0,0.0,0.0,0.0,0.0,0.0,0.0,0.0,0.0,0.0,0.0,0.0,0.0,0.0,0.0,0.0,0.0,0.0,0.0,0.0,0.0,0.0,0.0,0.0,0.0,0.0,0.0,0.0,0.0,0.0,0.0,0.0,0.0,0.0,0.0
13329,86,192,0,0.0,0.0,0.0,0.0,0.0,0.0,0.0,0.0,0.0,0.0,0.0,0.0,0.0,0.0,0.0,0.0,0.0,0.0,0.0,0.0,0.0,0.0,0.0,0.0,0.0,0.0,0.0,0.0,0.0,0.0,0.0,0.0,0.0,0.0,0.0
13330,86,194,0,0.0,0.0,0.0,0.0,0.0,0.0,0.0,0.0,0.0,0.0,0.0,0.0,0.0,0.0,0.0,0.0,0.0,0.0,0.0,0.0,0.0,0.0,0.0,0.0,0.0,0.0,0.0,0.0,0.0,0.0,0.0,0.0,0.0,0.0,0.0
13331,86,195,0,0.0,0.0,0.0,0.0,0.0,0.0,0.0,0.0,0.0,0.0,0.0,0.0,0.0,0.0,0.0,0.0,0.0,0.0,0.0,0.0,0.0,0.0,0.0,0.0,0.0,0.0,0.0,0.0,0.0,0.0,0.0,0.0,0.0,0.0,0.0
13332,86,198,0,0.0,0.0,0.0,0.0,0.0,0.0,0.0,0.0,0.0,0.0,0.0,0.0,0.0,0.0,0.0,0.0,0.0,0.0,0.0,0.0,0.0,0.0,0.0,0.0,0.0,0.0,0.0,0.0,0.0,0.0,0.0,0.0,0.0,0.0,0.0
13333,86,199,0,0.0,0.0,0.0,0.0,0.0,0.0,0.0,0.0,0.0,0.0,0.0,0.0,0.0,0.0,0.0,0.0,0.0,0.0,0.0,0.0,0.0,0.0,0.0,0.0,0.0,0.0,0.0,0.0,0.0,0.0,0.0,0.0,0.0,0.0,0.0
13334,86,201,0,0.0,0.0,0.0,0.0,0.0,0.0,0.0,0.0,0.0,0.0,0.0,0.0,0.0,0.0,0.0,0.0,0.0,0.0,0.0,0.0,0.0,0.0,0.0,0.0,0.0,0.0,0.0,0.0,0.0,0.0,0.0,0.0,0.0,0.0,0.0
13335,86,207,0,0.0,0.0,0.0,0.0,0.0,0.0,0.0,0.0,0.0,0.0,0.0,0.0,0.0,0.0,0.0,0.0,0.0,0.0,0.0,0.0,0.0,0.0,0.0,0.0,0.0,0.0,0.0,0.0,0.0,0.0,0.0,0.0,0.0,0.0,0.0
13336,86,208,0,0.0,0.0,0.0,0.0,0.0,0.0,0.0,0.0,0.0,0.0,0.0,0.0,0.0,0.0,0.0,0.0,0.0,0.0,0.0,0.0,0.0,0.0,0.0,0.0,0.0,0.0,0.0,0.0,0.0,0.0,0.0,0.0,0.0,0.0,0.0
13337,86,209,1155,0.34,39.11,17.16,38.17,18.14,37.22,31.34,5.82,0.95,29.45,29.09,27.27,88.09,39.1,16.93,37.96,1.12,36.3,11.72,46.15,0.17,39.0,8.48,50.0,1.82,37.42,19.38,23.8,1.99,50.82,12.93,30.43,0.0,0.0,444.0
13338,86,211,0,0.0,0.0,0.0,0.0,0.0,0.0,0.0,0.0,0.0,0.0,0.0,0.0,0.0,0.0,0.0,0.0,0.0,0.0,0.0,0.0,0.0,0.0,0.0,0.0,0.0,0.0,0.0,0.0,0.0,0.0,0.0,0.0,0.0,0.0,0.0
13339,86,214,0,0.0,0.0,0.0,0.0,0.0,0.0,0.0,0.0,0.0,0.0,0.0,0.0,0.0,0.0,0.0,0.0,0.0,0.0,0.0,0.0,0.0,0.0,0.0,0.0,0.0,0.0,0.0,0.0,0.0,0.0,0.0,0.0,0.0,0.0,0.0
13340,86,215,0,0.0,0.0,0.0,0.0,0.0,0.0,0.0,0.0,0.0,0.0,0.0,0.0,0.0,0.0,0.0,0.0,0.0,0.0,0.0,0.0,0.0,0.0,0.0,0.0,0.0,0.0,0.0,0.0,0.0,0.0,0.0,0.0,0.0,0.0,0.0
13341,86,218,0,0.0,0.0,0.0,0.0,0.0,0.0,0.0,0.0,0.0,0.0,0.0,0.0,0.0,0.0,0.0,0.0,0.0,0.0,0.0,0.0,0.0,0.0,0.0,0.0,0.0,0.0,0.0,0.0,0.0,0.0,0.0,0.0,0.0,0.0,0.0
13342,86,220,0,0.0,0.0,0.0,0.0,0.0,0.0,0.0,0.0,0.0,0.0,0.0,0.0,0.0,0.0,0.0,0.0,0.0,0.0,0.0,0.0,0.0,0.0,0.0,0.0,0.0,0.0,0.0,0.0,0.0,0.0,0.0,0.0,0.0,0.0,0.0
13343,86,221,0,0.0,0.0,0.0,0.0,0.0,0.0,0.0,0.0,0.0,0.0,0.0,0.0,0.0,0.0,0.0,0.0,0.0,0.0,0.0,0.0,0.0,0.0,0.0,0.0,0.0,0.0,0.0,0.0,0.0,0.0,0.0,0.0,0.0,0.0,0.0
13344,86,225,890,1.57,39.94,17.59,47.6,17.87,46.17,40.0,1.71,1.71,47.46,28.68,66.66,88.69,39.35,17.18,46.2,1.25,40.36,11.68,63.63,0.68,35.33,23.35,0.0,3.88,37.2,17.75,41.17,2.05,50.0,16.05,50.0,0.0,0.0,350.0
13345,86,226,0,0.0,0.0,0.0,0.0,0.0,0.0,0.0,0.0,0.0,0.0,0.0,0.0,0.0,0.0,0.0,0.0,0.0,0.0,0.0,0.0,0.0,0.0,0.0,0.0,0.0,0.0,0.0,0.0,0.0,0.0,0.0,0.0,0.0,0.0,0.0
13346,86,228,0,0.0,0.0,0.0,0.0,0.0,0.0,0.0,0.0,0.0,0.0,0.0,0.0,0.0,0.0,0.0,0.0,0.0,0.0,0.0,0.0,0.0,0.0,0.0,0.0,0.0,0.0,0.0,0.0,0.0,0.0,0.0,0.0,0.0,0.0,0.0
13347,86,229,0,0.0,0.0,0.0,0.0,0.0,0.0,0.0,0.0,0.0,0.0,0.0,0.0,0.0,0.0,0.0,0.0,0.0,0.0,0.0,0.0,0.0,0.0,0.0,0.0,0.0,0.0,0.0,0.0,0.0,0.0,0.0,0.0,0.0,0.0,0.0
13348,86,231,0,0.0,0.0,0.0,0.0,0.0,0.0,0.0,0.0,0.0,0.0,0.0,0.0,0.0,0.0,0.0,0.0,0.0,0.0,0.0,0.0,0.0,0.0,0.0,0.0,0.0,0.0,0.0,0.0,0.0,0.0,0.0,0.0,0.0,0.0,0.0
13349,86,233,0,0.0,0.0,0.0,0.0,0.0,0.0,0.0,0.0,0.0,0.0,0.0,0.0,0.0,0.0,0.0,0.0,0.0,0.0,0.0,0.0,0.0,0.0,0.0,0.0,0.0,0.0,0.0,0.0,0.0,0.0,0.0,0.0,0.0,0.0,0.0
13350,87,1,1428,0.07,44.1,18.59,49.66,18.22,42.29,37.03,1.89,0.28,29.75,3.77,0.0,89.13,43.77,18.48,41.9,0.98,47.5,23.67,50.0,0.21,65.33,7.63,66.66,5.39,46.32,19.17,50.64,2.03,46.82,19.6,44.82,0.0,31.28,707.0
13351,87,6,925,0.32,41.95,18.46,46.19,21.59,42.91,50.0,2.81,0.43,52.0,11.19,0.0,92.08,41.76,18.26,42.04,0.75,35.71,13.76,71.42,0.1,45.0,0.0,0.0,2.38,44.45,18.62,59.09,1.4,37.38,26.61,53.84,0.0,48.83,375.0
13352,87,11,1154,0.43,44.09,19.03,50.78,22.78,44.36,66.66,2.87,0.43,34.0,22.96,60.0,91.29,43.99,18.92,43.18,0.95,34.09,13.86,72.72,0.08,37.0,0.0,0.0,3.22,46.29,16.08,45.94,1.13,35.38,22.47,46.15,0.0,24.57,572.0
13353,87,13,1042,0.19,41.81,18.2,40.15,18.69,44.91,52.0,2.4,0.19,23.5,2.12,0.0,93.75,41.61,18.18,45.12,1.05,48.45,14.04,27.27,0.0,0.0,0.0,0.0,1.73,44.11,16.82,44.44,0.86,52.33,20.44,33.33,0.0,25.57,437.0
13354,87,14,881,0.11,44.41,19.92,47.68,23.52,43.92,57.89,2.15,0.45,53.75,25.19,50.0,92.04,44.31,19.86,43.33,0.9,38.37,21.61,25.0,0.0,0.0,0.0,0.0,2.15,37.73,18.32,52.63,2.27,53.2,17.12,50.0,0.0,26.88,430.0
13355,87,15,1163,0.6,45.14,19.58,51.91,22.27,44.45,54.28,3.02,0.69,52.87,24.36,62.5,91.0,44.84,19.28,43.91,0.95,58.54,14.24,72.72,0.25,43.66,43.01,0.0,2.76,42.81,20.0,40.62,1.29,40.0,25.72,33.33,0.0,22.82,536.0
13356,87,17,1259,0.71,41.39,18.96,49.27,27.31,42.65,59.09,1.76,0.47,50.5,16.1,50.0,91.04,40.9,18.51,42.26,2.0,36.52,16.49,52.0,0.32,69.0,16.41,0.0,2.08,40.88,20.85,42.3,2.31,48.31,18.51,44.82,0.0,18.08,477.0
13357,87,18,1281,0.46,46.61,19.93,50.75,27.44,43.79,70.27,2.9,0.39,55.6,22.89,60.0,90.74,46.41,19.62,42.86,1.33,38.88,10.83,41.17,0.23,37.66,36.55,33.33,3.37,50.34,17.19,37.2,1.01,50.69,28.51,61.53,0.0,22.26,664.0
13358,87,19,1434,1.67,42.84,18.37,42.22,15.67,37.65,38.8,4.75,0.85,52.58,23.5,33.33,89.36,42.53,18.34,38.33,0.92,39.92,21.32,46.15,0.35,54.6,17.48,20.0,1.84,45.46,16.52,11.53,1.91,38.33,18.37,33.33,0.0,16.77,633.0
13359,87,21,1199,0.5,44.03,19.62,43.92,18.54,47.87,57.14,2.34,0.25,30.66,26.72,33.33,88.34,44.11,19.76,47.05,2.51,46.26,21.24,50.0,0.41,35.6,20.98,40.0,3.85,39.67,17.3,56.52,2.26,45.4,16.01,59.25,0.0,21.68,499.0
13360,87,22,1197,0.75,46.59,20.72,43.71,19.31,43.69,47.82,3.87,0.5,74.16,5.87,16.66,88.97,46.62,20.82,43.23,1.93,44.17,18.71,60.86,0.0,0.0,0.0,0.0,2.18,45.0,21.38,46.15,2.52,43.26,20.04,43.33,0.0,23.9,495.0
13361,87,23,1467,1.22,40.63,17.61,39.75,17.26,41.03,42.3,5.38,0.96,39.07,19.21,57.14,85.3,40.77,17.58,40.85,1.44,38.42,16.49,57.14,0.69,45.7,28.66,40.0,4.07,40.69,17.66,42.37,2.13,37.67,19.37,38.7,0.0,14.7,531.0
13362,87,24,1331,1.5,40.28,18.09,38.62,16.61,40.34,31.7,6.25,1.67,52.36,15.55,63.63,86.65,39.73,18.01,40.4,0.99,40.38,16.03,61.53,0.38,45.6,12.21,20.0,2.44,44.75,19.23,37.5,1.6,40.9,18.94,38.09,0.0,19.77,480.0
13363,87,27,1319,1.21,41.17,17.77,39.74,17.28,35.02,34.28,2.68,1.07,44.57,16.15,35.71,91.63,40.72,17.76,34.92,0.61,52.25,24.44,37.5,0.3,39.0,15.68,25.0,1.38,48.72,16.25,27.77,2.3,50.8,12.64,43.33,0.0,20.59,589.0
13364,87,31,1309,0.61,38.88,17.47,33.1,13.86,36.51,34.32,5.14,0.53,43.0,14.09,28.57,90.08,39.0,17.68,36.77,0.23,39.33,9.29,33.33,0.3,41.25,5.31,50.0,2.38,42.06,15.09,35.48,1.3,42.94,19.91,41.17,0.0,20.18,557.0
13365,87,36,1304,0.38,42.97,18.19,41.71,18.53,44.55,48.97,3.77,0.53,59.71,4.53,28.57,90.68,42.75,18.27,44.05,0.84,37.9,19.12,54.54,0.23,55.0,20.95,33.33,2.84,48.48,15.64,54.05,1.07,39.64,14.69,42.85,0.0,30.56,594.0
13366,87,37,1330,0.67,42.97,18.13,39.36,18.08,44.21,33.84,4.92,0.45,55.66,12.37,16.66,89.7,43.12,18.08,45.4,1.05,31.21,13.38,64.28,0.3,42.25,17.8,25.0,2.42,43.46,16.12,31.25,1.13,50.46,18.89,33.33,0.0,20.4,625.0
13367,87,38,1316,1.06,41.86,17.39,42.29,15.26,39.36,48.1,12.13,1.38,36.22,19.84,27.77,80.03,42.05,17.56,37.9,1.53,34.35,21.4,45.0,0.23,42.33,12.74,33.33,1.38,29.11,20.33,55.55,3.3,46.81,12.69,34.88,0.0,21.33,599.0
13368,87,42,1271,0.55,46.52,20.0,46.34,17.63,44.29,41.46,3.24,0.71,57.11,16.28,33.33,90.58,46.2,20.1,43.4,1.1,48.07,15.8,85.71,0.23,39.33,34.77,66.66,2.53,49.87,19.45,53.12,1.5,48.52,19.1,57.89,0.0,30.96,662.0
13369,87,44,1498,1.53,40.38,16.61,37.89,15.53,41.38,42.23,18.77,1.35,43.4,14.87,60.0,74.03,40.65,16.87,40.93,1.15,38.7,15.54,64.7,0.94,37.71,11.06,42.85,1.55,39.78,19.46,26.08,2.16,50.15,16.98,50.0,0.0,23.76,738.0
13370,87,45,941,1.91,42.36,17.87,40.15,17.63,45.27,44.91,18.09,1.84,52.58,12.6,52.94,74.86,42.11,17.83,45.15,0.75,41.71,16.43,71.42,0.21,40.5,4.94,100.0,1.51,43.64,20.04,50.0,2.7,51.64,15.58,36.0,0.0,25.96,461.0
13371,87,46,1357,0.58,39.06,16.94,38.55,15.9,39.86,33.08,10.08,1.77,46.29,15.18,45.83,83.61,38.85,17.05,40.24,0.74,37.7,18.08,70.0,0.37,34.0,21.52,40.0,1.48,37.95,18.48,35.0,1.92,46.11,17.36,46.15,0.0,18.93,636.0
13372,87,49,1284,0.15,45.65,20.97,34.07,14.22,44.0,29.62,2.1,0.54,33.14,25.4,14.28,89.62,45.89,20.86,43.34,1.01,58.3,14.65,53.84,0.15,40.0,11.31,0.0,4.99,45.15,22.77,64.06,1.56,43.35,25.11,45.0,0.0,23.11,496.0
13373,87,50,1306,0.3,43.69,19.54,37.3,16.6,42.41,60.86,1.76,0.23,44.66,5.13,33.33,90.32,43.67,19.65,40.47,0.99,51.76,20.9,46.15,0.38,44.8,6.34,0.0,4.76,45.82,19.93,70.96,1.53,39.79,18.05,55.0,0.0,20.7,571.0
13374,87,51,1347,1.11,44.24,18.07,41.76,18.53,39.42,35.0,4.5,0.6,52.37,25.2,75.0,88.21,43.85,17.88,38.97,0.97,49.23,21.65,53.84,0.6,55.75,14.15,0.0,3.15,46.47,15.91,50.0,1.95,51.84,19.45,38.46,0.0,19.72,757.0
13375,87,53,1356,0.29,42.35,18.49,40.39,18.5,40.48,43.9,3.03,0.51,36.42,20.29,42.85,89.05,42.32,18.3,39.36,0.44,41.33,23.91,50.0,0.14,38.5,7.77,0.0,4.36,41.08,21.93,59.32,2.21,48.9,19.13,46.66,0.0,25.2,690.0
13376,87,62,973,0.0,45.93,19.78,49.18,16.64,44.8,45.45,2.26,0.1,0.0,0.0,0.0,93.83,45.82,19.86,44.14,0.3,47.66,17.67,66.66,0.1,67.0,0.0,0.0,2.46,47.83,18.16,62.5,0.92,46.77,21.41,66.66,0.0,23.56,482.0
13377,87,63,926,0.1,44.96,19.45,39.89,20.43,42.98,44.73,4.1,0.43,46.25,9.21,50.0,86.27,45.05,19.15,41.35,1.18,37.45,18.26,54.54,0.0,0.0,0.0,0.0,4.43,47.58,23.05,63.41,3.56,47.39,21.84,48.48,0.0,26.74,433.0
13378,87,65,1404,0.14,42.98,19.56,46.37,24.68,44.65,51.42,2.49,0.85,46.75,15.76,50.0,89.37,42.89,19.48,43.17,1.42,33.04,16.24,50.0,0.14,61.5,16.26,50.0,2.71,41.6,20.83,76.31,2.99,45.19,16.19,50.0,0.0,20.09,618.0
13379,87,70,1280,0.23,45.11,18.48,44.0,17.21,45.85,48.38,2.42,0.31,65.0,32.56,75.0,86.76,45.3,18.5,42.87,0.7,49.44,14.07,44.44,0.0,0.0,0.0,0.0,7.98,43.88,18.55,74.5,1.8,36.6,15.22,60.86,0.0,30.35,675.0
13380,87,72,932,0.21,47.47,20.62,51.73,19.37,44.74,53.33,1.61,0.1,48.0,0.0,0.0,89.24,47.75,20.53,43.61,1.18,42.36,29.22,63.63,0.1,50.0,0.0,0.0,5.69,44.67,21.2,56.6,2.04,43.89,20.49,47.36,0.0,20.27,458.0
13381,87,73,1151,0.08,42.43,18.69,36.17,20.18,44.3,45.71,3.04,0.26,36.33,31.56,66.66,88.78,42.39,18.68,44.07,1.56,40.22,18.13,50.0,0.08,43.0,0.0,0.0,4.26,45.79,16.36,48.97,2.0,48.17,19.04,34.78,0.0,19.05,611.0
13382,87,74,1116,0.17,42.42,18.7,40.53,19.08,43.99,36.66,2.69,0.17,67.0,2.82,0.0,90.39,42.17,18.65,43.39,0.8,51.22,9.54,77.77,0.35,31.25,23.57,25.0,3.23,50.02,16.24,61.11,2.33,41.65,22.55,50.0,0.0,22.66,504.0
13383,87,75,920,0.65,45.46,20.53,49.8,14.73,43.58,52.38,2.29,0.21,59.0,29.69,50.0,91.79,45.18,20.65,43.26,1.53,53.35,17.95,57.14,0.1,0.0,0.0,0.0,2.51,46.17,18.03,56.52,1.53,45.14,24.51,28.57,0.0,25.2,441.0
13384,87,77,1061,0.28,44.79,19.18,40.75,20.62,45.52,48.64,3.49,0.18,35.5,3.53,50.0,89.88,45.06,19.21,44.47,0.56,48.5,10.65,83.33,0.09,0.0,0.0,0.0,4.63,43.38,19.11,61.22,1.13,44.08,15.8,41.66,0.0,21.11,468.0
13385,87,78,946,0.31,45.29,19.35,48.74,24.42,41.43,62.79,4.55,0.53,57.2,8.37,0.0,88.44,45.07,19.17,39.68,0.95,53.0,12.92,44.44,0.0,0.0,0.0,0.0,4.02,44.63,19.25,63.15,1.48,38.07,18.43,35.71,0.0,22.33,480.0
13386,87,79,922,0.32,46.76,19.93,52.71,26.72,45.01,61.53,4.24,0.21,59.5,0.7,0.0,89.55,46.48,19.69,43.49,1.52,49.64,16.44,42.85,0.0,0.0,0.0,0.0,2.72,44.88,20.74,68.0,1.74,42.56,14.85,50.0,0.0,20.31,491.0
13387,87,81,1004,0.59,44.57,19.05,40.39,19.32,43.02,52.17,2.3,0.2,49.5,19.09,0.0,91.98,44.87,18.95,41.83,1.2,46.08,11.82,66.66,0.1,56.0,0.0,100.0,3.4,39.08,18.01,61.76,0.8,51.5,23.66,37.5,0.0,22.65,484.0
13388,87,82,977,0.1,43.37,19.94,41.5,20.1,43.7,45.45,2.25,0.4,47.75,8.77,50.0,92.72,43.48,19.91,43.64,0.71,55.71,22.11,42.85,0.4,16.0,19.59,0.0,2.45,42.5,17.48,54.16,1.02,41.2,25.02,30.0,0.0,25.92,469.0
13389,87,85,1379,0.65,45.8,19.23,53.21,21.8,45.61,36.84,2.77,0.51,54.85,17.79,100.0,90.8,45.51,19.07,45.09,1.09,48.0,13.37,66.66,0.43,43.83,11.58,33.33,2.55,51.88,17.84,51.42,1.82,34.64,22.2,48.0,0.0,23.6,733.0
13390,87,91,1246,2.32,41.56,18.31,41.0,25.93,40.69,83.33,1.47,1.23,47.93,22.36,26.66,85.62,40.81,18.03,40.49,2.79,38.41,17.3,41.17,0.57,54.28,21.58,28.57,6.24,43.06,16.64,36.84,2.05,48.84,17.39,40.0,0.0,23.55,595.0
13391,87,92,1308,1.68,41.54,19.42,41.04,21.21,39.9,38.82,6.6,1.16,46.13,24.18,20.0,83.98,40.84,18.9,40.83,0.77,45.1,21.39,50.0,0.46,48.16,39.4,0.0,4.97,44.79,17.78,28.12,2.02,49.46,24.44,46.15,0.0,22.83,620.0
13392,87,99,1194,1.84,37.81,16.66,36.45,16.2,39.44,36.86,60.4,2.55,36.06,23.28,46.66,32.42,39.45,15.59,41.84,0.34,45.0,24.48,50.0,1.1,38.46,16.91,53.84,1.27,48.26,21.49,40.0,1.87,43.09,22.59,40.9,0.0,28.8,350.0
13393,87,unclear,1347,2.44,38.86,13.84,38.28,13.72,42.09,40.89,74.42,0.0,0.0,0.0,0.0,21.38,39.01,13.32,42.34,0.3,45.75,6.94,100.0,1.14,34.86,13.42,33.33,0.68,41.22,14.66,33.33,2.05,46.03,14.59,55.55,,,
13394,87,107,902,0.33,39.54,17.88,36.9,19.61,43.68,31.7,4.56,0.55,41.0,12.98,60.0,90.43,39.77,17.92,43.41,0.77,29.28,25.06,57.14,0.44,39.5,10.5,75.0,1.66,41.06,11.87,73.33,1.55,34.42,14.0,50.0,0.0,31.09,405.0
13395,87,108,956,0.41,39.7,19.21,37.48,18.86,42.36,39.02,4.3,0.21,45.5,10.6,100.0,89.81,39.9,19.3,42.57,1.05,41.7,20.54,70.0,0.0,0.0,0.0,0.0,1.47,42.64,19.78,14.28,3.15,35.1,18.02,36.66,0.0,29.65,407.0
13396,87,109,762,0.26,38.98,17.55,40.76,13.22,39.37,43.47,6.05,0.0,0.0,0.0,0.0,88.55,38.87,17.74,38.78,1.18,35.55,16.49,66.66,0.26,51.5,19.09,50.0,3.02,42.56,19.51,39.13,0.92,27.14,19.37,28.57,0.0,52.75,310.0
13397,87,111,1261,0.63,37.92,17.96,37.14,18.28,42.26,34.92,5.02,0.55,29.71,16.11,57.14,90.18,38.03,17.85,42.74,0.39,42.2,24.75,80.0,0.15,44.5,2.12,0.0,1.91,37.95,15.1,45.83,1.75,34.77,26.87,27.27,0.0,33.06,519.0
13398,87,114,1147,0.52,37.76,18.09,37.21,17.97,41.93,42.73,10.25,0.7,45.37,12.24,50.0,83.78,37.79,18.17,41.42,0.61,35.28,22.13,42.85,0.17,59.5,13.43,0.0,3.15,34.75,18.13,55.55,1.31,39.33,17.26,26.66,0.0,38.13,216.0
13399,87,unclear,1284,0.46,41.03,13.57,38.14,14.22,43.69,46.8,3.67,0.0,0.0,0.0,0.0,92.41,40.99,13.5,43.26,0.31,36.5,14.61,25.0,0.39,38.6,12.7,40.0,1.17,49.66,12.33,73.33,2.03,44.15,15.14,38.46,,,
13400,87,117,831,0.12,41.95,17.93,39.9,21.52,42.35,45.45,2.65,0.48,47.75,18.98,75.0,92.04,41.93,17.65,42.01,0.48,45.5,15.69,75.0,0.24,39.5,0.7,0.0,2.04,35.47,21.24,47.05,2.04,48.47,22.41,35.29,0.0,33.52,392.0
13401,87,118,1031,0.29,40.89,18.93,32.97,15.94,39.76,26.66,4.37,0.58,58.83,12.17,16.66,89.98,40.8,18.8,40.86,0.58,31.83,9.32,33.33,0.19,47.0,16.97,50.0,2.43,48.16,20.51,36.0,1.84,50.36,24.16,31.57,0.0,28.3,398.0
13402,87,121,1173,0.17,42.54,17.92,41.2,16.85,38.78,39.72,6.23,0.68,37.75,23.35,25.0,87.27,42.4,18.06,37.27,0.51,46.5,10.52,66.66,0.42,41.6,11.14,40.0,3.67,46.9,15.51,74.41,1.19,46.21,21.95,21.42,0.0,25.19,422.0
13403,87,123,984,0.6,40.11,16.84,41.05,15.86,39.83,39.08,8.89,0.4,48.0,33.1,75.0,86.5,39.75,16.83,39.12,1.22,46.5,15.46,58.33,0.2,45.0,2.82,50.0,0.81,49.37,14.83,37.5,1.94,40.94,19.88,52.63,0.0,25.73,385.0
13404,87,125,962,0.51,40.41,18.84,40.09,18.65,40.02,37.83,11.59,0.52,47.4,12.97,60.0,83.9,40.2,18.8,39.85,0.83,40.87,19.57,50.0,0.1,34.0,0.0,0.0,1.98,46.73,18.98,52.63,1.04,39.0,26.9,40.0,0.0,29.83,404.0
13405,87,127,963,0.31,41.73,18.16,41.97,17.03,43.3,38.02,7.39,0.72,29.28,17.47,28.57,86.35,41.87,18.22,43.54,0.72,40.28,16.25,85.71,0.31,29.66,25.73,100.0,3.75,41.83,18.68,41.66,0.72,46.71,16.98,28.57,0.0,28.82,378.0
13406,87,128,778,0.12,39.27,16.46,37.07,15.73,38.94,35.11,21.62,1.41,34.18,26.63,45.45,73.48,39.7,16.34,39.4,0.64,51.4,13.59,20.0,0.12,45.0,0.0,100.0,1.28,38.4,18.79,50.0,1.41,50.45,16.16,54.54,0.0,36.48,329.0
13407,87,129,978,1.02,42.58,16.75,41.09,17.07,42.43,36.64,13.53,1.13,51.18,9.27,72.72,80.78,42.72,16.89,41.94,0.41,29.0,19.76,100.0,0.61,42.16,14.06,33.33,2.68,42.69,13.22,53.84,0.82,47.62,15.29,75.0,0.0,39.14,479.0
13408,87,unclear,1299,1.0,40.18,13.04,38.61,11.92,43.26,45.65,10.73,0.0,0.0,0.0,0.0,84.83,40.27,12.98,42.43,0.54,36.42,15.5,14.28,0.07,20.0,0.0,100.0,0.69,40.22,16.35,44.44,3.11,44.12,16.49,57.5,,,
13409,87,unclear,920,1.08,45.01,14.76,43.03,13.04,48.58,58.06,3.4,0.0,0.0,0.0,0.0,90.0,45.13,14.86,47.25,0.43,37.75,6.18,75.0,0.1,52.0,0.0,0.0,2.41,40.86,11.87,63.63,3.62,46.12,16.75,54.54,,,
13410,87,139,1129,0.0,41.28,17.98,43.71,20.9,45.43,43.58,3.45,0.53,41.5,22.08,50.0,89.63,41.46,17.79,44.96,1.59,38.5,17.11,50.0,0.35,38.0,9.83,50.0,1.68,32.26,18.11,57.89,2.74,39.74,20.57,51.61,0.0,46.41,236.0
13411,87,142,1012,0.09,42.61,18.81,43.36,16.86,43.67,50.0,3.56,0.59,45.66,29.24,66.66,87.93,42.64,18.51,42.4,0.98,39.6,19.19,50.0,0.29,38.0,40.14,0.0,4.15,43.92,20.92,59.52,2.47,38.72,24.04,48.0,0.0,41.5,314.0
13412,87,143,747,0.66,42.3,18.15,41.55,15.04,40.42,38.29,6.33,0.94,55.85,12.14,71.42,87.73,42.23,18.54,40.09,1.07,42.37,8.78,62.5,0.26,48.0,16.97,50.0,2.29,39.11,14.22,35.29,1.34,49.4,17.34,20.0,0.0,50.72,368.0
13413,87,145,1037,0.09,38.3,16.86,40.0,17.69,40.88,33.76,7.43,1.44,35.26,14.81,40.0,86.87,38.06,16.78,41.0,0.96,50.5,15.23,40.0,0.09,27.0,0.0,0.0,2.12,38.95,18.3,54.54,1.06,39.54,18.43,54.54,0.0,39.98,451.0
13414,87,148,1376,0.43,40.18,17.66,38.38,16.29,41.06,38.21,8.97,1.09,44.8,18.89,53.33,85.98,40.22,17.74,40.74,0.51,41.42,21.92,71.42,0.36,42.2,30.97,40.0,1.45,38.2,15.31,55.0,1.6,44.4,16.29,45.45,0.0,23.72,507.0
13415,87,149,1042,1.82,44.8,18.6,48.55,17.46,41.07,35.0,1.95,1.36,51.0,22.19,50.0,89.34,43.95,18.38,40.7,1.95,47.4,16.96,40.0,0.29,56.0,15.71,33.33,2.34,51.37,21.29,37.5,2.73,53.71,19.48,53.57,0.0,39.9,578.0
13416,87,153,758,1.71,36.89,15.29,34.06,11.27,42.48,63.33,4.02,0.8,34.0,8.24,0.0,86.97,37.16,15.66,41.35,1.61,31.41,11.98,75.0,0.13,44.0,0.0,0.0,4.83,32.8,15.29,38.88,1.61,43.25,12.01,58.33,0.0,30.26,383.0
13417,87,155,1048,1.04,38.33,15.99,35.44,13.49,33.2,26.78,5.4,0.77,40.5,18.9,25.0,88.91,38.37,15.98,33.51,1.35,37.57,10.73,50.0,0.57,24.83,20.71,16.66,2.21,40.52,15.6,21.73,0.77,52.37,16.65,12.5,0.0,27.37,431.0
13418,87,156,725,1.1,42.63,18.45,41.06,17.91,33.65,40.0,4.18,0.41,55.33,10.69,33.33,89.26,42.33,18.32,33.9,0.55,56.0,26.53,50.0,0.55,41.5,7.37,25.0,3.76,43.66,23.93,29.62,1.25,51.55,14.7,22.22,0.0,54.8,377.0
13419,87,160,1227,0.65,36.94,15.79,33.1,11.58,36.34,33.33,3.19,1.06,42.07,21.18,23.07,89.41,36.71,15.8,36.23,2.13,43.53,17.43,57.69,0.65,39.87,12.18,12.5,1.8,38.81,17.01,36.36,1.72,40.09,16.85,33.33,0.0,25.36,461.0
13420,87,161,1262,1.1,42.28,19.78,40.72,18.53,40.57,34.21,6.08,0.96,41.41,14.77,58.33,85.25,41.59,19.8,40.03,1.6,47.3,22.05,45.0,0.08,53.0,0.0,0.0,3.92,49.2,19.82,40.81,2.08,52.5,19.57,61.53,0.0,32.54,564.0
13421,87,164,790,0.63,38.07,17.05,38.47,17.18,38.22,26.15,8.28,0.63,28.8,3.89,40.0,87.51,38.1,17.13,40.32,0.12,32.0,0.0,100.0,0.25,29.0,5.65,0.0,1.4,41.18,17.73,27.27,1.78,37.78,15.66,14.28,0.0,57.04,213.0
13422,87,168,1042,0.09,37.08,16.06,36.13,18.76,39.44,35.63,8.35,0.67,45.85,18.12,42.85,86.93,37.12,15.78,39.77,0.86,32.22,6.22,77.77,0.38,50.0,14.76,25.0,0.96,29.8,12.32,40.0,1.82,39.42,18.9,21.05,0.0,42.99,274.0
13423,87,169,668,0.29,43.1,17.26,37.52,19.4,39.22,42.85,3.15,0.75,49.0,12.58,20.0,92.94,43.26,17.14,39.9,0.3,33.5,14.84,50.0,0.45,44.0,20.07,33.33,0.9,40.0,25.24,33.33,1.5,44.1,18.9,10.0,0.0,46.3,377.0
13424,87,unclear,1110,0.45,36.29,11.18,37.7,11.48,41.98,41.33,6.78,0.0,0.0,0.0,0.0,90.67,36.12,11.11,41.71,0.27,39.33,10.06,33.33,0.09,40.0,0.0,0.0,0.45,37.2,15.49,100.0,1.71,38.78,12.7,42.1,,,
13425,87,unclear,1048,0.95,40.15,10.38,40.48,8.71,43.12,30.61,4.72,0.0,0.0,0.0,0.0,92.19,40.12,10.52,43.88,0.19,38.5,9.19,50.0,0.09,41.0,0.0,0.0,0.86,42.66,7.77,55.55,1.92,38.54,10.29,40.0,,,
13426,87,183,328,0.3,37.31,16.64,37.03,15.78,38.41,29.55,48.62,1.22,36.5,14.47,75.0,46.48,37.11,17.77,47.36,1.22,39.0,13.21,50.0,0.61,64.5,21.92,50.0,1.22,39.75,4.99,0.0,0.61,43.0,15.55,0.0,0.0,73.73,95.0
13427,87,185,1109,0.18,42.63,17.37,37.95,16.35,40.12,37.12,18.24,0.63,57.57,20.27,28.57,77.68,43.42,17.44,41.27,0.45,51.8,13.33,40.0,0.18,39.5,4.94,50.0,1.17,46.3,18.43,46.15,1.62,47.77,15.53,22.22,0.0,22.55,479.0
13428,87,186,1095,0.18,39.45,16.24,39.72,11.92,40.73,31.03,5.3,0.54,54.83,21.34,16.66,88.65,39.22,16.26,41.58,1.55,42.05,18.05,47.05,0.18,22.5,31.81,0.0,1.55,43.82,15.47,47.05,2.19,40.87,20.33,33.33,0.0,32.02,467.0
13429,87,189,1225,0.65,48.42,20.85,47.79,21.7,42.93,39.65,4.76,1.06,55.69,24.53,30.76,86.93,48.37,20.84,42.72,1.8,47.81,17.37,54.54,0.0,0.0,0.0,0.0,2.46,45.83,22.19,53.33,2.95,48.94,20.36,41.66,0.0,29.31,525.0
13430,87,191,963,0.51,40.57,17.42,44.17,14.52,38.52,36.95,4.8,0.62,42.33,18.25,66.66,90.29,40.24,17.44,39.07,0.83,41.37,17.64,37.5,0.2,37.0,52.32,0.0,0.83,47.62,21.68,37.5,2.4,38.34,14.46,17.39,0.0,50.46,205.0
13431,87,192,1207,0.24,41.42,17.37,42.03,18.41,41.75,43.39,4.4,0.49,48.0,17.38,50.0,91.36,41.28,17.47,42.09,0.58,43.0,10.7,28.57,0.08,35.0,0.0,100.0,1.32,38.5,13.48,25.0,1.74,46.14,14.84,38.09,0.0,41.99,334.0
13432,87,unclear,840,0.47,43.2,14.37,43.0,15.15,48.45,58.97,4.66,0.0,0.0,0.0,0.0,85.52,42.86,14.22,47.41,1.31,46.63,20.14,72.72,0.11,52.0,0.0,100.0,1.55,39.23,14.9,46.15,6.81,47.68,14.45,49.12,,,
13433,87,unclear,1002,0.79,41.27,15.01,40.38,13.97,45.5,52.11,7.14,0.0,0.0,0.0,0.0,85.31,41.15,14.96,44.33,2.21,42.5,16.45,50.0,0.3,38.0,6.08,0.0,1.0,38.2,14.0,70.0,4.02,44.55,17.04,47.5,,,
13434,87,208,1085,2.3,40.71,18.16,45.03,19.59,38.24,45.45,3.11,1.13,55.41,24.13,75.0,84.24,39.51,17.56,36.95,1.88,43.7,16.28,50.0,0.37,65.0,19.89,50.0,6.6,44.0,19.02,34.28,2.64,44.85,19.74,53.57,0.0,27.52,566.0
13435,87,unclear,1391,1.86,42.39,12.22,40.76,11.71,36.87,35.33,10.98,0.0,0.0,0.0,0.0,84.46,42.39,12.29,37.64,1.02,44.64,12.41,28.57,0.43,47.0,13.29,16.66,1.09,44.06,13.16,26.66,1.97,48.25,11.52,18.51,,,
13436,87,214,963,0.62,40.28,16.31,40.63,18.69,34.06,34.93,8.67,1.56,47.46,18.4,40.0,86.41,40.02,16.08,33.85,0.73,32.28,25.27,28.57,0.52,46.0,6.96,40.0,0.73,40.42,9.08,14.28,1.35,48.53,12.36,30.76,0.0,44.07,495.0
13437,87,216,1046,0.38,38.64,16.96,38.39,20.36,37.18,45.23,8.06,0.76,41.75,8.15,37.5,87.9,38.64,16.43,36.68,0.57,28.0,22.23,50.0,0.28,23.0,21.28,0.0,0.67,44.57,24.91,14.28,1.72,41.77,23.76,38.88,0.0,28.84,468.0
13438,87,217,831,0.0,42.77,17.16,43.76,22.93,40.67,52.94,2.04,0.36,29.0,3.6,66.66,90.61,42.72,17.01,38.37,0.6,40.0,21.31,100.0,0.12,20.0,0.0,100.0,5.41,45.15,17.4,64.44,0.84,41.57,16.79,42.85,0.0,46.79,403.0
13439,87,219,886,0.56,38.02,17.44,38.19,18.06,43.11,52.17,5.22,0.22,51.0,19.79,50.0,88.19,37.71,17.59,42.21,2.38,39.09,12.8,57.14,0.45,30.25,5.25,0.0,2.27,42.1,13.28,55.0,1.24,54.63,12.38,27.27,0.0,41.67,313.0
13440,87,unclear,1220,0.73,44.87,15.73,43.81,15.44,47.37,56.81,3.63,0.0,0.0,0.0,0.0,90.25,44.73,15.59,45.92,1.65,46.15,15.1,45.0,0.08,29.0,0.0,0.0,1.98,48.41,19.64,83.33,2.39,47.86,18.28,48.27,,,
13441,87,unclear,833,0.24,45.46,13.74,45.37,11.36,49.45,62.96,3.24,0.12,39.0,0.0,100.0,89.16,45.41,13.79,48.58,1.68,47.92,14.03,64.28,0.0,0.0,0.0,0.0,0.96,43.87,14.09,75.0,4.81,46.52,14.75,42.5,,,
13442,87,226,1028,0.38,41.89,19.55,35.0,23.77,44.84,27.27,1.07,0.58,42.83,22.26,33.33,91.5,41.92,19.34,44.39,1.36,43.64,17.96,64.28,0.19,34.5,20.5,50.0,2.63,39.14,20.24,59.25,2.63,46.88,23.7,40.74,0.0,29.68,382.0
13443,87,228,1166,0.51,43.22,19.61,42.12,17.11,44.59,32.25,2.67,1.03,39.0,23.29,66.66,87.93,43.25,19.66,44.11,1.81,45.09,17.47,42.85,0.25,47.33,25.02,33.33,2.24,39.34,18.55,65.38,4.05,44.42,21.49,48.93,0.0,27.53,404.0
13444,87,unclear,1079,0.55,47.21,14.39,42.62,11.16,48.19,56.25,2.98,0.0,0.0,0.0,0.0,89.28,47.23,14.45,48.32,2.05,46.63,15.98,63.63,0.37,39.75,13.22,25.0,0.74,56.12,11.81,75.0,4.56,48.34,14.22,32.65,,,
13445,87,233,746,0.4,46.8,20.91,42.1,17.13,44.36,50.0,2.69,0.26,35.0,49.49,50.0,91.92,46.69,20.99,43.33,2.28,40.05,17.64,52.94,0.0,0.0,0.0,0.0,1.48,57.72,18.44,72.72,1.21,59.22,17.44,66.66,0.0,51.55,264.0
13446,87,234,1194,0.08,44.18,20.1,42.5,20.84,45.81,47.22,3.01,0.5,44.16,18.35,66.66,90.86,44.35,20.04,45.66,1.42,33.82,17.74,52.94,0.16,20.0,28.28,50.0,1.76,42.33,20.49,42.85,2.26,48.48,20.84,40.74,0.0,34.28,516.0
13447,87,235,1196,0.33,46.02,20.01,39.64,20.09,41.8,41.93,2.6,0.75,53.22,17.61,44.44,89.17,46.31,19.91,40.82,1.92,45.78,19.47,56.52,0.08,0.0,0.0,0.0,2.26,37.33,22.38,59.25,3.18,46.92,19.13,42.1,0.0,40.49,435.0
13448,87,238,1200,1.08,42.97,17.12,43.57,17.54,41.25,48.48,2.78,0.84,45.2,20.48,0.0,88.03,42.87,17.14,41.05,1.51,37.94,15.0,61.11,0.42,54.4,22.5,40.0,4.21,43.96,15.06,48.0,2.19,43.73,19.6,26.92,0.0,29.86,666.0
13449,87,240,686,0.14,36.43,15.52,31.44,16.04,36.0,40.74,3.94,0.14,29.0,0.0,0.0,90.65,36.63,15.22,37.03,1.16,27.87,18.98,0.0,0.0,0.0,0.0,0.0,2.91,35.5,15.61,10.0,1.16,48.37,26.68,50.0,0.0,56.69,260.0
13450,87,2,0,0.0,0.0,0.0,0.0,0.0,0.0,0.0,0.0,0.0,0.0,0.0,0.0,0.0,0.0,0.0,0.0,0.0,0.0,0.0,0.0,0.0,0.0,0.0,0.0,0.0,0.0,0.0,0.0,0.0,0.0,0.0,0.0,0.0,0.0,0.0
13451,87,3,0,0.0,0.0,0.0,0.0,0.0,0.0,0.0,0.0,0.0,0.0,0.0,0.0,0.0,0.0,0.0,0.0,0.0,0.0,0.0,0.0,0.0,0.0,0.0,0.0,0.0,0.0,0.0,0.0,0.0,0.0,0.0,0.0,0.0,0.0,0.0
13452,87,4,0,0.0,0.0,0.0,0.0,0.0,0.0,0.0,0.0,0.0,0.0,0.0,0.0,0.0,0.0,0.0,0.0,0.0,0.0,0.0,0.0,0.0,0.0,0.0,0.0,0.0,0.0,0.0,0.0,0.0,0.0,0.0,0.0,0.0,0.0,0.0
13453,87,5,0,0.0,0.0,0.0,0.0,0.0,0.0,0.0,0.0,0.0,0.0,0.0,0.0,0.0,0.0,0.0,0.0,0.0,0.0,0.0,0.0,0.0,0.0,0.0,0.0,0.0,0.0,0.0,0.0,0.0,0.0,0.0,0.0,0.0,0.0,0.0
13454,87,7,0,0.0,0.0,0.0,0.0,0.0,0.0,0.0,0.0,0.0,0.0,0.0,0.0,0.0,0.0,0.0,0.0,0.0,0.0,0.0,0.0,0.0,0.0,0.0,0.0,0.0,0.0,0.0,0.0,0.0,0.0,0.0,0.0,0.0,0.0,0.0
13455,87,8,0,0.0,0.0,0.0,0.0,0.0,0.0,0.0,0.0,0.0,0.0,0.0,0.0,0.0,0.0,0.0,0.0,0.0,0.0,0.0,0.0,0.0,0.0,0.0,0.0,0.0,0.0,0.0,0.0,0.0,0.0,0.0,0.0,0.0,0.0,0.0
13456,87,9,0,0.0,0.0,0.0,0.0,0.0,0.0,0.0,0.0,0.0,0.0,0.0,0.0,0.0,0.0,0.0,0.0,0.0,0.0,0.0,0.0,0.0,0.0,0.0,0.0,0.0,0.0,0.0,0.0,0.0,0.0,0.0,0.0,0.0,0.0,0.0
13457,87,10,0,0.0,0.0,0.0,0.0,0.0,0.0,0.0,0.0,0.0,0.0,0.0,0.0,0.0,0.0,0.0,0.0,0.0,0.0,0.0,0.0,0.0,0.0,0.0,0.0,0.0,0.0,0.0,0.0,0.0,0.0,0.0,0.0,0.0,0.0,0.0
13458,87,12,0,0.0,0.0,0.0,0.0,0.0,0.0,0.0,0.0,0.0,0.0,0.0,0.0,0.0,0.0,0.0,0.0,0.0,0.0,0.0,0.0,0.0,0.0,0.0,0.0,0.0,0.0,0.0,0.0,0.0,0.0,0.0,0.0,0.0,0.0,0.0
13459,87,16,0,0.0,0.0,0.0,0.0,0.0,0.0,0.0,0.0,0.0,0.0,0.0,0.0,0.0,0.0,0.0,0.0,0.0,0.0,0.0,0.0,0.0,0.0,0.0,0.0,0.0,0.0,0.0,0.0,0.0,0.0,0.0,0.0,0.0,0.0,0.0
13460,87,20,0,0.0,0.0,0.0,0.0,0.0,0.0,0.0,0.0,0.0,0.0,0.0,0.0,0.0,0.0,0.0,0.0,0.0,0.0,0.0,0.0,0.0,0.0,0.0,0.0,0.0,0.0,0.0,0.0,0.0,0.0,0.0,0.0,0.0,0.0,0.0
13461,87,25,0,0.0,0.0,0.0,0.0,0.0,0.0,0.0,0.0,0.0,0.0,0.0,0.0,0.0,0.0,0.0,0.0,0.0,0.0,0.0,0.0,0.0,0.0,0.0,0.0,0.0,0.0,0.0,0.0,0.0,0.0,0.0,0.0,0.0,0.0,0.0
13462,87,26,0,0.0,0.0,0.0,0.0,0.0,0.0,0.0,0.0,0.0,0.0,0.0,0.0,0.0,0.0,0.0,0.0,0.0,0.0,0.0,0.0,0.0,0.0,0.0,0.0,0.0,0.0,0.0,0.0,0.0,0.0,0.0,0.0,0.0,0.0,0.0
13463,87,28,0,0.0,0.0,0.0,0.0,0.0,0.0,0.0,0.0,0.0,0.0,0.0,0.0,0.0,0.0,0.0,0.0,0.0,0.0,0.0,0.0,0.0,0.0,0.0,0.0,0.0,0.0,0.0,0.0,0.0,0.0,0.0,0.0,0.0,0.0,0.0
13464,87,29,0,0.0,0.0,0.0,0.0,0.0,0.0,0.0,0.0,0.0,0.0,0.0,0.0,0.0,0.0,0.0,0.0,0.0,0.0,0.0,0.0,0.0,0.0,0.0,0.0,0.0,0.0,0.0,0.0,0.0,0.0,0.0,0.0,0.0,0.0,0.0
13465,87,30,0,0.0,0.0,0.0,0.0,0.0,0.0,0.0,0.0,0.0,0.0,0.0,0.0,0.0,0.0,0.0,0.0,0.0,0.0,0.0,0.0,0.0,0.0,0.0,0.0,0.0,0.0,0.0,0.0,0.0,0.0,0.0,0.0,0.0,0.0,0.0
13466,87,32,0,0.0,0.0,0.0,0.0,0.0,0.0,0.0,0.0,0.0,0.0,0.0,0.0,0.0,0.0,0.0,0.0,0.0,0.0,0.0,0.0,0.0,0.0,0.0,0.0,0.0,0.0,0.0,0.0,0.0,0.0,0.0,0.0,0.0,0.0,0.0
13467,87,33,0,0.0,0.0,0.0,0.0,0.0,0.0,0.0,0.0,0.0,0.0,0.0,0.0,0.0,0.0,0.0,0.0,0.0,0.0,0.0,0.0,0.0,0.0,0.0,0.0,0.0,0.0,0.0,0.0,0.0,0.0,0.0,0.0,0.0,0.0,0.0
13468,87,34,0,0.0,0.0,0.0,0.0,0.0,0.0,0.0,0.0,0.0,0.0,0.0,0.0,0.0,0.0,0.0,0.0,0.0,0.0,0.0,0.0,0.0,0.0,0.0,0.0,0.0,0.0,0.0,0.0,0.0,0.0,0.0,0.0,0.0,0.0,0.0
13469,87,35,0,0.0,0.0,0.0,0.0,0.0,0.0,0.0,0.0,0.0,0.0,0.0,0.0,0.0,0.0,0.0,0.0,0.0,0.0,0.0,0.0,0.0,0.0,0.0,0.0,0.0,0.0,0.0,0.0,0.0,0.0,0.0,0.0,0.0,0.0,0.0
13470,87,39,0,0.0,0.0,0.0,0.0,0.0,0.0,0.0,0.0,0.0,0.0,0.0,0.0,0.0,0.0,0.0,0.0,0.0,0.0,0.0,0.0,0.0,0.0,0.0,0.0,0.0,0.0,0.0,0.0,0.0,0.0,0.0,0.0,0.0,0.0,0.0
13471,87,40,0,0.0,0.0,0.0,0.0,0.0,0.0,0.0,0.0,0.0,0.0,0.0,0.0,0.0,0.0,0.0,0.0,0.0,0.0,0.0,0.0,0.0,0.0,0.0,0.0,0.0,0.0,0.0,0.0,0.0,0.0,0.0,0.0,0.0,0.0,0.0
13472,87,41,1177,1.52,39.65,16.61,39.78,16.94,44.35,39.33,12.94,1.29,43.66,21.24,26.66,78.68,39.25,16.5,45.72,1.12,35.53,8.42,53.84,0.34,40.0,4.96,25.0,2.67,46.25,18.39,45.16,2.93,43.05,15.28,55.88,0.0,0.0,488.0
13473,87,47,0,0.0,0.0,0.0,0.0,0.0,0.0,0.0,0.0,0.0,0.0,0.0,0.0,0.0,0.0,0.0,0.0,0.0,0.0,0.0,0.0,0.0,0.0,0.0,0.0,0.0,0.0,0.0,0.0,0.0,0.0,0.0,0.0,0.0,0.0,0.0
13474,87,48,0,0.0,0.0,0.0,0.0,0.0,0.0,0.0,0.0,0.0,0.0,0.0,0.0,0.0,0.0,0.0,0.0,0.0,0.0,0.0,0.0,0.0,0.0,0.0,0.0,0.0,0.0,0.0,0.0,0.0,0.0,0.0,0.0,0.0,0.0,0.0
13475,87,52,0,0.0,0.0,0.0,0.0,0.0,0.0,0.0,0.0,0.0,0.0,0.0,0.0,0.0,0.0,0.0,0.0,0.0,0.0,0.0,0.0,0.0,0.0,0.0,0.0,0.0,0.0,0.0,0.0,0.0,0.0,0.0,0.0,0.0,0.0,0.0
13476,87,54,0,0.0,0.0,0.0,0.0,0.0,0.0,0.0,0.0,0.0,0.0,0.0,0.0,0.0,0.0,0.0,0.0,0.0,0.0,0.0,0.0,0.0,0.0,0.0,0.0,0.0,0.0,0.0,0.0,0.0,0.0,0.0,0.0,0.0,0.0,0.0
13477,87,55,0,0.0,0.0,0.0,0.0,0.0,0.0,0.0,0.0,0.0,0.0,0.0,0.0,0.0,0.0,0.0,0.0,0.0,0.0,0.0,0.0,0.0,0.0,0.0,0.0,0.0,0.0,0.0,0.0,0.0,0.0,0.0,0.0,0.0,0.0,0.0
13478,87,56,0,0.0,0.0,0.0,0.0,0.0,0.0,0.0,0.0,0.0,0.0,0.0,0.0,0.0,0.0,0.0,0.0,0.0,0.0,0.0,0.0,0.0,0.0,0.0,0.0,0.0,0.0,0.0,0.0,0.0,0.0,0.0,0.0,0.0,0.0,0.0
13479,87,57,0,0.0,0.0,0.0,0.0,0.0,0.0,0.0,0.0,0.0,0.0,0.0,0.0,0.0,0.0,0.0,0.0,0.0,0.0,0.0,0.0,0.0,0.0,0.0,0.0,0.0,0.0,0.0,0.0,0.0,0.0,0.0,0.0,0.0,0.0,0.0
13480,87,58,0,0.0,0.0,0.0,0.0,0.0,0.0,0.0,0.0,0.0,0.0,0.0,0.0,0.0,0.0,0.0,0.0,0.0,0.0,0.0,0.0,0.0,0.0,0.0,0.0,0.0,0.0,0.0,0.0,0.0,0.0,0.0,0.0,0.0,0.0,0.0
13481,87,59,0,0.0,0.0,0.0,0.0,0.0,0.0,0.0,0.0,0.0,0.0,0.0,0.0,0.0,0.0,0.0,0.0,0.0,0.0,0.0,0.0,0.0,0.0,0.0,0.0,0.0,0.0,0.0,0.0,0.0,0.0,0.0,0.0,0.0,0.0,0.0
13482,87,60,0,0.0,0.0,0.0,0.0,0.0,0.0,0.0,0.0,0.0,0.0,0.0,0.0,0.0,0.0,0.0,0.0,0.0,0.0,0.0,0.0,0.0,0.0,0.0,0.0,0.0,0.0,0.0,0.0,0.0,0.0,0.0,0.0,0.0,0.0,0.0
13483,87,64,0,0.0,0.0,0.0,0.0,0.0,0.0,0.0,0.0,0.0,0.0,0.0,0.0,0.0,0.0,0.0,0.0,0.0,0.0,0.0,0.0,0.0,0.0,0.0,0.0,0.0,0.0,0.0,0.0,0.0,0.0,0.0,0.0,0.0,0.0,0.0
13484,87,66,0,0.0,0.0,0.0,0.0,0.0,0.0,0.0,0.0,0.0,0.0,0.0,0.0,0.0,0.0,0.0,0.0,0.0,0.0,0.0,0.0,0.0,0.0,0.0,0.0,0.0,0.0,0.0,0.0,0.0,0.0,0.0,0.0,0.0,0.0,0.0
13485,87,67,0,0.0,0.0,0.0,0.0,0.0,0.0,0.0,0.0,0.0,0.0,0.0,0.0,0.0,0.0,0.0,0.0,0.0,0.0,0.0,0.0,0.0,0.0,0.0,0.0,0.0,0.0,0.0,0.0,0.0,0.0,0.0,0.0,0.0,0.0,0.0
13486,87,69,0,0.0,0.0,0.0,0.0,0.0,0.0,0.0,0.0,0.0,0.0,0.0,0.0,0.0,0.0,0.0,0.0,0.0,0.0,0.0,0.0,0.0,0.0,0.0,0.0,0.0,0.0,0.0,0.0,0.0,0.0,0.0,0.0,0.0,0.0,0.0
13487,87,71,0,0.0,0.0,0.0,0.0,0.0,0.0,0.0,0.0,0.0,0.0,0.0,0.0,0.0,0.0,0.0,0.0,0.0,0.0,0.0,0.0,0.0,0.0,0.0,0.0,0.0,0.0,0.0,0.0,0.0,0.0,0.0,0.0,0.0,0.0,0.0
13488,87,76,0,0.0,0.0,0.0,0.0,0.0,0.0,0.0,0.0,0.0,0.0,0.0,0.0,0.0,0.0,0.0,0.0,0.0,0.0,0.0,0.0,0.0,0.0,0.0,0.0,0.0,0.0,0.0,0.0,0.0,0.0,0.0,0.0,0.0,0.0,0.0
13489,87,80,0,0.0,0.0,0.0,0.0,0.0,0.0,0.0,0.0,0.0,0.0,0.0,0.0,0.0,0.0,0.0,0.0,0.0,0.0,0.0,0.0,0.0,0.0,0.0,0.0,0.0,0.0,0.0,0.0,0.0,0.0,0.0,0.0,0.0,0.0,0.0
13490,87,83,947,0.0,44.11,18.53,43.54,23.1,42.55,43.24,3.9,0.21,36.0,50.91,50.0,89.22,44.1,18.5,41.53,0.95,40.11,21.13,33.33,0.21,52.0,7.07,50.0,3.16,47.73,13.31,70.0,2.32,42.18,14.39,45.45,0.0,0.0,76.0
13491,87,84,0,0.0,0.0,0.0,0.0,0.0,0.0,0.0,0.0,0.0,0.0,0.0,0.0,0.0,0.0,0.0,0.0,0.0,0.0,0.0,0.0,0.0,0.0,0.0,0.0,0.0,0.0,0.0,0.0,0.0,0.0,0.0,0.0,0.0,0.0,0.0
13492,87,86,0,0.0,0.0,0.0,0.0,0.0,0.0,0.0,0.0,0.0,0.0,0.0,0.0,0.0,0.0,0.0,0.0,0.0,0.0,0.0,0.0,0.0,0.0,0.0,0.0,0.0,0.0,0.0,0.0,0.0,0.0,0.0,0.0,0.0,0.0,0.0
13493,87,88,0,0.0,0.0,0.0,0.0,0.0,0.0,0.0,0.0,0.0,0.0,0.0,0.0,0.0,0.0,0.0,0.0,0.0,0.0,0.0,0.0,0.0,0.0,0.0,0.0,0.0,0.0,0.0,0.0,0.0,0.0,0.0,0.0,0.0,0.0,0.0
13494,87,89,0,0.0,0.0,0.0,0.0,0.0,0.0,0.0,0.0,0.0,0.0,0.0,0.0,0.0,0.0,0.0,0.0,0.0,0.0,0.0,0.0,0.0,0.0,0.0,0.0,0.0,0.0,0.0,0.0,0.0,0.0,0.0,0.0,0.0,0.0,0.0
13495,87,90,0,0.0,0.0,0.0,0.0,0.0,0.0,0.0,0.0,0.0,0.0,0.0,0.0,0.0,0.0,0.0,0.0,0.0,0.0,0.0,0.0,0.0,0.0,0.0,0.0,0.0,0.0,0.0,0.0,0.0,0.0,0.0,0.0,0.0,0.0,0.0
13496,87,93,0,0.0,0.0,0.0,0.0,0.0,0.0,0.0,0.0,0.0,0.0,0.0,0.0,0.0,0.0,0.0,0.0,0.0,0.0,0.0,0.0,0.0,0.0,0.0,0.0,0.0,0.0,0.0,0.0,0.0,0.0,0.0,0.0,0.0,0.0,0.0
13497,87,94,0,0.0,0.0,0.0,0.0,0.0,0.0,0.0,0.0,0.0,0.0,0.0,0.0,0.0,0.0,0.0,0.0,0.0,0.0,0.0,0.0,0.0,0.0,0.0,0.0,0.0,0.0,0.0,0.0,0.0,0.0,0.0,0.0,0.0,0.0,0.0
13498,87,97,0,0.0,0.0,0.0,0.0,0.0,0.0,0.0,0.0,0.0,0.0,0.0,0.0,0.0,0.0,0.0,0.0,0.0,0.0,0.0,0.0,0.0,0.0,0.0,0.0,0.0,0.0,0.0,0.0,0.0,0.0,0.0,0.0,0.0,0.0,0.0
13499,87,98,0,0.0,0.0,0.0,0.0,0.0,0.0,0.0,0.0,0.0,0.0,0.0,0.0,0.0,0.0,0.0,0.0,0.0,0.0,0.0,0.0,0.0,0.0,0.0,0.0,0.0,0.0,0.0,0.0,0.0,0.0,0.0,0.0,0.0,0.0,0.0
13500,87,100,0,0.0,0.0,0.0,0.0,0.0,0.0,0.0,0.0,0.0,0.0,0.0,0.0,0.0,0.0,0.0,0.0,0.0,0.0,0.0,0.0,0.0,0.0,0.0,0.0,0.0,0.0,0.0,0.0,0.0,0.0,0.0,0.0,0.0,0.0,0.0
13501,87,103,0,0.0,0.0,0.0,0.0,0.0,0.0,0.0,0.0,0.0,0.0,0.0,0.0,0.0,0.0,0.0,0.0,0.0,0.0,0.0,0.0,0.0,0.0,0.0,0.0,0.0,0.0,0.0,0.0,0.0,0.0,0.0,0.0,0.0,0.0,0.0
13502,87,104,0,0.0,0.0,0.0,0.0,0.0,0.0,0.0,0.0,0.0,0.0,0.0,0.0,0.0,0.0,0.0,0.0,0.0,0.0,0.0,0.0,0.0,0.0,0.0,0.0,0.0,0.0,0.0,0.0,0.0,0.0,0.0,0.0,0.0,0.0,0.0
13503,87,105,0,0.0,0.0,0.0,0.0,0.0,0.0,0.0,0.0,0.0,0.0,0.0,0.0,0.0,0.0,0.0,0.0,0.0,0.0,0.0,0.0,0.0,0.0,0.0,0.0,0.0,0.0,0.0,0.0,0.0,0.0,0.0,0.0,0.0,0.0,0.0
13504,87,106,0,0.0,0.0,0.0,0.0,0.0,0.0,0.0,0.0,0.0,0.0,0.0,0.0,0.0,0.0,0.0,0.0,0.0,0.0,0.0,0.0,0.0,0.0,0.0,0.0,0.0,0.0,0.0,0.0,0.0,0.0,0.0,0.0,0.0,0.0,0.0
13505,87,110,0,0.0,0.0,0.0,0.0,0.0,0.0,0.0,0.0,0.0,0.0,0.0,0.0,0.0,0.0,0.0,0.0,0.0,0.0,0.0,0.0,0.0,0.0,0.0,0.0,0.0,0.0,0.0,0.0,0.0,0.0,0.0,0.0,0.0,0.0,0.0
13506,87,112,0,0.0,0.0,0.0,0.0,0.0,0.0,0.0,0.0,0.0,0.0,0.0,0.0,0.0,0.0,0.0,0.0,0.0,0.0,0.0,0.0,0.0,0.0,0.0,0.0,0.0,0.0,0.0,0.0,0.0,0.0,0.0,0.0,0.0,0.0,0.0
13507,87,113,0,0.0,0.0,0.0,0.0,0.0,0.0,0.0,0.0,0.0,0.0,0.0,0.0,0.0,0.0,0.0,0.0,0.0,0.0,0.0,0.0,0.0,0.0,0.0,0.0,0.0,0.0,0.0,0.0,0.0,0.0,0.0,0.0,0.0,0.0,0.0
13508,87,119,0,0.0,0.0,0.0,0.0,0.0,0.0,0.0,0.0,0.0,0.0,0.0,0.0,0.0,0.0,0.0,0.0,0.0,0.0,0.0,0.0,0.0,0.0,0.0,0.0,0.0,0.0,0.0,0.0,0.0,0.0,0.0,0.0,0.0,0.0,0.0
13509,87,120,0,0.0,0.0,0.0,0.0,0.0,0.0,0.0,0.0,0.0,0.0,0.0,0.0,0.0,0.0,0.0,0.0,0.0,0.0,0.0,0.0,0.0,0.0,0.0,0.0,0.0,0.0,0.0,0.0,0.0,0.0,0.0,0.0,0.0,0.0,0.0
13510,87,122,0,0.0,0.0,0.0,0.0,0.0,0.0,0.0,0.0,0.0,0.0,0.0,0.0,0.0,0.0,0.0,0.0,0.0,0.0,0.0,0.0,0.0,0.0,0.0,0.0,0.0,0.0,0.0,0.0,0.0,0.0,0.0,0.0,0.0,0.0,0.0
13511,87,124,0,0.0,0.0,0.0,0.0,0.0,0.0,0.0,0.0,0.0,0.0,0.0,0.0,0.0,0.0,0.0,0.0,0.0,0.0,0.0,0.0,0.0,0.0,0.0,0.0,0.0,0.0,0.0,0.0,0.0,0.0,0.0,0.0,0.0,0.0,0.0
13512,87,126,0,0.0,0.0,0.0,0.0,0.0,0.0,0.0,0.0,0.0,0.0,0.0,0.0,0.0,0.0,0.0,0.0,0.0,0.0,0.0,0.0,0.0,0.0,0.0,0.0,0.0,0.0,0.0,0.0,0.0,0.0,0.0,0.0,0.0,0.0,0.0
13513,87,130,0,0.0,0.0,0.0,0.0,0.0,0.0,0.0,0.0,0.0,0.0,0.0,0.0,0.0,0.0,0.0,0.0,0.0,0.0,0.0,0.0,0.0,0.0,0.0,0.0,0.0,0.0,0.0,0.0,0.0,0.0,0.0,0.0,0.0,0.0,0.0
13514,87,133,0,0.0,0.0,0.0,0.0,0.0,0.0,0.0,0.0,0.0,0.0,0.0,0.0,0.0,0.0,0.0,0.0,0.0,0.0,0.0,0.0,0.0,0.0,0.0,0.0,0.0,0.0,0.0,0.0,0.0,0.0,0.0,0.0,0.0,0.0,0.0
13515,87,134,0,0.0,0.0,0.0,0.0,0.0,0.0,0.0,0.0,0.0,0.0,0.0,0.0,0.0,0.0,0.0,0.0,0.0,0.0,0.0,0.0,0.0,0.0,0.0,0.0,0.0,0.0,0.0,0.0,0.0,0.0,0.0,0.0,0.0,0.0,0.0
13516,87,137,0,0.0,0.0,0.0,0.0,0.0,0.0,0.0,0.0,0.0,0.0,0.0,0.0,0.0,0.0,0.0,0.0,0.0,0.0,0.0,0.0,0.0,0.0,0.0,0.0,0.0,0.0,0.0,0.0,0.0,0.0,0.0,0.0,0.0,0.0,0.0
13517,87,140,1095,0.27,43.12,18.15,41.66,24.51,43.01,36.11,3.29,0.27,46.66,11.37,66.66,90.84,43.4,17.89,43.04,1.19,43.38,13.86,30.76,0.18,42.5,14.84,100.0,2.47,34.37,20.06,51.85,1.73,42.84,19.29,42.1,0.0,0.0,370.0
13518,87,141,0,0.0,0.0,0.0,0.0,0.0,0.0,0.0,0.0,0.0,0.0,0.0,0.0,0.0,0.0,0.0,0.0,0.0,0.0,0.0,0.0,0.0,0.0,0.0,0.0,0.0,0.0,0.0,0.0,0.0,0.0,0.0,0.0,0.0,0.0,0.0
13519,87,144,0,0.0,0.0,0.0,0.0,0.0,0.0,0.0,0.0,0.0,0.0,0.0,0.0,0.0,0.0,0.0,0.0,0.0,0.0,0.0,0.0,0.0,0.0,0.0,0.0,0.0,0.0,0.0,0.0,0.0,0.0,0.0,0.0,0.0,0.0,0.0
13520,87,146,0,0.0,0.0,0.0,0.0,0.0,0.0,0.0,0.0,0.0,0.0,0.0,0.0,0.0,0.0,0.0,0.0,0.0,0.0,0.0,0.0,0.0,0.0,0.0,0.0,0.0,0.0,0.0,0.0,0.0,0.0,0.0,0.0,0.0,0.0,0.0
13521,87,147,0,0.0,0.0,0.0,0.0,0.0,0.0,0.0,0.0,0.0,0.0,0.0,0.0,0.0,0.0,0.0,0.0,0.0,0.0,0.0,0.0,0.0,0.0,0.0,0.0,0.0,0.0,0.0,0.0,0.0,0.0,0.0,0.0,0.0,0.0,0.0
13522,87,150,0,0.0,0.0,0.0,0.0,0.0,0.0,0.0,0.0,0.0,0.0,0.0,0.0,0.0,0.0,0.0,0.0,0.0,0.0,0.0,0.0,0.0,0.0,0.0,0.0,0.0,0.0,0.0,0.0,0.0,0.0,0.0,0.0,0.0,0.0,0.0
13523,87,151,0,0.0,0.0,0.0,0.0,0.0,0.0,0.0,0.0,0.0,0.0,0.0,0.0,0.0,0.0,0.0,0.0,0.0,0.0,0.0,0.0,0.0,0.0,0.0,0.0,0.0,0.0,0.0,0.0,0.0,0.0,0.0,0.0,0.0,0.0,0.0
13524,87,152,0,0.0,0.0,0.0,0.0,0.0,0.0,0.0,0.0,0.0,0.0,0.0,0.0,0.0,0.0,0.0,0.0,0.0,0.0,0.0,0.0,0.0,0.0,0.0,0.0,0.0,0.0,0.0,0.0,0.0,0.0,0.0,0.0,0.0,0.0,0.0
13525,87,154,0,0.0,0.0,0.0,0.0,0.0,0.0,0.0,0.0,0.0,0.0,0.0,0.0,0.0,0.0,0.0,0.0,0.0,0.0,0.0,0.0,0.0,0.0,0.0,0.0,0.0,0.0,0.0,0.0,0.0,0.0,0.0,0.0,0.0,0.0,0.0
13526,87,157,0,0.0,0.0,0.0,0.0,0.0,0.0,0.0,0.0,0.0,0.0,0.0,0.0,0.0,0.0,0.0,0.0,0.0,0.0,0.0,0.0,0.0,0.0,0.0,0.0,0.0,0.0,0.0,0.0,0.0,0.0,0.0,0.0,0.0,0.0,0.0
13527,87,158,0,0.0,0.0,0.0,0.0,0.0,0.0,0.0,0.0,0.0,0.0,0.0,0.0,0.0,0.0,0.0,0.0,0.0,0.0,0.0,0.0,0.0,0.0,0.0,0.0,0.0,0.0,0.0,0.0,0.0,0.0,0.0,0.0,0.0,0.0,0.0
13528,87,159,0,0.0,0.0,0.0,0.0,0.0,0.0,0.0,0.0,0.0,0.0,0.0,0.0,0.0,0.0,0.0,0.0,0.0,0.0,0.0,0.0,0.0,0.0,0.0,0.0,0.0,0.0,0.0,0.0,0.0,0.0,0.0,0.0,0.0,0.0,0.0
13529,87,162,0,0.0,0.0,0.0,0.0,0.0,0.0,0.0,0.0,0.0,0.0,0.0,0.0,0.0,0.0,0.0,0.0,0.0,0.0,0.0,0.0,0.0,0.0,0.0,0.0,0.0,0.0,0.0,0.0,0.0,0.0,0.0,0.0,0.0,0.0,0.0
13530,87,165,0,0.0,0.0,0.0,0.0,0.0,0.0,0.0,0.0,0.0,0.0,0.0,0.0,0.0,0.0,0.0,0.0,0.0,0.0,0.0,0.0,0.0,0.0,0.0,0.0,0.0,0.0,0.0,0.0,0.0,0.0,0.0,0.0,0.0,0.0,0.0
13531,87,166,0,0.0,0.0,0.0,0.0,0.0,0.0,0.0,0.0,0.0,0.0,0.0,0.0,0.0,0.0,0.0,0.0,0.0,0.0,0.0,0.0,0.0,0.0,0.0,0.0,0.0,0.0,0.0,0.0,0.0,0.0,0.0,0.0,0.0,0.0,0.0
13532,87,167,0,0.0,0.0,0.0,0.0,0.0,0.0,0.0,0.0,0.0,0.0,0.0,0.0,0.0,0.0,0.0,0.0,0.0,0.0,0.0,0.0,0.0,0.0,0.0,0.0,0.0,0.0,0.0,0.0,0.0,0.0,0.0,0.0,0.0,0.0,0.0
13533,87,170,0,0.0,0.0,0.0,0.0,0.0,0.0,0.0,0.0,0.0,0.0,0.0,0.0,0.0,0.0,0.0,0.0,0.0,0.0,0.0,0.0,0.0,0.0,0.0,0.0,0.0,0.0,0.0,0.0,0.0,0.0,0.0,0.0,0.0,0.0,0.0
13534,87,171,0,0.0,0.0,0.0,0.0,0.0,0.0,0.0,0.0,0.0,0.0,0.0,0.0,0.0,0.0,0.0,0.0,0.0,0.0,0.0,0.0,0.0,0.0,0.0,0.0,0.0,0.0,0.0,0.0,0.0,0.0,0.0,0.0,0.0,0.0,0.0
13535,87,172,0,0.0,0.0,0.0,0.0,0.0,0.0,0.0,0.0,0.0,0.0,0.0,0.0,0.0,0.0,0.0,0.0,0.0,0.0,0.0,0.0,0.0,0.0,0.0,0.0,0.0,0.0,0.0,0.0,0.0,0.0,0.0,0.0,0.0,0.0,0.0
13536,87,173,0,0.0,0.0,0.0,0.0,0.0,0.0,0.0,0.0,0.0,0.0,0.0,0.0,0.0,0.0,0.0,0.0,0.0,0.0,0.0,0.0,0.0,0.0,0.0,0.0,0.0,0.0,0.0,0.0,0.0,0.0,0.0,0.0,0.0,0.0,0.0
13537,87,174,0,0.0,0.0,0.0,0.0,0.0,0.0,0.0,0.0,0.0,0.0,0.0,0.0,0.0,0.0,0.0,0.0,0.0,0.0,0.0,0.0,0.0,0.0,0.0,0.0,0.0,0.0,0.0,0.0,0.0,0.0,0.0,0.0,0.0,0.0,0.0
13538,87,180,0,0.0,0.0,0.0,0.0,0.0,0.0,0.0,0.0,0.0,0.0,0.0,0.0,0.0,0.0,0.0,0.0,0.0,0.0,0.0,0.0,0.0,0.0,0.0,0.0,0.0,0.0,0.0,0.0,0.0,0.0,0.0,0.0,0.0,0.0,0.0
13539,87,181,0,0.0,0.0,0.0,0.0,0.0,0.0,0.0,0.0,0.0,0.0,0.0,0.0,0.0,0.0,0.0,0.0,0.0,0.0,0.0,0.0,0.0,0.0,0.0,0.0,0.0,0.0,0.0,0.0,0.0,0.0,0.0,0.0,0.0,0.0,0.0
13540,87,182,0,0.0,0.0,0.0,0.0,0.0,0.0,0.0,0.0,0.0,0.0,0.0,0.0,0.0,0.0,0.0,0.0,0.0,0.0,0.0,0.0,0.0,0.0,0.0,0.0,0.0,0.0,0.0,0.0,0.0,0.0,0.0,0.0,0.0,0.0,0.0
13541,87,184,0,0.0,0.0,0.0,0.0,0.0,0.0,0.0,0.0,0.0,0.0,0.0,0.0,0.0,0.0,0.0,0.0,0.0,0.0,0.0,0.0,0.0,0.0,0.0,0.0,0.0,0.0,0.0,0.0,0.0,0.0,0.0,0.0,0.0,0.0,0.0
13542,87,187,0,0.0,0.0,0.0,0.0,0.0,0.0,0.0,0.0,0.0,0.0,0.0,0.0,0.0,0.0,0.0,0.0,0.0,0.0,0.0,0.0,0.0,0.0,0.0,0.0,0.0,0.0,0.0,0.0,0.0,0.0,0.0,0.0,0.0,0.0,0.0
13543,87,188,0,0.0,0.0,0.0,0.0,0.0,0.0,0.0,0.0,0.0,0.0,0.0,0.0,0.0,0.0,0.0,0.0,0.0,0.0,0.0,0.0,0.0,0.0,0.0,0.0,0.0,0.0,0.0,0.0,0.0,0.0,0.0,0.0,0.0,0.0,0.0
13544,87,190,0,0.0,0.0,0.0,0.0,0.0,0.0,0.0,0.0,0.0,0.0,0.0,0.0,0.0,0.0,0.0,0.0,0.0,0.0,0.0,0.0,0.0,0.0,0.0,0.0,0.0,0.0,0.0,0.0,0.0,0.0,0.0,0.0,0.0,0.0,0.0
13545,87,193,0,0.0,0.0,0.0,0.0,0.0,0.0,0.0,0.0,0.0,0.0,0.0,0.0,0.0,0.0,0.0,0.0,0.0,0.0,0.0,0.0,0.0,0.0,0.0,0.0,0.0,0.0,0.0,0.0,0.0,0.0,0.0,0.0,0.0,0.0,0.0
13546,87,194,0,0.0,0.0,0.0,0.0,0.0,0.0,0.0,0.0,0.0,0.0,0.0,0.0,0.0,0.0,0.0,0.0,0.0,0.0,0.0,0.0,0.0,0.0,0.0,0.0,0.0,0.0,0.0,0.0,0.0,0.0,0.0,0.0,0.0,0.0,0.0
13547,87,195,661,0.0,39.52,20.42,37.42,19.42,38.88,44.73,5.74,0.6,60.75,27.89,25.0,85.32,39.46,20.64,38.47,2.11,42.42,21.73,50.0,0.45,48.0,18.73,33.33,1.36,44.11,10.89,44.44,4.38,36.89,17.74,34.48,0.0,0.0,21.0
13548,87,200,0,0.0,0.0,0.0,0.0,0.0,0.0,0.0,0.0,0.0,0.0,0.0,0.0,0.0,0.0,0.0,0.0,0.0,0.0,0.0,0.0,0.0,0.0,0.0,0.0,0.0,0.0,0.0,0.0,0.0,0.0,0.0,0.0,0.0,0.0,0.0
13549,87,201,0,0.0,0.0,0.0,0.0,0.0,0.0,0.0,0.0,0.0,0.0,0.0,0.0,0.0,0.0,0.0,0.0,0.0,0.0,0.0,0.0,0.0,0.0,0.0,0.0,0.0,0.0,0.0,0.0,0.0,0.0,0.0,0.0,0.0,0.0,0.0
13550,87,202,0,0.0,0.0,0.0,0.0,0.0,0.0,0.0,0.0,0.0,0.0,0.0,0.0,0.0,0.0,0.0,0.0,0.0,0.0,0.0,0.0,0.0,0.0,0.0,0.0,0.0,0.0,0.0,0.0,0.0,0.0,0.0,0.0,0.0,0.0,0.0
13551,87,203,0,0.0,0.0,0.0,0.0,0.0,0.0,0.0,0.0,0.0,0.0,0.0,0.0,0.0,0.0,0.0,0.0,0.0,0.0,0.0,0.0,0.0,0.0,0.0,0.0,0.0,0.0,0.0,0.0,0.0,0.0,0.0,0.0,0.0,0.0,0.0
13552,87,204,0,0.0,0.0,0.0,0.0,0.0,0.0,0.0,0.0,0.0,0.0,0.0,0.0,0.0,0.0,0.0,0.0,0.0,0.0,0.0,0.0,0.0,0.0,0.0,0.0,0.0,0.0,0.0,0.0,0.0,0.0,0.0,0.0,0.0,0.0,0.0
13553,87,205,0,0.0,0.0,0.0,0.0,0.0,0.0,0.0,0.0,0.0,0.0,0.0,0.0,0.0,0.0,0.0,0.0,0.0,0.0,0.0,0.0,0.0,0.0,0.0,0.0,0.0,0.0,0.0,0.0,0.0,0.0,0.0,0.0,0.0,0.0,0.0
13554,87,206,0,0.0,0.0,0.0,0.0,0.0,0.0,0.0,0.0,0.0,0.0,0.0,0.0,0.0,0.0,0.0,0.0,0.0,0.0,0.0,0.0,0.0,0.0,0.0,0.0,0.0,0.0,0.0,0.0,0.0,0.0,0.0,0.0,0.0,0.0,0.0
13555,87,207,0,0.0,0.0,0.0,0.0,0.0,0.0,0.0,0.0,0.0,0.0,0.0,0.0,0.0,0.0,0.0,0.0,0.0,0.0,0.0,0.0,0.0,0.0,0.0,0.0,0.0,0.0,0.0,0.0,0.0,0.0,0.0,0.0,0.0,0.0,0.0
13556,87,209,0,0.0,0.0,0.0,0.0,0.0,0.0,0.0,0.0,0.0,0.0,0.0,0.0,0.0,0.0,0.0,0.0,0.0,0.0,0.0,0.0,0.0,0.0,0.0,0.0,0.0,0.0,0.0,0.0,0.0,0.0,0.0,0.0,0.0,0.0,0.0
13557,87,212,0,0.0,0.0,0.0,0.0,0.0,0.0,0.0,0.0,0.0,0.0,0.0,0.0,0.0,0.0,0.0,0.0,0.0,0.0,0.0,0.0,0.0,0.0,0.0,0.0,0.0,0.0,0.0,0.0,0.0,0.0,0.0,0.0,0.0,0.0,0.0
13558,87,213,0,0.0,0.0,0.0,0.0,0.0,0.0,0.0,0.0,0.0,0.0,0.0,0.0,0.0,0.0,0.0,0.0,0.0,0.0,0.0,0.0,0.0,0.0,0.0,0.0,0.0,0.0,0.0,0.0,0.0,0.0,0.0,0.0,0.0,0.0,0.0
13559,87,215,0,0.0,0.0,0.0,0.0,0.0,0.0,0.0,0.0,0.0,0.0,0.0,0.0,0.0,0.0,0.0,0.0,0.0,0.0,0.0,0.0,0.0,0.0,0.0,0.0,0.0,0.0,0.0,0.0,0.0,0.0,0.0,0.0,0.0,0.0,0.0
13560,87,218,0,0.0,0.0,0.0,0.0,0.0,0.0,0.0,0.0,0.0,0.0,0.0,0.0,0.0,0.0,0.0,0.0,0.0,0.0,0.0,0.0,0.0,0.0,0.0,0.0,0.0,0.0,0.0,0.0,0.0,0.0,0.0,0.0,0.0,0.0,0.0
13561,87,222,0,0.0,0.0,0.0,0.0,0.0,0.0,0.0,0.0,0.0,0.0,0.0,0.0,0.0,0.0,0.0,0.0,0.0,0.0,0.0,0.0,0.0,0.0,0.0,0.0,0.0,0.0,0.0,0.0,0.0,0.0,0.0,0.0,0.0,0.0,0.0
13562,87,223,0,0.0,0.0,0.0,0.0,0.0,0.0,0.0,0.0,0.0,0.0,0.0,0.0,0.0,0.0,0.0,0.0,0.0,0.0,0.0,0.0,0.0,0.0,0.0,0.0,0.0,0.0,0.0,0.0,0.0,0.0,0.0,0.0,0.0,0.0,0.0
13563,87,227,0,0.0,0.0,0.0,0.0,0.0,0.0,0.0,0.0,0.0,0.0,0.0,0.0,0.0,0.0,0.0,0.0,0.0,0.0,0.0,0.0,0.0,0.0,0.0,0.0,0.0,0.0,0.0,0.0,0.0,0.0,0.0,0.0,0.0,0.0,0.0
13564,87,229,0,0.0,0.0,0.0,0.0,0.0,0.0,0.0,0.0,0.0,0.0,0.0,0.0,0.0,0.0,0.0,0.0,0.0,0.0,0.0,0.0,0.0,0.0,0.0,0.0,0.0,0.0,0.0,0.0,0.0,0.0,0.0,0.0,0.0,0.0,0.0
13565,87,232,0,0.0,0.0,0.0,0.0,0.0,0.0,0.0,0.0,0.0,0.0,0.0,0.0,0.0,0.0,0.0,0.0,0.0,0.0,0.0,0.0,0.0,0.0,0.0,0.0,0.0,0.0,0.0,0.0,0.0,0.0,0.0,0.0,0.0,0.0,0.0
13566,87,236,1147,0.26,46.48,20.2,53.65,16.72,44.55,40.9,3.84,0.69,56.25,9.46,25.0,89.59,45.95,20.34,44.87,1.92,45.81,23.21,40.9,0.17,72.0,22.62,0.0,1.74,48.25,19.95,60.0,2.01,48.34,14.28,43.47,0.0,0.0,333.0
13567,87,237,0,0.0,0.0,0.0,0.0,0.0,0.0,0.0,0.0,0.0,0.0,0.0,0.0,0.0,0.0,0.0,0.0,0.0,0.0,0.0,0.0,0.0,0.0,0.0,0.0,0.0,0.0,0.0,0.0,0.0,0.0,0.0,0.0,0.0,0.0,0.0
13568,87,239,0,0.0,0.0,0.0,0.0,0.0,0.0,0.0,0.0,0.0,0.0,0.0,0.0,0.0,0.0,0.0,0.0,0.0,0.0,0.0,0.0,0.0,0.0,0.0,0.0,0.0,0.0,0.0,0.0,0.0,0.0,0.0,0.0,0.0,0.0,0.0
13569,88,5,890,0.67,41.49,18.76,44.72,18.24,29.32,21.21,3.73,0.11,48.0,0.0,0.0,91.06,41.29,18.79,30.06,1.47,38.61,21.58,46.15,0.45,37.0,28.3,50.0,1.01,36.44,15.02,11.11,2.14,50.05,14.65,5.26,0.0,26.26,470.0
13570,88,6,903,0.22,40.61,17.72,38.26,21.59,31.56,23.33,3.32,0.44,42.5,13.22,0.0,92.11,40.46,17.48,32.16,0.77,31.0,16.05,28.57,0.44,52.5,7.18,0.0,0.88,38.62,18.82,37.5,1.99,50.72,21.25,33.33,0.0,25.43,479.0
13571,88,7,1180,1.44,41.2,17.24,38.57,15.84,28.64,23.94,6.1,0.51,45.0,26.21,16.66,86.93,40.65,17.04,29.67,0.85,43.9,19.22,50.0,0.85,47.7,11.11,20.0,1.63,44.1,19.15,26.31,3.09,51.77,18.85,16.66,0.0,23.67,604.0
13572,88,8,925,0.43,41.36,18.79,44.57,17.34,45.29,46.42,3.04,1.73,53.62,19.74,43.75,86.75,40.81,18.52,44.93,1.95,32.11,20.31,66.66,0.21,34.5,48.79,0.0,1.3,38.25,18.0,66.66,4.99,48.45,19.35,41.3,0.0,37.54,401.0
13573,88,9,1058,0.66,43.32,18.07,39.65,18.88,42.15,55.17,2.75,0.66,44.71,25.29,14.28,90.29,43.29,17.85,42.14,1.33,41.28,17.7,50.0,0.38,55.75,19.55,50.0,1.14,43.0,19.71,41.66,3.42,45.05,22.21,33.33,0.0,42.05,428.0
13574,88,11,1476,0.2,39.89,18.68,34.15,15.67,44.03,38.61,6.85,1.35,40.65,21.1,45.0,83.23,40.2,18.55,43.96,1.76,41.19,22.78,46.15,0.33,37.79,9.7,40.0,1.35,42.8,20.63,50.0,5.09,41.8,20.9,50.66,0.0,29.24,466.0
13575,88,12,1457,0.48,38.69,16.66,34.31,14.49,42.14,40.16,8.41,0.41,28.16,17.89,66.66,86.55,39.26,16.8,42.07,1.03,33.53,15.7,40.0,0.06,22.0,0.0,100.0,1.37,34.15,13.67,35.0,2.13,38.54,17.55,48.38,0.0,22.04,476.0
13576,88,13,973,0.2,39.83,18.4,39.14,19.74,45.52,50.0,2.88,0.2,12.0,16.97,50.0,91.04,39.43,18.27,45.58,1.64,46.37,19.94,37.5,0.3,32.33,4.04,33.33,0.72,44.14,12.86,14.28,3.19,49.32,18.06,48.38,0.0,48.68,310.0
13577,88,unclear,1407,1.13,41.49,13.39,39.29,12.62,46.9,48.78,2.94,0.0,0.0,0.0,0.0,89.21,41.43,13.31,46.41,0.93,41.76,15.0,69.23,0.43,45.0,19.97,0.0,0.5,42.57,12.83,71.42,5.96,43.02,14.56,50.6,,,
13578,88,17,1443,1.1,38.84,16.96,38.37,16.34,42.27,40.11,11.7,0.84,46.91,18.52,16.66,81.07,39.08,16.71,42.95,1.26,30.77,21.93,66.66,0.56,37.87,20.2,25.0,2.24,32.59,16.93,37.5,2.31,38.75,20.69,39.39,0.0,22.66,491.0
13579,88,18,1260,0.39,38.39,17.9,36.79,17.1,43.09,41.66,6.69,0.23,32.0,10.39,33.33,88.2,38.25,17.75,42.99,0.95,31.25,14.93,66.66,0.31,42.75,7.13,0.0,1.59,39.29,19.2,60.0,1.91,48.62,23.43,37.5,0.0,23.21,479.0
13580,88,unclear,1318,1.36,40.89,13.38,36.65,14.37,46.96,50.45,8.53,0.0,0.0,0.0,0.0,83.15,41.25,13.28,46.62,1.38,35.94,15.4,50.0,0.3,54.25,7.13,25.0,1.0,37.69,12.15,53.84,5.61,42.31,11.98,43.83,,,
13581,88,21,953,0.2,42.83,18.68,50.72,17.93,43.54,44.44,1.89,0.52,50.0,13.36,40.0,93.27,42.56,18.64,42.95,1.57,41.73,21.75,40.0,0.31,57.66,11.84,100.0,0.84,43.62,24.12,50.0,1.57,44.53,18.81,66.66,0.0,44.2,317.0
13582,88,unclear,1242,0.64,39.87,13.62,37.87,15.73,46.05,35.41,3.88,0.0,0.0,0.0,0.0,90.43,39.79,13.37,46.77,1.45,39.44,14.77,50.0,0.08,30.0,0.0,0.0,0.81,35.5,11.12,30.0,3.32,43.36,16.08,46.34,,,
13583,88,24,1237,0.32,43.98,18.92,46.73,19.81,42.19,36.95,3.73,0.56,42.85,26.47,42.85,89.94,43.59,18.83,42.01,2.02,44.12,18.68,48.0,0.24,58.33,8.96,0.0,0.81,46.6,16.2,60.0,2.67,49.33,20.52,45.45,0.0,36.17,507.0
13584,88,25,1233,0.32,41.03,17.9,40.37,12.57,44.12,40.0,2.84,0.48,28.5,19.76,33.33,90.23,41.43,17.73,44.81,1.05,29.07,19.74,61.53,0.4,41.8,14.66,20.0,0.56,53.57,8.01,28.57,4.39,36.0,22.05,33.33,0.0,22.3,384.0
13585,88,unclear,1306,1.99,44.02,13.9,43.68,13.27,45.4,47.89,9.29,0.0,0.0,0.0,0.0,82.18,43.77,13.89,44.96,0.39,37.2,10.32,40.0,0.07,28.0,0.0,100.0,0.39,50.0,14.66,80.0,7.65,44.7,13.57,42.85,,,
13586,88,unclear,1089,1.92,40.5,12.7,38.47,12.88,43.06,37.14,9.83,0.09,36.0,0.0,0.0,85.48,40.43,12.6,44.03,0.46,33.0,10.81,80.0,0.46,42.2,11.25,20.0,0.93,39.29,10.48,40.0,2.71,45.1,13.36,41.37,,,
13587,88,31,1289,0.69,40.63,16.38,37.56,14.11,39.02,34.88,6.71,0.54,47.42,25.88,57.14,87.81,40.52,16.43,39.23,0.93,39.33,8.57,58.33,0.7,47.33,12.09,55.55,1.71,41.4,20.06,22.72,1.56,52.65,16.39,30.0,0.0,26.84,654.0
13588,88,34,898,2.22,40.24,16.21,39.01,14.9,29.28,35.48,7.06,0.45,50.25,16.58,50.0,87.58,40.1,16.01,29.64,0.45,25.75,29.8,0.0,0.56,41.0,24.39,20.0,1.36,38.41,20.62,25.0,2.5,42.68,18.67,13.63,0.0,36.35,471.0
13589,88,35,1052,0.19,41.7,16.18,37.91,14.4,37.07,43.47,2.19,0.19,71.5,2.12,100.0,90.95,41.45,15.94,37.17,1.61,37.82,18.88,58.82,0.28,46.33,10.21,33.33,3.33,48.08,18.53,20.0,1.42,48.4,20.23,33.33,0.0,25.86,503.0
13590,88,36,862,0.92,40.79,16.07,39.3,19.46,31.55,26.92,3.04,0.46,54.0,21.77,50.0,92.5,40.26,15.74,31.77,0.7,50.33,17.48,0.0,0.35,49.66,2.08,33.33,1.99,54.23,11.88,29.41,0.93,54.87,22.27,50.0,0.0,17.43,426.0
13591,88,40,1420,0.63,38.39,16.77,37.46,14.29,35.14,39.28,1.98,0.07,89.0,0.0,100.0,93.05,38.13,16.64,35.33,0.99,43.64,22.97,35.71,0.56,45.62,20.08,0.0,1.77,40.11,16.04,36.0,1.55,44.68,19.53,27.27,0.0,34.65,624.0
13592,88,43,1328,1.2,40.32,17.48,41.36,18.19,34.33,30.0,2.28,0.76,48.6,21.62,30.0,90.39,40.14,17.46,35.16,0.76,37.5,14.75,50.0,0.68,44.77,7.9,33.33,2.36,45.67,16.66,19.35,2.74,38.91,19.61,27.77,0.0,28.94,453.0
13593,88,46,1280,0.54,41.22,18.17,39.46,19.32,38.98,44.68,3.69,0.31,49.25,16.45,25.0,89.94,41.1,17.96,38.25,1.49,35.84,20.82,42.1,0.23,30.33,26.38,0.0,1.88,44.41,19.04,62.5,2.43,45.16,19.68,41.93,0.0,40.6,507.0
13594,88,unclear,1122,0.62,40.28,13.15,40.83,11.28,39.48,39.72,6.54,0.0,0.0,0.0,0.0,89.32,40.22,13.19,39.35,0.62,44.0,13.15,28.57,0.17,30.5,12.02,50.0,0.71,38.0,14.32,75.0,2.6,41.27,16.2,37.93,,,
13595,88,56,1154,0.51,42.9,18.54,40.44,14.44,41.16,36.0,2.17,0.08,33.0,0.0,0.0,93.46,42.86,18.61,41.37,0.78,36.33,19.81,66.66,0.08,46.0,0.0,0.0,2.61,49.2,17.0,46.66,0.6,48.0,28.33,14.28,0.0,26.44,515.0
13596,88,57,1065,0.18,46.36,20.05,51.35,15.49,43.75,50.0,1.88,0.37,28.0,7.25,25.0,92.94,46.3,19.97,43.11,0.75,42.12,24.68,75.0,0.0,0.0,0.0,0.0,2.06,46.95,18.68,54.54,1.97,46.9,26.64,47.61,0.0,29.0,477.0
13597,88,58,1079,0.55,45.0,19.56,43.32,22.09,45.96,47.05,3.16,0.65,24.42,24.73,28.57,89.65,45.56,19.03,44.8,2.14,37.91,23.99,60.86,0.27,51.0,17.69,33.33,2.42,40.15,21.51,69.23,1.67,45.94,24.76,61.11,0.0,29.98,453.0
13598,88,60,914,0.1,44.09,19.38,33.12,17.6,44.74,62.5,1.75,0.43,52.5,17.55,75.0,92.77,44.04,19.27,43.32,1.75,48.12,14.37,50.0,0.0,0.0,0.0,0.0,2.51,47.3,23.44,69.56,0.76,57.85,17.98,57.14,0.0,26.17,363.0
13599,88,61,729,0.0,45.75,19.52,48.82,22.51,43.89,52.17,3.15,0.82,44.0,18.39,16.66,88.88,45.62,19.4,42.74,0.41,35.66,8.08,66.66,0.68,38.79,25.03,40.0,3.01,50.4,20.89,68.18,3.01,45.22,19.51,50.0,0.0,53.17,208.0
13600,88,63,754,0.39,44.24,19.03,46.95,15.43,44.82,52.5,5.32,0.53,43.0,15.23,50.0,88.41,44.01,19.19,44.12,0.66,42.4,9.07,20.0,0.13,29.0,0.0,100.0,2.13,49.18,16.88,62.5,2.79,41.66,24.24,42.85,0.0,54.98,331.0
13601,88,64,868,0.0,42.27,19.33,35.0,17.87,42.97,47.36,4.37,0.0,0.0,0.0,0.0,87.44,42.39,19.23,42.68,1.95,39.41,17.39,29.41,0.23,57.0,28.28,0.0,3.34,40.55,22.3,48.27,2.64,53.47,17.58,52.17,0.0,39.97,324.0
13602,88,65,852,0.58,39.8,18.05,40.15,23.92,42.37,50.0,2.36,0.82,46.0,24.76,14.28,91.49,39.56,17.83,42.58,1.29,47.27,16.9,54.54,0.35,25.66,3.21,33.33,1.41,37.25,18.18,50.0,2.24,46.73,18.92,31.57,0.0,25.39,255.0
13603,88,66,1024,1.07,44.35,17.71,43.0,16.87,44.33,57.14,3.45,0.29,53.0,13.0,33.33,89.14,43.98,17.57,44.18,1.28,39.15,22.33,38.46,0.19,54.5,34.64,0.0,2.56,52.38,18.38,34.61,3.06,47.19,15.72,48.38,0.0,22.83,437.0
13604,88,69,1104,0.27,41.75,17.95,43.69,19.21,43.2,37.2,3.9,0.18,44.0,21.21,0.0,92.37,41.45,17.79,43.16,0.9,45.2,24.71,50.0,0.09,62.0,0.0,0.0,1.18,51.69,17.48,76.92,1.36,41.8,20.18,33.33,0.0,40.13,358.0
13605,88,70,1394,0.43,42.43,17.6,37.11,20.45,37.37,33.33,1.94,0.28,29.75,21.85,25.0,92.29,42.33,17.28,37.7,0.64,44.11,24.1,55.55,0.21,34.33,6.35,0.0,2.44,49.79,14.3,32.35,2.16,44.0,24.51,33.33,0.0,20.06,654.0
13606,88,unclear,1151,0.52,41.06,13.44,39.6,12.85,44.56,36.84,3.31,0.08,19.0,0.0,100.0,93.1,41.04,13.32,44.37,0.52,33.0,12.32,66.66,0.17,38.5,23.33,0.0,1.48,43.76,18.55,76.47,1.31,46.0,14.28,33.33,,,
13607,88,74,1130,0.26,43.29,17.79,39.59,12.81,39.38,33.33,3.72,0.26,33.0,31.6,33.33,91.3,43.47,17.82,39.26,1.77,39.04,16.15,25.0,0.17,41.5,21.92,100.0,1.15,50.92,14.31,76.92,1.59,42.0,26.25,38.88,0.0,27.51,492.0
13608,88,79,1005,0.59,38.31,16.9,40.97,17.31,41.69,40.9,4.4,0.4,27.0,23.12,25.0,90.99,38.06,16.73,41.8,1.4,31.64,15.79,64.28,0.2,42.0,24.04,50.0,2.0,41.95,21.99,30.0,0.6,52.0,9.73,33.33,0.0,19.98,388.0
13609,88,80,1470,0.2,40.24,16.61,35.09,18.14,40.27,41.09,4.97,0.13,73.0,4.24,50.0,91.2,40.27,16.48,40.43,0.88,38.07,11.06,23.07,0.13,57.5,10.6,0.0,1.43,44.19,16.02,42.85,1.22,46.72,15.71,27.77,0.0,21.76,653.0
13610,88,81,1221,0.32,41.75,17.12,36.78,14.05,38.73,34.21,3.12,0.32,55.25,22.95,0.0,92.35,41.55,17.16,39.76,0.65,47.5,19.11,37.5,0.24,59.0,9.53,0.0,2.05,46.8,15.38,20.0,1.23,46.06,17.97,26.66,0.0,23.3,571.0
13611,88,82,1004,0.39,38.72,16.27,36.92,15.61,37.54,37.14,7.0,0.2,38.5,54.44,0.0,88.6,38.7,16.13,37.69,1.2,41.66,14.55,58.33,0.1,37.0,0.0,0.0,1.3,38.46,19.99,30.76,1.6,42.87,20.71,25.0,0.0,19.03,313.0
13612,88,86,1445,0.55,42.46,17.63,33.93,18.68,41.45,50.0,1.11,0.55,51.62,24.63,0.0,93.52,42.48,17.2,41.88,0.83,30.25,26.12,41.66,0.06,62.0,0.0,100.0,2.01,40.65,25.22,27.58,1.87,45.4,18.04,33.33,0.0,34.16,630.0
13613,88,88,1353,0.66,42.63,16.84,39.51,18.56,39.68,51.85,2.0,0.29,52.0,15.64,25.0,92.41,42.58,16.68,39.85,1.56,35.38,16.35,52.38,0.0,0.0,0.0,0.0,2.45,46.75,17.13,36.36,1.19,51.18,16.92,18.75,0.0,18.59,568.0
13614,88,90,1381,0.28,39.01,16.84,39.31,15.64,42.28,48.57,2.54,0.36,42.6,28.43,40.0,92.88,38.63,16.73,42.53,0.65,45.0,12.02,44.44,0.14,37.0,14.14,0.0,1.45,45.25,17.7,35.0,1.96,48.88,20.44,33.33,0.0,18.62,370.0
13615,88,unclear,1259,1.58,42.08,14.26,43.71,15.0,42.41,46.93,3.95,0.0,0.0,0.0,0.0,91.12,42.06,14.2,41.62,0.64,33.75,11.81,75.0,0.08,29.0,0.0,0.0,1.12,34.92,15.02,35.71,3.06,43.84,14.7,44.73,,,
13616,88,93,1052,0.66,40.08,17.02,36.77,10.47,41.63,45.45,2.1,0.09,46.0,0.0,0.0,93.97,39.99,17.04,42.15,0.66,47.71,21.56,42.85,0.38,39.25,27.72,50.0,1.53,36.31,17.17,37.5,1.24,52.07,16.58,0.0,0.0,22.3,347.0
13617,88,95,1033,0.38,42.45,17.25,44.39,17.17,40.56,37.5,4.66,0.68,37.42,29.11,57.14,90.08,42.08,16.99,40.66,0.77,48.12,19.61,12.5,0.09,44.0,0.0,0.0,2.04,47.09,17.95,47.61,1.65,45.17,21.53,47.05,0.0,22.62,426.0
13618,88,98,1307,0.3,43.1,17.84,41.06,15.27,40.7,34.42,4.68,0.23,58.0,16.52,33.33,90.48,42.77,17.74,41.39,1.07,41.07,15.87,50.0,0.15,33.5,2.12,0.0,1.3,50.11,23.14,23.52,2.07,58.11,19.92,33.33,0.0,38.02,607.0
13619,88,99,1281,0.54,41.85,16.44,34.83,18.98,40.43,35.84,4.16,0.39,42.6,12.54,0.0,91.2,41.92,16.28,40.7,0.78,43.7,14.81,60.0,0.0,0.0,0.0,0.0,1.41,46.44,15.22,50.0,2.04,49.34,17.86,34.61,0.0,26.59,633.0
13620,88,103,788,0.38,42.01,17.69,44.29,18.95,39.46,41.93,3.94,0.12,37.0,0.0,100.0,90.44,42.0,17.81,39.71,2.8,36.13,13.44,45.45,0.0,0.0,0.0,0.0,1.78,38.07,10.04,21.42,0.89,54.57,18.76,14.28,0.0,33.22,337.0
13621,88,104,864,0.46,44.02,19.0,42.41,16.82,40.27,58.82,1.97,0.46,54.25,20.43,50.0,90.93,43.8,18.88,39.64,3.13,34.44,19.66,48.14,0.0,0.0,0.0,0.0,1.86,51.75,12.77,43.75,1.62,57.71,19.48,28.57,0.0,30.99,390.0
13622,88,105,1222,0.49,42.98,18.58,36.95,19.16,40.67,42.85,1.72,0.0,0.0,0.0,0.0,92.68,43.07,18.67,40.9,3.7,39.6,16.53,44.44,0.0,0.0,0.0,0.0,1.06,49.15,14.44,30.76,0.82,45.4,17.75,0.0,0.0,36.32,565.0
13623,88,106,1102,0.9,44.01,18.62,40.86,17.07,39.83,37.93,2.65,0.09,24.0,0.0,100.0,91.66,44.09,18.64,39.36,1.0,37.9,16.31,81.81,0.27,43.66,16.65,33.33,2.28,38.84,16.46,28.0,2.01,52.0,18.3,40.9,0.0,29.49,614.0
13624,88,108,1216,0.57,44.33,18.29,42.6,19.83,42.76,53.33,1.24,0.08,57.0,0.0,0.0,94.29,44.39,18.15,41.84,1.57,36.57,20.11,73.68,0.16,52.5,20.5,0.0,1.81,45.09,21.97,45.45,0.82,43.8,22.38,60.0,0.0,29.46,644.0
13625,88,109,1140,0.96,41.51,18.37,41.1,19.57,43.5,40.54,3.27,0.35,50.25,25.44,50.0,90.61,41.32,18.18,44.28,1.77,39.29,14.62,45.0,0.08,36.0,0.0,0.0,2.48,41.92,18.49,21.42,1.41,41.75,27.21,31.25,0.0,27.38,492.0
13626,88,unclear,1329,1.65,39.7,13.28,38.89,11.89,42.06,44.73,5.81,0.07,55.0,0.0,0.0,91.27,39.41,13.37,41.99,0.61,42.5,11.07,75.0,0.07,45.0,0.0,0.0,0.91,41.16,10.78,25.0,1.22,45.25,14.02,25.0,,,
13627,88,unclear,1414,1.2,41.24,14.37,43.68,13.79,44.83,66.66,3.22,0.0,0.0,0.0,0.0,93.19,40.99,14.3,44.16,0.42,33.5,9.31,50.0,0.07,27.0,0.0,0.0,1.14,51.43,17.05,25.0,1.93,42.81,15.27,48.14,,,
13628,88,114,951,0.63,42.61,18.79,39.41,16.31,44.37,75.0,1.26,0.1,28.0,0.0,0.0,95.76,42.8,18.69,44.08,1.37,37.84,16.74,38.46,0.21,22.5,31.81,0.0,0.84,30.25,20.37,37.5,0.42,59.5,26.5,50.0,0.0,33.72,409.0
13629,88,116,1070,0.46,38.21,16.08,31.66,17.93,42.24,53.33,1.4,0.09,33.0,0.0,0.0,94.64,37.93,15.73,42.26,0.56,44.66,16.14,66.66,0.28,52.0,26.62,0.0,1.59,41.0,20.05,41.17,1.4,53.2,22.47,26.66,0.0,23.62,373.0
13630,88,unclear,1341,0.74,40.23,13.97,38.56,15.05,44.59,68.0,1.87,0.0,0.0,0.0,0.0,95.26,40.22,13.94,44.24,0.9,37.16,12.13,50.0,0.07,25.0,0.0,0.0,0.67,42.11,13.63,44.44,1.2,43.12,18.11,37.5,,,
13631,88,120,1082,0.83,41.68,18.12,37.88,13.28,40.85,29.41,1.58,0.0,0.0,0.0,0.0,93.84,41.57,18.05,41.11,1.3,41.64,21.57,50.0,0.09,34.0,0.0,0.0,1.49,43.31,21.76,25.0,1.67,47.88,22.8,27.77,0.0,26.49,449.0
13632,88,121,966,0.31,39.7,17.52,38.41,17.13,42.54,52.94,1.76,0.41,45.5,19.63,25.0,93.97,39.77,17.64,42.43,1.24,28.0,13.92,58.33,0.31,35.66,16.07,33.33,1.03,40.1,10.72,40.0,1.24,43.58,15.38,25.0,0.0,27.85,322.0
13633,88,122,1051,0.47,41.83,18.24,36.0,8.64,43.48,45.45,1.05,0.38,37.5,30.94,50.0,96.65,41.81,18.06,43.52,0.19,33.5,2.12,100.0,0.19,62.0,11.31,0.0,0.95,36.9,19.92,40.0,0.57,69.16,16.79,33.33,0.0,49.66,404.0
13634,88,125,965,0.62,43.38,17.53,46.25,20.84,37.92,12.5,1.66,0.0,0.0,0.0,0.0,95.09,43.05,17.65,38.15,0.2,45.5,9.19,100.0,0.1,38.0,0.0,0.0,1.35,46.38,10.38,38.46,1.56,52.33,9.49,33.33,0.0,42.76,544.0
13635,88,127,1144,0.61,39.67,16.41,44.35,19.61,35.66,32.5,3.51,0.17,65.0,12.72,0.0,92.08,39.32,16.31,35.91,0.7,47.12,17.41,12.5,0.08,49.0,0.0,0.0,2.28,39.61,16.62,34.61,1.14,43.61,11.92,38.46,0.0,35.0,434.0
13636,88,unclear,1380,1.15,40.81,13.03,44.65,14.6,41.52,40.0,2.56,0.0,0.0,0.0,0.0,94.35,40.63,12.83,41.8,0.21,29.66,10.06,0.0,0.43,52.66,11.03,33.33,1.24,39.94,13.2,47.05,1.17,41.68,21.06,37.5,,,
13637,88,unclear,1301,0.84,39.58,13.49,36.82,12.87,41.58,46.55,4.49,0.0,0.0,0.0,0.0,93.1,39.5,13.38,41.13,0.46,46.0,22.44,50.0,0.07,57.0,0.0,0.0,0.77,41.0,9.62,20.0,1.08,52.57,16.18,50.0,,,
13638,88,133,876,0.45,43.89,18.87,43.9,20.69,44.74,71.42,2.4,0.22,60.0,0.0,50.0,93.11,43.75,18.9,44.82,1.14,38.2,15.56,50.0,0.11,53.0,0.0,0.0,1.83,45.62,14.55,37.5,1.14,56.4,17.92,10.0,0.0,43.95,483.0
13639,88,136,1125,0.97,44.55,18.22,45.42,13.61,41.86,47.36,1.7,0.44,41.2,25.11,60.0,92.81,44.49,18.32,41.58,1.25,45.71,13.17,57.14,0.08,32.0,0.0,0.0,1.97,40.31,13.95,36.36,1.7,54.52,21.22,26.31,0.0,32.63,628.0
13640,88,139,744,0.26,38.87,17.33,34.27,17.83,44.08,31.81,2.96,0.13,33.0,0.0,0.0,93.12,38.96,17.26,44.71,1.07,31.62,14.14,62.5,0.0,0.0,0.0,0.0,1.75,41.61,18.19,30.76,0.94,41.14,23.9,42.85,0.0,29.87,344.0
13641,88,140,881,0.22,42.47,18.34,31.06,11.84,44.94,46.66,1.7,0.11,30.0,0.0,100.0,93.06,42.25,18.14,44.86,1.25,44.18,13.14,72.72,0.11,22.0,0.0,0.0,1.93,47.76,17.05,35.29,1.82,61.37,25.31,43.75,0.0,30.79,433.0
13642,88,unclear,1397,1.36,39.33,13.34,41.41,13.88,42.51,60.86,3.33,0.0,0.0,0.0,0.0,92.74,38.93,13.08,41.78,0.65,36.77,8.65,66.66,0.36,40.0,15.54,0.0,0.94,51.46,15.37,30.76,1.95,45.11,18.01,48.14,,,
13643,88,146,1276,0.39,39.58,14.93,37.27,14.98,40.2,27.77,1.41,0.15,60.0,24.04,0.0,95.12,39.57,14.95,40.86,0.78,36.2,8.77,30.0,0.07,54.0,0.0,0.0,1.33,38.88,19.29,23.52,1.1,40.21,11.64,42.85,0.0,18.04,411.0
13644,88,147,1107,0.63,39.86,17.11,36.92,20.81,38.12,36.0,2.27,0.27,50.66,21.73,0.0,93.18,39.69,16.89,38.14,1.0,40.72,18.03,72.72,0.09,25.0,0.0,100.0,1.54,48.0,18.29,35.29,1.63,41.16,18.63,27.77,0.0,24.12,427.0
13645,88,150,823,0.72,44.1,17.2,43.57,17.91,37.91,37.77,5.5,1.1,48.22,12.88,44.44,89.22,44.13,16.92,37.86,1.1,35.55,19.53,55.55,0.12,50.0,0.0,100.0,1.59,45.07,22.87,38.46,1.34,42.09,28.34,27.27,0.0,26.97,429.0
13646,88,152,973,0.61,44.68,17.75,50.45,16.38,37.82,50.0,2.06,0.1,58.0,0.0,100.0,92.03,44.55,17.69,37.97,2.58,37.64,17.19,36.0,0.31,61.0,14.17,0.0,1.34,42.69,16.91,30.76,1.55,47.33,21.6,26.66,0.0,32.75,503.0
13647,88,153,1336,0.44,41.0,17.15,42.39,13.8,43.26,56.52,1.72,0.0,0.0,0.0,0.0,92.93,40.77,17.26,43.04,2.93,37.74,11.97,46.15,0.3,53.75,8.65,0.0,1.27,47.58,18.8,35.29,0.82,50.36,17.99,54.54,0.0,26.87,531.0
13648,88,154,1199,0.75,41.55,17.17,46.17,16.23,41.7,35.29,1.42,0.16,68.5,2.12,50.0,92.6,41.63,17.1,42.19,2.77,33.87,16.25,42.42,0.08,28.0,0.0,0.0,1.76,42.28,10.88,33.33,1.17,42.07,25.55,28.57,0.0,27.55,379.0
13649,88,155,1130,0.44,43.23,18.44,41.77,15.31,44.15,38.88,3.2,0.17,21.0,29.69,50.0,92.0,43.4,18.31,44.25,2.04,39.13,23.39,69.56,0.0,0.0,0.0,0.0,1.68,42.0,19.16,26.31,0.88,41.4,23.86,20.0,0.0,30.54,484.0
13650,88,158,1122,0.53,45.34,18.81,51.5,15.96,42.51,100.0,0.35,0.0,0.0,0.0,0.0,95.78,45.03,18.7,41.9,1.7,45.78,21.15,63.15,0.0,0.0,0.0,0.0,1.25,49.21,21.34,28.57,0.89,62.8,21.04,70.0,0.0,32.77,595.0
13651,88,159,1154,1.03,41.34,16.9,46.12,16.13,38.12,39.74,6.83,1.05,51.25,25.74,25.0,87.3,40.54,16.54,37.81,0.78,35.77,10.29,44.44,0.52,48.33,5.95,83.33,1.22,38.35,20.8,21.42,2.27,54.88,15.03,34.61,0.0,25.59,513.0
13652,88,161,1197,0.91,41.26,17.48,40.33,13.63,39.09,50.0,3.03,0.0,0.0,0.0,0.0,92.49,41.05,17.6,38.46,1.18,45.21,19.81,42.85,0.16,46.5,14.84,50.0,1.93,44.6,19.97,39.13,1.18,48.78,16.55,42.85,0.0,23.85,541.0
13653,88,163,1319,1.44,39.8,16.68,39.6,15.95,39.95,40.82,39.0,0.3,43.25,23.2,50.0,56.07,40.02,17.08,39.64,0.69,29.44,18.2,44.44,0.84,34.63,16.7,45.45,1.0,35.07,14.16,23.07,2.07,43.18,17.63,40.74,0.0,25.98,606.0
13654,88,167,1035,1.25,41.89,16.72,42.67,15.91,40.38,41.3,4.5,0.0,0.0,0.0,0.0,90.41,41.78,16.74,40.25,0.48,37.2,21.85,80.0,0.29,42.33,3.78,33.33,2.64,40.66,16.07,48.14,1.66,47.35,14.08,29.41,0.0,31.99,565.0
13655,88,unclear,1328,0.9,38.76,12.91,34.78,11.71,40.43,38.46,3.95,0.0,0.0,0.0,0.0,94.22,38.84,12.88,40.64,0.53,35.71,10.59,28.57,0.0,0.0,0.0,0.0,0.6,46.0,17.0,50.0,0.68,39.11,14.1,44.44,,,
13656,88,unclear,1193,0.83,39.95,12.94,36.26,9.75,42.66,46.93,4.14,0.0,0.0,0.0,0.0,92.98,40.08,13.09,42.27,0.5,34.5,6.8,66.66,0.42,42.2,15.41,0.0,0.76,42.22,5.8,55.55,1.18,40.64,15.5,50.0,,,
13657,88,177,694,0.72,38.06,16.51,38.13,17.38,43.08,45.56,22.93,0.58,56.5,9.11,25.0,72.42,37.63,15.77,42.68,0.87,23.33,13.1,50.0,1.01,58.0,14.69,28.57,1.16,35.75,21.41,37.5,1.01,54.14,12.34,42.85,0.0,64.57,176.0
13658,88,178,1155,0.6,40.49,17.46,38.2,17.81,40.08,44.11,2.96,0.34,41.5,8.42,50.0,89.98,40.64,17.19,40.75,1.82,40.14,12.75,38.09,0.26,49.66,12.42,66.66,3.65,35.85,23.33,16.66,0.95,52.09,21.31,45.45,0.0,27.85,528.0
13659,88,179,1288,1.16,41.28,17.36,36.47,13.37,42.54,33.8,5.57,0.31,53.5,19.95,75.0,87.5,41.48,17.34,43.62,1.49,34.26,13.44,52.63,0.0,0.0,0.0,0.0,2.43,39.25,18.85,25.8,2.59,46.39,20.18,33.33,0.0,25.93,618.0
13660,88,182,1045,1.24,41.83,17.48,37.7,17.79,42.1,41.66,5.81,0.09,28.0,0.0,100.0,88.75,41.93,17.3,41.37,1.06,29.27,13.28,54.54,0.19,52.0,7.07,0.0,2.32,40.54,22.75,50.0,1.74,49.16,13.22,44.44,0.0,27.88,553.0
13661,88,188,971,1.02,36.8,16.67,36.6,20.45,40.16,52.17,2.39,0.31,46.0,20.51,33.33,91.36,36.48,16.57,39.74,0.93,32.66,10.85,66.66,0.1,48.0,0.0,0.0,3.43,43.03,13.38,30.3,1.45,33.57,23.34,42.85,0.0,17.43,291.0
13662,88,189,1382,0.86,37.2,15.95,37.36,13.2,35.81,31.81,4.81,0.21,24.33,24.0,0.0,90.87,37.2,15.93,36.78,0.94,35.23,14.69,46.15,0.21,31.66,10.26,33.33,1.75,34.62,17.84,16.66,1.16,44.68,22.24,0.0,0.0,24.31,530.0
13663,88,191,766,0.65,38.57,15.87,26.84,18.86,41.38,52.63,2.49,0.39,71.0,10.81,66.66,93.03,38.48,15.38,41.38,0.91,29.57,6.99,57.14,0.13,0.0,0.0,0.0,2.1,47.75,11.3,25.0,0.91,48.85,27.87,42.85,0.0,50.51,289.0
13664,88,unclear,1271,1.49,38.86,12.78,39.93,14.32,41.62,54.68,5.11,0.0,0.0,0.0,0.0,91.69,38.59,12.54,40.76,0.71,40.22,14.85,77.77,0.15,29.5,13.43,0.0,0.87,44.27,19.22,27.27,1.43,42.72,14.15,38.88,,,
13665,88,unclear,1431,1.74,40.71,13.84,38.61,13.44,40.6,44.04,5.97,0.0,0.0,0.0,0.0,88.4,40.56,13.89,39.5,0.71,33.2,9.4,60.0,0.14,39.5,17.67,100.0,2.06,45.58,8.62,34.48,2.7,45.26,14.7,55.26,,,
13666,88,202,1367,0.73,38.68,17.47,37.98,18.89,39.42,43.52,6.26,0.29,42.75,31.47,25.0,87.47,38.65,17.03,39.09,0.73,32.7,19.69,70.0,0.29,43.0,6.37,25.0,2.5,37.41,20.29,29.41,2.43,43.6,22.15,42.42,0.0,26.97,625.0
13667,88,203,1047,0.85,38.27,16.13,35.94,16.19,36.86,41.81,10.59,0.28,36.33,8.5,66.66,83.23,38.51,15.6,35.99,1.15,37.33,12.6,33.33,0.48,20.39,21.65,20.0,2.4,38.36,23.06,40.0,1.83,36.84,21.0,42.1,0.0,15.29,308.0
13668,88,unclear,1426,1.68,40.77,13.87,41.02,13.16,41.65,42.69,12.69,0.0,0.0,0.0,0.0,82.38,40.4,13.99,40.95,0.92,37.0,6.35,61.53,0.28,56.5,14.79,25.0,0.99,41.64,12.94,35.71,2.71,46.28,12.36,55.26,,,
13669,88,unclear,1390,1.22,39.47,13.0,37.79,11.62,42.73,50.0,7.13,0.0,0.0,0.0,0.0,88.56,39.37,12.9,42.18,0.29,31.5,6.35,50.0,0.5,39.14,5.27,42.85,1.16,37.5,10.41,31.25,2.33,46.53,16.29,53.12,,,
13670,88,unclear,1041,1.34,42.19,13.47,38.08,12.85,42.65,37.14,3.4,0.0,0.0,0.0,0.0,93.47,42.12,13.39,42.08,0.58,45.0,15.89,83.33,0.0,0.0,0.0,0.0,0.97,47.4,16.85,50.0,1.55,43.18,16.12,50.0,,,
13671,88,210,1310,0.15,39.63,16.59,33.51,13.27,38.16,31.42,2.67,0.0,0.0,0.0,0.0,93.34,39.74,16.7,38.65,0.99,37.38,10.21,76.92,0.0,0.0,0.0,0.0,1.98,39.46,18.04,19.23,0.99,48.0,13.83,15.38,0.0,24.32,521.0
13672,88,212,793,1.26,40.33,17.38,34.65,17.89,39.34,40.38,6.64,0.38,46.33,10.06,66.66,89.01,40.45,17.27,39.02,0.63,36.2,7.08,100.0,0.0,0.0,0.0,0.0,1.78,46.5,16.79,35.71,1.53,50.75,17.14,16.66,0.0,55.54,328.0
13673,88,213,893,0.55,40.25,17.18,39.36,18.44,40.31,51.06,5.29,0.0,0.0,0.0,0.0,90.65,40.29,17.11,40.24,0.9,35.75,15.68,50.0,0.45,29.75,22.96,0.0,0.9,43.25,20.74,50.0,1.8,40.12,16.06,18.75,0.0,50.66,396.0
13674,88,1,1219,0.82,41.98,18.13,36.52,17.69,41.26,48.64,6.12,0.57,44.14,19.1,71.42,88.99,42.18,17.9,40.42,0.57,47.71,26.23,71.42,0.08,58.0,0.0,0.0,1.32,40.93,19.58,50.0,2.31,43.92,22.81,39.28,0.0,0.0,558.0
13675,88,2,0,0.0,0.0,0.0,0.0,0.0,0.0,0.0,0.0,0.0,0.0,0.0,0.0,0.0,0.0,0.0,0.0,0.0,0.0,0.0,0.0,0.0,0.0,0.0,0.0,0.0,0.0,0.0,0.0,0.0,0.0,0.0,0.0,0.0,0.0,0.0
13676,88,3,947,0.31,40.8,18.44,38.9,14.14,42.34,44.0,7.94,0.84,49.37,29.88,25.0,87.39,40.95,18.69,41.93,0.42,33.25,8.65,75.0,0.21,54.5,10.6,0.0,1.16,42.72,19.4,45.45,2.01,34.47,17.47,47.36,0.0,0.0,393.0
13677,88,10,0,0.0,0.0,0.0,0.0,0.0,0.0,0.0,0.0,0.0,0.0,0.0,0.0,0.0,0.0,0.0,0.0,0.0,0.0,0.0,0.0,0.0,0.0,0.0,0.0,0.0,0.0,0.0,0.0,0.0,0.0,0.0,0.0,0.0,0.0,0.0
13678,88,14,0,0.0,0.0,0.0,0.0,0.0,0.0,0.0,0.0,0.0,0.0,0.0,0.0,0.0,0.0,0.0,0.0,0.0,0.0,0.0,0.0,0.0,0.0,0.0,0.0,0.0,0.0,0.0,0.0,0.0,0.0,0.0,0.0,0.0,0.0,0.0
13679,88,30,0,0.0,0.0,0.0,0.0,0.0,0.0,0.0,0.0,0.0,0.0,0.0,0.0,0.0,0.0,0.0,0.0,0.0,0.0,0.0,0.0,0.0,0.0,0.0,0.0,0.0,0.0,0.0,0.0,0.0,0.0,0.0,0.0,0.0,0.0,0.0
13680,88,32,0,0.0,0.0,0.0,0.0,0.0,0.0,0.0,0.0,0.0,0.0,0.0,0.0,0.0,0.0,0.0,0.0,0.0,0.0,0.0,0.0,0.0,0.0,0.0,0.0,0.0,0.0,0.0,0.0,0.0,0.0,0.0,0.0,0.0,0.0,0.0
13681,88,33,0,0.0,0.0,0.0,0.0,0.0,0.0,0.0,0.0,0.0,0.0,0.0,0.0,0.0,0.0,0.0,0.0,0.0,0.0,0.0,0.0,0.0,0.0,0.0,0.0,0.0,0.0,0.0,0.0,0.0,0.0,0.0,0.0,0.0,0.0,0.0
13682,88,37,1095,0.82,41.24,16.88,34.71,16.3,34.7,35.55,4.14,0.27,44.33,4.72,0.0,89.87,41.5,16.81,34.73,1.01,39.54,11.75,45.45,0.27,42.33,2.08,0.0,2.2,44.0,20.22,50.0,2.2,36.0,19.66,20.83,0.0,0.0,486.0
13683,88,38,0,0.0,0.0,0.0,0.0,0.0,0.0,0.0,0.0,0.0,0.0,0.0,0.0,0.0,0.0,0.0,0.0,0.0,0.0,0.0,0.0,0.0,0.0,0.0,0.0,0.0,0.0,0.0,0.0,0.0,0.0,0.0,0.0,0.0,0.0,0.0
13684,88,39,0,0.0,0.0,0.0,0.0,0.0,0.0,0.0,0.0,0.0,0.0,0.0,0.0,0.0,0.0,0.0,0.0,0.0,0.0,0.0,0.0,0.0,0.0,0.0,0.0,0.0,0.0,0.0,0.0,0.0,0.0,0.0,0.0,0.0,0.0,0.0
13685,88,41,1352,1.1,42.32,16.87,41.91,16.81,30.39,33.33,3.36,0.22,37.66,4.5,0.0,91.54,42.23,16.51,30.14,0.97,41.0,21.59,38.46,0.67,48.0,14.19,11.11,1.57,45.38,20.97,28.57,1.64,45.45,25.94,36.36,0.0,0.0,678.0
13686,88,42,1363,1.1,40.99,17.58,39.28,14.14,38.66,39.28,2.07,1.11,38.13,19.47,40.0,92.72,41.06,17.63,38.08,1.11,40.66,17.86,53.33,0.07,56.0,0.0,100.0,1.48,36.54,20.62,40.0,1.4,46.94,13.93,63.15,0.0,0.0,537.0
13687,88,44,0,0.0,0.0,0.0,0.0,0.0,0.0,0.0,0.0,0.0,0.0,0.0,0.0,0.0,0.0,0.0,0.0,0.0,0.0,0.0,0.0,0.0,0.0,0.0,0.0,0.0,0.0,0.0,0.0,0.0,0.0,0.0,0.0,0.0,0.0,0.0
13688,88,45,998,0.8,42.45,18.34,38.9,16.84,39.17,43.18,4.44,0.0,0.0,0.0,0.0,91.31,42.47,18.39,38.6,0.3,39.66,13.01,0.0,0.3,45.33,21.38,66.66,1.61,39.43,15.05,56.25,2.02,50.5,22.64,45.0,0.0,0.0,405.0
13689,88,49,0,0.0,0.0,0.0,0.0,0.0,0.0,0.0,0.0,0.0,0.0,0.0,0.0,0.0,0.0,0.0,0.0,0.0,0.0,0.0,0.0,0.0,0.0,0.0,0.0,0.0,0.0,0.0,0.0,0.0,0.0,0.0,0.0,0.0,0.0,0.0
13690,88,50,0,0.0,0.0,0.0,0.0,0.0,0.0,0.0,0.0,0.0,0.0,0.0,0.0,0.0,0.0,0.0,0.0,0.0,0.0,0.0,0.0,0.0,0.0,0.0,0.0,0.0,0.0,0.0,0.0,0.0,0.0,0.0,0.0,0.0,0.0,0.0
13691,88,51,0,0.0,0.0,0.0,0.0,0.0,0.0,0.0,0.0,0.0,0.0,0.0,0.0,0.0,0.0,0.0,0.0,0.0,0.0,0.0,0.0,0.0,0.0,0.0,0.0,0.0,0.0,0.0,0.0,0.0,0.0,0.0,0.0,0.0,0.0,0.0
13692,88,52,0,0.0,0.0,0.0,0.0,0.0,0.0,0.0,0.0,0.0,0.0,0.0,0.0,0.0,0.0,0.0,0.0,0.0,0.0,0.0,0.0,0.0,0.0,0.0,0.0,0.0,0.0,0.0,0.0,0.0,0.0,0.0,0.0,0.0,0.0,0.0
13693,88,53,1258,0.23,44.98,18.84,44.17,19.91,41.25,34.48,2.31,0.15,61.0,7.07,100.0,91.63,44.95,18.85,40.86,1.43,50.44,20.72,44.44,0.15,36.0,50.91,50.0,2.7,43.73,14.51,55.88,1.59,44.45,20.72,35.0,0.0,0.0,708.0
13694,88,54,1301,0.53,40.2,16.97,41.47,18.4,41.27,36.36,3.4,0.07,45.0,0.0,0.0,91.26,39.93,16.82,41.06,1.31,39.35,12.44,41.17,0.46,19.5,21.44,0.0,2.24,47.37,17.24,68.96,1.23,50.56,18.89,31.25,0.0,0.0,500.0
13695,88,55,0,0.0,0.0,0.0,0.0,0.0,0.0,0.0,0.0,0.0,0.0,0.0,0.0,0.0,0.0,0.0,0.0,0.0,0.0,0.0,0.0,0.0,0.0,0.0,0.0,0.0,0.0,0.0,0.0,0.0,0.0,0.0,0.0,0.0,0.0,0.0
13696,88,59,0,0.0,0.0,0.0,0.0,0.0,0.0,0.0,0.0,0.0,0.0,0.0,0.0,0.0,0.0,0.0,0.0,0.0,0.0,0.0,0.0,0.0,0.0,0.0,0.0,0.0,0.0,0.0,0.0,0.0,0.0,0.0,0.0,0.0,0.0,0.0
13697,88,62,0,0.0,0.0,0.0,0.0,0.0,0.0,0.0,0.0,0.0,0.0,0.0,0.0,0.0,0.0,0.0,0.0,0.0,0.0,0.0,0.0,0.0,0.0,0.0,0.0,0.0,0.0,0.0,0.0,0.0,0.0,0.0,0.0,0.0,0.0,0.0
13698,88,67,0,0.0,0.0,0.0,0.0,0.0,0.0,0.0,0.0,0.0,0.0,0.0,0.0,0.0,0.0,0.0,0.0,0.0,0.0,0.0,0.0,0.0,0.0,0.0,0.0,0.0,0.0,0.0,0.0,0.0,0.0,0.0,0.0,0.0,0.0,0.0
13699,88,68,0,0.0,0.0,0.0,0.0,0.0,0.0,0.0,0.0,0.0,0.0,0.0,0.0,0.0,0.0,0.0,0.0,0.0,0.0,0.0,0.0,0.0,0.0,0.0,0.0,0.0,0.0,0.0,0.0,0.0,0.0,0.0,0.0,0.0,0.0,0.0
13700,88,71,0,0.0,0.0,0.0,0.0,0.0,0.0,0.0,0.0,0.0,0.0,0.0,0.0,0.0,0.0,0.0,0.0,0.0,0.0,0.0,0.0,0.0,0.0,0.0,0.0,0.0,0.0,0.0,0.0,0.0,0.0,0.0,0.0,0.0,0.0,0.0
13701,88,75,0,0.0,0.0,0.0,0.0,0.0,0.0,0.0,0.0,0.0,0.0,0.0,0.0,0.0,0.0,0.0,0.0,0.0,0.0,0.0,0.0,0.0,0.0,0.0,0.0,0.0,0.0,0.0,0.0,0.0,0.0,0.0,0.0,0.0,0.0,0.0
13702,88,76,0,0.0,0.0,0.0,0.0,0.0,0.0,0.0,0.0,0.0,0.0,0.0,0.0,0.0,0.0,0.0,0.0,0.0,0.0,0.0,0.0,0.0,0.0,0.0,0.0,0.0,0.0,0.0,0.0,0.0,0.0,0.0,0.0,0.0,0.0,0.0
13703,88,77,1198,0.33,45.32,18.31,46.11,15.06,43.98,33.33,2.26,0.25,71.66,10.78,100.0,92.37,45.21,18.35,44.06,2.76,41.18,16.58,51.51,0.25,39.0,11.26,66.66,1.17,44.57,19.2,50.0,0.92,58.45,20.08,27.27,0.0,0.0,542.0
13704,88,78,0,0.0,0.0,0.0,0.0,0.0,0.0,0.0,0.0,0.0,0.0,0.0,0.0,0.0,0.0,0.0,0.0,0.0,0.0,0.0,0.0,0.0,0.0,0.0,0.0,0.0,0.0,0.0,0.0,0.0,0.0,0.0,0.0,0.0,0.0,0.0
13705,88,83,0,0.0,0.0,0.0,0.0,0.0,0.0,0.0,0.0,0.0,0.0,0.0,0.0,0.0,0.0,0.0,0.0,0.0,0.0,0.0,0.0,0.0,0.0,0.0,0.0,0.0,0.0,0.0,0.0,0.0,0.0,0.0,0.0,0.0,0.0,0.0
13706,88,84,0,0.0,0.0,0.0,0.0,0.0,0.0,0.0,0.0,0.0,0.0,0.0,0.0,0.0,0.0,0.0,0.0,0.0,0.0,0.0,0.0,0.0,0.0,0.0,0.0,0.0,0.0,0.0,0.0,0.0,0.0,0.0,0.0,0.0,0.0,0.0
13707,88,87,1261,0.47,41.36,16.9,38.3,11.37,42.18,46.15,1.03,0.23,55.0,24.87,66.66,94.5,41.2,16.79,42.07,0.95,40.41,17.72,66.66,0.0,0.0,0.0,0.0,1.75,42.04,18.79,40.9,1.51,47.94,22.37,36.84,0.0,0.0,597.0
13708,88,89,0,0.0,0.0,0.0,0.0,0.0,0.0,0.0,0.0,0.0,0.0,0.0,0.0,0.0,0.0,0.0,0.0,0.0,0.0,0.0,0.0,0.0,0.0,0.0,0.0,0.0,0.0,0.0,0.0,0.0,0.0,0.0,0.0,0.0,0.0,0.0
13709,88,94,0,0.0,0.0,0.0,0.0,0.0,0.0,0.0,0.0,0.0,0.0,0.0,0.0,0.0,0.0,0.0,0.0,0.0,0.0,0.0,0.0,0.0,0.0,0.0,0.0,0.0,0.0,0.0,0.0,0.0,0.0,0.0,0.0,0.0,0.0,0.0
13710,88,96,0,0.0,0.0,0.0,0.0,0.0,0.0,0.0,0.0,0.0,0.0,0.0,0.0,0.0,0.0,0.0,0.0,0.0,0.0,0.0,0.0,0.0,0.0,0.0,0.0,0.0,0.0,0.0,0.0,0.0,0.0,0.0,0.0,0.0,0.0,0.0
13711,88,97,1342,0.44,41.57,17.57,38.97,16.87,40.31,42.1,5.68,0.14,50.5,4.94,0.0,91.01,41.57,17.47,40.21,0.59,49.25,15.01,62.5,0.22,34.0,33.51,33.33,1.12,45.13,25.33,53.33,1.19,43.43,21.71,25.0,0.0,0.0,614.0
13712,88,100,0,0.0,0.0,0.0,0.0,0.0,0.0,0.0,0.0,0.0,0.0,0.0,0.0,0.0,0.0,0.0,0.0,0.0,0.0,0.0,0.0,0.0,0.0,0.0,0.0,0.0,0.0,0.0,0.0,0.0,0.0,0.0,0.0,0.0,0.0,0.0
13713,88,101,0,0.0,0.0,0.0,0.0,0.0,0.0,0.0,0.0,0.0,0.0,0.0,0.0,0.0,0.0,0.0,0.0,0.0,0.0,0.0,0.0,0.0,0.0,0.0,0.0,0.0,0.0,0.0,0.0,0.0,0.0,0.0,0.0,0.0,0.0,0.0
13714,88,107,0,0.0,0.0,0.0,0.0,0.0,0.0,0.0,0.0,0.0,0.0,0.0,0.0,0.0,0.0,0.0,0.0,0.0,0.0,0.0,0.0,0.0,0.0,0.0,0.0,0.0,0.0,0.0,0.0,0.0,0.0,0.0,0.0,0.0,0.0,0.0
13715,88,115,0,0.0,0.0,0.0,0.0,0.0,0.0,0.0,0.0,0.0,0.0,0.0,0.0,0.0,0.0,0.0,0.0,0.0,0.0,0.0,0.0,0.0,0.0,0.0,0.0,0.0,0.0,0.0,0.0,0.0,0.0,0.0,0.0,0.0,0.0,0.0
13716,88,119,0,0.0,0.0,0.0,0.0,0.0,0.0,0.0,0.0,0.0,0.0,0.0,0.0,0.0,0.0,0.0,0.0,0.0,0.0,0.0,0.0,0.0,0.0,0.0,0.0,0.0,0.0,0.0,0.0,0.0,0.0,0.0,0.0,0.0,0.0,0.0
13717,88,123,1134,0.44,40.68,17.97,42.62,14.37,38.35,50.0,0.7,0.0,0.0,0.0,0.0,95.03,40.61,17.98,38.76,0.62,35.42,19.17,42.85,0.08,43.0,0.0,0.0,1.68,39.52,22.18,21.05,1.86,46.38,16.16,33.33,0.0,0.0,490.0
13718,88,124,0,0.0,0.0,0.0,0.0,0.0,0.0,0.0,0.0,0.0,0.0,0.0,0.0,0.0,0.0,0.0,0.0,0.0,0.0,0.0,0.0,0.0,0.0,0.0,0.0,0.0,0.0,0.0,0.0,0.0,0.0,0.0,0.0,0.0,0.0,0.0
13719,88,126,0,0.0,0.0,0.0,0.0,0.0,0.0,0.0,0.0,0.0,0.0,0.0,0.0,0.0,0.0,0.0,0.0,0.0,0.0,0.0,0.0,0.0,0.0,0.0,0.0,0.0,0.0,0.0,0.0,0.0,0.0,0.0,0.0,0.0,0.0,0.0
13720,88,128,0,0.0,0.0,0.0,0.0,0.0,0.0,0.0,0.0,0.0,0.0,0.0,0.0,0.0,0.0,0.0,0.0,0.0,0.0,0.0,0.0,0.0,0.0,0.0,0.0,0.0,0.0,0.0,0.0,0.0,0.0,0.0,0.0,0.0,0.0,0.0
13721,88,134,927,0.75,37.48,15.95,34.25,14.98,43.04,40.0,2.17,0.32,38.33,15.27,33.33,94.13,37.54,15.93,42.6,0.54,35.0,7.07,80.0,0.1,20.0,0.0,100.0,1.3,34.83,20.13,58.33,1.41,39.15,21.3,30.76,0.0,0.0,280.0
13722,88,135,0,0.0,0.0,0.0,0.0,0.0,0.0,0.0,0.0,0.0,0.0,0.0,0.0,0.0,0.0,0.0,0.0,0.0,0.0,0.0,0.0,0.0,0.0,0.0,0.0,0.0,0.0,0.0,0.0,0.0,0.0,0.0,0.0,0.0,0.0,0.0
13723,88,138,0,0.0,0.0,0.0,0.0,0.0,0.0,0.0,0.0,0.0,0.0,0.0,0.0,0.0,0.0,0.0,0.0,0.0,0.0,0.0,0.0,0.0,0.0,0.0,0.0,0.0,0.0,0.0,0.0,0.0,0.0,0.0,0.0,0.0,0.0,0.0
13724,88,141,0,0.0,0.0,0.0,0.0,0.0,0.0,0.0,0.0,0.0,0.0,0.0,0.0,0.0,0.0,0.0,0.0,0.0,0.0,0.0,0.0,0.0,0.0,0.0,0.0,0.0,0.0,0.0,0.0,0.0,0.0,0.0,0.0,0.0,0.0,0.0
13725,88,142,0,0.0,0.0,0.0,0.0,0.0,0.0,0.0,0.0,0.0,0.0,0.0,0.0,0.0,0.0,0.0,0.0,0.0,0.0,0.0,0.0,0.0,0.0,0.0,0.0,0.0,0.0,0.0,0.0,0.0,0.0,0.0,0.0,0.0,0.0,0.0
13726,88,143,0,0.0,0.0,0.0,0.0,0.0,0.0,0.0,0.0,0.0,0.0,0.0,0.0,0.0,0.0,0.0,0.0,0.0,0.0,0.0,0.0,0.0,0.0,0.0,0.0,0.0,0.0,0.0,0.0,0.0,0.0,0.0,0.0,0.0,0.0,0.0
13727,88,148,0,0.0,0.0,0.0,0.0,0.0,0.0,0.0,0.0,0.0,0.0,0.0,0.0,0.0,0.0,0.0,0.0,0.0,0.0,0.0,0.0,0.0,0.0,0.0,0.0,0.0,0.0,0.0,0.0,0.0,0.0,0.0,0.0,0.0,0.0,0.0
13728,88,149,1141,0.52,40.54,18.23,42.6,16.55,36.54,32.0,2.2,0.52,51.33,7.5,33.33,92.59,40.18,18.24,36.72,1.05,52.25,9.49,58.33,0.26,58.66,4.5,0.0,1.49,40.76,19.79,52.94,1.85,46.14,19.38,14.28,0.0,0.0,516.0
13729,88,151,0,0.0,0.0,0.0,0.0,0.0,0.0,0.0,0.0,0.0,0.0,0.0,0.0,0.0,0.0,0.0,0.0,0.0,0.0,0.0,0.0,0.0,0.0,0.0,0.0,0.0,0.0,0.0,0.0,0.0,0.0,0.0,0.0,0.0,0.0,0.0
13730,88,156,0,0.0,0.0,0.0,0.0,0.0,0.0,0.0,0.0,0.0,0.0,0.0,0.0,0.0,0.0,0.0,0.0,0.0,0.0,0.0,0.0,0.0,0.0,0.0,0.0,0.0,0.0,0.0,0.0,0.0,0.0,0.0,0.0,0.0,0.0,0.0
13731,88,157,0,0.0,0.0,0.0,0.0,0.0,0.0,0.0,0.0,0.0,0.0,0.0,0.0,0.0,0.0,0.0,0.0,0.0,0.0,0.0,0.0,0.0,0.0,0.0,0.0,0.0,0.0,0.0,0.0,0.0,0.0,0.0,0.0,0.0,0.0,0.0
13732,88,160,0,0.0,0.0,0.0,0.0,0.0,0.0,0.0,0.0,0.0,0.0,0.0,0.0,0.0,0.0,0.0,0.0,0.0,0.0,0.0,0.0,0.0,0.0,0.0,0.0,0.0,0.0,0.0,0.0,0.0,0.0,0.0,0.0,0.0,0.0,0.0
13733,88,162,0,0.0,0.0,0.0,0.0,0.0,0.0,0.0,0.0,0.0,0.0,0.0,0.0,0.0,0.0,0.0,0.0,0.0,0.0,0.0,0.0,0.0,0.0,0.0,0.0,0.0,0.0,0.0,0.0,0.0,0.0,0.0,0.0,0.0,0.0,0.0
13734,88,164,1087,0.91,41.23,17.15,38.44,20.44,40.11,44.44,1.67,0.27,47.66,27.2,0.0,93.22,41.4,17.02,40.43,0.92,27.5,21.41,60.0,0.09,0.0,0.0,100.0,2.5,38.7,12.19,29.62,1.29,44.28,12.48,21.42,0.0,0.0,462.0
13735,88,165,1202,1.58,40.91,17.91,38.59,18.02,40.09,48.64,3.12,0.42,44.0,11.72,60.0,91.12,40.55,17.81,40.16,1.01,41.58,17.58,41.66,0.08,37.0,0.0,100.0,2.78,40.54,18.23,21.21,1.43,58.11,16.59,29.41,0.0,0.0,509.0
13736,88,166,0,0.0,0.0,0.0,0.0,0.0,0.0,0.0,0.0,0.0,0.0,0.0,0.0,0.0,0.0,0.0,0.0,0.0,0.0,0.0,0.0,0.0,0.0,0.0,0.0,0.0,0.0,0.0,0.0,0.0,0.0,0.0,0.0,0.0,0.0,0.0
13737,88,168,0,0.0,0.0,0.0,0.0,0.0,0.0,0.0,0.0,0.0,0.0,0.0,0.0,0.0,0.0,0.0,0.0,0.0,0.0,0.0,0.0,0.0,0.0,0.0,0.0,0.0,0.0,0.0,0.0,0.0,0.0,0.0,0.0,0.0,0.0,0.0
13738,88,173,0,0.0,0.0,0.0,0.0,0.0,0.0,0.0,0.0,0.0,0.0,0.0,0.0,0.0,0.0,0.0,0.0,0.0,0.0,0.0,0.0,0.0,0.0,0.0,0.0,0.0,0.0,0.0,0.0,0.0,0.0,0.0,0.0,0.0,0.0,0.0
13739,88,174,0,0.0,0.0,0.0,0.0,0.0,0.0,0.0,0.0,0.0,0.0,0.0,0.0,0.0,0.0,0.0,0.0,0.0,0.0,0.0,0.0,0.0,0.0,0.0,0.0,0.0,0.0,0.0,0.0,0.0,0.0,0.0,0.0,0.0,0.0,0.0
13740,88,175,0,0.0,0.0,0.0,0.0,0.0,0.0,0.0,0.0,0.0,0.0,0.0,0.0,0.0,0.0,0.0,0.0,0.0,0.0,0.0,0.0,0.0,0.0,0.0,0.0,0.0,0.0,0.0,0.0,0.0,0.0,0.0,0.0,0.0,0.0,0.0
13741,88,176,0,0.0,0.0,0.0,0.0,0.0,0.0,0.0,0.0,0.0,0.0,0.0,0.0,0.0,0.0,0.0,0.0,0.0,0.0,0.0,0.0,0.0,0.0,0.0,0.0,0.0,0.0,0.0,0.0,0.0,0.0,0.0,0.0,0.0,0.0,0.0
13742,88,180,0,0.0,0.0,0.0,0.0,0.0,0.0,0.0,0.0,0.0,0.0,0.0,0.0,0.0,0.0,0.0,0.0,0.0,0.0,0.0,0.0,0.0,0.0,0.0,0.0,0.0,0.0,0.0,0.0,0.0,0.0,0.0,0.0,0.0,0.0,0.0
13743,88,181,0,0.0,0.0,0.0,0.0,0.0,0.0,0.0,0.0,0.0,0.0,0.0,0.0,0.0,0.0,0.0,0.0,0.0,0.0,0.0,0.0,0.0,0.0,0.0,0.0,0.0,0.0,0.0,0.0,0.0,0.0,0.0,0.0,0.0,0.0,0.0
13744,88,183,0,0.0,0.0,0.0,0.0,0.0,0.0,0.0,0.0,0.0,0.0,0.0,0.0,0.0,0.0,0.0,0.0,0.0,0.0,0.0,0.0,0.0,0.0,0.0,0.0,0.0,0.0,0.0,0.0,0.0,0.0,0.0,0.0,0.0,0.0,0.0
13745,88,184,0,0.0,0.0,0.0,0.0,0.0,0.0,0.0,0.0,0.0,0.0,0.0,0.0,0.0,0.0,0.0,0.0,0.0,0.0,0.0,0.0,0.0,0.0,0.0,0.0,0.0,0.0,0.0,0.0,0.0,0.0,0.0,0.0,0.0,0.0,0.0
13746,88,185,0,0.0,0.0,0.0,0.0,0.0,0.0,0.0,0.0,0.0,0.0,0.0,0.0,0.0,0.0,0.0,0.0,0.0,0.0,0.0,0.0,0.0,0.0,0.0,0.0,0.0,0.0,0.0,0.0,0.0,0.0,0.0,0.0,0.0,0.0,0.0
13747,88,186,1310,0.91,39.34,16.55,39.71,15.43,39.54,38.59,4.39,0.15,24.0,33.94,0.0,89.83,39.16,16.47,39.87,1.3,38.0,23.39,41.17,0.15,29.5,41.71,0.0,2.23,41.55,18.19,31.03,1.92,44.72,14.43,40.0,0.0,0.0,565.0
13748,88,187,1244,0.96,37.44,16.66,37.36,18.18,38.34,30.76,4.22,0.48,37.66,9.0,33.33,90.25,37.1,16.52,39.11,0.97,32.91,21.43,33.33,0.32,43.5,13.32,25.0,2.35,39.17,10.99,13.79,1.37,52.05,17.46,52.94,0.0,0.0,493.0
13749,88,190,0,0.0,0.0,0.0,0.0,0.0,0.0,0.0,0.0,0.0,0.0,0.0,0.0,0.0,0.0,0.0,0.0,0.0,0.0,0.0,0.0,0.0,0.0,0.0,0.0,0.0,0.0,0.0,0.0,0.0,0.0,0.0,0.0,0.0,0.0,0.0
13750,88,192,0,0.0,0.0,0.0,0.0,0.0,0.0,0.0,0.0,0.0,0.0,0.0,0.0,0.0,0.0,0.0,0.0,0.0,0.0,0.0,0.0,0.0,0.0,0.0,0.0,0.0,0.0,0.0,0.0,0.0,0.0,0.0,0.0,0.0,0.0,0.0
13751,88,193,0,0.0,0.0,0.0,0.0,0.0,0.0,0.0,0.0,0.0,0.0,0.0,0.0,0.0,0.0,0.0,0.0,0.0,0.0,0.0,0.0,0.0,0.0,0.0,0.0,0.0,0.0,0.0,0.0,0.0,0.0,0.0,0.0,0.0,0.0,0.0
13752,88,196,0,0.0,0.0,0.0,0.0,0.0,0.0,0.0,0.0,0.0,0.0,0.0,0.0,0.0,0.0,0.0,0.0,0.0,0.0,0.0,0.0,0.0,0.0,0.0,0.0,0.0,0.0,0.0,0.0,0.0,0.0,0.0,0.0,0.0,0.0,0.0
13753,88,197,0,0.0,0.0,0.0,0.0,0.0,0.0,0.0,0.0,0.0,0.0,0.0,0.0,0.0,0.0,0.0,0.0,0.0,0.0,0.0,0.0,0.0,0.0,0.0,0.0,0.0,0.0,0.0,0.0,0.0,0.0,0.0,0.0,0.0,0.0,0.0
13754,88,198,0,0.0,0.0,0.0,0.0,0.0,0.0,0.0,0.0,0.0,0.0,0.0,0.0,0.0,0.0,0.0,0.0,0.0,0.0,0.0,0.0,0.0,0.0,0.0,0.0,0.0,0.0,0.0,0.0,0.0,0.0,0.0,0.0,0.0,0.0,0.0
13755,88,199,0,0.0,0.0,0.0,0.0,0.0,0.0,0.0,0.0,0.0,0.0,0.0,0.0,0.0,0.0,0.0,0.0,0.0,0.0,0.0,0.0,0.0,0.0,0.0,0.0,0.0,0.0,0.0,0.0,0.0,0.0,0.0,0.0,0.0,0.0,0.0
13756,88,211,0,0.0,0.0,0.0,0.0,0.0,0.0,0.0,0.0,0.0,0.0,0.0,0.0,0.0,0.0,0.0,0.0,0.0,0.0,0.0,0.0,0.0,0.0,0.0,0.0,0.0,0.0,0.0,0.0,0.0,0.0,0.0,0.0,0.0,0.0,0.0
13757,88,214,0,0.0,0.0,0.0,0.0,0.0,0.0,0.0,0.0,0.0,0.0,0.0,0.0,0.0,0.0,0.0,0.0,0.0,0.0,0.0,0.0,0.0,0.0,0.0,0.0,0.0,0.0,0.0,0.0,0.0,0.0,0.0,0.0,0.0,0.0,0.0
13758,89,unclear,1332,2.7,39.89,14.66,38.43,14.1,41.36,40.0,33.17,0.0,0.0,0.0,0.0,61.65,39.99,14.49,41.92,0.84,32.09,11.42,45.45,0.23,31.66,9.29,66.66,1.15,38.6,15.43,40.0,2.93,48.68,14.93,42.1,,,
13759,89,4,1056,1.13,41.22,18.12,37.76,16.86,41.76,42.17,14.08,1.62,47.0,19.31,41.17,78.16,41.51,18.18,40.93,1.14,45.58,19.61,66.66,0.38,39.5,8.02,50.0,2.01,37.04,19.19,28.57,2.58,47.4,18.23,62.96,0.0,21.31,491.0
13760,89,6,1123,1.33,42.78,18.61,38.46,17.33,39.98,45.75,13.8,1.62,41.5,20.58,33.33,77.34,43.38,18.67,38.85,1.26,35.85,14.76,57.14,0.27,39.66,22.14,33.33,2.07,38.91,15.03,21.73,3.61,50.42,21.62,50.0,0.0,21.13,599.0
13761,89,7,1323,0.6,41.38,17.06,41.86,18.68,37.41,40.86,7.07,1.21,49.43,11.28,50.0,84.86,40.94,17.0,37.09,1.36,43.5,15.94,38.88,0.38,31.2,23.91,40.0,2.88,43.05,13.13,31.57,2.2,50.44,13.87,37.93,0.0,20.3,587.0
13762,89,8,1395,0.43,41.67,17.35,40.26,18.47,40.14,37.38,15.98,1.0,53.07,11.85,42.85,78.04,41.62,17.16,40.49,0.93,44.46,15.31,69.23,0.5,47.42,15.02,28.57,1.29,44.11,17.58,27.77,2.08,43.0,19.13,51.72,0.0,21.49,626.0
13763,89,9,1241,1.45,40.36,16.83,38.77,15.7,44.88,44.1,50.61,2.2,43.29,14.03,66.66,42.51,41.27,17.66,44.8,0.73,38.22,23.98,55.55,1.14,37.92,15.2,57.14,1.14,51.42,18.44,50.0,1.63,55.5,17.79,35.0,0.0,29.4,504.0
13764,89,11,960,0.62,37.2,15.32,34.27,13.6,36.35,32.98,10.16,1.15,45.36,10.88,27.27,85.63,37.29,15.56,36.96,0.62,32.66,8.95,66.66,0.1,43.0,0.0,100.0,0.94,42.44,6.91,44.44,1.36,39.92,17.9,23.07,0.0,28.83,474.0
13765,89,12,1190,0.58,38.99,16.42,36.63,14.48,37.39,36.84,6.42,1.18,49.78,15.22,28.57,87.65,39.03,16.37,38.18,0.92,38.9,18.63,36.36,0.42,35.79,21.84,0.0,1.69,36.75,22.08,30.0,1.69,43.7,15.64,20.0,0.0,20.71,550.0
13766,89,15,1156,1.55,38.49,16.95,36.41,19.2,46.28,47.22,3.16,1.14,46.38,24.64,38.46,89.27,38.34,16.88,46.65,1.14,34.61,11.13,61.53,0.08,24.0,0.0,0.0,2.46,34.6,17.03,39.28,2.72,45.41,12.55,35.48,0.0,26.22,571.0
13767,89,17,1380,1.37,40.49,17.64,38.58,16.57,41.23,39.53,3.15,1.17,51.18,12.95,31.25,88.31,40.22,17.61,41.34,1.32,35.44,17.79,66.66,0.14,62.0,14.14,0.0,3.01,39.58,16.52,31.7,2.86,47.38,19.2,48.71,0.0,22.9,700.0
13768,89,18,1243,1.76,41.03,18.13,42.97,17.24,38.85,33.78,6.06,1.31,56.87,17.5,43.75,86.65,40.53,17.99,38.75,1.22,44.86,17.69,53.33,0.57,35.85,19.7,71.42,2.53,38.29,18.63,41.93,1.63,48.7,17.92,50.0,0.0,24.48,638.0
13769,89,unclear,1470,3.12,38.65,12.99,38.78,13.91,37.34,40.22,12.57,0.0,0.0,0.0,0.0,81.81,38.39,12.81,37.25,0.56,44.5,11.12,25.0,0.77,46.63,15.14,45.45,1.96,39.14,13.21,17.85,2.31,42.48,15.7,42.42,,,
13770,89,21,1062,2.82,41.65,16.31,42.78,14.5,34.27,37.62,9.78,2.71,52.75,12.77,28.57,79.74,40.5,16.47,33.53,1.06,43.0,17.89,36.36,0.77,41.75,21.75,25.0,3.0,42.9,15.09,41.93,2.9,48.26,16.83,40.0,0.0,26.55,549.0
13771,89,22,1402,1.78,40.72,18.14,37.37,15.74,41.51,44.15,5.59,1.59,54.36,15.23,50.0,86.34,40.3,18.06,41.21,1.08,43.4,15.57,53.33,0.21,12.33,21.36,66.66,2.97,41.39,16.63,39.02,2.17,49.96,17.61,40.0,0.0,27.43,627.0
13772,89,26,1318,0.68,38.89,17.34,34.53,18.28,40.66,48.05,5.88,0.45,40.83,10.02,33.33,87.54,39.09,17.12,39.52,0.76,43.3,11.73,80.0,0.38,49.8,18.61,40.0,3.66,36.5,17.9,58.33,1.29,41.82,24.62,23.52,0.0,24.38,561.0
13773,89,28,593,1.34,42.99,18.56,37.58,21.99,33.55,16.12,5.29,1.88,45.09,19.53,18.18,85.29,42.93,18.29,35.47,1.7,42.9,7.54,50.0,0.51,63.33,12.58,0.0,2.05,45.75,19.55,50.0,3.24,44.05,20.02,5.26,0.0,31.76,334.0
13774,89,33,581,1.72,42.22,17.98,35.08,24.28,44.4,58.33,2.1,1.05,46.0,15.47,16.66,85.28,42.05,17.66,45.79,2.1,34.5,20.28,41.66,0.17,37.0,0.0,100.0,6.65,42.47,14.77,26.31,2.62,48.4,16.66,53.33,0.0,62.24,167.0
13775,89,unclear,1190,1.34,39.9,13.1,39.22,13.11,46.63,55.55,3.83,0.0,0.0,0.0,0.0,89.43,39.67,12.86,45.61,1.87,40.68,12.76,54.54,0.25,56.33,31.97,66.66,1.61,37.0,13.14,57.89,2.98,42.65,15.26,51.42,,,
13776,89,unclear,1192,1.59,36.92,12.32,34.89,13.16,39.26,42.2,9.29,0.0,0.0,0.0,0.0,86.78,36.91,12.19,39.09,0.76,41.66,11.88,66.66,0.51,47.16,8.15,16.66,0.51,39.66,14.26,33.33,2.13,39.2,12.62,36.0,,,
13777,89,39,1073,1.11,42.52,16.96,44.65,17.05,40.26,37.59,12.53,1.13,45.5,15.73,50.0,81.43,41.76,16.91,40.39,1.22,39.69,12.91,92.3,0.56,48.66,6.5,66.66,1.97,49.38,18.95,33.33,1.13,47.5,21.41,25.0,0.0,39.3,391.0
13778,89,unclear,1328,0.82,36.58,12.58,36.59,12.46,40.88,60.65,4.63,0.0,0.0,0.0,0.0,90.73,36.38,12.53,39.66,0.68,30.88,11.79,77.77,0.22,38.66,12.7,33.33,1.74,41.08,14.74,34.78,1.97,40.69,12.78,34.61,,,
13779,89,49,1510,0.86,39.21,16.7,37.2,14.08,39.53,50.66,5.01,0.66,45.0,12.22,60.0,90.38,39.17,16.82,39.02,0.73,35.0,11.94,36.36,0.2,50.66,6.02,33.33,1.67,35.84,16.93,28.0,1.33,47.0,19.12,20.0,0.0,37.18,546.0
13780,89,51,1434,0.55,37.93,15.51,35.53,17.63,40.37,41.66,4.2,0.14,42.0,5.65,0.0,90.6,37.98,15.33,40.47,1.33,37.31,15.87,52.63,0.14,35.5,10.6,0.0,2.24,34.53,17.34,46.87,1.33,43.57,17.09,15.78,0.0,21.81,338.0
13781,89,unclear,1034,1.64,39.24,13.93,35.56,11.97,40.61,50.9,5.4,0.0,0.0,0.0,0.0,89.97,39.36,13.98,39.34,0.19,35.5,21.92,50.0,0.49,47.2,10.42,80.0,1.08,41.18,11.59,45.45,2.85,38.89,17.14,48.27,,,
13782,89,unclear,1338,1.42,35.25,11.69,34.54,12.65,38.11,38.66,5.68,0.07,33.0,0.0,0.0,91.28,35.27,11.56,37.79,0.53,29.42,9.84,28.57,0.22,37.0,11.53,66.66,0.9,35.75,15.66,33.33,1.28,40.47,15.46,64.7,,,
13783,89,59,1353,0.73,39.85,16.9,38.96,15.87,41.75,40.46,53.9,1.34,42.11,23.11,33.33,38.86,41.28,17.98,43.29,0.81,32.72,17.42,63.63,1.11,34.86,14.09,60.0,1.26,38.88,16.71,41.17,2.68,44.16,17.55,33.33,0.0,26.7,534.0
13784,89,60,643,0.93,38.71,18.12,35.79,18.0,44.94,47.19,41.91,1.88,44.33,18.85,58.33,51.64,39.91,17.74,41.94,0.94,37.5,17.85,33.33,0.78,48.4,18.33,40.0,0.94,55.83,24.72,83.33,1.88,44.41,12.95,25.0,0.0,28.87,222.0
13785,89,61,1128,0.26,42.78,18.75,37.03,14.02,42.37,51.85,2.4,0.44,29.0,8.33,80.0,91.28,43.19,18.97,41.67,2.13,38.91,13.91,37.5,0.26,34.66,30.02,66.66,2.4,42.81,17.8,62.96,1.06,37.83,18.25,25.0,0.0,31.8,487.0
13786,89,62,1253,0.23,42.57,19.28,39.86,18.58,42.93,39.44,34.88,0.64,41.12,28.17,50.0,59.51,44.13,19.58,44.22,1.28,41.31,16.49,50.0,0.4,41.0,8.57,60.0,1.76,51.54,16.2,63.63,1.52,38.0,18.06,26.31,0.0,23.73,619.0
13787,89,65,1392,0.14,43.94,19.02,40.63,18.67,42.95,45.68,8.34,0.35,52.4,13.04,40.0,85.03,43.98,19.06,41.62,0.79,46.81,17.94,63.63,0.0,0.0,0.0,0.0,2.66,46.16,18.07,56.75,2.8,48.71,20.23,58.97,0.0,32.13,627.0
13788,89,unclear,998,0.6,46.76,16.62,42.22,16.04,49.69,38.88,1.81,0.0,0.0,0.0,0.0,93.95,46.66,16.54,49.57,1.1,47.0,13.46,54.54,0.2,78.5,7.77,50.0,0.7,54.0,16.35,71.42,2.21,48.77,19.57,54.54,,,
13789,89,68,959,0.52,45.38,19.95,48.58,17.74,43.79,41.37,3.03,0.41,44.25,14.77,75.0,90.25,45.07,20.34,43.78,2.62,47.04,12.8,48.0,0.52,47.2,10.68,0.0,1.67,45.5,22.38,43.75,1.46,52.78,11.55,42.85,0.0,30.55,370.0
13790,89,69,1343,0.22,44.35,20.03,41.1,21.15,44.0,39.13,3.43,0.22,58.66,20.52,0.0,90.89,44.46,20.03,44.08,2.61,41.77,17.54,45.71,0.07,33.0,0.0,100.0,1.41,47.1,15.22,68.42,1.34,43.83,26.85,22.22,0.0,37.3,570.0
13791,89,71,1123,0.44,46.01,17.69,43.69,16.26,41.31,32.2,5.27,0.17,48.0,2.82,50.0,86.31,46.1,17.89,38.54,0.89,40.4,14.02,80.0,0.35,34.75,8.38,50.0,6.17,46.27,16.89,78.26,0.8,56.66,19.68,66.66,0.0,24.58,563.0
13792,89,unclear,1279,2.58,41.31,14.8,40.23,15.17,44.87,53.33,2.4,0.08,24.0,0.0,0.0,92.13,41.3,14.85,45.03,0.64,33.37,9.72,62.5,0.48,37.33,12.19,33.33,1.28,38.18,13.92,25.0,2.96,44.24,15.77,45.94,,,
13793,89,74,981,0.4,42.53,18.04,39.87,14.35,40.87,58.33,2.45,0.0,0.0,0.0,0.0,94.37,42.62,17.9,40.78,0.92,43.55,26.29,66.66,0.0,0.0,0.0,0.0,1.02,35.79,21.65,10.0,1.22,43.5,27.68,16.66,0.0,23.23,405.0
13794,89,76,1076,0.92,39.33,17.81,38.96,20.47,41.17,58.62,2.72,0.46,51.4,20.2,40.0,90.8,39.18,17.69,40.59,0.84,34.77,19.05,33.33,0.09,27.0,0.0,0.0,3.09,38.33,18.69,39.39,1.96,43.76,17.66,42.85,0.0,17.54,348.0
13795,89,77,1042,0.57,40.63,16.74,37.63,12.9,39.25,54.54,2.12,0.28,56.66,12.7,66.66,92.66,40.53,16.8,38.85,1.44,40.26,12.35,60.0,0.09,58.0,0.0,100.0,1.93,41.0,20.79,25.0,1.44,44.86,17.83,20.0,0.0,26.51,465.0
13796,89,82,1276,0.78,40.13,17.23,37.89,17.33,42.63,24.13,2.29,0.23,46.66,19.42,0.0,94.39,39.91,17.35,43.43,0.31,42.0,12.62,50.0,0.07,59.0,0.0,100.0,1.57,44.7,15.11,40.0,1.1,46.78,8.0,21.42,0.0,25.11,520.0
13797,89,83,1359,1.47,41.31,16.78,39.9,15.99,38.7,35.96,25.54,1.19,41.12,14.15,37.5,68.48,41.52,17.24,39.8,0.97,40.92,12.59,69.23,0.29,40.75,12.97,50.0,1.86,40.11,10.99,16.0,1.64,51.36,19.49,31.81,0.0,18.23,632.0
13798,89,85,1057,0.47,40.94,16.42,45.02,17.03,41.53,43.24,3.51,0.76,41.12,23.3,50.0,90.58,40.71,16.4,41.23,0.95,35.6,15.3,50.0,0.47,45.0,12.78,20.0,2.37,40.92,17.22,36.0,1.33,44.07,12.8,57.14,0.0,26.74,417.0
13799,89,unclear,1205,1.32,39.91,12.75,37.16,12.12,42.65,45.45,4.62,0.0,0.0,0.0,0.0,90.74,39.74,12.72,41.98,0.58,41.14,4.52,71.42,0.25,54.33,32.0,33.33,1.17,42.14,8.97,50.0,2.6,43.96,10.43,48.38,,,
13800,89,89,1412,0.92,40.78,17.48,39.59,15.75,39.73,37.09,4.43,0.5,46.14,11.85,57.14,89.84,40.78,17.53,39.06,1.64,38.47,19.62,73.91,0.14,42.5,10.6,50.0,1.85,39.3,16.4,46.15,1.57,37.81,15.39,31.81,0.0,19.77,527.0
13801,89,90,1220,0.73,39.71,16.62,38.02,13.22,42.54,41.02,3.22,0.33,67.5,13.62,25.0,92.07,39.63,16.59,42.6,0.74,29.33,14.52,55.55,0.16,44.0,12.72,0.0,1.73,43.28,18.1,47.61,1.73,42.33,15.77,38.09,0.0,44.01,431.0
13802,89,92,1363,0.58,40.26,16.76,44.78,14.86,40.64,47.36,2.8,0.29,46.75,12.97,50.0,91.95,40.0,16.74,40.77,1.47,38.5,16.08,50.0,0.22,39.0,12.12,33.33,2.14,37.65,18.63,20.68,1.1,54.66,13.35,26.66,0.0,21.25,509.0
13803,89,93,746,0.53,43.25,17.76,40.09,15.26,40.21,35.48,4.17,0.67,34.6,22.64,40.0,88.4,43.16,17.67,40.24,1.21,41.33,18.73,66.66,0.0,0.0,0.0,0.0,3.63,44.59,15.0,29.62,1.88,50.35,25.3,42.85,0.0,28.33,394.0
13804,89,94,801,0.87,45.35,17.12,45.08,17.41,39.32,52.17,2.89,0.37,46.0,2.64,0.0,92.44,45.33,17.13,39.5,0.88,30.0,22.68,57.14,0.12,35.0,0.0,0.0,1.76,50.35,14.01,35.71,1.51,45.91,19.57,25.0,0.0,25.83,512.0
13805,89,96,1016,1.18,44.46,17.42,36.6,14.85,41.43,45.65,4.58,0.99,62.7,17.63,30.0,89.84,44.97,17.32,41.13,1.29,35.92,22.6,76.92,0.19,54.0,5.65,0.0,1.69,35.11,14.14,41.17,1.39,39.5,17.72,28.57,0.0,26.58,565.0
13806,89,99,1223,0.98,44.26,17.8,42.5,18.33,44.64,57.69,2.14,0.24,57.66,6.8,66.66,91.65,43.72,17.75,44.68,0.9,48.72,18.52,45.45,0.24,56.66,17.61,0.0,2.47,49.86,17.74,36.66,2.31,54.14,15.79,32.14,0.0,24.17,650.0
13807,89,100,1030,0.29,43.6,18.56,41.96,16.47,43.68,37.5,3.11,0.09,34.0,0.0,100.0,92.11,43.47,18.68,43.12,1.36,37.78,21.32,92.85,0.09,55.0,0.0,0.0,1.16,53.83,13.4,66.66,2.04,47.9,15.74,28.57,0.0,30.91,448.0
13808,89,105,694,0.14,41.12,19.04,33.81,21.6,44.09,63.63,1.58,0.14,49.0,0.0,0.0,94.51,41.11,18.94,43.51,1.01,49.57,15.71,28.57,0.0,0.0,0.0,0.0,1.29,48.88,20.15,44.44,1.44,36.5,24.41,70.0,0.0,31.55,255.0
13809,89,unclear,1425,0.49,40.21,14.53,39.66,15.06,45.61,60.0,4.23,0.0,0.0,0.0,0.0,89.49,40.07,14.38,44.12,1.26,34.38,12.1,61.11,0.35,41.8,13.14,80.0,1.19,42.52,16.51,52.94,3.45,45.02,17.64,53.06,,,
13810,89,108,1001,0.09,41.68,19.07,37.17,16.67,44.35,52.17,2.3,0.3,49.33,20.03,33.33,93.3,41.78,19.18,43.08,1.5,41.2,17.28,73.33,0.0,0.0,0.0,0.0,1.7,40.29,15.56,64.7,0.9,48.33,18.8,66.66,0.0,29.35,458.0
13811,89,109,837,0.23,41.6,19.2,42.47,20.19,47.19,68.42,2.27,0.83,32.28,17.01,14.28,90.05,41.45,19.18,47.07,2.75,40.6,15.12,56.52,0.0,0.0,0.0,0.0,1.43,45.75,25.6,41.66,2.63,45.45,19.32,40.9,0.0,46.89,365.0
13812,89,111,1053,0.47,43.07,20.63,37.53,9.28,44.25,69.23,1.24,0.19,32.0,45.25,50.0,91.98,43.5,20.55,43.67,3.72,36.38,19.12,46.15,0.19,69.5,38.89,0.0,1.43,45.53,23.52,40.0,1.24,33.23,27.1,69.23,0.0,25.84,409.0
13813,89,112,1310,2.36,43.54,18.34,42.16,15.9,40.61,37.31,26.81,2.34,51.6,16.0,53.33,64.03,43.47,19.07,41.63,1.79,35.65,12.53,43.47,1.64,43.71,19.13,33.33,1.56,43.0,21.64,35.0,1.79,57.52,17.67,39.13,0.0,25.44,612.0
13814,89,115,1223,0.57,45.36,19.32,42.16,15.84,43.9,40.0,4.11,0.49,42.66,10.78,66.66,88.07,45.6,19.3,43.41,2.46,45.43,24.19,50.0,0.41,61.6,23.71,100.0,1.72,42.42,16.57,28.57,2.71,43.15,21.66,51.51,0.0,35.22,571.0
13815,89,117,971,1.13,46.16,19.7,47.13,20.34,42.53,40.0,1.56,0.2,55.0,25.45,50.0,90.41,45.84,19.84,42.62,1.14,53.18,10.11,63.63,0.0,0.0,0.0,0.0,4.27,44.26,19.54,34.14,2.39,53.21,18.72,30.43,0.0,22.87,578.0
13816,89,118,1266,0.78,43.13,17.63,40.1,18.47,41.39,40.0,3.18,0.47,56.66,13.96,50.0,90.2,42.95,17.35,40.77,1.99,43.16,19.63,68.0,0.0,0.0,0.0,0.0,2.07,44.23,18.78,34.61,2.07,51.19,22.6,57.69,0.0,24.32,606.0
13817,89,119,1169,0.42,43.8,17.34,44.53,19.35,42.85,28.57,2.4,0.51,56.16,21.47,16.66,91.15,43.43,17.12,43.73,1.37,43.12,12.52,37.5,0.0,0.0,0.0,0.0,2.14,47.12,20.68,24.0,2.4,49.71,20.93,46.42,0.0,32.03,573.0
13818,89,unclear,1198,2.92,41.47,12.47,39.08,10.99,42.15,43.11,23.73,0.0,0.0,0.0,0.0,69.99,41.86,12.64,41.15,0.51,39.5,7.91,66.66,1.37,41.43,9.45,43.75,1.89,46.77,11.09,31.81,2.49,40.41,9.94,58.62,,,
13819,89,122,994,1.0,42.21,17.24,34.37,13.43,40.74,31.25,1.62,0.1,40.0,0.0,0.0,91.66,42.32,17.31,41.01,1.11,40.27,16.48,45.45,0.2,19.5,27.57,50.0,3.96,41.66,16.44,38.46,1.32,49.76,15.55,38.46,0.0,29.35,499.0
13820,89,123,971,1.23,42.19,16.7,39.95,11.7,39.44,40.0,2.08,0.62,51.83,12.0,33.33,91.76,42.06,16.77,38.97,1.04,39.9,22.34,80.0,0.31,46.0,9.84,0.0,3.02,47.24,15.88,31.03,1.14,38.0,20.87,63.63,0.0,25.25,535.0
13821,89,125,749,0.13,48.18,19.47,46.87,19.4,45.79,41.66,3.2,0.13,83.0,0.0,100.0,88.9,48.03,19.53,46.46,3.2,50.66,17.72,41.66,0.4,61.0,14.73,0.0,2.4,49.66,22.48,44.44,1.73,43.76,13.08,30.76,0.0,42.07,300.0
13822,89,unclear,1375,1.23,43.7,15.92,38.94,13.66,45.52,48.14,3.97,0.0,0.0,0.0,0.0,90.35,43.64,15.82,44.98,1.39,41.36,19.93,63.15,0.36,51.0,14.84,40.0,1.03,52.57,16.54,57.14,2.87,48.28,17.42,51.28,,,
13823,89,unclear,1387,0.14,46.81,15.8,44.65,14.44,48.23,55.17,2.09,0.0,0.0,0.0,0.0,93.14,46.81,15.73,47.67,1.01,44.78,16.7,57.14,0.07,27.0,0.0,0.0,1.08,47.66,20.11,66.66,2.59,48.75,17.66,50.0,,,
13824,89,131,910,0.0,47.68,20.36,39.58,21.02,46.37,33.33,1.31,0.32,45.66,8.02,100.0,92.85,47.88,20.26,45.68,1.09,29.3,19.64,80.0,0.1,43.0,0.0,0.0,2.19,51.8,21.67,65.0,2.08,49.84,21.55,42.1,0.0,35.41,394.0
13825,89,132,1274,0.23,44.32,20.8,42.77,23.75,45.05,45.45,1.73,0.39,50.2,22.62,20.0,90.71,44.17,20.68,44.75,2.98,45.13,18.69,42.1,0.15,38.5,2.12,50.0,2.2,49.85,25.13,53.57,1.8,40.47,20.55,52.17,0.0,25.32,547.0
13826,89,133,1167,0.42,47.13,20.33,43.2,18.48,47.04,60.0,1.29,0.34,68.5,12.79,50.0,92.25,47.15,20.46,47.1,1.46,42.23,18.06,41.17,0.17,49.5,10.6,50.0,1.63,44.47,21.06,52.63,2.83,48.12,18.05,39.39,0.0,27.96,532.0
13827,89,134,1268,0.23,47.1,21.12,52.3,17.52,44.87,61.53,1.02,0.39,62.2,26.27,100.0,91.54,46.88,21.31,44.21,2.21,45.17,20.68,57.14,0.15,68.5,34.64,0.0,3.0,50.47,17.59,31.57,1.66,45.52,15.93,66.66,0.0,32.66,615.0
13828,89,135,1104,0.18,42.42,19.47,36.17,21.34,43.47,41.17,1.54,0.45,47.0,26.76,40.0,90.83,42.41,19.13,42.95,3.72,43.19,20.33,43.9,0.45,29.4,17.96,20.0,1.72,44.84,27.2,73.68,1.27,46.78,25.68,50.0,0.0,38.9,468.0
13829,89,136,506,0.0,47.24,18.85,39.79,5.63,45.45,60.0,0.98,0.39,52.0,7.07,50.0,91.1,47.15,19.16,46.2,4.94,49.52,17.1,40.0,0.0,0.0,0.0,0.0,1.77,46.22,12.6,22.22,0.79,53.5,21.2,25.0,0.0,37.06,271.0
13830,89,140,1098,0.54,38.66,13.59,40.73,10.84,35.88,41.07,5.12,0.45,27.4,17.22,20.0,89.92,38.47,13.64,35.84,1.55,39.11,18.47,52.94,0.09,52.0,0.0,0.0,1.46,40.56,13.62,25.0,1.37,41.0,11.95,26.66,0.0,28.18,594.0
13831,89,141,1073,1.3,41.51,17.42,34.52,16.22,41.0,47.36,3.58,1.03,57.81,18.66,27.27,89.32,41.25,17.22,41.12,1.22,38.61,21.25,30.76,0.09,52.0,0.0,100.0,3.11,43.6,15.94,42.42,1.6,43.23,15.33,41.17,0.0,25.58,580.0
13832,89,142,1024,0.97,44.78,18.25,40.34,18.65,40.33,37.14,6.9,0.49,48.2,35.05,60.0,87.86,44.99,18.01,39.61,1.18,38.25,19.82,50.0,0.19,48.5,14.84,100.0,1.67,38.35,21.99,35.29,1.67,51.35,15.5,64.7,0.0,26.9,597.0
13833,89,143,1225,0.81,37.29,14.1,38.23,10.97,39.1,34.61,4.27,0.57,37.57,17.38,14.28,90.69,37.39,14.19,39.74,1.56,29.26,13.89,47.36,0.08,34.0,0.0,0.0,1.39,32.47,16.12,41.17,1.39,39.82,10.03,23.52,0.0,27.51,632.0
13834,89,146,1267,0.15,47.25,20.35,42.8,12.76,44.51,40.0,2.37,0.47,51.5,14.73,33.33,89.4,47.33,20.31,44.12,2.84,45.44,21.37,63.88,0.31,35.75,24.47,0.0,2.68,48.64,26.67,44.11,1.89,51.16,18.47,45.83,0.0,26.33,598.0
13835,89,147,1047,0.09,43.83,19.14,40.68,14.31,44.03,42.1,1.81,0.38,51.5,15.08,50.0,92.63,44.14,19.21,43.55,1.14,42.0,20.52,50.0,0.28,26.0,22.51,66.66,1.62,33.47,15.22,52.94,2.1,43.0,20.62,50.0,0.0,30.2,456.0
13836,89,149,982,0.1,48.54,20.03,49.91,18.72,44.5,33.33,1.22,0.5,51.8,17.62,60.0,91.84,48.42,20.11,44.17,2.03,45.15,18.63,50.0,0.1,72.0,0.0,100.0,2.75,50.37,23.44,51.85,1.52,51.93,11.58,40.0,0.0,30.45,483.0
13837,89,150,1238,0.48,47.08,21.0,41.02,16.58,45.55,42.85,2.84,0.56,47.57,16.47,28.57,90.82,47.17,21.2,44.86,1.21,51.26,23.62,46.66,0.4,52.4,15.82,40.0,3.0,47.29,21.02,62.16,1.13,48.5,13.34,71.42,0.0,25.46,491.0
13838,89,151,863,0.11,46.66,20.45,51.1,16.49,43.45,55.0,2.32,0.58,42.6,13.08,40.0,91.29,46.48,20.55,42.69,0.92,44.37,14.31,50.0,0.23,68.0,2.82,100.0,2.66,42.43,19.55,47.82,1.97,53.58,23.74,52.94,0.0,28.32,284.0
13839,89,153,670,0.59,49.59,21.55,53.78,18.47,45.52,50.0,2.1,0.15,0.0,0.0,0.0,88.58,49.79,21.22,44.57,3.3,42.09,22.65,59.09,0.15,83.0,0.0,100.0,4.5,45.56,25.77,53.33,1.2,62.37,20.79,37.5,0.0,59.95,378.0
13840,89,154,959,0.2,48.4,21.02,44.24,20.65,43.48,52.0,2.61,0.83,50.0,29.12,50.0,88.19,48.61,20.97,42.77,4.28,43.6,21.3,46.34,0.31,46.66,9.5,33.33,2.4,51.95,19.59,52.17,1.35,55.76,19.4,38.46,0.0,31.5,471.0
13841,89,155,913,0.32,49.22,21.7,41.12,25.49,46.33,52.0,2.74,0.43,63.75,27.88,25.0,89.78,48.97,21.58,46.02,2.08,49.73,16.62,57.89,0.54,55.2,16.28,0.0,2.96,53.74,21.79,62.96,1.42,58.15,24.27,38.46,0.0,27.71,448.0
13842,89,157,979,0.3,45.77,20.94,46.51,19.66,42.28,42.85,3.58,0.3,24.66,25.0,33.33,88.21,45.44,20.95,42.04,4.4,49.11,22.29,53.48,0.4,48.25,14.05,25.0,1.74,44.47,19.66,35.29,1.33,61.84,16.7,38.46,0.0,26.77,428.0
13843,89,161,1074,0.27,44.95,20.32,35.77,9.8,45.62,38.88,1.68,0.46,46.0,16.98,80.0,91.31,44.93,20.37,44.88,2.05,42.72,20.43,54.54,0.0,0.0,0.0,0.0,2.8,52.3,18.16,50.0,1.68,44.72,26.33,66.66,0.0,29.38,387.0
13844,89,162,1168,0.17,45.07,20.48,43.61,25.92,42.38,33.33,1.54,1.45,47.58,22.95,47.05,90.05,45.18,20.27,42.47,2.22,43.53,20.18,38.46,0.08,58.0,0.0,0.0,2.91,40.94,25.1,41.17,1.71,45.9,17.84,45.0,0.0,27.13,513.0
13845,89,164,1175,0.51,45.17,19.66,43.65,24.96,45.36,62.06,2.48,1.62,53.0,21.03,31.57,89.3,44.81,19.54,44.73,2.05,38.58,14.77,45.83,0.08,85.0,0.0,0.0,1.53,51.61,19.31,61.11,2.9,51.32,18.3,50.0,0.0,35.75,435.0
13846,89,165,1096,0.27,46.32,18.51,43.0,20.41,44.16,57.14,1.28,0.36,45.75,20.36,25.0,93.41,46.38,18.46,44.07,1.46,46.37,17.67,37.5,0.09,0.0,0.0,100.0,1.82,45.55,18.31,35.0,1.55,51.82,17.14,58.82,0.0,36.16,490.0
13847,89,166,745,0.53,45.8,18.95,46.75,17.05,44.42,56.25,2.15,0.26,62.0,14.14,0.0,89.74,45.76,18.84,43.6,3.64,42.85,22.84,55.55,0.0,0.0,0.0,0.0,1.88,43.78,23.76,64.28,2.29,47.41,16.0,41.17,0.0,56.55,298.0
13848,89,167,892,0.11,45.31,20.1,52.0,18.35,46.07,66.66,1.68,0.56,41.8,15.61,60.0,90.34,45.42,20.28,44.59,2.24,34.4,11.39,55.0,0.11,80.0,0.0,0.0,2.69,42.04,21.64,62.5,2.35,48.47,15.43,57.14,0.0,49.08,339.0
13849,89,170,1341,0.14,42.38,18.92,38.6,19.45,43.99,50.0,3.43,0.82,45.18,19.79,27.27,89.32,42.56,18.94,43.81,2.38,37.53,21.38,56.25,0.07,32.0,0.0,0.0,1.86,42.24,15.87,40.0,2.09,44.25,16.17,42.85,0.0,26.92,319.0
13850,89,172,956,0.41,40.85,18.19,35.16,17.99,43.41,29.03,3.25,1.15,35.63,20.93,45.45,87.92,41.16,18.07,43.24,2.2,39.28,21.61,33.33,0.21,53.5,2.12,50.0,2.73,38.8,16.96,57.69,2.52,43.29,18.4,54.16,0.0,38.95,371.0
13851,89,174,1192,0.16,46.35,19.23,46.26,24.31,44.54,31.57,1.59,0.67,58.87,16.16,37.5,91.42,46.15,19.08,44.11,1.93,46.82,22.76,52.17,0.25,44.33,19.0,66.66,2.18,47.19,15.5,69.23,1.93,50.08,23.78,34.78,0.0,26.14,458.0
13852,89,175,1312,0.22,44.41,19.07,40.0,21.12,41.84,29.41,2.59,0.76,50.5,22.83,30.0,91.21,44.43,19.19,41.37,2.21,45.86,15.21,72.41,0.3,48.75,9.74,25.0,1.6,45.71,16.64,47.61,1.29,42.47,16.48,52.94,0.0,25.07,375.0
13853,89,176,1094,0.27,44.49,19.15,43.78,24.47,43.69,41.46,3.75,0.27,27.66,24.0,33.33,89.82,44.3,18.86,43.16,2.19,45.79,21.29,54.16,0.27,27.0,1.73,66.66,1.55,52.29,16.63,52.94,2.1,49.52,18.73,52.17,0.0,27.35,402.0
13854,89,180,1060,0.18,44.46,19.56,39.5,20.29,45.09,41.17,3.21,1.13,40.16,22.45,41.66,87.99,44.4,19.47,44.89,2.55,41.18,21.95,48.14,0.09,86.0,0.0,0.0,2.26,48.95,15.48,66.66,2.74,50.86,18.56,37.93,0.0,33.33,386.0
13855,89,181,1058,0.28,43.51,19.59,37.61,18.84,46.21,52.38,1.99,0.37,27.75,4.5,75.0,91.18,43.49,19.51,46.15,2.55,42.77,18.2,40.74,0.18,52.5,3.53,50.0,2.46,46.53,21.62,46.15,1.23,47.46,24.39,38.46,0.0,35.33,467.0
13856,89,183,1210,0.57,44.62,20.1,48.25,18.39,44.79,33.33,0.99,0.08,40.0,0.0,0.0,94.92,44.91,19.93,44.74,0.91,46.36,10.02,54.54,0.16,54.0,0.0,50.0,1.16,32.0,28.15,57.14,1.74,33.23,23.61,33.33,0.0,37.27,589.0
13857,89,184,1342,0.44,41.9,18.86,36.46,9.77,44.26,46.15,0.97,0.59,43.5,31.58,37.5,92.73,41.59,18.89,43.98,0.97,39.92,10.33,61.53,0.07,27.0,0.0,100.0,2.02,50.59,14.18,66.66,2.61,46.94,21.4,28.57,0.0,33.36,532.0
13858,89,185,997,0.3,42.98,19.7,48.78,20.64,44.23,52.63,1.91,0.3,38.33,10.69,0.0,93.66,42.61,19.52,44.25,0.7,52.71,25.03,57.14,0.2,68.0,5.65,0.0,2.01,42.3,20.89,50.0,1.2,48.5,22.7,33.33,0.0,29.14,349.0
13859,89,189,1072,0.27,46.8,19.73,46.44,17.83,43.37,55.88,3.18,0.37,51.0,16.39,0.0,88.96,46.47,19.86,42.37,2.05,44.68,21.99,40.9,0.09,42.0,0.0,0.0,3.46,52.02,17.96,70.27,1.87,55.2,18.14,35.0,0.0,43.22,459.0
13860,89,unclear,1392,0.71,43.09,15.48,38.65,18.08,49.2,46.34,2.96,0.0,0.0,0.0,0.0,89.94,43.37,15.31,48.35,1.23,35.47,13.59,58.82,0.14,34.5,13.43,0.0,1.95,38.88,14.85,77.77,3.76,43.23,15.75,57.69,,,
13861,89,192,1078,0.09,46.59,18.75,48.16,17.85,44.99,66.66,1.67,0.27,49.33,32.95,33.33,92.2,46.75,18.57,43.9,1.94,36.61,20.64,57.14,0.0,0.0,0.0,0.0,2.32,44.16,20.83,64.0,1.57,52.58,19.85,47.05,0.0,30.04,506.0
13862,89,193,1138,0.26,44.36,19.67,37.07,14.74,43.76,71.42,1.23,0.17,52.0,4.24,50.0,93.48,44.6,19.78,42.6,1.93,39.63,15.32,59.09,0.0,0.0,0.0,0.0,1.93,41.95,22.73,68.18,1.23,41.78,18.19,35.71,0.0,35.74,460.0
13863,89,195,1032,0.38,42.66,18.09,41.26,16.26,44.08,42.16,17.99,0.87,49.44,21.52,33.33,75.29,42.89,18.57,43.54,1.94,39.29,15.25,60.0,0.19,23.5,4.94,50.0,1.36,45.57,18.46,71.42,2.33,45.66,16.95,45.83,0.0,45.04,445.0
13864,89,196,1280,0.0,44.45,19.89,41.2,20.19,45.15,55.88,2.65,0.39,40.79,15.72,60.0,90.46,44.58,20.02,44.55,2.5,42.78,15.85,37.5,0.23,51.0,9.84,0.0,2.03,43.38,21.68,65.38,1.71,46.18,18.81,50.0,0.0,37.53,590.0
13865,89,197,1218,0.41,45.03,19.15,42.24,21.49,43.84,48.0,2.06,0.41,51.6,14.08,60.0,91.17,44.88,19.22,43.21,2.39,45.27,13.0,62.06,0.08,28.0,0.0,0.0,2.14,49.11,16.16,38.46,1.73,47.8,25.08,42.85,0.0,23.0,634.0
13866,89,198,843,0.23,46.24,18.94,47.93,18.62,44.24,26.66,1.78,0.23,70.0,5.65,50.0,90.72,46.47,19.22,43.9,3.09,36.76,12.91,42.3,0.11,53.0,0.0,0.0,2.02,45.58,14.31,70.58,2.02,44.58,15.77,52.94,0.0,31.07,386.0
13867,89,199,1124,1.15,43.52,17.76,39.8,17.54,35.67,41.37,7.83,0.9,55.2,9.21,0.0,86.04,43.66,17.66,35.66,1.08,45.91,10.57,50.0,0.36,45.25,16.66,75.0,1.71,37.36,19.05,21.05,2.07,45.08,22.2,43.47,0.0,24.96,585.0
13868,89,200,1290,0.62,38.02,15.13,35.53,12.85,36.89,40.38,12.16,0.78,44.2,13.92,30.0,81.9,38.3,15.61,36.47,0.93,36.91,9.45,58.33,0.46,38.33,11.67,50.0,1.4,38.66,13.2,50.0,2.34,37.7,13.67,23.33,0.0,26.82,531.0
13869,89,201,1042,0.38,39.41,15.85,41.9,19.21,34.35,42.85,2.02,1.05,51.36,21.4,18.18,93.83,39.13,15.74,34.59,0.57,38.83,10.43,50.0,0.19,47.0,14.14,0.0,1.05,39.36,15.94,27.27,1.25,45.3,14.51,23.07,0.0,19.28,539.0
13870,89,202,1147,1.22,41.46,16.56,45.0,14.02,38.79,30.43,2.03,0.61,48.85,27.21,28.57,92.67,41.3,16.07,40.28,1.23,39.35,15.58,35.71,0.26,50.33,19.13,0.0,1.58,36.72,32.21,11.11,1.58,40.72,18.81,22.22,0.0,23.58,491.0
13871,89,203,1263,0.55,44.06,17.1,38.93,12.4,40.38,37.77,3.58,0.39,30.2,20.78,20.0,91.0,44.15,17.32,40.41,0.39,49.2,17.92,60.0,0.31,41.0,4.54,0.0,1.99,47.4,12.8,48.0,2.3,47.41,17.79,34.48,0.0,22.32,621.0
13872,89,unclear,738,1.21,36.5,13.15,34.67,11.79,39.97,39.28,3.84,0.0,0.0,0.0,0.0,93.27,36.5,13.26,39.7,0.41,35.0,12.28,33.33,0.13,40.0,0.0,0.0,1.37,43.8,15.57,40.0,0.96,35.28,9.14,28.57,,,
13873,89,206,1265,0.86,43.53,18.6,38.67,18.05,40.23,39.5,6.45,0.31,51.5,21.61,50.0,87.95,43.66,18.56,40.43,0.71,35.0,21.17,55.55,0.39,37.4,13.06,20.0,2.95,47.16,18.14,27.02,1.19,52.06,23.44,46.66,0.0,25.41,553.0
13874,89,207,1238,0.48,38.52,16.46,38.84,13.55,40.06,36.88,9.9,0.64,35.62,18.42,25.0,84.49,38.22,16.6,41.01,0.73,37.77,11.31,44.44,0.48,32.16,10.22,33.33,2.19,46.4,21.78,25.92,1.54,43.21,19.6,42.1,0.0,21.44,459.0
13875,89,unclear,1022,1.17,40.08,13.59,38.51,14.64,40.99,32.25,3.06,0.0,0.0,0.0,0.0,91.28,40.22,13.47,41.21,0.69,33.71,1.11,85.71,0.09,58.0,0.0,0.0,1.68,43.76,15.76,23.52,3.16,35.53,13.1,40.62,,,
13876,89,211,925,0.32,38.79,15.52,42.5,16.78,33.29,25.0,1.73,1.08,48.5,11.99,20.0,92.29,38.45,15.47,34.19,0.97,37.55,17.51,33.33,0.1,29.0,0.0,100.0,1.19,38.63,12.54,18.18,2.6,45.12,17.73,20.83,0.0,26.05,443.0
13877,89,213,1044,1.43,40.21,16.18,42.25,14.09,36.39,41.93,3.01,1.84,50.63,21.18,15.78,91.25,39.77,16.03,37.38,0.58,41.0,10.27,50.0,0.29,44.0,15.09,33.33,1.06,41.09,12.91,9.09,1.94,42.2,17.69,25.0,0.0,30.26,545.0
13878,89,unclear,943,2.33,39.81,12.16,44.2,11.11,38.6,32.35,3.69,0.0,0.0,0.0,0.0,92.07,39.14,11.81,39.5,0.32,38.33,9.5,33.33,0.54,42.8,14.92,0.0,0.21,43.0,9.89,0.0,3.14,48.62,14.45,51.72,,,
13879,89,1,0,0.0,0.0,0.0,0.0,0.0,0.0,0.0,0.0,0.0,0.0,0.0,0.0,0.0,0.0,0.0,0.0,0.0,0.0,0.0,0.0,0.0,0.0,0.0,0.0,0.0,0.0,0.0,0.0,0.0,0.0,0.0,0.0,0.0,0.0,0.0
13880,89,5,0,0.0,0.0,0.0,0.0,0.0,0.0,0.0,0.0,0.0,0.0,0.0,0.0,0.0,0.0,0.0,0.0,0.0,0.0,0.0,0.0,0.0,0.0,0.0,0.0,0.0,0.0,0.0,0.0,0.0,0.0,0.0,0.0,0.0,0.0,0.0
13881,89,10,0,0.0,0.0,0.0,0.0,0.0,0.0,0.0,0.0,0.0,0.0,0.0,0.0,0.0,0.0,0.0,0.0,0.0,0.0,0.0,0.0,0.0,0.0,0.0,0.0,0.0,0.0,0.0,0.0,0.0,0.0,0.0,0.0,0.0,0.0,0.0
13882,89,13,0,0.0,0.0,0.0,0.0,0.0,0.0,0.0,0.0,0.0,0.0,0.0,0.0,0.0,0.0,0.0,0.0,0.0,0.0,0.0,0.0,0.0,0.0,0.0,0.0,0.0,0.0,0.0,0.0,0.0,0.0,0.0,0.0,0.0,0.0,0.0
13883,89,14,0,0.0,0.0,0.0,0.0,0.0,0.0,0.0,0.0,0.0,0.0,0.0,0.0,0.0,0.0,0.0,0.0,0.0,0.0,0.0,0.0,0.0,0.0,0.0,0.0,0.0,0.0,0.0,0.0,0.0,0.0,0.0,0.0,0.0,0.0,0.0
13884,89,16,0,0.0,0.0,0.0,0.0,0.0,0.0,0.0,0.0,0.0,0.0,0.0,0.0,0.0,0.0,0.0,0.0,0.0,0.0,0.0,0.0,0.0,0.0,0.0,0.0,0.0,0.0,0.0,0.0,0.0,0.0,0.0,0.0,0.0,0.0,0.0
13885,89,23,0,0.0,0.0,0.0,0.0,0.0,0.0,0.0,0.0,0.0,0.0,0.0,0.0,0.0,0.0,0.0,0.0,0.0,0.0,0.0,0.0,0.0,0.0,0.0,0.0,0.0,0.0,0.0,0.0,0.0,0.0,0.0,0.0,0.0,0.0,0.0
13886,89,24,0,0.0,0.0,0.0,0.0,0.0,0.0,0.0,0.0,0.0,0.0,0.0,0.0,0.0,0.0,0.0,0.0,0.0,0.0,0.0,0.0,0.0,0.0,0.0,0.0,0.0,0.0,0.0,0.0,0.0,0.0,0.0,0.0,0.0,0.0,0.0
13887,89,27,0,0.0,0.0,0.0,0.0,0.0,0.0,0.0,0.0,0.0,0.0,0.0,0.0,0.0,0.0,0.0,0.0,0.0,0.0,0.0,0.0,0.0,0.0,0.0,0.0,0.0,0.0,0.0,0.0,0.0,0.0,0.0,0.0,0.0,0.0,0.0
13888,89,29,0,0.0,0.0,0.0,0.0,0.0,0.0,0.0,0.0,0.0,0.0,0.0,0.0,0.0,0.0,0.0,0.0,0.0,0.0,0.0,0.0,0.0,0.0,0.0,0.0,0.0,0.0,0.0,0.0,0.0,0.0,0.0,0.0,0.0,0.0,0.0
13889,89,30,0,0.0,0.0,0.0,0.0,0.0,0.0,0.0,0.0,0.0,0.0,0.0,0.0,0.0,0.0,0.0,0.0,0.0,0.0,0.0,0.0,0.0,0.0,0.0,0.0,0.0,0.0,0.0,0.0,0.0,0.0,0.0,0.0,0.0,0.0,0.0
13890,89,32,701,0.0,39.6,18.11,38.37,14.95,44.22,43.75,2.28,1.14,42.37,13.43,50.0,90.72,39.32,18.01,44.02,2.56,41.22,19.36,44.44,0.28,41.0,12.72,0.0,0.85,45.66,29.9,66.66,2.13,46.66,21.81,46.66,0.0,0.0,15.0
13891,89,34,1275,0.15,40.89,17.55,43.37,18.04,42.66,29.16,1.88,0.78,42.0,12.17,30.0,90.57,41.05,17.11,43.36,2.51,34.34,21.31,50.0,0.15,18.5,26.16,0.0,1.02,39.15,21.21,46.15,3.06,40.79,24.6,28.2,0.0,0.0,23.0
13892,89,36,0,0.0,0.0,0.0,0.0,0.0,0.0,0.0,0.0,0.0,0.0,0.0,0.0,0.0,0.0,0.0,0.0,0.0,0.0,0.0,0.0,0.0,0.0,0.0,0.0,0.0,0.0,0.0,0.0,0.0,0.0,0.0,0.0,0.0,0.0,0.0
13893,89,40,0,0.0,0.0,0.0,0.0,0.0,0.0,0.0,0.0,0.0,0.0,0.0,0.0,0.0,0.0,0.0,0.0,0.0,0.0,0.0,0.0,0.0,0.0,0.0,0.0,0.0,0.0,0.0,0.0,0.0,0.0,0.0,0.0,0.0,0.0,0.0
13894,89,41,961,0.1,39.65,15.23,37.58,19.08,43.28,33.33,1.25,0.0,0.0,0.0,0.0,93.54,39.72,15.19,43.65,1.77,37.23,14.61,29.41,0.0,0.0,0.0,0.0,1.25,35.5,14.57,58.33,2.18,41.9,16.3,33.33,0.0,0.0,8.0
13895,89,42,1354,0.14,39.44,16.11,43.51,15.26,43.57,36.36,2.44,0.88,32.5,12.42,58.33,91.34,39.33,16.0,43.4,1.25,33.0,17.41,58.82,0.22,35.33,5.68,0.0,1.7,38.69,16.61,47.82,2.14,46.44,20.12,44.82,0.0,0.0,18.0
13896,89,43,0,0.0,0.0,0.0,0.0,0.0,0.0,0.0,0.0,0.0,0.0,0.0,0.0,0.0,0.0,0.0,0.0,0.0,0.0,0.0,0.0,0.0,0.0,0.0,0.0,0.0,0.0,0.0,0.0,0.0,0.0,0.0,0.0,0.0,0.0,0.0
13897,89,44,1177,0.84,37.58,16.52,34.36,20.4,38.06,48.0,4.28,0.34,32.5,23.11,75.0,91.25,37.43,16.29,37.55,0.25,26.33,2.51,66.66,0.34,36.0,12.75,25.0,1.79,43.71,16.04,33.33,1.71,45.0,15.31,40.0,0.0,0.0,299.0
13898,89,45,0,0.0,0.0,0.0,0.0,0.0,0.0,0.0,0.0,0.0,0.0,0.0,0.0,0.0,0.0,0.0,0.0,0.0,0.0,0.0,0.0,0.0,0.0,0.0,0.0,0.0,0.0,0.0,0.0,0.0,0.0,0.0,0.0,0.0,0.0,0.0
13899,89,47,0,0.0,0.0,0.0,0.0,0.0,0.0,0.0,0.0,0.0,0.0,0.0,0.0,0.0,0.0,0.0,0.0,0.0,0.0,0.0,0.0,0.0,0.0,0.0,0.0,0.0,0.0,0.0,0.0,0.0,0.0,0.0,0.0,0.0,0.0,0.0
13900,89,52,0,0.0,0.0,0.0,0.0,0.0,0.0,0.0,0.0,0.0,0.0,0.0,0.0,0.0,0.0,0.0,0.0,0.0,0.0,0.0,0.0,0.0,0.0,0.0,0.0,0.0,0.0,0.0,0.0,0.0,0.0,0.0,0.0,0.0,0.0,0.0
13901,89,53,0,0.0,0.0,0.0,0.0,0.0,0.0,0.0,0.0,0.0,0.0,0.0,0.0,0.0,0.0,0.0,0.0,0.0,0.0,0.0,0.0,0.0,0.0,0.0,0.0,0.0,0.0,0.0,0.0,0.0,0.0,0.0,0.0,0.0,0.0,0.0
13902,89,56,0,0.0,0.0,0.0,0.0,0.0,0.0,0.0,0.0,0.0,0.0,0.0,0.0,0.0,0.0,0.0,0.0,0.0,0.0,0.0,0.0,0.0,0.0,0.0,0.0,0.0,0.0,0.0,0.0,0.0,0.0,0.0,0.0,0.0,0.0,0.0
13903,89,63,0,0.0,0.0,0.0,0.0,0.0,0.0,0.0,0.0,0.0,0.0,0.0,0.0,0.0,0.0,0.0,0.0,0.0,0.0,0.0,0.0,0.0,0.0,0.0,0.0,0.0,0.0,0.0,0.0,0.0,0.0,0.0,0.0,0.0,0.0,0.0
13904,89,64,0,0.0,0.0,0.0,0.0,0.0,0.0,0.0,0.0,0.0,0.0,0.0,0.0,0.0,0.0,0.0,0.0,0.0,0.0,0.0,0.0,0.0,0.0,0.0,0.0,0.0,0.0,0.0,0.0,0.0,0.0,0.0,0.0,0.0,0.0,0.0
13905,89,70,1238,0.16,45.83,20.08,41.84,13.75,43.21,45.45,3.55,0.48,45.0,9.93,66.66,89.72,46.08,20.28,43.01,2.02,43.84,22.41,52.0,0.48,39.33,23.72,16.66,1.29,52.12,15.41,62.5,2.42,40.7,20.23,30.0,0.0,0.0,445.0
13906,89,78,0,0.0,0.0,0.0,0.0,0.0,0.0,0.0,0.0,0.0,0.0,0.0,0.0,0.0,0.0,0.0,0.0,0.0,0.0,0.0,0.0,0.0,0.0,0.0,0.0,0.0,0.0,0.0,0.0,0.0,0.0,0.0,0.0,0.0,0.0,0.0
13907,89,79,0,0.0,0.0,0.0,0.0,0.0,0.0,0.0,0.0,0.0,0.0,0.0,0.0,0.0,0.0,0.0,0.0,0.0,0.0,0.0,0.0,0.0,0.0,0.0,0.0,0.0,0.0,0.0,0.0,0.0,0.0,0.0,0.0,0.0,0.0,0.0
13908,89,80,0,0.0,0.0,0.0,0.0,0.0,0.0,0.0,0.0,0.0,0.0,0.0,0.0,0.0,0.0,0.0,0.0,0.0,0.0,0.0,0.0,0.0,0.0,0.0,0.0,0.0,0.0,0.0,0.0,0.0,0.0,0.0,0.0,0.0,0.0,0.0
13909,89,81,0,0.0,0.0,0.0,0.0,0.0,0.0,0.0,0.0,0.0,0.0,0.0,0.0,0.0,0.0,0.0,0.0,0.0,0.0,0.0,0.0,0.0,0.0,0.0,0.0,0.0,0.0,0.0,0.0,0.0,0.0,0.0,0.0,0.0,0.0,0.0
13910,89,84,0,0.0,0.0,0.0,0.0,0.0,0.0,0.0,0.0,0.0,0.0,0.0,0.0,0.0,0.0,0.0,0.0,0.0,0.0,0.0,0.0,0.0,0.0,0.0,0.0,0.0,0.0,0.0,0.0,0.0,0.0,0.0,0.0,0.0,0.0,0.0
13911,89,86,0,0.0,0.0,0.0,0.0,0.0,0.0,0.0,0.0,0.0,0.0,0.0,0.0,0.0,0.0,0.0,0.0,0.0,0.0,0.0,0.0,0.0,0.0,0.0,0.0,0.0,0.0,0.0,0.0,0.0,0.0,0.0,0.0,0.0,0.0,0.0
13912,89,95,0,0.0,0.0,0.0,0.0,0.0,0.0,0.0,0.0,0.0,0.0,0.0,0.0,0.0,0.0,0.0,0.0,0.0,0.0,0.0,0.0,0.0,0.0,0.0,0.0,0.0,0.0,0.0,0.0,0.0,0.0,0.0,0.0,0.0,0.0,0.0
13913,89,97,0,0.0,0.0,0.0,0.0,0.0,0.0,0.0,0.0,0.0,0.0,0.0,0.0,0.0,0.0,0.0,0.0,0.0,0.0,0.0,0.0,0.0,0.0,0.0,0.0,0.0,0.0,0.0,0.0,0.0,0.0,0.0,0.0,0.0,0.0,0.0
13914,89,98,0,0.0,0.0,0.0,0.0,0.0,0.0,0.0,0.0,0.0,0.0,0.0,0.0,0.0,0.0,0.0,0.0,0.0,0.0,0.0,0.0,0.0,0.0,0.0,0.0,0.0,0.0,0.0,0.0,0.0,0.0,0.0,0.0,0.0,0.0,0.0
13915,89,101,0,0.0,0.0,0.0,0.0,0.0,0.0,0.0,0.0,0.0,0.0,0.0,0.0,0.0,0.0,0.0,0.0,0.0,0.0,0.0,0.0,0.0,0.0,0.0,0.0,0.0,0.0,0.0,0.0,0.0,0.0,0.0,0.0,0.0,0.0,0.0
13916,89,102,1012,0.88,46.28,17.79,43.5,18.65,41.6,53.12,3.19,0.39,47.5,13.77,50.0,88.23,46.56,17.69,40.9,1.09,45.36,14.15,54.54,0.19,44.0,19.79,50.0,4.18,43.02,15.5,38.09,2.69,45.85,24.19,44.44,0.0,0.0,588.0
13917,89,103,0,0.0,0.0,0.0,0.0,0.0,0.0,0.0,0.0,0.0,0.0,0.0,0.0,0.0,0.0,0.0,0.0,0.0,0.0,0.0,0.0,0.0,0.0,0.0,0.0,0.0,0.0,0.0,0.0,0.0,0.0,0.0,0.0,0.0,0.0,0.0
13918,89,104,0,0.0,0.0,0.0,0.0,0.0,0.0,0.0,0.0,0.0,0.0,0.0,0.0,0.0,0.0,0.0,0.0,0.0,0.0,0.0,0.0,0.0,0.0,0.0,0.0,0.0,0.0,0.0,0.0,0.0,0.0,0.0,0.0,0.0,0.0,0.0
13919,89,110,0,0.0,0.0,0.0,0.0,0.0,0.0,0.0,0.0,0.0,0.0,0.0,0.0,0.0,0.0,0.0,0.0,0.0,0.0,0.0,0.0,0.0,0.0,0.0,0.0,0.0,0.0,0.0,0.0,0.0,0.0,0.0,0.0,0.0,0.0,0.0
13920,89,113,0,0.0,0.0,0.0,0.0,0.0,0.0,0.0,0.0,0.0,0.0,0.0,0.0,0.0,0.0,0.0,0.0,0.0,0.0,0.0,0.0,0.0,0.0,0.0,0.0,0.0,0.0,0.0,0.0,0.0,0.0,0.0,0.0,0.0,0.0,0.0
13921,89,114,0,0.0,0.0,0.0,0.0,0.0,0.0,0.0,0.0,0.0,0.0,0.0,0.0,0.0,0.0,0.0,0.0,0.0,0.0,0.0,0.0,0.0,0.0,0.0,0.0,0.0,0.0,0.0,0.0,0.0,0.0,0.0,0.0,0.0,0.0,0.0
13922,89,116,0,0.0,0.0,0.0,0.0,0.0,0.0,0.0,0.0,0.0,0.0,0.0,0.0,0.0,0.0,0.0,0.0,0.0,0.0,0.0,0.0,0.0,0.0,0.0,0.0,0.0,0.0,0.0,0.0,0.0,0.0,0.0,0.0,0.0,0.0,0.0
13923,89,124,0,0.0,0.0,0.0,0.0,0.0,0.0,0.0,0.0,0.0,0.0,0.0,0.0,0.0,0.0,0.0,0.0,0.0,0.0,0.0,0.0,0.0,0.0,0.0,0.0,0.0,0.0,0.0,0.0,0.0,0.0,0.0,0.0,0.0,0.0,0.0
13924,89,126,1007,0.79,47.06,20.83,42.14,16.13,44.28,52.94,3.4,0.7,45.28,13.36,57.14,89.68,46.92,21.12,43.3,1.9,48.52,17.8,63.15,0.2,57.5,2.12,0.0,2.3,55.6,16.44,56.52,1.8,49.88,26.21,38.88,0.0,0.0,472.0
13925,89,137,0,0.0,0.0,0.0,0.0,0.0,0.0,0.0,0.0,0.0,0.0,0.0,0.0,0.0,0.0,0.0,0.0,0.0,0.0,0.0,0.0,0.0,0.0,0.0,0.0,0.0,0.0,0.0,0.0,0.0,0.0,0.0,0.0,0.0,0.0,0.0
13926,89,138,0,0.0,0.0,0.0,0.0,0.0,0.0,0.0,0.0,0.0,0.0,0.0,0.0,0.0,0.0,0.0,0.0,0.0,0.0,0.0,0.0,0.0,0.0,0.0,0.0,0.0,0.0,0.0,0.0,0.0,0.0,0.0,0.0,0.0,0.0,0.0
13927,89,139,0,0.0,0.0,0.0,0.0,0.0,0.0,0.0,0.0,0.0,0.0,0.0,0.0,0.0,0.0,0.0,0.0,0.0,0.0,0.0,0.0,0.0,0.0,0.0,0.0,0.0,0.0,0.0,0.0,0.0,0.0,0.0,0.0,0.0,0.0,0.0
13928,89,144,0,0.0,0.0,0.0,0.0,0.0,0.0,0.0,0.0,0.0,0.0,0.0,0.0,0.0,0.0,0.0,0.0,0.0,0.0,0.0,0.0,0.0,0.0,0.0,0.0,0.0,0.0,0.0,0.0,0.0,0.0,0.0,0.0,0.0,0.0,0.0
13929,89,145,0,0.0,0.0,0.0,0.0,0.0,0.0,0.0,0.0,0.0,0.0,0.0,0.0,0.0,0.0,0.0,0.0,0.0,0.0,0.0,0.0,0.0,0.0,0.0,0.0,0.0,0.0,0.0,0.0,0.0,0.0,0.0,0.0,0.0,0.0,0.0
13930,89,148,0,0.0,0.0,0.0,0.0,0.0,0.0,0.0,0.0,0.0,0.0,0.0,0.0,0.0,0.0,0.0,0.0,0.0,0.0,0.0,0.0,0.0,0.0,0.0,0.0,0.0,0.0,0.0,0.0,0.0,0.0,0.0,0.0,0.0,0.0,0.0
13931,89,152,0,0.0,0.0,0.0,0.0,0.0,0.0,0.0,0.0,0.0,0.0,0.0,0.0,0.0,0.0,0.0,0.0,0.0,0.0,0.0,0.0,0.0,0.0,0.0,0.0,0.0,0.0,0.0,0.0,0.0,0.0,0.0,0.0,0.0,0.0,0.0
13932,89,156,0,0.0,0.0,0.0,0.0,0.0,0.0,0.0,0.0,0.0,0.0,0.0,0.0,0.0,0.0,0.0,0.0,0.0,0.0,0.0,0.0,0.0,0.0,0.0,0.0,0.0,0.0,0.0,0.0,0.0,0.0,0.0,0.0,0.0,0.0,0.0
13933,89,158,0,0.0,0.0,0.0,0.0,0.0,0.0,0.0,0.0,0.0,0.0,0.0,0.0,0.0,0.0,0.0,0.0,0.0,0.0,0.0,0.0,0.0,0.0,0.0,0.0,0.0,0.0,0.0,0.0,0.0,0.0,0.0,0.0,0.0,0.0,0.0
13934,89,159,0,0.0,0.0,0.0,0.0,0.0,0.0,0.0,0.0,0.0,0.0,0.0,0.0,0.0,0.0,0.0,0.0,0.0,0.0,0.0,0.0,0.0,0.0,0.0,0.0,0.0,0.0,0.0,0.0,0.0,0.0,0.0,0.0,0.0,0.0,0.0
13935,89,163,0,0.0,0.0,0.0,0.0,0.0,0.0,0.0,0.0,0.0,0.0,0.0,0.0,0.0,0.0,0.0,0.0,0.0,0.0,0.0,0.0,0.0,0.0,0.0,0.0,0.0,0.0,0.0,0.0,0.0,0.0,0.0,0.0,0.0,0.0,0.0
13936,89,168,849,0.23,45.32,20.32,47.5,7.94,41.46,33.33,0.7,0.23,33.0,5.65,50.0,93.86,45.49,20.25,41.76,1.06,42.33,21.02,33.33,0.0,0.0,0.0,0.0,2.36,35.5,22.1,40.0,1.77,51.86,23.81,33.33,0.0,0.0,364.0
13937,89,169,0,0.0,0.0,0.0,0.0,0.0,0.0,0.0,0.0,0.0,0.0,0.0,0.0,0.0,0.0,0.0,0.0,0.0,0.0,0.0,0.0,0.0,0.0,0.0,0.0,0.0,0.0,0.0,0.0,0.0,0.0,0.0,0.0,0.0,0.0,0.0
13938,89,171,0,0.0,0.0,0.0,0.0,0.0,0.0,0.0,0.0,0.0,0.0,0.0,0.0,0.0,0.0,0.0,0.0,0.0,0.0,0.0,0.0,0.0,0.0,0.0,0.0,0.0,0.0,0.0,0.0,0.0,0.0,0.0,0.0,0.0,0.0,0.0
13939,89,177,0,0.0,0.0,0.0,0.0,0.0,0.0,0.0,0.0,0.0,0.0,0.0,0.0,0.0,0.0,0.0,0.0,0.0,0.0,0.0,0.0,0.0,0.0,0.0,0.0,0.0,0.0,0.0,0.0,0.0,0.0,0.0,0.0,0.0,0.0,0.0
13940,89,178,0,0.0,0.0,0.0,0.0,0.0,0.0,0.0,0.0,0.0,0.0,0.0,0.0,0.0,0.0,0.0,0.0,0.0,0.0,0.0,0.0,0.0,0.0,0.0,0.0,0.0,0.0,0.0,0.0,0.0,0.0,0.0,0.0,0.0,0.0,0.0
13941,89,179,0,0.0,0.0,0.0,0.0,0.0,0.0,0.0,0.0,0.0,0.0,0.0,0.0,0.0,0.0,0.0,0.0,0.0,0.0,0.0,0.0,0.0,0.0,0.0,0.0,0.0,0.0,0.0,0.0,0.0,0.0,0.0,0.0,0.0,0.0,0.0
13942,89,182,0,0.0,0.0,0.0,0.0,0.0,0.0,0.0,0.0,0.0,0.0,0.0,0.0,0.0,0.0,0.0,0.0,0.0,0.0,0.0,0.0,0.0,0.0,0.0,0.0,0.0,0.0,0.0,0.0,0.0,0.0,0.0,0.0,0.0,0.0,0.0
13943,89,186,0,0.0,0.0,0.0,0.0,0.0,0.0,0.0,0.0,0.0,0.0,0.0,0.0,0.0,0.0,0.0,0.0,0.0,0.0,0.0,0.0,0.0,0.0,0.0,0.0,0.0,0.0,0.0,0.0,0.0,0.0,0.0,0.0,0.0,0.0,0.0
13944,89,187,0,0.0,0.0,0.0,0.0,0.0,0.0,0.0,0.0,0.0,0.0,0.0,0.0,0.0,0.0,0.0,0.0,0.0,0.0,0.0,0.0,0.0,0.0,0.0,0.0,0.0,0.0,0.0,0.0,0.0,0.0,0.0,0.0,0.0,0.0,0.0
13945,89,188,0,0.0,0.0,0.0,0.0,0.0,0.0,0.0,0.0,0.0,0.0,0.0,0.0,0.0,0.0,0.0,0.0,0.0,0.0,0.0,0.0,0.0,0.0,0.0,0.0,0.0,0.0,0.0,0.0,0.0,0.0,0.0,0.0,0.0,0.0,0.0
13946,89,194,0,0.0,0.0,0.0,0.0,0.0,0.0,0.0,0.0,0.0,0.0,0.0,0.0,0.0,0.0,0.0,0.0,0.0,0.0,0.0,0.0,0.0,0.0,0.0,0.0,0.0,0.0,0.0,0.0,0.0,0.0,0.0,0.0,0.0,0.0,0.0
13947,89,210,0,0.0,0.0,0.0,0.0,0.0,0.0,0.0,0.0,0.0,0.0,0.0,0.0,0.0,0.0,0.0,0.0,0.0,0.0,0.0,0.0,0.0,0.0,0.0,0.0,0.0,0.0,0.0,0.0,0.0,0.0,0.0,0.0,0.0,0.0,0.0
13948,89,212,0,0.0,0.0,0.0,0.0,0.0,0.0,0.0,0.0,0.0,0.0,0.0,0.0,0.0,0.0,0.0,0.0,0.0,0.0,0.0,0.0,0.0,0.0,0.0,0.0,0.0,0.0,0.0,0.0,0.0,0.0,0.0,0.0,0.0,0.0,0.0
13949,90,3,1077,0.27,45.23,20.05,43.65,16.64,44.56,51.72,2.7,1.21,57.3,23.29,53.84,91.62,45.06,20.23,43.9,1.76,41.05,17.05,47.36,0.0,0.0,0.0,0.0,1.76,46.57,14.63,52.63,0.83,50.77,18.57,66.66,0.0,30.73,489.0
13950,90,4,1232,0.0,49.73,20.12,44.34,18.68,45.45,44.82,2.35,1.21,58.33,22.67,33.33,90.25,49.69,20.13,45.41,1.62,50.95,17.95,55.0,0.0,0.0,0.0,0.0,2.75,49.85,22.44,52.94,1.78,51.77,17.55,36.36,0.0,31.82,620.0
13951,90,7,933,0.32,48.26,20.13,39.6,21.16,43.94,60.0,3.76,1.39,55.38,20.45,53.84,89.78,48.48,20.06,43.83,1.39,51.46,21.09,46.15,0.1,30.0,0.0,100.0,1.82,44.41,22.02,17.64,1.72,47.93,14.14,37.5,0.0,47.46,464.0
13952,90,8,902,0.55,41.93,15.7,40.56,20.1,35.58,29.26,4.57,1.78,41.43,19.08,6.25,87.62,41.63,15.26,36.13,1.33,47.75,15.89,58.33,0.78,40.42,9.94,28.57,2.0,48.94,12.47,38.88,1.89,45.88,23.82,29.41,0.0,35.52,370.0
13953,90,11,762,0.0,48.88,18.38,44.06,23.24,40.55,46.66,3.93,1.44,57.45,17.01,63.63,88.71,48.48,18.08,39.34,2.36,52.33,20.76,50.0,0.39,74.33,3.78,0.0,1.31,53.0,10.69,60.0,1.83,58.5,18.21,50.0,0.0,35.91,402.0
13954,90,13,1233,0.08,46.27,19.08,45.13,19.12,42.25,42.1,3.08,0.81,38.79,23.53,40.0,91.88,46.33,19.1,42.22,1.37,40.11,15.91,52.94,0.24,55.33,2.08,0.0,0.89,51.72,17.36,54.54,1.7,48.14,19.32,38.09,0.0,22.84,298.0
13955,90,14,1435,0.27,46.66,19.56,48.95,15.23,44.25,47.61,1.46,1.88,53.11,20.93,37.03,91.26,46.4,19.71,44.02,2.16,42.64,16.63,51.61,0.0,0.0,0.0,0.0,2.09,53.26,14.54,50.0,1.11,49.56,22.12,43.75,0.0,28.03,475.0
13956,90,15,922,0.0,47.99,20.19,50.61,22.5,41.43,38.46,1.4,1.3,62.33,22.78,25.0,91.64,47.68,19.91,41.77,2.16,51.5,17.06,45.0,0.1,27.0,0.0,100.0,1.73,50.12,25.94,37.5,1.62,45.73,26.86,33.33,0.0,58.24,374.0
13957,90,19,1196,0.08,43.9,18.8,51.15,15.6,43.06,30.0,1.67,1.08,54.84,20.84,46.15,92.8,43.56,18.77,43.28,1.33,46.87,15.48,43.75,0.0,0.0,0.0,0.0,1.67,45.9,22.57,45.0,1.42,43.82,19.28,41.17,0.0,44.32,261.0
13958,90,22,996,1.7,40.52,16.43,39.85,17.2,38.55,47.61,6.43,2.96,47.41,17.17,58.62,84.47,39.86,16.14,37.72,1.02,40.0,10.05,60.0,0.91,40.66,18.78,22.22,2.04,43.7,17.8,40.0,2.14,44.57,20.81,19.04,0.0,24.6,512.0
13959,90,unclear,1185,0.5,39.99,12.96,39.48,10.0,41.43,34.28,2.96,0.0,0.0,0.0,0.0,92.79,39.87,13.02,42.04,0.84,38.9,6.52,30.0,0.76,44.88,8.22,22.22,0.5,39.0,13.0,33.33,2.12,44.44,16.94,44.0,,,
13960,90,unclear,1378,1.81,43.19,12.24,44.48,14.01,31.64,30.48,6.06,0.0,0.0,0.0,0.0,89.57,42.85,12.1,31.84,0.81,42.72,16.26,36.36,0.44,48.16,5.56,50.0,0.36,45.2,11.21,40.0,2.73,49.64,11.11,32.43,,,
13961,90,unclear,1382,0.72,39.6,11.56,39.1,9.21,39.14,28.07,4.15,0.0,0.0,0.0,0.0,93.29,39.61,11.65,39.84,0.21,44.66,6.5,33.33,0.0,0.0,0.0,0.0,0.36,40.0,10.0,40.0,1.96,38.88,12.37,37.03,,,
13962,90,34,762,0.0,46.54,18.5,43.06,21.17,42.78,26.66,1.96,1.04,56.75,14.23,37.5,90.68,46.23,18.43,42.83,3.67,50.57,18.62,50.0,0.13,56.0,0.0,0.0,0.91,54.0,11.77,71.42,1.57,47.83,23.79,33.33,0.0,51.74,328.0
13963,90,unclear,1219,0.9,44.96,14.33,44.73,12.74,49.13,42.22,3.72,0.0,0.0,0.0,0.0,89.73,44.82,14.3,49.07,0.99,46.33,15.88,66.66,0.33,40.25,9.1,50.0,0.66,49.0,17.54,87.5,4.55,47.4,15.6,45.45,,,
13964,90,40,1068,0.0,38.09,13.98,33.51,15.33,37.35,38.7,5.8,1.87,42.25,16.14,15.0,88.95,38.1,13.82,38.31,0.84,37.55,11.13,33.33,0.09,20.0,0.0,100.0,0.84,43.11,13.74,22.22,1.59,48.0,9.94,11.76,0.0,48.77,157.0
13965,90,45,1291,0.07,41.41,16.27,39.24,17.99,38.57,32.25,4.8,0.77,44.1,23.83,30.0,90.62,41.35,16.0,39.69,0.77,40.4,10.44,50.0,0.69,40.66,26.3,0.0,0.93,41.41,22.71,25.0,1.39,51.83,13.62,11.11,0.0,20.7,543.0
13966,90,46,1423,0.14,39.87,16.1,37.49,13.48,38.29,27.11,4.15,0.98,50.64,15.71,14.28,91.34,39.54,16.23,39.21,0.56,35.25,8.58,50.0,0.07,37.0,0.0,0.0,1.75,53.28,12.21,36.0,1.12,46.18,11.14,25.0,0.0,15.69,472.0
13967,90,52,1343,0.44,42.04,17.23,44.04,16.32,34.02,21.42,3.14,1.57,47.19,17.07,19.04,91.62,41.63,17.21,34.85,0.44,38.5,28.84,66.66,0.74,53.4,12.05,10.0,1.27,46.23,18.56,29.41,1.19,47.31,16.07,37.5,0.0,22.54,601.0
13968,90,57,1033,0.48,40.25,15.75,40.76,15.75,39.01,32.83,6.51,1.36,51.28,15.19,42.85,89.1,39.9,15.8,39.51,0.29,41.66,5.68,66.66,0.38,45.0,4.54,50.0,1.36,41.64,10.49,42.85,0.97,47.5,9.61,20.0,0.0,25.03,515.0
13969,90,64,852,0.23,40.93,15.64,38.3,16.05,39.31,39.24,9.29,0.94,40.87,18.71,25.0,86.94,41.2,15.7,39.64,0.94,34.0,9.14,62.5,0.23,42.0,2.82,0.0,0.58,50.8,4.91,60.0,1.05,40.66,11.89,11.11,0.0,52.08,458.0
13970,90,unclear,1381,0.65,39.65,13.03,41.61,14.4,41.78,39.36,6.85,0.0,0.0,0.0,0.0,90.96,39.43,12.91,42.3,0.21,35.33,16.01,33.33,0.14,40.0,4.24,0.0,0.29,45.0,7.83,25.0,1.53,42.95,14.35,28.57,,,
13971,90,69,1211,0.33,43.29,14.85,42.1,15.11,36.58,36.36,9.11,1.98,44.95,14.2,33.33,84.83,43.2,14.79,37.01,0.49,39.16,11.63,50.0,0.57,41.42,20.04,42.85,0.66,45.5,16.15,12.5,2.31,48.35,15.44,25.0,0.0,32.23,696.0
13972,90,72,1214,0.41,43.08,15.42,42.02,14.99,36.73,36.97,9.84,1.57,39.36,20.0,36.84,84.78,43.41,15.24,37.36,0.24,42.33,19.39,0.0,0.16,36.5,23.33,0.0,1.57,36.94,19.9,31.57,1.81,43.27,18.25,22.72,0.0,27.52,650.0
13973,90,73,1313,0.22,39.56,15.08,36.74,13.29,40.06,38.05,10.22,1.06,43.21,18.77,35.71,85.87,39.96,15.1,40.97,0.68,30.33,18.45,66.66,0.3,40.25,30.15,0.0,0.61,31.12,21.77,12.5,1.22,41.81,11.62,12.5,0.0,23.66,563.0
13974,90,77,1402,0.21,39.27,14.09,38.07,14.46,38.58,30.43,9.86,0.92,33.84,19.81,15.38,86.84,39.43,14.0,40.41,0.07,23.0,0.0,100.0,0.28,40.0,7.52,25.0,0.71,33.29,15.08,10.0,1.28,45.05,11.41,16.66,0.0,31.07,531.0
13975,90,78,798,0.12,41.13,15.45,38.28,16.34,39.22,47.14,8.78,2.63,45.0,17.06,38.09,83.93,41.29,15.26,39.31,1.38,47.54,9.32,45.45,0.25,37.5,10.6,50.0,0.87,41.71,23.76,14.28,2.13,37.29,16.55,11.76,0.0,50.89,388.0
13976,90,unclear,1003,0.89,35.43,11.49,35.23,11.76,41.07,36.36,7.74,0.0,0.0,0.0,0.0,89.23,35.35,11.38,41.14,0.5,48.2,12.67,60.0,0.1,51.0,0.0,0.0,1.0,32.4,13.65,50.0,1.4,35.28,10.97,35.71,,,
13977,90,85,1014,0.19,40.44,16.14,36.14,15.58,37.57,32.58,8.79,1.28,50.07,11.39,7.69,87.54,40.58,16.0,39.05,0.39,29.0,20.68,50.0,0.19,58.0,31.11,0.0,0.69,33.28,20.49,42.85,1.08,54.0,13.16,0.0,0.0,45.97,466.0
13978,90,86,1159,0.17,42.39,15.73,40.9,18.6,39.43,39.72,6.3,1.12,46.3,15.05,53.84,90.06,42.42,15.53,39.44,0.69,40.62,13.23,62.5,0.17,45.5,2.12,100.0,0.51,35.16,17.29,0.0,1.12,51.69,10.91,15.38,0.0,28.14,459.0
13979,90,unclear,1167,0.51,38.91,11.27,38.89,10.11,43.53,40.62,8.26,0.0,0.0,0.0,0.0,88.37,38.82,11.43,44.05,0.68,44.87,13.18,50.0,0.17,37.5,17.67,100.0,0.43,37.6,5.5,20.0,2.06,40.83,8.47,25.0,,,
13980,90,unclear,1218,0.9,38.01,10.5,39.56,12.4,36.12,43.58,3.23,0.0,0.0,0.0,0.0,92.79,37.84,10.23,36.51,0.66,35.75,13.13,25.0,0.24,40.0,11.13,0.0,1.32,40.75,14.42,31.25,1.73,38.71,12.72,23.8,,,
13981,90,unclear,1149,0.87,38.43,12.18,34.77,8.31,34.37,33.33,2.37,0.0,0.0,0.0,0.0,92.71,38.07,11.89,34.18,0.7,36.12,7.43,62.5,0.43,58.6,26.57,20.0,1.14,45.76,11.54,23.07,2.63,45.86,15.48,30.0,,,
13982,90,unclear,1135,0.96,44.04,13.9,43.44,12.99,48.19,53.44,5.16,0.0,0.0,0.0,0.0,87.54,43.85,13.87,47.56,0.62,57.85,17.57,28.57,0.44,41.2,19.84,40.0,0.62,41.14,3.53,71.42,5.6,45.42,13.88,52.38,,,
13983,90,99,754,0.26,37.89,15.55,39.12,13.81,34.48,39.39,4.38,1.99,43.2,14.88,60.0,90.42,37.68,15.6,34.41,0.53,34.0,6.87,75.0,0.26,44.0,25.45,0.0,0.93,31.57,19.09,0.0,1.46,42.09,17.62,9.09,0.0,55.06,327.0
13984,90,101,897,0.78,40.07,17.29,35.75,16.01,34.89,27.02,8.31,2.13,41.31,15.31,21.05,84.26,40.21,17.16,36.8,0.89,31.5,17.41,50.0,0.78,47.42,11.87,14.28,0.89,44.25,20.75,37.5,2.69,42.58,23.26,16.66,0.0,20.4,345.0
13985,90,107,823,0.12,42.3,18.85,43.95,13.98,44.47,63.63,2.67,0.72,48.5,11.37,83.33,92.33,41.96,19.0,42.68,1.45,45.41,17.41,75.0,0.0,0.0,0.0,0.0,1.33,44.54,24.82,90.9,1.45,52.58,14.76,25.0,0.0,56.77,297.0
13986,90,unclear,900,1.11,43.28,12.8,41.0,12.79,45.55,48.71,4.38,0.0,0.0,0.0,0.0,90.33,43.22,12.86,45.52,1.01,41.55,11.2,44.44,0.33,43.0,9.84,0.0,0.56,57.6,13.22,40.0,3.37,45.33,11.02,43.33,,,
13987,90,115,1322,0.0,42.74,17.18,36.72,17.21,45.31,48.0,1.89,0.75,35.4,21.03,40.0,90.84,42.73,17.2,45.29,1.81,44.83,18.62,50.0,0.15,40.0,2.82,50.0,1.81,44.0,18.88,45.83,2.72,47.11,12.46,41.66,0.0,20.93,420.0
13988,90,116,1156,0.25,43.57,18.96,39.51,20.83,42.73,37.14,3.03,1.38,43.81,20.75,31.25,90.63,43.7,18.85,42.67,1.04,44.08,18.5,41.66,0.26,34.66,30.17,33.33,1.12,41.53,13.38,46.15,2.51,44.58,21.42,58.62,0.0,41.26,515.0
13989,90,121,808,0.86,39.04,16.51,34.04,17.67,39.85,35.0,7.49,1.87,39.79,19.27,53.33,84.76,39.27,16.35,40.64,1.12,44.77,13.5,44.44,0.0,0.0,0.0,0.0,2.87,36.6,16.9,21.73,1.87,41.73,14.92,46.66,0.0,31.81,299.0
13990,90,unclear,1260,1.11,40.18,10.11,39.21,9.65,41.58,42.3,6.26,0.0,0.0,0.0,0.0,90.12,40.22,10.03,41.85,0.88,33.54,8.43,54.54,0.32,56.75,16.58,25.0,0.16,26.5,9.19,50.0,2.24,41.32,10.18,35.71,,,
13991,90,126,1134,0.35,39.57,13.91,40.29,13.78,37.91,40.2,8.58,0.61,47.14,8.95,14.28,88.76,39.42,13.9,38.28,0.44,36.0,8.77,60.0,0.08,32.0,0.0,0.0,0.44,41.8,14.46,0.0,1.06,41.41,18.29,25.0,0.0,25.19,439.0
13992,90,128,1285,0.07,39.52,14.31,37.93,14.58,40.77,41.37,9.03,0.62,46.25,4.62,25.0,87.69,39.47,14.35,41.2,0.62,36.87,6.37,62.5,0.23,39.33,2.51,33.33,0.31,56.25,16.58,25.0,1.47,45.78,10.25,15.78,0.0,44.56,345.0
13993,90,129,993,0.2,39.93,14.54,38.06,18.21,40.78,45.16,9.38,0.9,43.88,7.7,22.22,86.37,40.11,14.06,40.88,0.3,41.66,16.04,33.33,0.8,42.25,9.49,25.0,0.4,33.0,23.8,25.0,1.81,41.61,16.15,33.33,0.0,52.75,325.0
13994,90,137,1021,0.0,39.95,15.55,38.74,14.08,40.45,44.0,4.89,0.97,49.1,9.67,50.0,91.96,39.87,15.74,40.57,0.29,48.0,4.58,66.66,0.0,0.0,0.0,0.0,0.88,33.0,10.09,0.0,0.97,48.0,9.88,30.0,0.0,43.37,427.0
13995,90,139,1202,0.49,39.23,15.59,38.76,14.05,42.34,47.56,15.46,1.75,37.61,17.86,47.61,78.42,39.11,15.9,41.68,1.0,40.5,11.21,50.0,0.41,45.2,11.79,20.0,1.5,40.22,9.47,44.44,1.42,50.41,11.8,23.52,0.0,41.16,206.0
13996,90,140,1149,0.26,38.82,15.3,37.85,16.01,39.07,40.0,10.9,1.91,26.4,22.43,27.27,83.85,39.16,14.94,39.85,0.43,43.8,22.5,20.0,0.26,37.33,12.85,0.0,1.3,39.46,11.67,20.0,1.3,39.86,14.99,40.0,0.0,26.01,392.0
13997,90,143,1432,0.13,37.15,14.27,38.28,14.34,42.17,38.41,11.46,1.18,44.82,14.87,17.64,84.54,36.99,14.17,42.84,0.55,30.25,20.29,87.5,0.13,25.0,0.0,0.0,0.69,36.7,12.35,70.0,1.32,36.73,17.47,31.57,0.0,45.96,232.0
13998,90,146,840,0.47,42.07,16.23,40.61,15.63,42.26,43.85,6.81,1.79,44.73,14.99,40.0,87.44,41.87,16.25,42.68,0.59,50.8,10.84,60.0,0.11,50.0,0.0,0.0,1.67,42.35,16.42,28.57,1.55,52.15,14.1,23.07,0.0,47.92,453.0
13999,90,147,641,0.0,37.62,15.22,37.77,15.15,39.31,36.9,13.1,0.31,38.0,0.0,0.0,82.52,37.57,15.29,40.07,0.0,0.0,0.0,0.0,0.15,52.0,0.0,100.0,0.93,30.16,19.87,66.66,2.96,39.84,13.28,21.05,0.0,62.07,150.0
14000,90,unclear,941,2.23,38.42,10.72,40.17,12.15,42.5,41.17,7.39,0.0,0.0,0.0,0.0,88.04,37.88,10.28,43.7,0.32,41.33,23.02,33.33,0.32,46.66,10.78,66.66,1.08,39.29,13.3,20.0,2.82,42.8,10.44,26.92,,,
14001,90,unclear,1296,0.46,41.03,10.13,39.87,10.76,42.12,40.7,8.75,0.0,0.0,0.0,0.0,86.97,41.15,9.9,42.78,0.62,39.37,6.86,37.5,0.31,46.0,5.16,25.0,0.93,46.75,17.42,50.0,2.4,39.35,13.08,22.58,,,
14002,90,unclear,1057,0.94,34.99,10.54,34.91,10.15,42.0,38.98,11.27,0.0,0.0,0.0,0.0,85.1,34.99,10.55,43.32,0.28,41.66,15.63,33.33,0.19,37.0,8.48,0.0,0.66,31.14,9.19,57.14,2.48,35.07,10.84,26.92,,,
14003,90,157,1522,0.13,36.5,14.58,36.47,13.01,41.32,39.7,8.94,0.98,41.0,20.58,33.33,86.84,36.35,14.67,42.34,0.32,37.0,5.47,80.0,0.39,46.0,23.57,16.66,1.11,37.17,15.88,11.76,1.38,39.14,11.34,19.04,0.0,21.78,114.0
14004,90,158,876,0.11,42.77,16.21,40.22,16.15,39.95,44.71,14.05,1.82,51.75,14.99,43.75,80.68,42.87,16.31,39.51,0.68,47.66,7.81,50.0,0.11,47.0,0.0,100.0,1.14,38.7,15.74,30.0,1.48,50.61,10.93,15.38,0.0,48.65,362.0
14005,90,unclear,1027,0.87,35.39,10.82,35.72,10.78,41.96,42.85,10.31,0.0,0.0,0.0,0.0,87.62,35.31,10.8,42.15,0.29,32.33,4.04,66.66,0.19,32.0,12.72,50.0,0.19,39.5,3.53,0.0,1.37,37.14,12.92,28.57,,,
14006,90,164,1106,0.09,43.98,19.05,34.14,18.23,43.67,50.0,1.26,1.71,52.94,20.13,42.1,92.12,43.87,18.84,43.71,1.9,47.23,19.8,28.57,0.09,68.0,0.0,100.0,1.9,43.85,22.67,52.38,0.99,41.45,24.63,36.36,0.0,35.88,491.0
14007,90,165,1248,0.0,48.44,20.46,50.35,19.6,45.35,30.0,1.6,1.76,56.18,20.92,36.36,90.06,48.25,20.38,45.28,2.24,50.25,18.74,50.0,0.24,35.33,17.24,33.33,2.0,49.08,19.84,68.0,2.08,47.76,26.4,42.3,0.0,32.97,590.0
14008,90,166,907,0.33,45.27,18.74,41.43,18.13,43.66,47.82,2.54,0.88,51.0,14.55,37.5,89.82,45.52,18.71,43.71,2.32,36.61,19.1,52.38,0.33,29.33,5.03,33.33,1.88,51.0,23.6,17.64,2.21,42.8,16.77,50.0,0.0,45.22,395.0
14009,90,168,813,0.36,44.37,18.03,43.73,15.62,43.05,46.15,3.2,2.96,55.0,16.38,33.33,84.44,43.76,17.89,43.56,1.35,44.36,21.92,54.54,0.0,0.0,0.0,0.0,2.22,54.44,18.26,50.0,5.8,44.19,19.59,31.91,0.0,40.78,337.0
14010,90,169,1098,0.45,43.94,18.95,40.66,18.3,44.35,58.33,2.19,2.01,45.0,23.29,63.63,91.03,44.23,18.9,43.31,1.37,42.46,16.0,46.66,0.0,0.0,0.0,0.0,1.09,37.16,16.23,83.33,2.28,42.2,19.48,44.0,0.0,45.34,422.0
14011,90,170,1140,0.17,42.53,19.56,44.17,19.43,45.17,55.17,2.54,3.42,51.05,18.09,41.02,86.02,41.73,19.58,45.25,1.58,40.61,18.98,50.0,0.17,56.0,1.41,50.0,1.14,43.0,23.62,38.46,5.09,48.75,17.81,43.1,0.0,33.87,412.0
14012,90,171,598,0.16,45.19,19.97,42.9,18.29,41.8,50.0,3.68,1.0,49.0,19.29,16.66,89.11,45.35,19.8,40.97,2.01,35.91,25.84,50.0,0.0,0.0,0.0,0.0,2.34,51.5,24.09,35.71,1.84,42.09,20.84,81.81,0.0,52.65,236.0
14013,90,173,1019,0.29,37.4,15.67,39.41,13.61,37.97,33.78,7.28,1.96,36.4,17.69,20.0,88.09,37.14,15.81,38.99,0.39,32.75,11.41,75.0,0.29,44.0,8.71,33.33,0.39,41.0,10.23,0.0,1.47,42.6,16.81,20.0,0.0,42.62,200.0
14014,90,unclear,1179,0.76,41.41,13.04,43.68,11.38,37.74,45.45,3.76,0.0,0.0,0.0,0.0,92.64,41.05,13.07,37.08,0.59,45.0,7.87,85.71,0.08,32.0,0.0,0.0,1.11,45.3,11.51,30.76,1.79,48.42,14.4,42.85,,,
14015,90,179,950,0.21,37.04,15.8,38.52,14.69,38.94,41.3,4.85,1.58,33.2,17.39,26.66,90.61,36.89,15.88,39.23,0.84,31.12,15.44,62.5,0.0,0.0,0.0,0.0,0.42,46.5,21.62,25.0,1.68,43.56,10.07,25.0,0.0,47.1,188.0
14016,90,unclear,761,0.65,36.3,11.38,33.41,12.11,38.89,53.84,5.15,0.0,0.0,0.0,0.0,92.32,36.42,11.39,38.53,0.39,32.66,9.6,0.0,0.13,40.0,0.0,100.0,0.26,31.5,2.12,0.0,1.71,39.76,9.42,23.07,,,
14017,90,183,1012,0.29,38.84,15.63,35.46,15.99,40.21,40.74,5.35,1.09,48.9,7.44,27.27,90.08,38.75,15.6,40.7,0.89,40.55,11.81,55.55,0.0,0.0,0.0,0.0,1.09,37.09,16.78,27.27,1.48,46.73,15.69,20.0,0.0,49.47,361.0
14018,90,184,1114,0.71,41.83,17.43,33.93,17.26,40.66,50.0,1.44,1.8,56.5,18.67,40.0,92.04,41.4,17.23,40.96,0.63,44.57,11.61,42.85,0.18,24.5,34.64,0.0,1.71,37.47,11.27,47.36,2.16,52.54,18.22,25.0,0.0,20.65,474.0
14019,90,185,1180,0.33,40.92,17.44,32.81,12.68,39.83,50.0,1.36,1.19,38.14,19.24,21.42,93.36,40.98,17.42,40.25,0.59,30.0,24.95,71.42,0.25,41.66,12.5,0.0,1.53,42.5,13.57,16.66,1.7,47.3,20.66,35.0,0.0,31.19,418.0
14020,90,186,750,0.4,36.9,16.55,29.54,13.82,38.8,39.39,4.41,1.47,39.72,18.33,45.45,89.95,37.12,16.36,39.13,0.4,34.66,37.22,100.0,0.26,36.0,1.41,50.0,2.4,38.94,20.52,22.22,1.07,42.25,23.43,25.0,0.0,21.87,223.0
14021,90,unclear,1111,2.16,43.87,14.55,41.62,13.0,42.3,44.5,18.39,0.0,0.0,0.0,0.0,75.25,44.11,14.66,41.19,0.73,43.12,11.93,50.0,0.45,40.6,9.42,20.0,2.29,47.24,14.93,60.0,2.85,44.8,17.08,45.16,,,
14022,90,189,924,1.73,39.79,16.57,36.97,15.0,42.96,43.54,13.65,5.17,45.38,17.76,46.8,71.58,39.5,16.97,42.3,0.99,38.22,11.09,66.66,0.77,41.14,4.84,42.85,4.51,40.56,14.51,46.34,3.3,46.23,14.89,40.0,0.0,23.76,428.0
14023,90,unclear,963,2.18,40.65,14.05,37.88,13.62,45.37,60.91,9.23,0.0,0.0,0.0,0.0,83.54,40.98,14.19,44.34,0.42,30.75,7.63,25.0,0.31,51.33,13.79,0.0,2.65,35.44,9.06,28.0,3.82,43.16,14.1,47.22,,,
14024,90,192,668,0.44,41.33,17.26,49.8,11.88,44.46,80.0,0.75,2.7,41.05,16.72,44.44,90.67,40.92,17.17,44.61,1.2,35.12,14.21,37.5,0.0,0.0,0.0,0.0,3.3,44.68,16.76,31.81,1.35,56.77,18.08,44.44,0.0,52.08,292.0
14025,90,196,1014,0.78,41.9,17.34,38.53,13.92,40.82,59.18,4.87,3.37,51.97,17.68,32.35,83.89,41.3,17.1,41.23,1.39,37.21,17.57,35.71,0.0,0.0,0.0,0.0,3.77,47.84,20.07,15.78,2.58,47.65,19.57,46.15,0.0,22.11,508.0
14026,90,198,742,1.07,40.26,17.52,35.82,15.8,43.39,48.27,3.95,2.58,47.42,21.55,42.1,87.87,39.87,17.2,44.34,0.95,42.28,12.09,14.28,0.0,0.0,0.0,0.0,2.86,43.71,19.51,23.8,1.77,53.46,24.15,46.15,0.0,54.36,373.0
14027,90,200,1197,0.58,38.52,16.13,42.77,15.3,41.26,50.0,3.36,3.1,45.78,16.32,37.83,88.4,38.03,16.11,41.25,1.17,38.0,12.99,57.14,0.33,35.5,16.54,50.0,2.68,39.9,15.17,18.75,0.92,46.81,19.75,45.45,0.0,42.42,323.0
14028,90,203,1062,1.22,41.52,17.99,45.26,19.8,45.1,66.66,1.42,2.09,50.86,19.78,59.09,87.41,41.22,17.57,43.18,0.76,24.87,16.39,50.0,0.28,47.66,6.42,66.66,6.29,39.46,17.95,59.09,1.71,50.5,23.75,61.11,0.0,42.15,477.0
14029,90,204,1036,0.86,37.87,16.94,36.21,13.43,42.56,48.64,3.6,3.21,49.03,18.25,36.36,84.32,37.6,16.96,42.72,1.36,34.92,6.66,28.57,0.0,0.0,0.0,0.0,6.42,36.92,16.65,36.36,1.07,35.36,16.97,63.63,0.0,49.29,395.0
14030,90,206,1046,0.95,42.01,17.62,41.52,15.17,41.3,47.36,1.83,2.12,52.72,18.46,36.36,86.29,41.54,17.5,41.49,1.93,39.75,15.14,50.0,0.0,0.0,0.0,0.0,4.63,42.35,16.8,37.5,3.18,49.78,20.35,39.39,0.0,36.75,560.0
14031,90,208,1085,1.19,41.46,17.46,46.68,17.27,43.13,81.25,1.49,2.61,52.67,23.11,57.14,84.51,40.84,16.96,42.27,2.51,36.07,18.87,62.96,0.0,0.0,0.0,0.0,5.69,41.0,18.22,36.06,3.17,48.64,18.08,38.23,0.0,43.4,500.0
14032,90,211,835,1.43,41.32,17.9,37.87,22.81,42.27,50.0,1.94,3.88,57.96,18.85,31.25,84.44,40.28,17.59,42.44,2.18,33.22,15.54,61.11,0.12,62.0,0.0,0.0,5.1,45.5,13.62,30.95,2.3,43.1,14.14,47.36,0.0,19.24,415.0
14033,90,213,1007,4.17,47.11,17.87,51.35,14.46,41.6,42.85,2.9,2.59,51.28,15.53,56.0,82.69,46.72,18.14,41.6,2.38,41.95,15.58,43.47,0.1,39.0,0.0,100.0,5.28,48.29,16.36,35.29,4.04,54.33,20.02,46.15,0.0,50.14,540.0
14034,90,216,749,1.33,42.23,18.5,52.9,15.8,37.65,54.54,1.48,3.51,60.15,19.5,46.15,87.0,41.24,18.0,36.7,1.48,46.72,15.04,18.18,0.27,46.5,9.19,50.0,3.65,40.51,18.93,37.03,2.57,48.21,18.59,52.63,0.0,23.72,434.0
14035,90,220,916,2.62,41.21,18.01,47.38,19.69,40.5,57.14,2.35,3.58,44.15,20.96,43.75,82.06,40.19,17.66,40.84,1.56,36.28,13.61,64.28,0.22,76.5,28.99,100.0,6.72,43.8,17.02,23.33,3.47,49.48,19.77,32.25,0.0,25.82,432.0
14036,90,221,947,1.05,40.33,17.56,40.08,16.81,42.02,56.52,2.45,3.52,51.24,13.8,39.39,82.07,39.22,17.88,42.13,2.77,38.92,14.5,46.15,0.21,76.0,1.41,0.0,6.4,43.3,12.94,30.0,2.56,48.45,17.74,58.33,0.0,43.42,389.0
14037,90,unclear,1084,1.93,44.16,15.63,43.41,17.78,43.63,56.09,3.85,0.0,0.0,0.0,0.0,90.49,44.37,15.64,43.65,0.65,42.0,7.32,71.42,0.37,49.25,21.02,50.0,3.29,44.68,14.01,34.28,1.31,38.42,16.54,21.42,,,
14038,90,227,802,2.24,38.2,17.59,38.41,17.91,42.76,44.11,4.33,2.42,41.78,17.56,36.84,83.8,37.45,17.11,43.83,0.89,32.28,10.04,42.85,0.25,60.5,17.67,50.0,5.35,39.35,14.9,30.95,2.93,50.13,23.74,47.82,0.0,53.26,305.0
14039,90,230,1136,1.93,41.46,18.31,39.67,17.64,43.92,67.56,3.32,4.12,46.23,18.44,39.13,80.52,41.01,18.09,42.8,2.24,37.32,11.13,60.0,0.35,53.0,18.49,25.0,7.89,40.21,21.25,42.04,1.52,48.23,15.57,58.82,0.0,22.77,550.0
14040,90,232,660,1.66,40.66,17.8,33.12,14.37,40.0,62.5,1.23,2.92,44.31,21.07,36.84,84.74,40.54,18.11,39.09,2.15,34.92,9.44,50.0,0.3,49.0,1.41,50.0,6.62,39.09,13.31,39.53,2.0,55.76,16.65,61.53,0.0,46.47,334.0
14041,90,235,594,1.17,42.04,17.05,42.0,22.62,43.43,41.66,2.04,4.25,44.92,16.31,48.0,84.66,41.23,16.74,44.26,1.19,45.71,21.44,71.42,0.68,29.25,22.94,0.0,3.74,48.36,15.42,22.72,3.4,53.65,18.76,50.0,0.0,24.33,321.0
14042,90,237,1000,1.5,42.82,18.99,39.9,16.97,42.7,62.5,3.24,3.75,51.27,26.44,48.64,84.36,42.38,18.38,42.71,2.13,37.42,22.76,57.14,0.1,54.0,0.0,0.0,4.77,42.4,18.55,21.27,1.62,54.43,22.23,37.5,0.0,30.65,473.0
14043,90,unclear,1138,1.23,41.33,15.63,44.68,18.02,45.25,72.72,1.95,0.0,0.0,0.0,0.0,92.43,40.9,15.38,44.27,0.62,36.57,13.36,71.42,0.17,68.5,3.53,50.0,1.86,39.8,13.2,28.57,2.93,52.0,19.08,60.6,,,
14044,90,241,712,1.4,46.4,19.26,39.47,14.09,40.44,58.82,2.42,2.56,53.55,21.92,33.33,85.32,46.08,19.23,40.23,1.99,39.92,12.8,78.57,0.28,58.0,5.65,0.0,3.27,42.56,21.0,30.43,4.13,53.31,18.98,31.03,0.0,58.19,379.0
14045,90,242,1189,0.75,41.08,17.56,37.76,17.49,40.53,41.57,7.54,3.72,49.52,20.38,45.45,78.81,40.64,16.85,41.18,2.03,42.04,19.07,37.5,0.16,38.0,8.48,100.0,5.33,39.36,18.81,26.98,2.37,53.5,22.71,42.85,0.0,25.82,574.0
14046,90,243,800,1.0,42.28,18.37,42.38,17.09,40.37,39.7,25.75,2.27,53.61,16.89,55.55,64.64,41.38,18.64,41.01,0.88,36.28,10.99,57.14,0.37,38.66,22.05,66.66,3.53,43.28,16.71,17.85,2.52,55.6,23.51,40.0,0.0,22.77,419.0
14047,90,245,1206,1.49,41.7,18.33,39.86,14.35,39.38,73.33,1.26,1.76,48.76,22.53,42.85,88.63,41.37,18.29,39.31,1.68,38.5,9.81,55.0,0.16,53.5,14.84,0.0,3.78,41.35,17.33,17.77,2.6,47.38,20.59,48.38,0.0,23.76,538.0
14048,90,246,761,0.65,40.59,17.45,41.55,14.88,41.78,55.0,2.64,1.71,45.3,7.94,38.46,87.69,40.2,17.66,41.77,1.98,30.53,15.19,46.66,0.0,0.0,0.0,0.0,4.36,46.42,17.25,30.3,1.58,50.58,15.28,50.0,0.0,25.9,346.0
14049,90,247,985,1.31,42.2,18.26,40.65,25.68,42.84,50.0,2.05,3.49,50.2,23.88,55.88,82.81,41.75,17.7,43.35,2.05,36.6,15.76,40.0,0.2,41.5,20.5,0.0,6.58,42.92,17.53,31.25,2.77,49.22,21.41,40.74,0.0,34.89,507.0
14050,90,249,906,2.64,41.94,18.18,39.19,13.42,44.59,46.34,4.64,6.34,50.37,17.93,60.71,78.23,41.33,17.93,42.75,2.72,36.95,14.78,58.33,0.45,22.75,15.9,25.0,5.55,40.81,18.84,36.73,2.04,53.83,24.99,66.66,0.0,28.49,475.0
14051,90,254,874,1.25,43.99,17.84,35.58,21.37,40.5,50.0,1.39,1.73,51.2,16.55,66.66,84.82,43.19,17.68,39.07,1.27,45.09,15.53,54.54,0.46,61.25,7.27,50.0,5.21,40.93,12.27,33.33,5.09,54.15,19.62,56.81,0.0,46.57,479.0
14052,90,256,1050,1.61,43.58,18.18,45.43,22.51,42.0,43.47,2.22,4.84,50.86,17.34,38.0,82.47,42.56,17.72,42.01,2.22,42.17,17.37,60.86,0.29,52.66,25.0,0.0,3.96,45.31,15.31,24.39,3.87,50.25,24.68,60.0,0.0,31.95,555.0
14053,90,257,888,1.12,43.25,17.96,41.87,12.42,40.87,33.33,2.73,2.84,52.4,19.99,40.0,85.76,42.68,17.86,40.9,1.13,35.5,9.25,90.0,0.22,58.0,14.14,0.0,3.87,39.41,15.44,29.41,3.41,52.7,21.19,46.66,0.0,43.04,498.0
14054,90,unclear,1295,3.24,45.13,15.53,48.06,14.93,44.09,61.36,3.51,0.0,0.0,0.0,0.0,86.35,44.38,15.27,42.51,1.51,39.15,16.89,47.36,0.47,58.0,15.54,33.33,3.99,43.88,13.58,28.0,4.15,53.78,16.46,75.0,,,
14055,90,unclear,1227,2.77,43.42,15.05,46.81,15.63,44.49,55.26,3.18,0.0,0.0,0.0,0.0,87.17,42.58,14.97,43.46,0.67,35.0,5.37,62.5,0.33,51.25,13.45,0.0,3.26,44.17,13.05,23.07,5.36,52.53,15.24,68.75,,,
14056,90,unclear,1150,4.43,44.19,16.29,48.36,17.85,43.73,73.33,2.72,0.0,0.0,0.0,0.0,88.17,43.11,16.01,41.69,1.0,50.9,10.11,72.72,0.63,49.14,5.2,42.85,3.27,41.19,13.3,36.11,4.18,49.19,15.25,60.86,,,
14057,90,271,885,2.71,41.28,18.94,43.54,19.87,43.5,50.6,9.63,4.52,43.28,20.26,38.46,73.4,40.12,18.56,44.14,1.74,43.26,14.66,53.33,0.46,26.5,4.65,50.0,7.54,42.55,19.73,30.76,2.67,54.04,20.21,56.52,0.0,51.69,392.0
14058,90,276,1103,1.17,41.96,17.68,47.25,22.9,43.42,62.5,1.46,2.75,51.66,17.99,60.0,87.98,40.82,17.12,42.02,1.74,42.0,18.03,78.94,0.0,0.0,0.0,0.0,4.31,47.12,18.54,38.29,1.74,57.89,22.29,47.36,0.0,29.78,551.0
14059,90,277,1155,1.03,43.13,18.53,45.25,23.16,42.51,66.66,1.04,2.44,55.32,21.0,71.42,91.6,42.77,18.21,41.45,0.96,36.54,18.38,63.63,0.08,77.0,0.0,100.0,2.44,38.46,17.7,25.0,1.39,46.5,21.31,50.0,0.0,29.14,587.0
14060,90,281,1017,0.98,42.44,18.83,33.75,17.19,41.59,31.25,1.58,2.48,39.04,23.62,56.0,87.28,42.27,18.26,40.72,1.29,44.07,14.1,46.15,0.19,42.0,19.79,50.0,5.26,44.77,20.78,45.28,1.88,53.47,26.69,73.68,0.0,44.3,513.0
14061,90,287,777,1.02,41.57,18.05,41.3,15.7,38.99,60.0,1.3,2.34,49.38,14.35,16.66,86.47,40.83,18.05,39.24,1.69,38.23,8.93,38.46,0.52,60.75,19.15,25.0,4.94,45.26,20.71,26.31,2.73,51.61,14.7,71.42,0.0,35.73,376.0
14062,90,288,831,2.16,39.42,18.27,38.59,17.2,41.99,40.76,31.98,6.27,42.49,16.79,41.17,54.36,38.73,18.66,42.08,1.47,42.5,20.96,41.66,1.35,44.27,19.73,54.54,2.21,36.77,14.66,27.77,2.33,56.73,20.14,52.63,0.0,43.16,376.0
14063,90,291,780,2.3,42.32,18.36,46.76,14.2,40.64,33.33,5.11,3.14,49.66,18.61,50.0,81.88,41.25,18.49,40.7,1.18,39.44,21.36,44.44,0.26,51.0,16.97,50.0,4.72,41.58,15.66,22.22,3.67,47.71,21.58,60.71,0.0,57.99,412.0
14064,90,293,778,1.41,41.61,18.6,44.75,13.17,43.31,25.0,0.52,2.21,52.17,23.09,58.82,88.26,40.9,18.52,44.46,2.6,37.45,11.81,30.0,0.0,0.0,0.0,0.0,4.69,47.08,18.73,41.66,1.69,48.0,21.17,15.38,0.0,24.31,396.0
14065,90,1,0,0.0,0.0,0.0,0.0,0.0,0.0,0.0,0.0,0.0,0.0,0.0,0.0,0.0,0.0,0.0,0.0,0.0,0.0,0.0,0.0,0.0,0.0,0.0,0.0,0.0,0.0,0.0,0.0,0.0,0.0,0.0,0.0,0.0,0.0,0.0
14066,90,2,0,0.0,0.0,0.0,0.0,0.0,0.0,0.0,0.0,0.0,0.0,0.0,0.0,0.0,0.0,0.0,0.0,0.0,0.0,0.0,0.0,0.0,0.0,0.0,0.0,0.0,0.0,0.0,0.0,0.0,0.0,0.0,0.0,0.0,0.0,0.0
14067,90,5,0,0.0,0.0,0.0,0.0,0.0,0.0,0.0,0.0,0.0,0.0,0.0,0.0,0.0,0.0,0.0,0.0,0.0,0.0,0.0,0.0,0.0,0.0,0.0,0.0,0.0,0.0,0.0,0.0,0.0,0.0,0.0,0.0,0.0,0.0,0.0
14068,90,6,0,0.0,0.0,0.0,0.0,0.0,0.0,0.0,0.0,0.0,0.0,0.0,0.0,0.0,0.0,0.0,0.0,0.0,0.0,0.0,0.0,0.0,0.0,0.0,0.0,0.0,0.0,0.0,0.0,0.0,0.0,0.0,0.0,0.0,0.0,0.0
14069,90,9,0,0.0,0.0,0.0,0.0,0.0,0.0,0.0,0.0,0.0,0.0,0.0,0.0,0.0,0.0,0.0,0.0,0.0,0.0,0.0,0.0,0.0,0.0,0.0,0.0,0.0,0.0,0.0,0.0,0.0,0.0,0.0,0.0,0.0,0.0,0.0
14070,90,10,0,0.0,0.0,0.0,0.0,0.0,0.0,0.0,0.0,0.0,0.0,0.0,0.0,0.0,0.0,0.0,0.0,0.0,0.0,0.0,0.0,0.0,0.0,0.0,0.0,0.0,0.0,0.0,0.0,0.0,0.0,0.0,0.0,0.0,0.0,0.0
14071,90,12,1312,0.0,38.88,17.79,40.6,18.62,46.49,39.13,3.5,0.45,49.83,22.09,50.0,88.1,38.75,17.88,46.53,3.12,37.95,12.51,48.78,0.53,51.57,16.29,28.57,2.13,33.35,15.71,50.0,2.13,43.03,18.88,53.57,0.0,0.0,24.0
14072,90,16,0,0.0,0.0,0.0,0.0,0.0,0.0,0.0,0.0,0.0,0.0,0.0,0.0,0.0,0.0,0.0,0.0,0.0,0.0,0.0,0.0,0.0,0.0,0.0,0.0,0.0,0.0,0.0,0.0,0.0,0.0,0.0,0.0,0.0,0.0,0.0
14073,90,17,0,0.0,0.0,0.0,0.0,0.0,0.0,0.0,0.0,0.0,0.0,0.0,0.0,0.0,0.0,0.0,0.0,0.0,0.0,0.0,0.0,0.0,0.0,0.0,0.0,0.0,0.0,0.0,0.0,0.0,0.0,0.0,0.0,0.0,0.0,0.0
14074,90,18,0,0.0,0.0,0.0,0.0,0.0,0.0,0.0,0.0,0.0,0.0,0.0,0.0,0.0,0.0,0.0,0.0,0.0,0.0,0.0,0.0,0.0,0.0,0.0,0.0,0.0,0.0,0.0,0.0,0.0,0.0,0.0,0.0,0.0,0.0,0.0
14075,90,20,0,0.0,0.0,0.0,0.0,0.0,0.0,0.0,0.0,0.0,0.0,0.0,0.0,0.0,0.0,0.0,0.0,0.0,0.0,0.0,0.0,0.0,0.0,0.0,0.0,0.0,0.0,0.0,0.0,0.0,0.0,0.0,0.0,0.0,0.0,0.0
14076,90,21,0,0.0,0.0,0.0,0.0,0.0,0.0,0.0,0.0,0.0,0.0,0.0,0.0,0.0,0.0,0.0,0.0,0.0,0.0,0.0,0.0,0.0,0.0,0.0,0.0,0.0,0.0,0.0,0.0,0.0,0.0,0.0,0.0,0.0,0.0,0.0
14077,90,27,0,0.0,0.0,0.0,0.0,0.0,0.0,0.0,0.0,0.0,0.0,0.0,0.0,0.0,0.0,0.0,0.0,0.0,0.0,0.0,0.0,0.0,0.0,0.0,0.0,0.0,0.0,0.0,0.0,0.0,0.0,0.0,0.0,0.0,0.0,0.0
14078,90,28,0,0.0,0.0,0.0,0.0,0.0,0.0,0.0,0.0,0.0,0.0,0.0,0.0,0.0,0.0,0.0,0.0,0.0,0.0,0.0,0.0,0.0,0.0,0.0,0.0,0.0,0.0,0.0,0.0,0.0,0.0,0.0,0.0,0.0,0.0,0.0
14079,90,29,0,0.0,0.0,0.0,0.0,0.0,0.0,0.0,0.0,0.0,0.0,0.0,0.0,0.0,0.0,0.0,0.0,0.0,0.0,0.0,0.0,0.0,0.0,0.0,0.0,0.0,0.0,0.0,0.0,0.0,0.0,0.0,0.0,0.0,0.0,0.0
14080,90,32,0,0.0,0.0,0.0,0.0,0.0,0.0,0.0,0.0,0.0,0.0,0.0,0.0,0.0,0.0,0.0,0.0,0.0,0.0,0.0,0.0,0.0,0.0,0.0,0.0,0.0,0.0,0.0,0.0,0.0,0.0,0.0,0.0,0.0,0.0,0.0
14081,90,33,0,0.0,0.0,0.0,0.0,0.0,0.0,0.0,0.0,0.0,0.0,0.0,0.0,0.0,0.0,0.0,0.0,0.0,0.0,0.0,0.0,0.0,0.0,0.0,0.0,0.0,0.0,0.0,0.0,0.0,0.0,0.0,0.0,0.0,0.0,0.0
14082,90,36,0,0.0,0.0,0.0,0.0,0.0,0.0,0.0,0.0,0.0,0.0,0.0,0.0,0.0,0.0,0.0,0.0,0.0,0.0,0.0,0.0,0.0,0.0,0.0,0.0,0.0,0.0,0.0,0.0,0.0,0.0,0.0,0.0,0.0,0.0,0.0
14083,90,39,0,0.0,0.0,0.0,0.0,0.0,0.0,0.0,0.0,0.0,0.0,0.0,0.0,0.0,0.0,0.0,0.0,0.0,0.0,0.0,0.0,0.0,0.0,0.0,0.0,0.0,0.0,0.0,0.0,0.0,0.0,0.0,0.0,0.0,0.0,0.0
14084,90,41,0,0.0,0.0,0.0,0.0,0.0,0.0,0.0,0.0,0.0,0.0,0.0,0.0,0.0,0.0,0.0,0.0,0.0,0.0,0.0,0.0,0.0,0.0,0.0,0.0,0.0,0.0,0.0,0.0,0.0,0.0,0.0,0.0,0.0,0.0,0.0
14085,90,42,0,0.0,0.0,0.0,0.0,0.0,0.0,0.0,0.0,0.0,0.0,0.0,0.0,0.0,0.0,0.0,0.0,0.0,0.0,0.0,0.0,0.0,0.0,0.0,0.0,0.0,0.0,0.0,0.0,0.0,0.0,0.0,0.0,0.0,0.0,0.0
14086,90,43,0,0.0,0.0,0.0,0.0,0.0,0.0,0.0,0.0,0.0,0.0,0.0,0.0,0.0,0.0,0.0,0.0,0.0,0.0,0.0,0.0,0.0,0.0,0.0,0.0,0.0,0.0,0.0,0.0,0.0,0.0,0.0,0.0,0.0,0.0,0.0
14087,90,44,0,0.0,0.0,0.0,0.0,0.0,0.0,0.0,0.0,0.0,0.0,0.0,0.0,0.0,0.0,0.0,0.0,0.0,0.0,0.0,0.0,0.0,0.0,0.0,0.0,0.0,0.0,0.0,0.0,0.0,0.0,0.0,0.0,0.0,0.0,0.0
14088,90,47,0,0.0,0.0,0.0,0.0,0.0,0.0,0.0,0.0,0.0,0.0,0.0,0.0,0.0,0.0,0.0,0.0,0.0,0.0,0.0,0.0,0.0,0.0,0.0,0.0,0.0,0.0,0.0,0.0,0.0,0.0,0.0,0.0,0.0,0.0,0.0
14089,90,48,0,0.0,0.0,0.0,0.0,0.0,0.0,0.0,0.0,0.0,0.0,0.0,0.0,0.0,0.0,0.0,0.0,0.0,0.0,0.0,0.0,0.0,0.0,0.0,0.0,0.0,0.0,0.0,0.0,0.0,0.0,0.0,0.0,0.0,0.0,0.0
14090,90,49,1158,0.25,38.95,16.31,37.47,16.4,38.86,36.5,5.45,1.55,38.88,16.8,27.77,89.69,38.97,16.17,39.67,0.86,44.0,20.86,30.0,0.17,36.0,15.55,50.0,0.77,27.77,22.29,33.33,1.38,47.31,16.83,18.75,0.0,0.0,361.0
14091,90,50,0,0.0,0.0,0.0,0.0,0.0,0.0,0.0,0.0,0.0,0.0,0.0,0.0,0.0,0.0,0.0,0.0,0.0,0.0,0.0,0.0,0.0,0.0,0.0,0.0,0.0,0.0,0.0,0.0,0.0,0.0,0.0,0.0,0.0,0.0,0.0
14092,90,51,0,0.0,0.0,0.0,0.0,0.0,0.0,0.0,0.0,0.0,0.0,0.0,0.0,0.0,0.0,0.0,0.0,0.0,0.0,0.0,0.0,0.0,0.0,0.0,0.0,0.0,0.0,0.0,0.0,0.0,0.0,0.0,0.0,0.0,0.0,0.0
14093,90,53,0,0.0,0.0,0.0,0.0,0.0,0.0,0.0,0.0,0.0,0.0,0.0,0.0,0.0,0.0,0.0,0.0,0.0,0.0,0.0,0.0,0.0,0.0,0.0,0.0,0.0,0.0,0.0,0.0,0.0,0.0,0.0,0.0,0.0,0.0,0.0
14094,90,54,0,0.0,0.0,0.0,0.0,0.0,0.0,0.0,0.0,0.0,0.0,0.0,0.0,0.0,0.0,0.0,0.0,0.0,0.0,0.0,0.0,0.0,0.0,0.0,0.0,0.0,0.0,0.0,0.0,0.0,0.0,0.0,0.0,0.0,0.0,0.0
14095,90,55,0,0.0,0.0,0.0,0.0,0.0,0.0,0.0,0.0,0.0,0.0,0.0,0.0,0.0,0.0,0.0,0.0,0.0,0.0,0.0,0.0,0.0,0.0,0.0,0.0,0.0,0.0,0.0,0.0,0.0,0.0,0.0,0.0,0.0,0.0,0.0
14096,90,56,0,0.0,0.0,0.0,0.0,0.0,0.0,0.0,0.0,0.0,0.0,0.0,0.0,0.0,0.0,0.0,0.0,0.0,0.0,0.0,0.0,0.0,0.0,0.0,0.0,0.0,0.0,0.0,0.0,0.0,0.0,0.0,0.0,0.0,0.0,0.0
14097,90,58,0,0.0,0.0,0.0,0.0,0.0,0.0,0.0,0.0,0.0,0.0,0.0,0.0,0.0,0.0,0.0,0.0,0.0,0.0,0.0,0.0,0.0,0.0,0.0,0.0,0.0,0.0,0.0,0.0,0.0,0.0,0.0,0.0,0.0,0.0,0.0
14098,90,59,0,0.0,0.0,0.0,0.0,0.0,0.0,0.0,0.0,0.0,0.0,0.0,0.0,0.0,0.0,0.0,0.0,0.0,0.0,0.0,0.0,0.0,0.0,0.0,0.0,0.0,0.0,0.0,0.0,0.0,0.0,0.0,0.0,0.0,0.0,0.0
14099,90,60,0,0.0,0.0,0.0,0.0,0.0,0.0,0.0,0.0,0.0,0.0,0.0,0.0,0.0,0.0,0.0,0.0,0.0,0.0,0.0,0.0,0.0,0.0,0.0,0.0,0.0,0.0,0.0,0.0,0.0,0.0,0.0,0.0,0.0,0.0,0.0
14100,90,61,0,0.0,0.0,0.0,0.0,0.0,0.0,0.0,0.0,0.0,0.0,0.0,0.0,0.0,0.0,0.0,0.0,0.0,0.0,0.0,0.0,0.0,0.0,0.0,0.0,0.0,0.0,0.0,0.0,0.0,0.0,0.0,0.0,0.0,0.0,0.0
14101,90,62,0,0.0,0.0,0.0,0.0,0.0,0.0,0.0,0.0,0.0,0.0,0.0,0.0,0.0,0.0,0.0,0.0,0.0,0.0,0.0,0.0,0.0,0.0,0.0,0.0,0.0,0.0,0.0,0.0,0.0,0.0,0.0,0.0,0.0,0.0,0.0
14102,90,63,0,0.0,0.0,0.0,0.0,0.0,0.0,0.0,0.0,0.0,0.0,0.0,0.0,0.0,0.0,0.0,0.0,0.0,0.0,0.0,0.0,0.0,0.0,0.0,0.0,0.0,0.0,0.0,0.0,0.0,0.0,0.0,0.0,0.0,0.0,0.0
14103,90,65,0,0.0,0.0,0.0,0.0,0.0,0.0,0.0,0.0,0.0,0.0,0.0,0.0,0.0,0.0,0.0,0.0,0.0,0.0,0.0,0.0,0.0,0.0,0.0,0.0,0.0,0.0,0.0,0.0,0.0,0.0,0.0,0.0,0.0,0.0,0.0
14104,90,66,0,0.0,0.0,0.0,0.0,0.0,0.0,0.0,0.0,0.0,0.0,0.0,0.0,0.0,0.0,0.0,0.0,0.0,0.0,0.0,0.0,0.0,0.0,0.0,0.0,0.0,0.0,0.0,0.0,0.0,0.0,0.0,0.0,0.0,0.0,0.0
14105,90,70,0,0.0,0.0,0.0,0.0,0.0,0.0,0.0,0.0,0.0,0.0,0.0,0.0,0.0,0.0,0.0,0.0,0.0,0.0,0.0,0.0,0.0,0.0,0.0,0.0,0.0,0.0,0.0,0.0,0.0,0.0,0.0,0.0,0.0,0.0,0.0
14106,90,71,1216,0.08,40.06,15.88,40.64,14.29,37.91,34.28,8.64,1.15,42.5,16.64,42.85,87.24,39.94,16.0,38.58,0.49,36.5,24.95,50.0,0.41,33.2,20.46,20.0,0.32,39.75,11.84,50.0,1.72,44.76,14.8,19.04,0.0,0.0,686.0
14107,90,74,0,0.0,0.0,0.0,0.0,0.0,0.0,0.0,0.0,0.0,0.0,0.0,0.0,0.0,0.0,0.0,0.0,0.0,0.0,0.0,0.0,0.0,0.0,0.0,0.0,0.0,0.0,0.0,0.0,0.0,0.0,0.0,0.0,0.0,0.0,0.0
14108,90,75,1394,0.0,38.22,14.82,38.18,13.29,38.23,36.22,9.11,0.78,44.63,19.41,18.18,87.8,38.17,14.9,38.72,0.43,48.5,22.31,66.66,0.14,32.0,4.24,50.0,0.5,28.14,14.56,42.85,1.21,39.29,13.16,17.64,0.0,0.0,385.0
14109,90,76,1552,0.0,33.47,14.13,33.41,13.78,37.5,39.13,7.4,0.77,41.75,11.71,50.0,89.36,33.24,14.09,37.49,0.32,39.79,13.14,40.0,0.25,52.25,4.5,0.0,0.57,32.66,18.58,44.44,1.28,39.85,15.45,25.0,0.0,0.0,31.0
14110,90,79,0,0.0,0.0,0.0,0.0,0.0,0.0,0.0,0.0,0.0,0.0,0.0,0.0,0.0,0.0,0.0,0.0,0.0,0.0,0.0,0.0,0.0,0.0,0.0,0.0,0.0,0.0,0.0,0.0,0.0,0.0,0.0,0.0,0.0,0.0,0.0
14111,90,80,0,0.0,0.0,0.0,0.0,0.0,0.0,0.0,0.0,0.0,0.0,0.0,0.0,0.0,0.0,0.0,0.0,0.0,0.0,0.0,0.0,0.0,0.0,0.0,0.0,0.0,0.0,0.0,0.0,0.0,0.0,0.0,0.0,0.0,0.0,0.0
14112,90,82,1028,0.19,34.81,15.88,34.43,15.84,38.13,38.75,7.79,0.68,45.71,7.06,28.57,89.86,34.68,15.83,38.17,0.29,26.66,1.52,100.0,0.09,20.0,0.0,0.0,0.87,52.0,18.33,33.33,0.38,24.25,16.58,25.0,0.0,0.0,35.0
14113,90,84,0,0.0,0.0,0.0,0.0,0.0,0.0,0.0,0.0,0.0,0.0,0.0,0.0,0.0,0.0,0.0,0.0,0.0,0.0,0.0,0.0,0.0,0.0,0.0,0.0,0.0,0.0,0.0,0.0,0.0,0.0,0.0,0.0,0.0,0.0,0.0
14114,90,91,0,0.0,0.0,0.0,0.0,0.0,0.0,0.0,0.0,0.0,0.0,0.0,0.0,0.0,0.0,0.0,0.0,0.0,0.0,0.0,0.0,0.0,0.0,0.0,0.0,0.0,0.0,0.0,0.0,0.0,0.0,0.0,0.0,0.0,0.0,0.0
14115,90,94,0,0.0,0.0,0.0,0.0,0.0,0.0,0.0,0.0,0.0,0.0,0.0,0.0,0.0,0.0,0.0,0.0,0.0,0.0,0.0,0.0,0.0,0.0,0.0,0.0,0.0,0.0,0.0,0.0,0.0,0.0,0.0,0.0,0.0,0.0,0.0
14116,90,97,1227,0.08,45.18,18.55,50.56,16.2,39.93,38.63,3.58,0.89,55.09,17.13,0.0,90.7,44.7,18.71,41.0,1.06,44.07,16.68,53.84,0.16,71.5,21.92,0.0,0.73,52.22,17.63,22.22,2.85,47.8,14.72,20.0,0.0,0.0,455.0
14117,90,98,0,0.0,0.0,0.0,0.0,0.0,0.0,0.0,0.0,0.0,0.0,0.0,0.0,0.0,0.0,0.0,0.0,0.0,0.0,0.0,0.0,0.0,0.0,0.0,0.0,0.0,0.0,0.0,0.0,0.0,0.0,0.0,0.0,0.0,0.0,0.0
14118,90,100,0,0.0,0.0,0.0,0.0,0.0,0.0,0.0,0.0,0.0,0.0,0.0,0.0,0.0,0.0,0.0,0.0,0.0,0.0,0.0,0.0,0.0,0.0,0.0,0.0,0.0,0.0,0.0,0.0,0.0,0.0,0.0,0.0,0.0,0.0,0.0
14119,90,102,0,0.0,0.0,0.0,0.0,0.0,0.0,0.0,0.0,0.0,0.0,0.0,0.0,0.0,0.0,0.0,0.0,0.0,0.0,0.0,0.0,0.0,0.0,0.0,0.0,0.0,0.0,0.0,0.0,0.0,0.0,0.0,0.0,0.0,0.0,0.0
14120,90,103,0,0.0,0.0,0.0,0.0,0.0,0.0,0.0,0.0,0.0,0.0,0.0,0.0,0.0,0.0,0.0,0.0,0.0,0.0,0.0,0.0,0.0,0.0,0.0,0.0,0.0,0.0,0.0,0.0,0.0,0.0,0.0,0.0,0.0,0.0,0.0
14121,90,104,0,0.0,0.0,0.0,0.0,0.0,0.0,0.0,0.0,0.0,0.0,0.0,0.0,0.0,0.0,0.0,0.0,0.0,0.0,0.0,0.0,0.0,0.0,0.0,0.0,0.0,0.0,0.0,0.0,0.0,0.0,0.0,0.0,0.0,0.0,0.0
14122,90,105,0,0.0,0.0,0.0,0.0,0.0,0.0,0.0,0.0,0.0,0.0,0.0,0.0,0.0,0.0,0.0,0.0,0.0,0.0,0.0,0.0,0.0,0.0,0.0,0.0,0.0,0.0,0.0,0.0,0.0,0.0,0.0,0.0,0.0,0.0,0.0
14123,90,106,1107,0.09,43.38,17.84,39.2,15.99,41.64,43.33,2.71,0.99,53.54,13.86,54.54,90.59,43.28,17.91,40.51,1.17,38.46,9.95,53.84,0.45,50.8,15.1,40.0,1.53,39.64,20.81,64.7,2.53,49.75,17.47,57.14,0.0,0.0,531.0
14124,90,108,0,0.0,0.0,0.0,0.0,0.0,0.0,0.0,0.0,0.0,0.0,0.0,0.0,0.0,0.0,0.0,0.0,0.0,0.0,0.0,0.0,0.0,0.0,0.0,0.0,0.0,0.0,0.0,0.0,0.0,0.0,0.0,0.0,0.0,0.0,0.0
14125,90,109,1089,0.09,36.69,15.67,33.17,15.58,33.33,23.91,4.22,1.19,45.53,11.2,15.38,91.26,36.83,15.45,34.44,0.64,37.71,18.84,42.85,0.36,20.75,27.09,0.0,0.91,32.1,16.86,20.0,1.37,36.86,24.14,20.0,0.0,0.0,371.0
14126,90,110,0,0.0,0.0,0.0,0.0,0.0,0.0,0.0,0.0,0.0,0.0,0.0,0.0,0.0,0.0,0.0,0.0,0.0,0.0,0.0,0.0,0.0,0.0,0.0,0.0,0.0,0.0,0.0,0.0,0.0,0.0,0.0,0.0,0.0,0.0,0.0
14127,90,111,0,0.0,0.0,0.0,0.0,0.0,0.0,0.0,0.0,0.0,0.0,0.0,0.0,0.0,0.0,0.0,0.0,0.0,0.0,0.0,0.0,0.0,0.0,0.0,0.0,0.0,0.0,0.0,0.0,0.0,0.0,0.0,0.0,0.0,0.0,0.0
14128,90,112,0,0.0,0.0,0.0,0.0,0.0,0.0,0.0,0.0,0.0,0.0,0.0,0.0,0.0,0.0,0.0,0.0,0.0,0.0,0.0,0.0,0.0,0.0,0.0,0.0,0.0,0.0,0.0,0.0,0.0,0.0,0.0,0.0,0.0,0.0,0.0
14129,90,117,0,0.0,0.0,0.0,0.0,0.0,0.0,0.0,0.0,0.0,0.0,0.0,0.0,0.0,0.0,0.0,0.0,0.0,0.0,0.0,0.0,0.0,0.0,0.0,0.0,0.0,0.0,0.0,0.0,0.0,0.0,0.0,0.0,0.0,0.0,0.0
14130,90,118,0,0.0,0.0,0.0,0.0,0.0,0.0,0.0,0.0,0.0,0.0,0.0,0.0,0.0,0.0,0.0,0.0,0.0,0.0,0.0,0.0,0.0,0.0,0.0,0.0,0.0,0.0,0.0,0.0,0.0,0.0,0.0,0.0,0.0,0.0,0.0
14131,90,119,0,0.0,0.0,0.0,0.0,0.0,0.0,0.0,0.0,0.0,0.0,0.0,0.0,0.0,0.0,0.0,0.0,0.0,0.0,0.0,0.0,0.0,0.0,0.0,0.0,0.0,0.0,0.0,0.0,0.0,0.0,0.0,0.0,0.0,0.0,0.0
14132,90,120,0,0.0,0.0,0.0,0.0,0.0,0.0,0.0,0.0,0.0,0.0,0.0,0.0,0.0,0.0,0.0,0.0,0.0,0.0,0.0,0.0,0.0,0.0,0.0,0.0,0.0,0.0,0.0,0.0,0.0,0.0,0.0,0.0,0.0,0.0,0.0
14133,90,122,0,0.0,0.0,0.0,0.0,0.0,0.0,0.0,0.0,0.0,0.0,0.0,0.0,0.0,0.0,0.0,0.0,0.0,0.0,0.0,0.0,0.0,0.0,0.0,0.0,0.0,0.0,0.0,0.0,0.0,0.0,0.0,0.0,0.0,0.0,0.0
14134,90,123,0,0.0,0.0,0.0,0.0,0.0,0.0,0.0,0.0,0.0,0.0,0.0,0.0,0.0,0.0,0.0,0.0,0.0,0.0,0.0,0.0,0.0,0.0,0.0,0.0,0.0,0.0,0.0,0.0,0.0,0.0,0.0,0.0,0.0,0.0,0.0
14135,90,127,0,0.0,0.0,0.0,0.0,0.0,0.0,0.0,0.0,0.0,0.0,0.0,0.0,0.0,0.0,0.0,0.0,0.0,0.0,0.0,0.0,0.0,0.0,0.0,0.0,0.0,0.0,0.0,0.0,0.0,0.0,0.0,0.0,0.0,0.0,0.0
14136,90,130,0,0.0,0.0,0.0,0.0,0.0,0.0,0.0,0.0,0.0,0.0,0.0,0.0,0.0,0.0,0.0,0.0,0.0,0.0,0.0,0.0,0.0,0.0,0.0,0.0,0.0,0.0,0.0,0.0,0.0,0.0,0.0,0.0,0.0,0.0,0.0
14137,90,131,0,0.0,0.0,0.0,0.0,0.0,0.0,0.0,0.0,0.0,0.0,0.0,0.0,0.0,0.0,0.0,0.0,0.0,0.0,0.0,0.0,0.0,0.0,0.0,0.0,0.0,0.0,0.0,0.0,0.0,0.0,0.0,0.0,0.0,0.0,0.0
14138,90,132,0,0.0,0.0,0.0,0.0,0.0,0.0,0.0,0.0,0.0,0.0,0.0,0.0,0.0,0.0,0.0,0.0,0.0,0.0,0.0,0.0,0.0,0.0,0.0,0.0,0.0,0.0,0.0,0.0,0.0,0.0,0.0,0.0,0.0,0.0,0.0
14139,90,133,1989,0.3,34.48,15.04,31.68,14.79,40.82,44.39,12.15,0.8,34.43,16.82,25.0,83.5,34.85,15.01,40.64,0.4,31.25,14.7,75.0,0.3,36.33,10.48,66.66,1.1,29.5,19.79,27.27,1.66,39.0,12.81,33.33,0.0,0.0,30.0
14140,90,135,0,0.0,0.0,0.0,0.0,0.0,0.0,0.0,0.0,0.0,0.0,0.0,0.0,0.0,0.0,0.0,0.0,0.0,0.0,0.0,0.0,0.0,0.0,0.0,0.0,0.0,0.0,0.0,0.0,0.0,0.0,0.0,0.0,0.0,0.0,0.0
14141,90,136,1018,0.0,39.25,15.45,39.74,16.83,36.24,36.0,4.91,1.08,51.54,9.62,54.54,90.66,39.02,15.29,36.4,0.39,49.5,11.09,50.0,0.09,47.0,0.0,0.0,0.78,37.0,19.6,25.0,2.06,40.33,18.9,23.8,0.0,0.0,435.0
14142,90,141,0,0.0,0.0,0.0,0.0,0.0,0.0,0.0,0.0,0.0,0.0,0.0,0.0,0.0,0.0,0.0,0.0,0.0,0.0,0.0,0.0,0.0,0.0,0.0,0.0,0.0,0.0,0.0,0.0,0.0,0.0,0.0,0.0,0.0,0.0,0.0
14143,90,145,1122,0.26,39.58,15.85,39.1,15.16,39.75,34.51,10.09,1.16,36.07,20.94,46.15,85.7,39.56,15.81,40.25,0.8,39.22,20.98,55.55,0.08,24.0,0.0,100.0,0.8,46.55,15.28,33.33,1.34,43.53,18.11,33.33,0.0,0.0,322.0
14144,90,149,0,0.0,0.0,0.0,0.0,0.0,0.0,0.0,0.0,0.0,0.0,0.0,0.0,0.0,0.0,0.0,0.0,0.0,0.0,0.0,0.0,0.0,0.0,0.0,0.0,0.0,0.0,0.0,0.0,0.0,0.0,0.0,0.0,0.0,0.0,0.0
14145,90,156,0,0.0,0.0,0.0,0.0,0.0,0.0,0.0,0.0,0.0,0.0,0.0,0.0,0.0,0.0,0.0,0.0,0.0,0.0,0.0,0.0,0.0,0.0,0.0,0.0,0.0,0.0,0.0,0.0,0.0,0.0,0.0,0.0,0.0,0.0,0.0
14146,90,159,0,0.0,0.0,0.0,0.0,0.0,0.0,0.0,0.0,0.0,0.0,0.0,0.0,0.0,0.0,0.0,0.0,0.0,0.0,0.0,0.0,0.0,0.0,0.0,0.0,0.0,0.0,0.0,0.0,0.0,0.0,0.0,0.0,0.0,0.0,0.0
14147,90,162,0,0.0,0.0,0.0,0.0,0.0,0.0,0.0,0.0,0.0,0.0,0.0,0.0,0.0,0.0,0.0,0.0,0.0,0.0,0.0,0.0,0.0,0.0,0.0,0.0,0.0,0.0,0.0,0.0,0.0,0.0,0.0,0.0,0.0,0.0,0.0
14148,90,163,0,0.0,0.0,0.0,0.0,0.0,0.0,0.0,0.0,0.0,0.0,0.0,0.0,0.0,0.0,0.0,0.0,0.0,0.0,0.0,0.0,0.0,0.0,0.0,0.0,0.0,0.0,0.0,0.0,0.0,0.0,0.0,0.0,0.0,0.0,0.0
14149,90,167,0,0.0,0.0,0.0,0.0,0.0,0.0,0.0,0.0,0.0,0.0,0.0,0.0,0.0,0.0,0.0,0.0,0.0,0.0,0.0,0.0,0.0,0.0,0.0,0.0,0.0,0.0,0.0,0.0,0.0,0.0,0.0,0.0,0.0,0.0,0.0
14150,90,172,0,0.0,0.0,0.0,0.0,0.0,0.0,0.0,0.0,0.0,0.0,0.0,0.0,0.0,0.0,0.0,0.0,0.0,0.0,0.0,0.0,0.0,0.0,0.0,0.0,0.0,0.0,0.0,0.0,0.0,0.0,0.0,0.0,0.0,0.0,0.0
14151,90,174,0,0.0,0.0,0.0,0.0,0.0,0.0,0.0,0.0,0.0,0.0,0.0,0.0,0.0,0.0,0.0,0.0,0.0,0.0,0.0,0.0,0.0,0.0,0.0,0.0,0.0,0.0,0.0,0.0,0.0,0.0,0.0,0.0,0.0,0.0,0.0
14152,90,175,0,0.0,0.0,0.0,0.0,0.0,0.0,0.0,0.0,0.0,0.0,0.0,0.0,0.0,0.0,0.0,0.0,0.0,0.0,0.0,0.0,0.0,0.0,0.0,0.0,0.0,0.0,0.0,0.0,0.0,0.0,0.0,0.0,0.0,0.0,0.0
14153,90,178,0,0.0,0.0,0.0,0.0,0.0,0.0,0.0,0.0,0.0,0.0,0.0,0.0,0.0,0.0,0.0,0.0,0.0,0.0,0.0,0.0,0.0,0.0,0.0,0.0,0.0,0.0,0.0,0.0,0.0,0.0,0.0,0.0,0.0,0.0,0.0
14154,90,182,0,0.0,0.0,0.0,0.0,0.0,0.0,0.0,0.0,0.0,0.0,0.0,0.0,0.0,0.0,0.0,0.0,0.0,0.0,0.0,0.0,0.0,0.0,0.0,0.0,0.0,0.0,0.0,0.0,0.0,0.0,0.0,0.0,0.0,0.0,0.0
14155,90,193,0,0.0,0.0,0.0,0.0,0.0,0.0,0.0,0.0,0.0,0.0,0.0,0.0,0.0,0.0,0.0,0.0,0.0,0.0,0.0,0.0,0.0,0.0,0.0,0.0,0.0,0.0,0.0,0.0,0.0,0.0,0.0,0.0,0.0,0.0,0.0
14156,90,194,0,0.0,0.0,0.0,0.0,0.0,0.0,0.0,0.0,0.0,0.0,0.0,0.0,0.0,0.0,0.0,0.0,0.0,0.0,0.0,0.0,0.0,0.0,0.0,0.0,0.0,0.0,0.0,0.0,0.0,0.0,0.0,0.0,0.0,0.0,0.0
14157,90,195,0,0.0,0.0,0.0,0.0,0.0,0.0,0.0,0.0,0.0,0.0,0.0,0.0,0.0,0.0,0.0,0.0,0.0,0.0,0.0,0.0,0.0,0.0,0.0,0.0,0.0,0.0,0.0,0.0,0.0,0.0,0.0,0.0,0.0,0.0,0.0
14158,90,197,0,0.0,0.0,0.0,0.0,0.0,0.0,0.0,0.0,0.0,0.0,0.0,0.0,0.0,0.0,0.0,0.0,0.0,0.0,0.0,0.0,0.0,0.0,0.0,0.0,0.0,0.0,0.0,0.0,0.0,0.0,0.0,0.0,0.0,0.0,0.0
14159,90,199,0,0.0,0.0,0.0,0.0,0.0,0.0,0.0,0.0,0.0,0.0,0.0,0.0,0.0,0.0,0.0,0.0,0.0,0.0,0.0,0.0,0.0,0.0,0.0,0.0,0.0,0.0,0.0,0.0,0.0,0.0,0.0,0.0,0.0,0.0,0.0
14160,90,201,0,0.0,0.0,0.0,0.0,0.0,0.0,0.0,0.0,0.0,0.0,0.0,0.0,0.0,0.0,0.0,0.0,0.0,0.0,0.0,0.0,0.0,0.0,0.0,0.0,0.0,0.0,0.0,0.0,0.0,0.0,0.0,0.0,0.0,0.0,0.0
14161,90,202,0,0.0,0.0,0.0,0.0,0.0,0.0,0.0,0.0,0.0,0.0,0.0,0.0,0.0,0.0,0.0,0.0,0.0,0.0,0.0,0.0,0.0,0.0,0.0,0.0,0.0,0.0,0.0,0.0,0.0,0.0,0.0,0.0,0.0,0.0,0.0
14162,90,205,0,0.0,0.0,0.0,0.0,0.0,0.0,0.0,0.0,0.0,0.0,0.0,0.0,0.0,0.0,0.0,0.0,0.0,0.0,0.0,0.0,0.0,0.0,0.0,0.0,0.0,0.0,0.0,0.0,0.0,0.0,0.0,0.0,0.0,0.0,0.0
14163,90,207,1092,1.64,44.18,17.63,44.04,16.85,44.32,54.16,2.23,2.97,50.25,19.14,53.12,84.45,43.56,17.63,44.65,1.67,40.33,15.87,50.0,0.09,57.0,0.0,0.0,5.4,46.46,14.88,34.48,3.16,49.91,20.78,47.05,0.0,0.0,571.0
14164,90,209,0,0.0,0.0,0.0,0.0,0.0,0.0,0.0,0.0,0.0,0.0,0.0,0.0,0.0,0.0,0.0,0.0,0.0,0.0,0.0,0.0,0.0,0.0,0.0,0.0,0.0,0.0,0.0,0.0,0.0,0.0,0.0,0.0,0.0,0.0,0.0
14165,90,210,0,0.0,0.0,0.0,0.0,0.0,0.0,0.0,0.0,0.0,0.0,0.0,0.0,0.0,0.0,0.0,0.0,0.0,0.0,0.0,0.0,0.0,0.0,0.0,0.0,0.0,0.0,0.0,0.0,0.0,0.0,0.0,0.0,0.0,0.0,0.0
14166,90,212,0,0.0,0.0,0.0,0.0,0.0,0.0,0.0,0.0,0.0,0.0,0.0,0.0,0.0,0.0,0.0,0.0,0.0,0.0,0.0,0.0,0.0,0.0,0.0,0.0,0.0,0.0,0.0,0.0,0.0,0.0,0.0,0.0,0.0,0.0,0.0
14167,90,214,0,0.0,0.0,0.0,0.0,0.0,0.0,0.0,0.0,0.0,0.0,0.0,0.0,0.0,0.0,0.0,0.0,0.0,0.0,0.0,0.0,0.0,0.0,0.0,0.0,0.0,0.0,0.0,0.0,0.0,0.0,0.0,0.0,0.0,0.0,0.0
14168,90,215,0,0.0,0.0,0.0,0.0,0.0,0.0,0.0,0.0,0.0,0.0,0.0,0.0,0.0,0.0,0.0,0.0,0.0,0.0,0.0,0.0,0.0,0.0,0.0,0.0,0.0,0.0,0.0,0.0,0.0,0.0,0.0,0.0,0.0,0.0,0.0
14169,90,217,0,0.0,0.0,0.0,0.0,0.0,0.0,0.0,0.0,0.0,0.0,0.0,0.0,0.0,0.0,0.0,0.0,0.0,0.0,0.0,0.0,0.0,0.0,0.0,0.0,0.0,0.0,0.0,0.0,0.0,0.0,0.0,0.0,0.0,0.0,0.0
14170,90,218,0,0.0,0.0,0.0,0.0,0.0,0.0,0.0,0.0,0.0,0.0,0.0,0.0,0.0,0.0,0.0,0.0,0.0,0.0,0.0,0.0,0.0,0.0,0.0,0.0,0.0,0.0,0.0,0.0,0.0,0.0,0.0,0.0,0.0,0.0,0.0
14171,90,219,0,0.0,0.0,0.0,0.0,0.0,0.0,0.0,0.0,0.0,0.0,0.0,0.0,0.0,0.0,0.0,0.0,0.0,0.0,0.0,0.0,0.0,0.0,0.0,0.0,0.0,0.0,0.0,0.0,0.0,0.0,0.0,0.0,0.0,0.0,0.0
14172,90,222,0,0.0,0.0,0.0,0.0,0.0,0.0,0.0,0.0,0.0,0.0,0.0,0.0,0.0,0.0,0.0,0.0,0.0,0.0,0.0,0.0,0.0,0.0,0.0,0.0,0.0,0.0,0.0,0.0,0.0,0.0,0.0,0.0,0.0,0.0,0.0
14173,90,223,0,0.0,0.0,0.0,0.0,0.0,0.0,0.0,0.0,0.0,0.0,0.0,0.0,0.0,0.0,0.0,0.0,0.0,0.0,0.0,0.0,0.0,0.0,0.0,0.0,0.0,0.0,0.0,0.0,0.0,0.0,0.0,0.0,0.0,0.0,0.0
14174,90,226,0,0.0,0.0,0.0,0.0,0.0,0.0,0.0,0.0,0.0,0.0,0.0,0.0,0.0,0.0,0.0,0.0,0.0,0.0,0.0,0.0,0.0,0.0,0.0,0.0,0.0,0.0,0.0,0.0,0.0,0.0,0.0,0.0,0.0,0.0,0.0
14175,90,228,0,0.0,0.0,0.0,0.0,0.0,0.0,0.0,0.0,0.0,0.0,0.0,0.0,0.0,0.0,0.0,0.0,0.0,0.0,0.0,0.0,0.0,0.0,0.0,0.0,0.0,0.0,0.0,0.0,0.0,0.0,0.0,0.0,0.0,0.0,0.0
14176,90,229,0,0.0,0.0,0.0,0.0,0.0,0.0,0.0,0.0,0.0,0.0,0.0,0.0,0.0,0.0,0.0,0.0,0.0,0.0,0.0,0.0,0.0,0.0,0.0,0.0,0.0,0.0,0.0,0.0,0.0,0.0,0.0,0.0,0.0,0.0,0.0
14177,90,231,0,0.0,0.0,0.0,0.0,0.0,0.0,0.0,0.0,0.0,0.0,0.0,0.0,0.0,0.0,0.0,0.0,0.0,0.0,0.0,0.0,0.0,0.0,0.0,0.0,0.0,0.0,0.0,0.0,0.0,0.0,0.0,0.0,0.0,0.0,0.0
14178,90,233,0,0.0,0.0,0.0,0.0,0.0,0.0,0.0,0.0,0.0,0.0,0.0,0.0,0.0,0.0,0.0,0.0,0.0,0.0,0.0,0.0,0.0,0.0,0.0,0.0,0.0,0.0,0.0,0.0,0.0,0.0,0.0,0.0,0.0,0.0,0.0
14179,90,234,0,0.0,0.0,0.0,0.0,0.0,0.0,0.0,0.0,0.0,0.0,0.0,0.0,0.0,0.0,0.0,0.0,0.0,0.0,0.0,0.0,0.0,0.0,0.0,0.0,0.0,0.0,0.0,0.0,0.0,0.0,0.0,0.0,0.0,0.0,0.0
14180,90,236,0,0.0,0.0,0.0,0.0,0.0,0.0,0.0,0.0,0.0,0.0,0.0,0.0,0.0,0.0,0.0,0.0,0.0,0.0,0.0,0.0,0.0,0.0,0.0,0.0,0.0,0.0,0.0,0.0,0.0,0.0,0.0,0.0,0.0,0.0,0.0
14181,90,240,0,0.0,0.0,0.0,0.0,0.0,0.0,0.0,0.0,0.0,0.0,0.0,0.0,0.0,0.0,0.0,0.0,0.0,0.0,0.0,0.0,0.0,0.0,0.0,0.0,0.0,0.0,0.0,0.0,0.0,0.0,0.0,0.0,0.0,0.0,0.0
14182,90,244,0,0.0,0.0,0.0,0.0,0.0,0.0,0.0,0.0,0.0,0.0,0.0,0.0,0.0,0.0,0.0,0.0,0.0,0.0,0.0,0.0,0.0,0.0,0.0,0.0,0.0,0.0,0.0,0.0,0.0,0.0,0.0,0.0,0.0,0.0,0.0
14183,90,248,0,0.0,0.0,0.0,0.0,0.0,0.0,0.0,0.0,0.0,0.0,0.0,0.0,0.0,0.0,0.0,0.0,0.0,0.0,0.0,0.0,0.0,0.0,0.0,0.0,0.0,0.0,0.0,0.0,0.0,0.0,0.0,0.0,0.0,0.0,0.0
14184,90,250,0,0.0,0.0,0.0,0.0,0.0,0.0,0.0,0.0,0.0,0.0,0.0,0.0,0.0,0.0,0.0,0.0,0.0,0.0,0.0,0.0,0.0,0.0,0.0,0.0,0.0,0.0,0.0,0.0,0.0,0.0,0.0,0.0,0.0,0.0,0.0
14185,90,251,0,0.0,0.0,0.0,0.0,0.0,0.0,0.0,0.0,0.0,0.0,0.0,0.0,0.0,0.0,0.0,0.0,0.0,0.0,0.0,0.0,0.0,0.0,0.0,0.0,0.0,0.0,0.0,0.0,0.0,0.0,0.0,0.0,0.0,0.0,0.0
14186,90,252,0,0.0,0.0,0.0,0.0,0.0,0.0,0.0,0.0,0.0,0.0,0.0,0.0,0.0,0.0,0.0,0.0,0.0,0.0,0.0,0.0,0.0,0.0,0.0,0.0,0.0,0.0,0.0,0.0,0.0,0.0,0.0,0.0,0.0,0.0,0.0
14187,90,253,0,0.0,0.0,0.0,0.0,0.0,0.0,0.0,0.0,0.0,0.0,0.0,0.0,0.0,0.0,0.0,0.0,0.0,0.0,0.0,0.0,0.0,0.0,0.0,0.0,0.0,0.0,0.0,0.0,0.0,0.0,0.0,0.0,0.0,0.0,0.0
14188,90,255,1034,0.67,38.13,17.91,39.5,19.08,41.39,50.0,2.72,2.14,45.5,20.78,63.63,86.27,38.07,17.95,40.85,1.65,33.52,18.63,58.82,0.29,46.33,14.97,33.33,4.08,35.07,13.08,30.95,2.82,38.72,20.03,34.48,0.0,0.0,432.0
14189,90,260,0,0.0,0.0,0.0,0.0,0.0,0.0,0.0,0.0,0.0,0.0,0.0,0.0,0.0,0.0,0.0,0.0,0.0,0.0,0.0,0.0,0.0,0.0,0.0,0.0,0.0,0.0,0.0,0.0,0.0,0.0,0.0,0.0,0.0,0.0,0.0
14190,90,262,0,0.0,0.0,0.0,0.0,0.0,0.0,0.0,0.0,0.0,0.0,0.0,0.0,0.0,0.0,0.0,0.0,0.0,0.0,0.0,0.0,0.0,0.0,0.0,0.0,0.0,0.0,0.0,0.0,0.0,0.0,0.0,0.0,0.0,0.0,0.0
14191,90,267,0,0.0,0.0,0.0,0.0,0.0,0.0,0.0,0.0,0.0,0.0,0.0,0.0,0.0,0.0,0.0,0.0,0.0,0.0,0.0,0.0,0.0,0.0,0.0,0.0,0.0,0.0,0.0,0.0,0.0,0.0,0.0,0.0,0.0,0.0,0.0
14192,90,270,0,0.0,0.0,0.0,0.0,0.0,0.0,0.0,0.0,0.0,0.0,0.0,0.0,0.0,0.0,0.0,0.0,0.0,0.0,0.0,0.0,0.0,0.0,0.0,0.0,0.0,0.0,0.0,0.0,0.0,0.0,0.0,0.0,0.0,0.0,0.0
14193,90,272,0,0.0,0.0,0.0,0.0,0.0,0.0,0.0,0.0,0.0,0.0,0.0,0.0,0.0,0.0,0.0,0.0,0.0,0.0,0.0,0.0,0.0,0.0,0.0,0.0,0.0,0.0,0.0,0.0,0.0,0.0,0.0,0.0,0.0,0.0,0.0
14194,90,273,0,0.0,0.0,0.0,0.0,0.0,0.0,0.0,0.0,0.0,0.0,0.0,0.0,0.0,0.0,0.0,0.0,0.0,0.0,0.0,0.0,0.0,0.0,0.0,0.0,0.0,0.0,0.0,0.0,0.0,0.0,0.0,0.0,0.0,0.0,0.0
14195,90,274,0,0.0,0.0,0.0,0.0,0.0,0.0,0.0,0.0,0.0,0.0,0.0,0.0,0.0,0.0,0.0,0.0,0.0,0.0,0.0,0.0,0.0,0.0,0.0,0.0,0.0,0.0,0.0,0.0,0.0,0.0,0.0,0.0,0.0,0.0,0.0
14196,90,278,0,0.0,0.0,0.0,0.0,0.0,0.0,0.0,0.0,0.0,0.0,0.0,0.0,0.0,0.0,0.0,0.0,0.0,0.0,0.0,0.0,0.0,0.0,0.0,0.0,0.0,0.0,0.0,0.0,0.0,0.0,0.0,0.0,0.0,0.0,0.0
14197,90,279,0,0.0,0.0,0.0,0.0,0.0,0.0,0.0,0.0,0.0,0.0,0.0,0.0,0.0,0.0,0.0,0.0,0.0,0.0,0.0,0.0,0.0,0.0,0.0,0.0,0.0,0.0,0.0,0.0,0.0,0.0,0.0,0.0,0.0,0.0,0.0
14198,90,280,792,0.88,38.48,17.51,48.4,20.67,42.29,30.0,1.27,3.05,44.66,16.94,50.0,86.62,37.77,17.2,42.64,1.4,35.0,16.29,45.45,0.38,59.33,24.0,0.0,4.96,37.41,19.34,30.76,2.29,50.61,18.03,61.11,0.0,0.0,359.0
14199,90,282,971,0.82,38.7,17.37,39.83,19.5,42.12,48.38,3.21,2.49,44.87,15.89,50.0,86.18,38.02,17.25,41.8,1.45,38.07,12.25,50.0,0.83,49.62,16.97,25.0,3.73,38.91,16.36,33.33,2.07,50.6,21.56,65.0,0.0,0.0,447.0
14200,90,283,0,0.0,0.0,0.0,0.0,0.0,0.0,0.0,0.0,0.0,0.0,0.0,0.0,0.0,0.0,0.0,0.0,0.0,0.0,0.0,0.0,0.0,0.0,0.0,0.0,0.0,0.0,0.0,0.0,0.0,0.0,0.0,0.0,0.0,0.0,0.0
14201,90,284,0,0.0,0.0,0.0,0.0,0.0,0.0,0.0,0.0,0.0,0.0,0.0,0.0,0.0,0.0,0.0,0.0,0.0,0.0,0.0,0.0,0.0,0.0,0.0,0.0,0.0,0.0,0.0,0.0,0.0,0.0,0.0,0.0,0.0,0.0,0.0
14202,90,285,0,0.0,0.0,0.0,0.0,0.0,0.0,0.0,0.0,0.0,0.0,0.0,0.0,0.0,0.0,0.0,0.0,0.0,0.0,0.0,0.0,0.0,0.0,0.0,0.0,0.0,0.0,0.0,0.0,0.0,0.0,0.0,0.0,0.0,0.0,0.0
14203,90,286,0,0.0,0.0,0.0,0.0,0.0,0.0,0.0,0.0,0.0,0.0,0.0,0.0,0.0,0.0,0.0,0.0,0.0,0.0,0.0,0.0,0.0,0.0,0.0,0.0,0.0,0.0,0.0,0.0,0.0,0.0,0.0,0.0,0.0,0.0,0.0
14204,90,289,0,0.0,0.0,0.0,0.0,0.0,0.0,0.0,0.0,0.0,0.0,0.0,0.0,0.0,0.0,0.0,0.0,0.0,0.0,0.0,0.0,0.0,0.0,0.0,0.0,0.0,0.0,0.0,0.0,0.0,0.0,0.0,0.0,0.0,0.0,0.0
14205,90,290,0,0.0,0.0,0.0,0.0,0.0,0.0,0.0,0.0,0.0,0.0,0.0,0.0,0.0,0.0,0.0,0.0,0.0,0.0,0.0,0.0,0.0,0.0,0.0,0.0,0.0,0.0,0.0,0.0,0.0,0.0,0.0,0.0,0.0,0.0,0.0
14206,90,292,0,0.0,0.0,0.0,0.0,0.0,0.0,0.0,0.0,0.0,0.0,0.0,0.0,0.0,0.0,0.0,0.0,0.0,0.0,0.0,0.0,0.0,0.0,0.0,0.0,0.0,0.0,0.0,0.0,0.0,0.0,0.0,0.0,0.0,0.0,0.0
14207,90,294,0,0.0,0.0,0.0,0.0,0.0,0.0,0.0,0.0,0.0,0.0,0.0,0.0,0.0,0.0,0.0,0.0,0.0,0.0,0.0,0.0,0.0,0.0,0.0,0.0,0.0,0.0,0.0,0.0,0.0,0.0,0.0,0.0,0.0,0.0,0.0
